-0.005353980270385636
-0.0016732553600847515
-0.0008967412912315293
-0.005209393649943801
-0.004078281513525171
0.002897688879029235
-0.0047779104703351664
-0.01380396468910496
-0.003434671977165433
-0.010737258043854602
-0.0028188851300608867
-0.0084698104489833
-0.004078281513525171
-0.005855895546568052
0.0012117346019357112
-0.010408462954746131
-0.0084698104489833
-0.01004935040448717
-0.0015369448228483356
0.004890659463407513
-0.0006904996453259702
0.0021316868865608276
-0.007544179290726203
-0.0045776866449358505
-0.005410691763823484
0.002872714278635832
-0.019583865115373453
-0.007783426176951788
0.002384799756713074
0.0004101275217141626
-0.001023900120650928
-0.0070350278377172455
-0.008366026325183755
-0.018934970519118452
0.008957074481122927
-0.007682770581178931
-0.002939948696116343
-0.0026562192973932134
-0.005019666604471955
-0.0031816263021350114
-0.0084698104489833
-0.004753033502714751
-0.005612430841611323
-0.00683063041471557
0.0012618591365835294
0.0012117346019357112
-0.0032411640186750914
-0.0016732553600847515
-0.0024080462234490397
0.003412784303567552
-0.006263714840923044
-0.000381884140792961
-0.007544179290726203
-0.005141366931986141
-0.004472017857566234
-0.0036958391911547034
0.0004251239841990146
-0.005388414918061699
-0.010399437094175555
-0.0037767605948627126
-0.005237037327848142
0.00155542983541022
-0.011182693542597036
-0.00462638228263969
-0.0026562192973932134
-0.008543292754165389
0.001516015631473379
-0.012944786639835974
-0.0030002749537466123
-0.0015369448228483356
-0.008366026325183755
0.0035578785885457616
-0.006830823695321799
0.0010637476990623855
-0.0037642601625854895
-0.0083370389665564
-0.0008081816602368643
-0.002230015769372848
0.0004101275217141626
0.0007449757099658226
-0.002939948696116343
-0.0008081816602368643
-0.01380396468910496
0.00018515742358901768
-0.006390731909034263
0.003335474231051128
0.008217188858159242
-0.003218235637356802
0.007368597068372574
-0.005711843817045825
0.00018515742358901768
-0.004288621688667982
-0.001419701172252232
-0.008543292754165389
-0.001624737535890964
-0.012778559695749763
-0.0036896910451671675
-0.006449830246619245
-0.012944786639835974
-0.007682770581178931
-0.005612430841611323
-0.008366026325183755
-0.00979874967948458
0.002897688879029235
-0.011512048971222578
-0.007591381030978056
-0.01004935040448717
-0.004472017857566234
-0.004753033502714751
-0.010399437094175555
0.0031997393768155636
0.0027112054395060513
0.002897688879029235
-0.00462638228263969
0.007284556916209981
0.0031997393768155636
-5.963562278253102e-05
0.011234503801725403
-0.015974415680683304
-0.0036958391911547034
-0.004638590721627996
-0.0012867795655038786
-0.004638590721627996
-0.005612430841611323
-0.0013084132359100452
-0.004763352497640156
-0.0037958897662166736
-0.009682209955672198
0.0005684490836158569
-0.0037958897662166736
-0.004035713320550541
-0.0060920715283167785
0.0012618591365835294
-0.004078281513525171
-0.001884574155867024
-0.00683063041471557
-0.002266225671839808
-0.013090236213465615
-5.963562278253102e-05
0.0012117346019357112
-0.005708109097776167
-0.01382565718383989
-0.00482978494936955
-0.001640378753998721
-0.0055699964413957375
-0.008338850852105657
-0.004078281513525171
0.00162262398123154
-0.004078281513525171
-0.0015163747332806018
-0.00014568727867795653
-0.0037642601625854895
-0.0024080462234490397
-0.006733576384296969
0.0035578785885457616
0.0035055414026639014
-0.006064320463486817
-0.004472017857566234
-0.008081224599875722
-0.004638590721627996
-0.000381884140792961
-0.0084698104489833
-0.0013001811197663501
-0.0026562192973932134
0.009209203699170464
-5.963562278253102e-05
-0.004176491193074348
-0.017429103379195156
0.0015722025141429647
-0.005855895546568052
-0.007674888478950739
-0.0020302321520869046
-0.007548103282011459
-0.00960307450517569
-0.001578281626474235
-0.018934970519118452
-0.005419198302664964
-0.008338850852105657
-0.005711843817045825
0.0031997393768155636
-0.002867498644102686
-0.005209393649943801
-0.001884574155867024
-0.007544179290726203
0.0011648255598419803
-0.007852346380075832
-0.0036896910451671675
-5.963562278253102e-05
-0.004138147315373972
0.002850064648192228
-0.00973707009100213
-0.007591381030978056
-0.0073484946676832955
0.0035055414026639014
0.0015209680309311734
-0.0026562192973932134
0.00795233948257692
0.002850064648192228
0.0031997393768155636
0.002205393551743392
-0.003910859886447138
-0.0031816263021350114
-0.003287915460687047
-0.001884574155867024
0.007368597068372574
0.006312410750612703
-0.009042447895235254
-0.007783426176951788
-0.0028188851300608867
-0.002415079296448383
-0.00248848267504241
-0.004819669220224741
-0.0016111271484163265
-0.005484905752399622
0.002384799756713074
0.0012117346019357112
0.0015722025141429647
-0.0008345061057700678
-0.008338850852105657
-0.014704457298279487
-0.0084698104489833
-0.0004528901379328769
-0.006263714840923044
-0.001624737535890964
-0.00683063041471557
-0.006064320463486817
0.0031008257053100814
-0.0055699964413957375
0.002205393551743392
-0.0022241652771302924
-0.0024438772440248916
0.004279981862736526
-0.004819669220224741
-0.007591381030978056
0.0021316868865608276
-0.008338850852105657
-0.008563984236056355
-0.007903952358353766
-0.0008967412912315293
-0.010737258043854602
0.005067374593921626
-0.005239899760647331
0.009209203699170464
-0.009723166094769748
-0.003287915460687047
0.0022999671497188224
0.00162262398123154
0.00011017004857408559
-0.0037958897662166736
-0.0048184610406155565
0.006312410750612703
0.0012518138815885832
0.0011648255598419803
-0.0017642179506438204
-0.007544179290726203
-0.0034153021442993228
-0.003218235637356802
-0.004952036227094469
0.00020709990683077484
0.0021316868865608276
-0.01004935040448717
-0.007674888478950739
-0.0016111271484163265
-0.0037767605948627126
-0.005141366931986141
-0.005708109097776167
-0.006733576384296969
0.0008496425037993198
-0.004444218607502162
-0.006999718545052443
-0.005748061062930275
-0.00960307450517569
-0.0077905032829324395
-0.006316667109160633
0.003412784303567552
-0.000381884140792961
-0.002291585077131022
-0.001884574155867024
-5.963562278253102e-05
-0.018934970519118452
0.002205393551743392
0.0019040258389054865
-0.0013904337911455746
-0.007852346380075832
-0.0017642179506438204
-0.004444218607502162
-0.003434671977165433
-0.007378363765919002
-0.009163910057663816
-0.007783426176951788
0.0007449757099658226
0.00018515742358901768
-0.010087894861005016
0.0018388035739561213
0.0015722025141429647
-0.002292752321788006
-0.002867498644102686
-0.002466093982478353
-0.0013001811197663501
-0.013004584962430154
-0.0077905032829324395
0.004890659463407513
-0.0013001811197663501
-0.007674888478950739
0.0004101275217141626
0.0035578785885457616
0.002872714278635832
-0.010399437094175555
-0.004568106379511361
-0.005410691763823484
-0.0037767605948627126
0.0005684490836158569
-0.0023920968889002935
-0.0033547514029953034
-0.008543292754165389
-0.005237037327848142
-0.001884574155867024
-0.001023900120650928
-0.008563984236056355
-0.013090236213465615
-0.011512048971222578
-0.005019666604471955
-0.005855895546568052
0.001154671177894136
-0.017429103379195156
-0.0026562192973932134
0.001516015631473379
-0.0024080462234490397
-0.004288621688667982
-0.0023920968889002935
-0.0028483727733112194
-0.009042447895235254
0.0008496425037993198
0.0055728368008814855
-0.0004528901379328769
-0.018934970519118452
-0.0016111271484163265
-0.001640378753998721
-0.0008967412912315293
-0.006316667109160633
0.002897688879029235
-0.0036896910451671675
0.00011017004857408559
0.005067374593921626
-0.01004935040448717
-0.0037869925496527217
-0.0048184610406155565
-0.0024438772440248916
-0.003910859886447138
-0.0070350278377172455
-0.005212833302725786
-0.0084698104489833
-0.00986122796227413
0.00011017004857408559
-0.0114801515672284
-0.00960307450517569
-0.000381884140792961
-0.004307154868956386
-0.005019666604471955
-0.0015163747332806018
0.0012618591365835294
-0.005748061062930275
-0.0036958391911547034
-0.0073484946676832955
0.011234503801725403
-0.0013084132359100452
-0.000381884140792961
-0.00482978494936955
-0.006263714840923044
-0.007674888478950739
-0.0026704433840403566
-5.963562278253102e-05
-0.0073484946676832955
0.011234503801725403
0.00020709990683077484
-0.0030002749537466123
-0.0045776866449358505
-0.009042447895235254
0.002384799756713074
-0.0037958897662166736
-0.00683063041471557
-0.0028483727733112194
0.004279981862736526
-0.0045776866449358505
-0.0037911530460294617
-0.004568106379511361
-0.010298464523833154
0.002850064648192228
-0.0028188851300608867
-0.005121212326063108
-0.0048184610406155565
-0.004590581795659568
-0.007591381030978056
-0.004952036227094469
-0.0026562192973932134
-0.012778559695749763
-0.001313611246054176
-0.005239899760647331
-0.00011426270737193461
-0.007378363765919002
-0.013642001230697485
-0.011182693542597036
-0.001624737535890964
-0.0004528901379328769
0.0008496425037993198
0.001516015631473379
-0.005507262962687768
-0.008081224599875722
0.0011431496073777989
-0.000381884140792961
-0.0022098341613802247
0.001154671177894136
0.005484255872191485
-0.0048184610406155565
0.005484255872191485
-0.012880735977375756
-0.005410691763823484
-0.0036896910451671675
-0.0016111271484163265
-0.0048184610406155565
-0.010399437094175555
-0.0003185685281343039
-0.012880735977375756
-0.007548103282011459
0.008217188858159242
-0.004638590721627996
-0.0024080462234490397
-0.0030002749537466123
-0.010408462954746131
0.011234503801725403
-0.0060920715283167785
-0.0033547514029953034
0.007284556916209981
0.003118979863552601
-0.019583865115373453
-0.007544179290726203
-0.006511732273674767
-0.011182693542597036
-0.001884574155867024
0.0012618591365835294
-5.963562278253102e-05
0.002358514188370275
-0.00986122796227413
0.0027112054395060513
0.0012518138815885832
0.00020709990683077484
-0.0031816263021350114
-0.009656208936534561
0.002897688879029235
-0.010737258043854602
0.004890659463407513
-0.005612430841611323
-0.0011549693788525373
0.004890659463407513
-0.001884574155867024
0.0011431496073777989
-0.0020302321520869046
-0.0037869925496527217
0.00018515742358901768
0.007084680292232026
-0.011182693542597036
-0.0038786484222459203
-0.0030002749537466123
0.0019040258389054865
-0.005141366931986141
-0.006263714840923044
-0.002266225671839808
-0.010087894861005016
-0.001624737535890964
-0.002867498644102686
-0.005612430841611323
-0.0037869925496527217
-0.0022241652771302924
-0.004307154868956386
0.001516015631473379
-0.006064320463486817
-0.019583865115373453
-0.0037767605948627126
-0.003910859886447138
0.002872714278635832
0.0012518138815885832
-0.0048184610406155565
-0.005484905752399622
-0.0048184610406155565
-0.0033547514029953034
0.0018388035739561213
0.0007449757099658226
-0.009656208936534561
-0.017429103379195156
-0.006361003053064108
-0.002291585077131022
-0.01380396468910496
-0.005708109097776167
-0.002939948696116343
-0.005566460641383949
-0.009682209955672198
-0.0023920968889002935
-0.0047779104703351664
-0.007379820836517273
-0.0015369448228483356
-0.0037869925496527217
-0.0027136238491026004
-0.006263714840923044
0.004890659463407513
-0.004952036227094469
0.0011431496073777989
0.0027112054395060513
-0.0028188851300608867
-0.009163910057663816
-0.0023920968889002935
-0.008081224599875722
-0.002939948696116343
-0.014125909188060868
-0.008081224599875722
0.0012518138815885832
0.001154671177894136
-0.001023900120650928
-0.004078281513525171
-0.0048184610406155565
-0.0003185685281343039
-0.009656208936534561
-0.0048184610406155565
-0.007544179290726203
-0.010408462954746131
-0.006449830246619245
-0.002291585077131022
-0.004819669220224741
-0.015974415680683304
-0.0033547514029953034
-0.00462638228263969
-0.00462638228263969
-0.006390731909034263
0.002205393551743392
-0.0013001811197663501
0.0010637476990623855
0.007084680292232026
-0.009163910057663816
0.002850064648192228
-0.007682770581178931
0.00155542983541022
0.007284556916209981
-0.005141366931986141
0.0011383324400412289
-0.007852346380075832
-0.005209393649943801
0.0015722025141429647
-0.0010606669686503175
-0.0055699964413957375
0.002850064648192228
0.0027112054395060513
-0.0060920715283167785
-0.0011549693788525373
0.0031997393768155636
0.001612193022473982
-0.0036958391911547034
-0.005507262962687768
-0.004472017857566234
-0.003287915460687047
-0.007082623278947422
-0.00011426270737193461
0.0035578785885457616
0.00018515742358901768
-0.003287915460687047
-0.005209393649943801
-0.002291585077131022
-0.012944786639835974
-0.00960307450517569
-0.006999718545052443
-0.0015369448228483356
-0.004307154868956386
-0.001624737535890964
-0.007852346380075832
0.0027112054395060513
-0.004176491193074348
-0.002939948696116343
0.0021316868865608276
0.003175472826248335
-0.0023920968889002935
-0.0005159863646230897
-0.014125909188060868
-0.0023920968889002935
0.0015209680309311734
-0.006733576384296969
-0.01380396468910496
0.0012518138815885832
-0.0022241652771302924
-0.008366026325183755
0.0021316868865608276
0.0011431496073777989
0.006432518171145735
-0.01382565718383989
-0.0070070525832551765
-0.007903952358353766
0.006432518171145735
0.0027112054395060513
-0.005019666604471955
-0.0038380181377351825
-0.005121212326063108
-0.001884574155867024
-0.007548103282011459
-0.0008967412912315293
-0.0015369448228483356
0.004279981862736526
-0.002939948696116343
-0.00482978494936955
-0.0006904996453259702
-0.0045776866449358505
-0.005019666604471955
-0.0005159863646230897
-0.018934970519118452
0.0055728368008814855
0.003118979863552601
-0.001578281626474235
-0.004753033502714751
-0.001313611246054176
-0.0007648344811714157
-0.008366026325183755
-0.0013084132359100452
-0.005209393649943801
-0.004288621688667982
-0.006064320463486817
-0.007852346380075832
-0.0055699964413957375
-0.007783426176951788
-0.006449830246619245
-0.0013904337911455746
-0.0013084132359100452
-0.009723166094769748
-0.0015163747332806018
-0.0034153021442993228
-0.006263714840923044
0.00155542983541022
-0.013642001230697485
-0.00973707009100213
0.006432518171145735
-0.008543292754165389
0.0055728368008814855
-0.0011549693788525373
-0.009656208936534561
0.0022999671497188224
-0.0084698104489833
-0.00973707009100213
-0.005711843817045825
-0.005141366931986141
-0.0007648344811714157
-0.019583865115373453
0.0008496425037993198
-0.004568106379511361
0.006312410750612703
0.002872714278635832
-0.005612430841611323
0.0007449757099658226
0.009209203699170464
-0.0038380181377351825
-0.004753033502714751
-0.009589241787011513
0.0018388035739561213
-0.003910859886447138
0.004890659463407513
-0.005507262962687768
-0.0047779104703351664
0.006312410750612703
-0.005566460641383949
-0.001578281626474235
-0.0004528901379328769
-0.0013904337911455746
-0.0030774949037372734
-0.00011426270737193461
-0.004568106379511361
-0.0026562192973932134
-0.004176491193074348
-0.001578281626474235
-0.0007648344811714157
-0.0036958391911547034
-0.0004528901379328769
-0.0028188851300608867
0.0011648255598419803
-0.0047779104703351664
0.002872714278635832
0.00018515742358901768
-0.00986122796227413
-0.018934970519118452
0.005484255872191485
0.004279981862736526
-0.003869383765529827
-0.007544179290726203
-0.000381884140792961
-0.004288621688667982
-0.005419198302664964
-0.004952036227094469
-0.0070350278377172455
0.002897688879029235
-0.0070070525832551765
-0.005855895546568052
-0.0070350278377172455
0.003175472826248335
-0.0060920715283167785
0.0012518138815885832
-0.006361003053064108
0.0074343829461959755
-0.007548103282011459
-0.005748061062930275
-0.0008345061057700678
0.002872714278635832
-0.006830823695321799
0.0036120489892021556
-0.006449830246619245
-0.004185504268228211
-0.00973707009100213
0.0005684490836158569
-0.0077905032829324395
-0.0027136238491026004
0.001154671177894136
-0.004819669220224741
-0.013090236213465615
-0.007674888478950739
-0.0028483727733112194
-0.006064320463486817
-0.010737258043854602
0.0031997393768155636
-0.005419198302664964
0.007781926785261264
-0.01382565718383989
-0.004763352497640156
-0.009589241787011513
-0.0013001811197663501
0.007368597068372574
0.007781926785261264
-0.01004935040448717
0.0035055414026639014
0.007084680292232026
-0.0037767605948627126
-0.001313611246054176
-0.002415079296448383
-0.009656208936534561
-0.004035713320550541
-0.005141366931986141
-0.005410691763823484
0.0015209680309311734
-0.001624737535890964
-0.0070350278377172455
0.0015722025141429647
-0.001578281626474235
0.004279981862736526
-0.004472017857566234
-0.004138147315373972
-0.003287915460687047
-0.0015369448228483356
-0.0037767605948627126
0.0035578785885457616
-0.006263714840923044
-0.005410691763823484
-1.034327111896246e-05
-0.0067452497625987385
-0.011512048971222578
-0.0006904996453259702
-0.001624737535890964
-0.00683063041471557
-0.012944786639835974
-0.010399437094175555
-0.0067452497625987385
0.00795233948257692
0.0004251239841990146
-0.012778559695749763
0.003412784303567552
-0.0030774949037372734
-0.0026704433840403566
-0.008543292754165389
-0.005612430841611323
-0.004138147315373972
-0.0017642179506438204
-0.0037958897662166736
-0.0036896910451671675
-0.0013084132359100452
-0.006390731909034263
-1.034327111896246e-05
0.0037625874712982777
0.002872714278635832
0.004890659463407513
0.0018388035739561213
0.0019040258389054865
-0.004952036227094469
-0.00248848267504241
0.002872714278635832
0.0022999671497188224
-0.0028188851300608867
-0.00462638228263969
-0.0070070525832551765
0.004890659463407513
0.002897688879029235
0.0022999671497188224
-0.007591381030978056
-0.0008345061057700678
-0.00011426270737193461
-0.005237037327848142
0.0004101275217141626
-0.007783426176951788
0.002872714278635832
0.00795233948257692
-0.001884574155867024
-0.003869383765529827
-0.014125909188060868
-0.0037911530460294617
-0.0037958897662166736
-0.0033547514029953034
-0.005566460641383949
-0.000381884140792961
0.005484255872191485
0.0007449757099658226
-0.006733576384296969
-0.015974415680683304
0.0012618591365835294
-0.003396175720182284
-0.0036896910451671675
-0.005507262962687768
-0.002292752321788006
0.0015209680309311734
0.009209203699170464
-0.002230015769372848
-0.008081224599875722
-0.005121212326063108
-0.0045776866449358505
-0.005212833302725786
-0.002266225671839808
0.0031997393768155636
0.00795233948257692
-0.005566460641383949
-0.015974415680683304
-0.0026704433840403566
-0.0036958391911547034
-0.009163910057663816
-0.005419198302664964
-0.002939948696116343
-0.004185504268228211
-0.004753033502714751
-0.0027136238491026004
-0.001023900120650928
0.007084680292232026
0.002850064648192228
0.00162262398123154
-0.004952036227094469
-0.0026704433840403566
-0.00986122796227413
-0.0034861941985238508
-0.012778559695749763
0.0003961337088790795
0.0027112054395060513
-0.0037642601625854895
-0.001884574155867024
-0.005708109097776167
-0.013004584962430154
0.008957074481122927
-0.0015369448228483356
-0.010298464523833154
0.002872714278635832
-0.0004528901379328769
-1.034327111896246e-05
-0.00014568727867795653
-0.004444218607502162
-0.004819669220224741
-0.008563984236056355
0.0031997393768155636
-0.008543292754165389
-0.01004935040448717
-0.014704457298279487
-0.004753033502714751
-0.008366026325183755
-0.0028188851300608867
-0.004952036227094469
-0.006390731909034263
0.011234503801725403
0.008957074481122927
0.003986513660393422
-0.005855895546568052
-0.009163910057663816
-0.0013001811197663501
0.001154671177894136
0.003175472826248335
0.004279981862736526
0.004890659463407513
-0.007852346380075832
-0.0037767605948627126
-1.034327111896246e-05
-0.0017642179506438204
-0.010737258043854602
-0.0023920968889002935
-0.0030002749537466123
0.00011017004857408559
-0.004176491193074348
-0.005711843817045825
-0.0036896910451671675
-0.005121212326063108
0.0011648255598419803
-0.0008345061057700678
0.0015722025141429647
0.0011648255598419803
-0.01380396468910496
-0.00986122796227413
0.0018388035739561213
-0.0037911530460294617
0.00155542983541022
-0.0032411640186750914
-0.002230015769372848
0.0012117346019357112
-0.005388414918061699
0.0005684490836158569
0.001154671177894136
0.0012117346019357112
-0.007591381030978056
0.0004101275217141626
-0.0033547514029953034
-0.0031816263021350114
0.003118979863552601
-0.0017579432114554956
-0.018934970519118452
-0.006883346876443095
-0.0025223195567320882
-0.004568106379511361
0.002384799756713074
-0.008563984236056355
-0.004176491193074348
-0.006390731909034263
0.002850064648192228
-0.0070350278377172455
-0.0038786484222459203
-0.005239899760647331
0.0022999671497188224
0.008217188858159242
0.005484255872191485
-0.004952036227094469
0.006312410750612703
0.0022999671497188224
-0.005121212326063108
-0.0067452497625987385
0.006312410750612703
-0.004568106379511361
-5.963562278253102e-05
0.002358514188370275
0.0011648255598419803
-0.010399437094175555
-0.0020302321520869046
0.005484255872191485
-0.002939948696116343
-0.005507262962687768
-0.001023900120650928
-0.005141366931986141
-0.008081224599875722
-0.013090236213465615
-0.0037958897662166736
-0.0024438772440248916
0.002897688879029235
-0.0067530123504920565
-0.0084698104489833
-0.008543292754165389
0.001516015631473379
-0.0038081528389746094
-0.00482978494936955
-0.008543292754165389
0.0021316868865608276
-0.015974415680683304
-0.002291585077131022
-0.00986122796227413
-0.0083370389665564
-0.000381884140792961
-0.005121212326063108
-0.0032411640186750914
-0.004035713320550541
0.0022999671497188224
-0.00960307450517569
-0.001640378753998721
-0.004444218607502162
-0.005239899760647331
0.008217188858159242
-0.000381884140792961
-0.003287915460687047
-0.0016111271484163265
0.0004101275217141626
0.002358514188370275
-0.00979874967948458
0.00018515742358901768
-0.005748061062930275
0.003335474231051128
-0.006511732273674767
-0.005209393649943801
0.0012117346019357112
-0.007378363765919002
-0.00960307450517569
0.005484255872191485
-0.006999718545052443
-5.963562278253102e-05
-0.009682209955672198
-0.0037911530460294617
0.0012618591365835294
-0.00986122796227413
-0.0032411640186750914
-0.0038380181377351825
-0.0030774949037372734
-0.002939948696116343
0.002897688879029235
-0.007548103282011459
