-0.02097788817208161
-0.0046314371364485655
-0.006997688630036998
-0.006175372753258068
-0.00464166768984554
-0.009398662010812553
-0.010566152979645716
-0.01848495587760884
-0.009672984070275661
-0.0052160354070258695
0.0051236815323583455
-0.009531616264753792
-0.008786494730993797
-0.007721309198236776
-0.007178767042086885
-0.01057153106375144
-0.02001315102515081
-0.006991185571958033
-0.0017596147604815719
-0.006175372753258068
-0.0031437911313542313
-0.01057153106375144
-0.010919560737331383
-0.009331478567375802
-0.02097788817208161
-0.01369750485351113
-0.005059233232063323
-0.01036362674898009
0.005444947039047742
-0.009780328537141126
0.002180317360877858
-0.027065007383065706
-0.019365848862532502
-0.01036362674898009
-0.008790433717922935
-0.00214783324228341
-0.0007483241025839004
0.0051236815323583455
-0.004289690965025928
-0.00033129633465991265
-0.007359293478550209
-0.009398662010812553
-0.009380501441877132
-0.004542267144062349
0.008898304817994997
-0.009531616264753792
0.0027912876060520444
-0.008054309162311691
-0.004542267144062349
-0.012305513513814662
-0.005884436149056941
-0.01942975335986919
0.021983064414776547
0.0052624849446883245
-0.012305513513814662
-0.010836804523697277
-0.028129988654453358
-0.001336418612495269
0.0052624849446883245
-0.0047157459865309085
-0.02097788817208161
-0.011956400948106401
0.001554995505262249
-0.01057153106375144
-0.01108154199520594
0.0007405029590950805
-0.008576677589624625
-0.012468476332507809
-0.0014217735543268575
-0.005038115526221099
-0.011956400948106401
-0.007178767042086885
-0.004353672951057242
0.004875427426155686
0.005444947039047742
-0.0019958596044821553
-0.002322561215071746
-0.009988060020265897
-0.02097788817208161
0.0027912876060520444
-0.015500403445666593
-0.009920839055766103
-0.00019671875851721583
-0.024034308713352208
0.012500892472936651
0.0017522052959244056
-0.0063500556334748345
-0.01057153106375144
-0.008288074149964998
-0.009331478567375802
-0.006175372753258068
-0.02081994453126527
-0.006997688630036998
-0.011241895781234858
-0.0067473287341052735
0.0007405029590950805
-0.008054309162311691
-0.002322561215071746
-0.009331478567375802
0.01925132933208436
0.0027912876060520444
-0.006309050855251842
-0.01646906660032078
0.0020510669865760104
-0.003956552415990842
-0.035343006065907824
-0.005038115526221099
-0.007900039679346294
-0.008966928022661344
-0.007178767042086885
-0.008790433717922935
-0.007721309198236776
-0.009025347057270117
-0.0047157459865309085
-0.01942975335986919
-0.014438331855753309
0.0007405029590950805
-0.005066685294016241
-0.011924720959321166
-0.007001410979609232
0.0013041977008750325
-0.012305513513814662
-0.009672984070275661
-0.0018795874015754578
-0.014200488620626724
0.019069463167818056
-0.016454903512423617
-0.006905866558019326
-0.0017596147604815719
-0.0063500556334748345
-0.014200488620626724
-0.004542267144062349
-0.002588520974373165
-0.008438098157125483
-0.0018795874015754578
-0.005884436149056941
-0.007721309198236776
-0.008786494730993797
-0.010169672618099333
-0.0046314371364485655
-0.009672984070275661
-0.01259215071931552
-0.006561928751671727
-0.009398662010812553
-0.006364038329316557
-0.01259215071931552
0.003829942887725147
-0.006175372753258068
-0.007359293478550209
0.008898304817994997
-0.009920839055766103
-0.007359293478550209
-0.0018795874015754578
0.019069463167818056
-0.001336418612495269
-0.01675578416152841
-0.0019958596044821553
-0.008054309162311691
0.01925132933208436
-0.006905866558019326
-0.0019522742516564938
-0.012468476332507809
-0.0017596147604815719
-0.0010154080429659075
-0.012734233246603504
-0.0014217735543268575
-0.0014164747897086201
-0.00977602547245412
-0.011614022285969278
-0.00733300362080483
-0.02081994453126527
-0.006364038329316557
-0.032440974911402735
-0.019365848862532502
0.001554995505262249
0.002180317360877858
-0.003956552415990842
0.005444947039047742
-0.016454903512423617
-0.010928488737234463
0.021983064414776547
-0.0011906932373178473
0.001554995505262249
-0.008966928022661344
-0.007721309198236776
0.012500892472936651
0.004875427426155686
-0.009780328537141126
-0.005884436149056941
0.0013041977008750325
0.0017522052959244056
-0.008147320023949889
-0.01942975335986919
-0.017672767356722723
-0.009780328537141126
-0.00033129633465991265
-0.006997688630036998
-0.027065007383065706
-0.017672767356722723
-0.004542267144062349
-0.005250561266352848
-0.00019671875851721583
-0.012305513513814662
-0.005038115526221099
-0.032440974911402735
-0.004542267144062349
-0.0010154080429659075
-0.016777163322269282
-0.002588520974373165
-0.006309050855251842
-0.005038115526221099
-0.006309050855251842
-0.015500403445666593
-0.006561928751671727
-0.009920839055766103
-0.002322561215071746
-0.008529950224709268
-0.00733300362080483
-0.01108154199520594
-0.019680004238989246
-0.017444838124040508
-0.01297896079364082
-0.01369750485351113
-0.006309050855251842
0.01925132933208436
-0.005250561266352848
-0.0067473287341052735
-0.008576677589624625
-0.009780328537141126
0.008738871007340405
-0.01369750485351113
-0.004162652337093562
-0.0079860635662378
0.008738871007340405
-0.008054309162311691
-0.008875669148557738
-0.0047157459865309085
-0.003956552415990842
-0.0056054134395076794
-0.009398662010812553
0.005444947039047742
0.0052624849446883245
-0.009672984070275661
-0.02081994453126527
-0.0052160354070258695
-0.01848495587760884
0.008898304817994997
0.001532056595413195
-0.002322561215071746
0.008738871007340405
-0.001336418612495269
-0.0031437911313542313
-0.0030080308867821083
-0.0079860635662378
-0.010836804523697277
0.004875427426155686
-0.008529950224709268
-0.00464166768984554
-0.006905866558019326
-0.003956552415990842
-0.009531616264753792
-0.011241895781234858
-0.014931583048807208
-0.002588520974373165
-0.007178767042086885
-0.006364038329316557
-0.00778260920101182
-0.01708722191942248
0.007006886038517578
-0.00792803383470523
0.001532056595413195
-0.004289690965025928
-0.024650611191759417
-0.01259215071931552
-0.0052160354070258695
-0.004330670534162095
0.021983064414776547
-0.005059233232063323
-0.00733300362080483
-0.017672767356722723
-0.00214783324228341
-0.0019958596044821553
0.008898304817994997
-0.017672767356722723
-0.005250561266352848
-0.0011906932373178473
-0.005594676611635448
-0.011956400948106401
-0.007721309198236776
-0.007359293478550209
-0.004289690965025928
-0.002017476597217586
0.0013707890416008429
-0.024650611191759417
-0.001336418612495269
-0.0052160354070258695
-0.006309050855251842
-0.008790433717922935
-0.008054309162311691
-0.011241895781234858
0.002180317360877858
-0.005066685294016241
-0.006309050855251842
-0.00792803383470523
-0.023857069399624356
0.002180317360877858
0.001554995505262249
-0.004353672951057242
-0.006361751158379957
-0.014931583048807208
-0.014438331855753309
-0.005884436149056941
-0.014438331855753309
-0.001336418612495269
-0.011924720959321166
-0.011463724719830882
-0.014200488620626724
-0.005547708475385262
-0.010566152979645716
-0.014200488620626724
-0.035343006065907824
-0.0030080308867821083
-0.01369750485351113
-0.016777163322269282
-0.0031437911313542313
-0.009920839055766103
0.001554995505262249
-0.0079860635662378
-0.02001315102515081
-0.0010526562346471076
-0.010928488737234463
-0.01369750485351113
-0.008966928022661344
-0.01369750485351113
-0.012468476332507809
-0.0046314371364485655
-0.005059233232063323
0.004875427426155686
-0.008129961614321723
0.019069463167818056
-0.011241895781234858
-0.014438331855753309
-0.006905866558019326
0.008738871007340405
-0.003820596888848829
0.001532056595413195
0.0007405029590950805
0.001554995505262249
-0.014374176812295107
-0.004162652337093562
-0.024034308713352208
-0.01036362674898009
-0.01799360690259691
-0.009988060020265897
-0.015500403445666593
-0.010928488737234463
-0.007721309198236776
0.002180317360877858
-0.0063500556334748345
-0.01297896079364082
-0.016777163322269282
-0.003956552415990842
-0.005767728476855446
-0.002017476597217586
0.001554995505262249
0.0051236815323583455
-0.02097788817208161
-0.032440974911402735
-0.01616533777154742
0.019069463167818056
0.001532056595413195
-0.02097788817208161
0.002180317360877858
-0.012305513513814662
-0.008438098157125483
-0.016777163322269282
-0.011956400948106401
0.005444947039047742
-0.009780328537141126
-0.007900039679346294
-0.028129988654453358
-0.011614022285969278
-0.008786494730993797
0.0052624849446883245
-0.0079860635662378
-0.0002192098378609056
-0.010928488737234463
0.008738871007340405
-0.008288074149964998
-0.00464166768984554
-0.0031437911313542313
-0.0010526562346471076
-0.004542267144062349
0.0017522052959244056
-0.011614022285969278
-0.0047157459865309085
-0.010928488737234463
-0.005129233125791833
-0.01057153106375144
-0.017444838124040508
-0.008576677589624625
-0.01646906660032078
0.0020510669865760104
0.0007405029590950805
-0.008438098157125483
-0.010169672618099333
-0.008966928022661344
-0.014200488620626724
-0.008460654928998683
-0.016454903512423617
-0.018990632522613293
-0.003956552415990842
-0.006561928751671727
-0.005594676611635448
-0.0010154080429659075
-0.009331478567375802
-0.0047157459865309085
-0.008054309162311691
-0.024034308713352208
-0.008786494730993797
-0.006364038329316557
-0.009531616264753792
-0.008129961614321723
-0.01675578416152841
-0.003104237162226492
-0.01108154199520594
0.008635533299727117
-0.009988060020265897
-0.008529950224709268
-0.006905866558019326
-0.019365848862532502
-0.016777163322269282
0.001554995505262249
-0.005767728476855446
-0.018990632522613293
-0.003104237162226492
-0.0067473287341052735
-0.006175372753258068
-0.0014705876036891683
0.005444947039047742
-0.0019958596044821553
-0.009742924474428188
-0.0063500556334748345
-0.003820596888848829
-0.003820596888848829
-0.024034308713352208
-0.0056054134395076794
-0.01942975335986919
-0.006364038329316557
-0.010566152979645716
-0.004625939420404812
-0.004289690965025928
-0.00778260920101182
-0.016777163322269282
-0.009672984070275661
-0.005129233125791833
-0.008790433717922935
-0.002322561215071746
-0.004162652337093562
-0.010919560737331383
0.001532056595413195
0.004875427426155686
-0.007359293478550209
-0.01675578416152841
-0.009105894634586558
-0.008288074149964998
-0.008786494730993797
-0.02001315102515081
-0.017444838124040508
-0.006309050855251842
-0.002017476597217586
-0.01646906660032078
-0.008054309162311691
-0.004446788180988827
-0.008460654928998683
-0.004542267144062349
-0.012305513513814662
-0.02081994453126527
0.0027912876060520444
0.008738871007340405
-0.009988060020265897
-0.006905866558019326
0.0013041977008750325
-0.002322561215071746
-0.012468476332507809
-0.0030080308867821083
0.008635533299727117
-0.014931583048807208
-0.01616533777154742
-0.004353672951057242
-0.011924720959321166
-0.006905866558019326
-0.00464166768984554
-0.024034308713352208
-0.006997688630036998
0.001554995505262249
-0.01616533777154742
-0.004353672951057242
-0.009331478567375802
-0.01259215071931552
0.0052624849446883245
-0.014200488620626724
-0.0031437911313542313
0.0017522052959244056
-0.0007483241025839004
-0.01942975335986919
-0.01508664874580698
-0.02097788817208161
-0.009780328537141126
-0.0019522742516564938
-0.008460654928998683
-0.009025347057270117
-0.0010154080429659075
0.001532056595413195
0.0020510669865760104
-0.00977602547245412
-0.006175372753258068
0.007006886038517578
-0.008288074149964998
-0.01675578416152841
-0.006905866558019326
-0.010919560737331383
-0.008460654928998683
-0.00019671875851721583
-0.002017476597217586
-0.008786494730993797
-0.008460654928998683
-0.0014164747897086201
-0.00019671875851721583
-0.01799360690259691
-0.0011906932373178473
-0.014438331855753309
0.004875427426155686
-0.01259215071931552
-0.004353672951057242
-0.035343006065907824
-0.004625939420404812
-0.023857069399624356
-0.009398662010812553
-0.003956552415990842
0.007006886038517578
-0.016777163322269282
-0.0030080308867821083
0.001554995505262249
-0.009380501441877132
-0.005066685294016241
-0.016454903512423617
-0.009331478567375802
-0.013388246526208285
-0.006309050855251842
-0.008576677589624625
-0.001336418612495269
-0.016777163322269282
-0.01036362674898009
-0.004446788180988827
0.007006886038517578
-0.00701931665728214
-0.01259215071931552
-0.009531616264753792
-0.00464166768984554
-0.009920839055766103
-0.0063500556334748345
-0.001336418612495269
-0.004446788180988827
0.0013041977008750325
-0.009398662010812553
-0.006364038329316557
-0.012305513513814662
-0.0056054134395076794
-0.016454903512423617
-0.008460654928998683
-0.008460654928998683
-0.004625939420404812
-0.009742924474428188
-0.0019958596044821553
-0.013388246526208285
-0.019365848862532502
-0.005250561266352848
0.008898304817994997
-0.005547708475385262
0.01925132933208436
-0.0014217735543268575
-0.004446788180988827
-0.00464166768984554
-0.0010154080429659075
-0.005066685294016241
-0.009780328537141126
-0.0014705876036891683
0.008898304817994997
-0.027065007383065706
-0.016454903512423617
-0.010919560737331383
-0.009672984070275661
-0.01369750485351113
-0.008460654928998683
-0.0014164747897086201
-0.013388246526208285
-0.008460654928998683
-0.003956552415990842
0.0013707890416008429
-0.019365848862532502
-0.011614022285969278
-0.006361751158379957
-0.004625939420404812
-0.00792803383470523
-0.00792803383470523
-0.003820596888848829
0.021983064414776547
-0.0014705876036891683
-0.02097788817208161
-0.01708722191942248
-0.023857069399624356
-0.009531616264753792
-0.0017596147604815719
-0.005767728476855446
-0.01297896079364082
-0.01141705403151084
-0.0010526562346471076
-0.02097788817208161
-0.005066685294016241
-0.035343006065907824
0.002180317360877858
-0.014931583048807208
-0.011241895781234858
-0.008438098157125483
0.003829942887725147
-0.00977602547245412
-0.008438098157125483
-0.01297896079364082
-0.019365848862532502
-0.024650611191759417
-0.009988060020265897
-0.01108154199520594
0.0013041977008750325
-0.005767728476855446
-0.005066685294016241
-0.014374176812295107
0.008898304817994997
-0.0047157459865309085
-0.012123180018585191
0.012500892472936651
-0.027065007383065706
-0.008129961614321723
-0.005250561266352848
-0.016454903512423617
-0.0052160354070258695
-0.0047157459865309085
-0.007525850412038911
-0.01057153106375144
-0.007525850412038911
-0.005066685294016241
-0.002322561215071746
-0.0019522742516564938
-0.016777163322269282
-0.01799360690259691
-0.017444838124040508
0.0017522052959244056
0.008898304817994997
-0.008875669148557738
-0.002322561215071746
0.012500892472936651
-0.009105894634586558
-0.008147320023949889
-0.0052160354070258695
-0.011924720959321166
-0.01297896079364082
-0.007359293478550209
-0.005767728476855446
-0.0010526562346471076
0.005444947039047742
0.0013707890416008429
-0.011924720959321166
-0.012468476332507809
-0.006561928751671727
-0.00464166768984554
-0.01708722191942248
-0.032440974911402735
-0.007525850412038911
-0.004289690965025928
-0.009105894634586558
-0.013388246526208285
-0.010169672618099333
0.008738871007340405
-0.032440974911402735
-0.007721309198236776
-0.009531616264753792
-0.008147320023949889
-0.009398662010812553
-0.01675578416152841
-0.01942975335986919
-0.0056054134395076794
-0.001336418612495269
-0.0019958596044821553
0.0007405029590950805
-0.009742924474428188
-0.012305513513814662
0.01925132933208436
-0.008288074149964998
-0.00977602547245412
-0.01942975335986919
0.001532056595413195
-0.014374176812295107
-0.008147320023949889
-0.014931583048807208
-0.008288074149964998
-0.009780328537141126
0.01925132933208436
-0.0056054134395076794
0.0017522052959244056
-0.003956552415990842
-0.006905866558019326
-0.007359293478550209
-0.015500403445666593
-0.0010154080429659075
-0.02081994453126527
-0.006309050855251842
-0.004162652337093562
-0.02081994453126527
-0.012123180018585191
-0.035343006065907824
-0.016454903512423617
-0.01488000492161989
-0.01799360690259691
0.008635533299727117
-0.0002192098378609056
-0.0056054134395076794
-0.004330670534162095
0.0013707890416008429
-0.032440974911402735
-0.010566152979645716
-0.010919560737331383
-0.011614022285969278
-0.024034308713352208
-0.008576677589624625
0.002180317360877858
-0.015500403445666593
-0.011463724719830882
-0.003820596888848829
-0.011956400948106401
-0.008054309162311691
0.019069463167818056
-0.006364038329316557
-0.007900039679346294
-0.013388246526208285
-0.009531616264753792
-0.02081994453126527
0.0017522052959244056
-0.011241895781234858
0.0051236815323583455
-0.008438098157125483
-0.006364038329316557
-0.00464166768984554
-0.012734233246603504
-0.008790433717922935
-0.008875669148557738
-0.0031437911313542313
-0.024650611191759417
-0.002588520974373165
-0.008529950224709268
-0.006997688630036998
-0.004289690965025928
-0.001336418612495269
0.0051236815323583455
-0.018990632522613293
-0.014200488620626724
-0.002017476597217586
-0.011924720959321166
-0.012734233246603504
-0.0031863059129786705
-0.0056054134395076794
-0.009742924474428188
-0.0010154080429659075
-0.028129988654453358
-0.0056054134395076794
-0.010169672618099333
-0.009780328537141126
-0.00792803383470523
-0.006309050855251842
-0.010169672618099333
-0.0002192098378609056
-0.00977602547245412
-0.00778260920101182
0.005444947039047742
-0.0056054134395076794
-0.016777163322269282
-0.027065007383065706
-0.0007483241025839004
-0.014200488620626724
-0.004625939420404812
-0.006905866558019326
-0.0019958596044821553
-0.008129961614321723
-0.006361751158379957
-0.0030080308867821083
-0.0018795874015754578
-0.002017476597217586
0.0007405029590950805
-0.00214783324228341
-0.0019522742516564938
0.0027912876060520444
-0.009920839055766103
0.002180317360877858
-0.006361751158379957
-0.006997688630036998
-0.014931583048807208
-0.0014705876036891683
-0.015500403445666593
0.008898304817994997
-0.009672984070275661
-0.02097788817208161
-0.008966928022661344
-0.0010154080429659075
-0.006997688630036998
-0.007001410979609232
0.009057840491597895
-0.005066685294016241
-0.005059233232063323
-0.016777163322269282
-0.01848495587760884
-0.01508664874580698
-0.0056054134395076794
-0.008288074149964998
-0.012734233246603504
-0.0046314371364485655
-0.003104237162226492
-0.011614022285969278
-0.005129233125791833
0.002180317360877858
-0.004289690965025928
-0.008054309162311691
-0.0052160354070258695
-0.009780328537141126
-0.0010154080429659075
-0.004353672951057242
-0.01848495587760884
-0.004162652337093562
-0.0014705876036891683
-0.003820596888848829
-0.010919560737331383
-0.012123180018585191
0.0017522052959244056
-0.005767728476855446
-0.006364038329316557
-0.012734233246603504
-0.018990632522613293
-0.008576677589624625
-0.01259215071931552
-0.014374176812295107
-0.007721309198236776
-0.002017476597217586
-0.0019522742516564938
-0.0002192098378609056
-0.005250561266352848
-0.009742924474428188
-0.0007483241025839004
-0.01708722191942248
-0.010836804523697277
-0.00214783324228341
-0.0079860635662378
-0.007178767042086885
-0.010566152979645716
-0.010919560737331383
-0.0079860635662378
-0.004625939420404812
-0.005038115526221099
-0.01942975335986919
0.0052624849446883245
-0.005129233125791833
-0.014374176812295107
-0.02097788817208161
-0.02081994453126527
-0.00701931665728214
0.0020510669865760104
-0.010169672618099333
-0.0011906932373178473
-0.0010154080429659075
-0.010169672618099333
-0.0019522742516564938
-0.01942975335986919
0.001554995505262249
-0.009380501441877132
-0.01036362674898009
0.008898304817994997
-0.009672984070275661
-0.009531616264753792
-0.014200488620626724
-0.004542267144062349
-0.006309050855251842
0.008738871007340405
-0.004289690965025928
-0.00033129633465991265
-0.004289690965025928
-0.0047157459865309085
-0.006361751158379957
-0.019365848862532502
-0.00733300362080483
-0.006905866558019326
-0.0019522742516564938
-0.010836804523697277
-0.010169672618099333
-0.009988060020265897
-0.02001315102515081
-0.003104237162226492
0.0020510669865760104
-0.0011906932373178473
-0.006905866558019326
-0.008438098157125483
-0.008786494730993797
-0.009380501441877132
0.008635533299727117
-0.01297896079364082
-0.0079860635662378
-0.006175372753258068
-0.009988060020265897
-0.01108154199520594
0.001554995505262249
-0.005547708475385262
-0.0007483241025839004
-0.0030080308867821083
-0.010836804523697277
0.008898304817994997
-0.006309050855251842
-0.01799360690259691
-0.009672984070275661
-0.014200488620626724
-0.010018909995140934
-0.00977602547245412
-0.010919560737331383
-0.010919560737331383
-0.00792803383470523
-0.0014705876036891683
-0.01508664874580698
-0.012123180018585191
-0.02081994453126527
-0.002017476597217586
-0.014374176812295107
-0.0047157459865309085
-0.0056054134395076794
-0.009331478567375802
0.008738871007340405
-0.008438098157125483
-0.006991185571958033
0.001554995505262249
-0.035343006065907824
-0.007900039679346294
-0.0014705876036891683
-0.008147320023949889
-0.0011906932373178473
-0.010928488737234463
-0.01646906660032078
-0.001336418612495269
0.009057840491597895
-0.01616533777154742
-0.01369750485351113
-0.007900039679346294
-0.011614022285969278
-0.024034308713352208
-0.008147320023949889
-0.009742924474428188
-0.00733300362080483
-0.010018909995140934
-0.008054309162311691
-0.007900039679346294
-0.0010154080429659075
-0.0056054134395076794
0.008898304817994997
0.001554995505262249
0.0052624849446883245
-0.01488000492161989
-0.014931583048807208
-0.02001315102515081
0.0007405029590950805
-0.024034308713352208
-0.010018909995140934
-0.0046314371364485655
-0.005884436149056941
-0.0002192098378609056
-0.007178767042086885
-0.012305513513814662
-0.014374176812295107
-0.02081994453126527
-0.019680004238989246
-0.015500403445666593
-0.002322561215071746
0.0013707890416008429
-0.0056054134395076794
-0.035343006065907824
-0.0067473287341052735
-0.0019958596044821553
0.001532056595413195
0.001554995505262249
0.007006886038517578
-0.01259215071931552
-0.008147320023949889
-0.0002192098378609056
-0.01708722191942248
-0.0010154080429659075
0.021983064414776547
0.01925132933208436
-0.0017596147604815719
