0.007276423524799633
-0.006603062310188513
-0.007794159767448988
0.004861471683812411
-0.009410313317776194
0.016591686028509016
-0.02071588514093698
0.004861471683812411
-0.008366731115307686
0.018099017050739158
-0.007794159767448988
-0.010484116087439535
-0.014503415529558458
-0.007794159767448988
-0.02307966114702824
-0.013339797623961355
0.004861471683812411
-0.007794159767448988
-0.013339797623961355
-0.009936093328827158
0.018099017050739158
-0.009936093328827158
-0.008366731115307686
-0.006603062310188513
-0.009936093328827158
-0.014503415529558458
-0.016123776424134796
-0.010090018043168447
-0.03137840319704765
-0.008111829892217048
-0.0109444317732934
-0.02071588514093698
-0.0027113059743001373
-0.010090018043168447
-0.006523710041187028
0.018099017050739158
-0.010484116087439535
-0.006603062310188513
0.004861471683812411
-0.010090018043168447
0.018099017050739158
-0.006603062310188513
0.0029045091745095266
-0.016123776424134796
0.004861471683812411
-0.009410313317776194
0.002265139751189513
-0.014818271738978029
0.002265139751189513
-0.008335761789348972
-0.01592637570937267
0.0029045091745095266
-0.0109444317732934
-0.02606204539223813
-0.006523710041187028
-0.02606204539223813
-0.02071588514093698
0.0029045091745095266
-0.010484116087439535
-0.009410313317776194
-0.010090018043168447
-0.009936093328827158
-0.03137840319704765
-0.009936093328827158
0.0029045091745095266
-0.01597331013721917
-0.02071588514093698
-0.013339797623961355
0.018099017050739158
0.002265139751189513
-0.02307966114702824
-0.01592637570937267
0.007276423524799633
0.018099017050739158
-0.02071588514093698
-0.013339797623961355
-0.01592637570937267
-0.013339797623961355
0.018099017050739158
0.004861471683812411
-0.011442046282867895
-0.0027113059743001373
-0.009410313317776194
0.004861471683812411
-0.009702668278654058
0.016591686028509016
-0.01597331013721917
-0.009702668278654058
-0.011442046282867895
-0.008111829892217048
0.002265139751189513
-0.0027113059743001373
-0.02606204539223813
-0.009936093328827158
-0.010090018043168447
0.008329203526313434
-0.009936093328827158
-0.0109444317732934
-0.010090018043168447
-0.007794159767448988
-0.014818271738978029
-0.009410313317776194
-0.009702668278654058
-0.009702668278654058
-0.0035946549395297514
-0.010082875708035365
-0.02606204539223813
-0.010090018043168447
-0.016123776424134796
-0.006523710041187028
0.007276423524799633
-0.007794159767448988
-0.014818271738978029
0.008329203526313434
-0.010090018043168447
-0.010090018043168447
-0.010082875708035365
0.018099017050739158
-0.02071588514093698
-0.01711064078790833
-0.02307966114702824
-0.01592637570937267
-0.010082875708035365
-0.009702668278654058
0.0029045091745095266
-0.02307966114702824
-0.007794159767448988
0.008329203526313434
0.0015314542278125323
-0.03137840319704765
-0.008335761789348972
-0.03137840319704765
-0.009410313317776194
-0.010090018043168447
-0.016123776424134796
-0.0027113059743001373
-0.016123776424134796
0.0029045091745095266
-0.04128483976853493
-0.011442046282867895
-0.007794159767448988
-0.011442046282867895
-0.007794159767448988
-0.01592637570937267
-0.010090018043168447
0.0029045091745095266
-0.011442046282867895
-0.010090018043168447
-0.006603062310188513
-0.008335761789348972
-0.016123776424134796
-0.0027113059743001373
-0.0109444317732934
0.008329203526313434
-0.009410313317776194
0.004861471683812411
0.004861471683812411
-0.008335761789348972
-0.006523710041187028
0.002265139751189513
-0.014503415529558458
-0.006523710041187028
0.008329203526313434
-0.008366731115307686
-0.009936093328827158
-0.010484116087439535
-0.008335761789348972
-0.006603062310188513
-0.0109444317732934
0.016591686028509016
-0.006603062310188513
-0.04128483976853493
-0.008111829892217048
-0.02307966114702824
-0.008335761789348972
0.016591686028509016
-0.0035946549395297514
-0.0109444317732934
-0.008366731115307686
-0.02307966114702824
0.0029045091745095266
-0.008111829892217048
-0.014503415529558458
-0.01597331013721917
-0.006603062310188513
-0.010484116087439535
-0.01711064078790833
-0.011442046282867895
0.007276423524799633
-0.03137840319704765
-0.014503415529558458
-0.007794159767448988
-0.014818271738978029
-0.016123776424134796
-0.007794159767448988
-0.008335761789348972
-0.04128483976853493
-0.02307966114702824
-0.011442046282867895
-0.010484116087439535
0.002265139751189513
-0.009410313317776194
0.004861471683812411
-0.04128483976853493
-0.016123776424134796
-0.014503415529558458
-0.02307966114702824
-0.016123776424134796
-0.009936093328827158
-0.02307966114702824
-0.013339797623961355
-0.008335761789348972
-0.01597331013721917
-0.016123776424134796
-0.014818271738978029
-0.0109444317732934
0.007276423524799633
-0.0027113059743001373
-0.0109444317732934
0.0029045091745095266
-0.02071588514093698
-0.02071588514093698
-0.009702668278654058
-0.013339797623961355
0.008329203526313434
-0.014503415529558458
-0.008335761789348972
-0.007794159767448988
-0.011442046282867895
-0.04128483976853493
-0.0035946549395297514
-0.0035946549395297514
-0.009936093328827158
-0.006603062310188513
0.0029045091745095266
-0.006603062310188513
-0.03137840319704765
0.018099017050739158
-0.0109444317732934
-0.010082875708035365
-0.02606204539223813
0.007276423524799633
-0.009410313317776194
-0.007794159767448988
-0.014818271738978029
-0.007794159767448988
-0.007794159767448988
-0.01597331013721917
-0.013339797623961355
0.008329203526313434
0.002265139751189513
-0.006523710041187028
-0.010484116087439535
-0.013339797623961355
-0.02307966114702824
-0.02606204539223813
-0.011442046282867895
0.004861471683812411
-0.01711064078790833
-0.0035946549395297514
-0.01711064078790833
-0.014503415529558458
0.0029045091745095266
-0.009702668278654058
-0.008111829892217048
-0.010082875708035365
0.002265139751189513
-0.014503415529558458
-0.02071588514093698
-0.010082875708035365
-0.010484116087439535
-0.008111829892217048
-0.0035946549395297514
-0.008111829892217048
-0.009936093328827158
-0.011442046282867895
-0.0035946549395297514
-0.009936093328827158
-0.02071588514093698
-0.009936093328827158
0.0015314542278125323
-0.009702668278654058
-0.02071588514093698
-0.013339797623961355
-0.008335761789348972
-0.0109444317732934
0.0029045091745095266
0.004861471683812411
0.0029045091745095266
-0.016123776424134796
-0.02606204539223813
-0.007794159767448988
-0.006603062310188513
0.008329203526313434
-0.008366731115307686
-0.01597331013721917
-0.006603062310188513
-0.016123776424134796
-0.0035946549395297514
0.004861471683812411
-0.01711064078790833
-0.013339797623961355
-0.010484116087439535
-0.04128483976853493
-0.016123776424134796
-0.0035946549395297514
-0.008366731115307686
0.018099017050739158
-0.02071588514093698
0.004861471683812411
-0.006603062310188513
-0.016123776424134796
-0.008366731115307686
-0.0035946549395297514
-0.006523710041187028
-0.0035946549395297514
-0.008335761789348972
-0.014818271738978029
0.018099017050739158
-0.01592637570937267
-0.0027113059743001373
-0.010082875708035365
-0.013339797623961355
-0.006523710041187028
0.007276423524799633
0.018099017050739158
-0.0035946549395297514
-0.01592637570937267
-0.014503415529558458
0.008329203526313434
0.004861471683812411
-0.013339797623961355
-0.010082875708035365
-0.01592637570937267
-0.010082875708035365
-0.008366731115307686
-0.014818271738978029
-0.010090018043168447
-0.0035946549395297514
-0.02071588514093698
-0.0035946549395297514
0.0029045091745095266
-0.008111829892217048
-0.014818271738978029
-0.008335761789348972
-0.014818271738978029
-0.008335761789348972
-0.009936093328827158
-0.009936093328827158
0.007276423524799633
-0.01711064078790833
-0.011442046282867895
-0.03137840319704765
-0.0109444317732934
-0.010484116087439535
0.0015314542278125323
-0.04128483976853493
-0.0027113059743001373
0.0015314542278125323
0.008329203526313434
-0.011442046282867895
0.008329203526313434
-0.010090018043168447
-0.009410313317776194
-0.008335761789348972
-0.009702668278654058
-0.010082875708035365
-0.02307966114702824
0.004861471683812411
-0.008335761789348972
-0.0027113059743001373
-0.014818271738978029
-0.03137840319704765
0.018099017050739158
0.018099017050739158
-0.04128483976853493
0.008329203526313434
0.008329203526313434
-0.01592637570937267
-0.006603062310188513
0.016591686028509016
-0.013339797623961355
-0.013339797623961355
-0.010090018043168447
-0.01711064078790833
0.018099017050739158
-0.008366731115307686
-0.008366731115307686
0.002265139751189513
-0.006603062310188513
0.016591686028509016
0.008329203526313434
-0.0109444317732934
-0.0035946549395297514
-0.01711064078790833
-0.016123776424134796
0.0015314542278125323
0.018099017050739158
-0.010484116087439535
-0.01592637570937267
-0.014818271738978029
-0.0109444317732934
-0.008335761789348972
0.0029045091745095266
-0.02606204539223813
-0.014503415529558458
0.002265139751189513
-0.0027113059743001373
-0.009702668278654058
-0.04128483976853493
0.008329203526313434
-0.009410313317776194
-0.008111829892217048
-0.010082875708035365
-0.008111829892217048
-0.03137840319704765
-0.01597331013721917
0.016591686028509016
-0.009410313317776194
-0.010484116087439535
-0.014503415529558458
0.004861471683812411
-0.02307966114702824
-0.0109444317732934
-0.016123776424134796
-0.02307966114702824
-0.0035946549395297514
-0.02606204539223813
-0.016123776424134796
-0.006603062310188513
-0.006523710041187028
-0.0109444317732934
-0.0027113059743001373
-0.014503415529558458
-0.010082875708035365
-0.02307966114702824
0.0029045091745095266
0.008329203526313434
-0.014503415529558458
-0.009410313317776194
-0.014503415529558458
0.004861471683812411
-0.006523710041187028
-0.016123776424134796
0.004861471683812411
-0.006603062310188513
-0.008335761789348972
-0.008111829892217048
-0.010484116087439535
0.0029045091745095266
-0.009702668278654058
-0.03137840319704765
-0.014503415529558458
0.016591686028509016
-0.008366731115307686
-0.04128483976853493
0.0015314542278125323
0.007276423524799633
-0.016123776424134796
-0.01592637570937267
0.0015314542278125323
-0.008111829892217048
-0.014503415529558458
-0.01592637570937267
-0.008335761789348972
0.007276423524799633
-0.006603062310188513
-0.010090018043168447
-0.03137840319704765
0.002265139751189513
-0.0035946549395297514
-0.016123776424134796
-0.0027113059743001373
0.002265139751189513
-0.01592637570937267
-0.01711064078790833
-0.010484116087439535
-0.010090018043168447
-0.010484116087439535
-0.008335761789348972
0.018099017050739158
-0.02307966114702824
-0.01597331013721917
-0.0027113059743001373
-0.006523710041187028
-0.009936093328827158
-0.010090018043168447
-0.009702668278654058
-0.01597331013721917
-0.02307966114702824
-0.011442046282867895
-0.01597331013721917
-0.008366731115307686
-0.016123776424134796
-0.014503415529558458
0.004861471683812411
-0.016123776424134796
0.016591686028509016
0.004861471683812411
-0.009936093328827158
0.016591686028509016
-0.010082875708035365
-0.009410313317776194
-0.016123776424134796
-0.016123776424134796
-0.013339797623961355
-0.008335761789348972
-0.0027113059743001373
-0.008111829892217048
-0.01711064078790833
-0.014818271738978029
-0.02606204539223813
-0.02606204539223813
-0.011442046282867895
-0.010090018043168447
-0.02307966114702824
-0.010082875708035365
-0.01711064078790833
0.0029045091745095266
-0.010090018043168447
-0.0027113059743001373
-0.014818271738978029
-0.009410313317776194
-0.03137840319704765
-0.01592637570937267
-0.02606204539223813
-0.01592637570937267
-0.014818271738978029
-0.01711064078790833
-0.011442046282867895
-0.014503415529558458
-0.006603062310188513
-0.009702668278654058
-0.006523710041187028
0.008329203526313434
0.018099017050739158
-0.016123776424134796
0.018099017050739158
-0.02606204539223813
-0.016123776424134796
-0.014503415529558458
-0.01597331013721917
-0.011442046282867895
-0.008335761789348972
-0.0109444317732934
-0.010090018043168447
-0.01597331013721917
-0.02606204539223813
0.002265139751189513
0.004861471683812411
-0.014503415529558458
-0.009410313317776194
0.016591686028509016
-0.010484116087439535
-0.04128483976853493
-0.01597331013721917
-0.02307966114702824
-0.006603062310188513
-0.013339797623961355
-0.013339797623961355
0.008329203526313434
-0.009410313317776194
-0.011442046282867895
-0.01711064078790833
0.018099017050739158
-0.006603062310188513
-0.013339797623961355
-0.03137840319704765
-0.008335761789348972
0.0029045091745095266
-0.008335761789348972
-0.03137840319704765
-0.02307966114702824
0.002265139751189513
-0.0109444317732934
0.008329203526313434
-0.011442046282867895
-0.008111829892217048
0.016591686028509016
-0.008111829892217048
-0.014503415529558458
-0.0109444317732934
0.016591686028509016
-0.01711064078790833
-0.0109444317732934
-0.02307966114702824
-0.007794159767448988
-0.009936093328827158
-0.008111829892217048
-0.01592637570937267
-0.014818271738978029
-0.010484116087439535
-0.010082875708035365
0.007276423524799633
-0.009936093328827158
-0.01597331013721917
-0.01597331013721917
-0.02071588514093698
-0.007794159767448988
-0.014818271738978029
-0.01597331013721917
-0.006603062310188513
-0.014818271738978029
-0.014818271738978029
-0.006603062310188513
-0.02071588514093698
-0.01711064078790833
0.016591686028509016
-0.03137840319704765
-0.011442046282867895
-0.008111829892217048
-0.008335761789348972
0.004861471683812411
0.007276423524799633
-0.011442046282867895
-0.0027113059743001373
0.002265139751189513
-0.03137840319704765
-0.008111829892217048
-0.007794159767448988
-0.010082875708035365
-0.013339797623961355
-0.02606204539223813
-0.006603062310188513
-0.0035946549395297514
-0.01592637570937267
0.0015314542278125323
-0.014818271738978029
-0.008335761789348972
0.018099017050739158
-0.008366731115307686
-0.010082875708035365
-0.007794159767448988
-0.009936093328827158
-0.02606204539223813
0.016591686028509016
-0.011442046282867895
0.008329203526313434
-0.006603062310188513
-0.016123776424134796
-0.01597331013721917
-0.009936093328827158
-0.008335761789348972
-0.013339797623961355
-0.007794159767448988
-0.011442046282867895
-0.014503415529558458
-0.03137840319704765
-0.04128483976853493
-0.009936093328827158
-0.006523710041187028
-0.007794159767448988
-0.010090018043168447
-0.008335761789348972
-0.014503415529558458
-0.010484116087439535
-0.02071588514093698
-0.008366731115307686
-0.014503415529558458
-0.016123776424134796
-0.009702668278654058
-0.01592637570937267
-0.009410313317776194
-0.007794159767448988
0.002265139751189513
-0.04128483976853493
-0.009410313317776194
-0.02307966114702824
-0.008366731115307686
-0.014818271738978029
-0.006603062310188513
-0.007794159767448988
0.008329203526313434
-0.03137840319704765
-0.0109444317732934
-0.008366731115307686
-0.008111829892217048
-0.016123776424134796
-0.02071588514093698
-0.010484116087439535
-0.0027113059743001373
0.0029045091745095266
0.002265139751189513
-0.007794159767448988
-0.013339797623961355
-0.014503415529558458
-0.010484116087439535
-0.03137840319704765
-0.014503415529558458
0.007276423524799633
-0.006523710041187028
0.0015314542278125323
-0.02307966114702824
-0.006523710041187028
-0.01597331013721917
-0.03137840319704765
-0.008366731115307686
-0.0109444317732934
-0.03137840319704765
-0.01592637570937267
-0.009936093328827158
0.007276423524799633
-0.02606204539223813
-0.014503415529558458
0.008329203526313434
0.004861471683812411
-0.010082875708035365
-0.016123776424134796
-0.04128483976853493
0.018099017050739158
-0.006603062310188513
0.0029045091745095266
-0.010484116087439535
-0.02071588514093698
0.0029045091745095266
-0.011442046282867895
-0.008366731115307686
0.018099017050739158
-0.03137840319704765
0.016591686028509016
0.002265139751189513
0.004861471683812411
0.018099017050739158
-0.01711064078790833
0.0015314542278125323
-0.009936093328827158
0.018099017050739158
-0.010090018043168447
0.016591686028509016
-0.008111829892217048
-0.006603062310188513
-0.02307966114702824
-0.008335761789348972
-0.014818271738978029
-0.013339797623961355
-0.008335761789348972
0.016591686028509016
-0.013339797623961355
-0.010090018043168447
-0.010484116087439535
-0.008366731115307686
-0.009410313317776194
0.016591686028509016
-0.008366731115307686
-0.01711064078790833
-0.010484116087439535
-0.04128483976853493
0.008329203526313434
-0.016123776424134796
-0.008366731115307686
-0.02071588514093698
-0.0035946549395297514
0.0015314542278125323
0.016591686028509016
-0.04128483976853493
0.002265139751189513
-0.02606204539223813
-0.02071588514093698
-0.0027113059743001373
0.0015314542278125323
-0.009702668278654058
0.018099017050739158
-0.04128483976853493
-0.02071588514093698
-0.01711064078790833
-0.010090018043168447
-0.011442046282867895
0.0015314542278125323
-0.01592637570937267
-0.011442046282867895
-0.02071588514093698
-0.016123776424134796
-0.01592637570937267
-0.009410313317776194
0.002265139751189513
-0.014503415529558458
-0.0027113059743001373
-0.008111829892217048
-0.014818271738978029
-0.04128483976853493
-0.04128483976853493
-0.01592637570937267
-0.014818271738978029
-0.010082875708035365
-0.02606204539223813
-0.03137840319704765
-0.009702668278654058
-0.01597331013721917
-0.0109444317732934
0.018099017050739158
-0.02071588514093698
0.008329203526313434
0.016591686028509016
-0.010082875708035365
-0.014818271738978029
-0.006523710041187028
-0.014503415529558458
-0.0035946549395297514
-0.0027113059743001373
0.004861471683812411
0.002265139751189513
-0.011442046282867895
-0.007794159767448988
0.002265139751189513
-0.010484116087439535
-0.008335761789348972
-0.008335761789348972
-0.007794159767448988
-0.03137840319704765
-0.04128483976853493
0.004861471683812411
0.007276423524799633
-0.01592637570937267
-0.009410313317776194
-0.01592637570937267
0.0015314542278125323
-0.0035946549395297514
-0.008111829892217048
0.016591686028509016
-0.006603062310188513
-0.007794159767448988
-0.006523710041187028
-0.013339797623961355
-0.010090018043168447
-0.009936093328827158
-0.008366731115307686
0.008329203526313434
-0.010484116087439535
-0.04128483976853493
-0.02606204539223813
-0.006603062310188513
0.007276423524799633
-0.007794159767448988
0.008329203526313434
0.008329203526313434
-0.02071588514093698
-0.04128483976853493
-0.02071588514093698
-0.02071588514093698
-0.011442046282867895
-0.016123776424134796
-0.006523710041187028
-0.0035946549395297514
-0.01597331013721917
0.0029045091745095266
0.018099017050739158
0.007276423524799633
-0.014818271738978029
-0.01597331013721917
-0.009410313317776194
-0.009410313317776194
-0.013339797623961355
0.0015314542278125323
0.016591686028509016
-0.01711064078790833
-0.008366731115307686
-0.007794159767448988
-0.0109444317732934
-0.0035946549395297514
-0.013339797623961355
-0.014503415529558458
-0.010082875708035365
-0.02307966114702824
0.018099017050739158
-0.02071588514093698
-0.016123776424134796
0.0015314542278125323
-0.0035946549395297514
-0.008366731115307686
-0.03137840319704765
-0.014818271738978029
-0.014818271738978029
-0.02071588514093698
-0.010090018043168447
0.007276423524799633
-0.010090018043168447
-0.013339797623961355
-0.011442046282867895
0.004861471683812411
-0.009410313317776194
-0.006603062310188513
-0.01592637570937267
-0.008366731115307686
0.007276423524799633
-0.01597331013721917
-0.01597331013721917
-0.014503415529558458
-0.0109444317732934
-0.010090018043168447
-0.006603062310188513
-0.02307966114702824
-0.011442046282867895
-0.014818271738978029
0.018099017050739158
-0.008366731115307686
-0.02071588514093698
0.007276423524799633
-0.008111829892217048
0.0029045091745095266
-0.0035946549395297514
-0.0035946549395297514
-0.010090018043168447
-0.014503415529558458
0.0015314542278125323
-0.009410313317776194
-0.009410313317776194
-0.0035946549395297514
-0.016123776424134796
-0.008111829892217048
-0.009410313317776194
-0.010090018043168447
-0.009410313317776194
-0.02606204539223813
-0.0035946549395297514
0.016591686028509016
0.004861471683812411
-0.008335761789348972
-0.0027113059743001373
-0.01711064078790833
-0.010484116087439535
0.004861471683812411
-0.011442046282867895
-0.014503415529558458
-0.008335761789348972
-0.006603062310188513
-0.013339797623961355
-0.0035946549395297514
-0.04128483976853493
0.016591686028509016
-0.02606204539223813
0.007276423524799633
0.007276423524799633
-0.02071588514093698
-0.009936093328827158
-0.013339797623961355
-0.010082875708035365
-0.010484116087439535
0.0015314542278125323
-0.0035946549395297514
-0.006603062310188513
-0.04128483976853493
0.0015314542278125323
-0.006523710041187028
0.018099017050739158
-0.0109444317732934
-0.011442046282867895
-0.02071588514093698
-0.007794159767448988
-0.02071588514093698
-0.013339797623961355
0.0029045091745095266
-0.03137840319704765
-0.02307966114702824
-0.008366731115307686
-0.006603062310188513
-0.03137840319704765
-0.014818271738978029
0.0029045091745095266
0.008329203526313434
-0.010484116087439535
-0.009410313317776194
-0.010082875708035365
-0.02307966114702824
-0.04128483976853493
-0.0027113059743001373
-0.014503415529558458
-0.010090018043168447
0.016591686028509016
-0.04128483976853493
0.0015314542278125323
-0.008111829892217048
-0.008111829892217048
-0.010484116087439535
-0.011442046282867895
-0.014503415529558458
-0.009702668278654058
-0.009702668278654058
-0.006523710041187028
-0.01592637570937267
-0.01711064078790833
-0.006523710041187028
-0.010082875708035365
-0.02606204539223813
-0.006523710041187028
-0.01592637570937267
-0.0027113059743001373
-0.009410313317776194
-0.01711064078790833
-0.02606204539223813
-0.006603062310188513
-0.0109444317732934
-0.02307966114702824
-0.014503415529558458
0.004861471683812411
-0.008111829892217048
-0.008335761789348972
0.018099017050739158
0.018099017050739158
-0.01592637570937267
-0.01597331013721917
