-0.010815839759763605
-0.010072004224601501
-0.024167722682783468
-0.024167722682783468
-0.013814591913162292
-0.016048424747607527
-0.011695460682281196
0.0015965746790870855
-0.00935713995840851
0.0031123858576872464
-0.02741911146674292
-0.007863955633688604
0.011581152750898641
-0.003325373503747792
-0.01087992867901611
-0.005772111476532319
0.02027690109654915
-0.024727914068778244
-0.005573269192704177
0.009885909586903536
-4.861839238895373e-05
-0.005772111476532319
-0.01096085454882419
-0.013814591913162292
0.011692003873346369
-0.01682599903762509
-0.015572148957944737
-0.005573269192704177
0.0031123858576872464
-0.010765144881041038
-0.023997884302006004
-0.0016672207263768975
-0.004790847056129799
-0.013333405136412261
0.012599549984726847
-0.007243245392146431
-0.04909261734900376
-0.009119040358696328
0.002762415654445455
-0.025634730390469422
-0.000110585212700133
0.011692003873346369
-0.003325373503747792
-0.026796834383647352
-0.000967061746119134
0.00311197598053326
-0.009083383326056812
-0.018112245343143145
-0.0016672207263768975
-0.009145051615617258
0.0015965746790870855
-0.010072004224601501
-0.009083383326056812
-0.008153435090513278
-0.010361024992947061
0.0049066839921113525
-0.015383205274733696
-0.02307947459996082
-0.007837687215016317
0.02027690109654915
-0.016091003308839943
-0.016122286100527475
0.0006405542295117749
-0.016595999673686336
-0.02307947459996082
-0.020542269973147294
-0.0020133309669329896
-0.013217778319187518
-0.010189147699129595
-0.020061721002262323
-0.01778925215177792
-0.019111167521458944
-0.0141279122873945
-0.011695460682281196
-0.0012320879038356582
-0.004533109613472692
0.03079809295417813
-0.010765144881041038
-0.02076129729458139
-0.011802734155698727
-0.0183072747243347
0.00033190136039898014
-0.0016851240985639878
-0.005704214532655409
-0.009968071254363891
-0.019111167521458944
0.005468644207878833
-0.00040881330996758806
-0.015973632278703322
-0.0332707705639457
-0.013333405136412261
-0.009250236711771376
-0.013852723935067493
0.003978144024881564
0.004233892949083458
-0.024727914068778244
-0.01843589033453934
-0.0034726382696064102
-0.018816295565718715
-0.004797188836268332
-0.01381496104454143
-0.005379726512378952
-0.016122286100527475
-0.013985649278300006
0.009885909586903536
-0.015549457288497593
0.0043072999970361
-0.0023927003991987502
-0.013597522984360915
0.00033190136039898014
-0.013297838629497856
-0.01591969016790953
-0.010361024992947061
-0.002617275159448319
-0.005742429863221747
-0.010138768874534847
-0.01778925215177792
-0.0010409462261661312
-0.011472208767639634
-5.590784238517341e-05
-0.012033892374911368
-0.021810510592391495
-0.006866174460895601
-0.013985649278300006
-0.029411308683846234
-0.006223007234111092
-0.0005297029866517883
-5.590784238517341e-05
-0.0011659735260289
-0.000110585212700133
-0.004797188836268332
-0.010670279335666666
-0.005573269192704177
0.00069891493670935
-0.007863955633688604
-0.0019075858397442247
-0.013809337212788054
-0.01682599903762509
-0.0015742531790666435
-0.011369641336254583
-0.010255078585429104
0.011692003873346369
0.005376618627513604
0.00069891493670935
-0.018816295565718715
0.01698044026411536
-0.0141279122873945
-0.021698818731169627
-0.013297838629497856
-0.01810798084797935
0.0018078767507301108
-0.006705725391932075
-0.015549457288497593
-0.0019075858397442247
-0.018112245343143145
-0.00895196815357469
-0.0005297029866517883
-0.015973632278703322
0.006260031211884819
-0.01591969016790953
-0.02741911146674292
-0.014040606873903723
-0.012008647584446596
-0.013852723935067493
-0.000967061746119134
-0.013814591913162292
-0.00810784306494203
-0.015973632278703322
-0.008153435090513278
-0.01769040837993276
-0.007243245392146431
-0.00888683913218734
-0.029516048618323465
-0.008153435090513278
0.006847697380753759
-0.013001172077920335
-0.01087992867901611
-0.021752412852798685
-0.01229697795899244
-0.013088721300605868
-0.029516048618323465
-0.005796164134186377
-0.004797188836268332
0.005662302575084281
-0.010815839759763605
-0.005496050496061577
-5.590784238517341e-05
0.00044377522922951204
-0.01096085454882419
-0.000967061746119134
-0.02225581369849849
0.004233892949083458
-0.008281340833415312
-0.002349253889486758
0.013004851941557052
-0.010072004224601501
-0.01682599903762509
-0.010916362070814043
-0.010815839759763605
-0.0010409462261661312
-0.013852723935067493
-0.009145051615617258
-0.021971183259009368
-0.007863955633688604
-0.0019075858397442247
-0.026559201244799536
-0.010765144881041038
-0.010699096357727495
-0.004797188836268332
-0.02741911146674292
0.003931064852139927
-0.020574832767977703
-0.0332707705639457
-0.029411308683846234
-0.0016851240985639878
-0.004276377972708278
-0.04909261734900376
-0.03295729939409362
-0.04298316354379012
0.0031123858576872464
-0.013604162587226286
-0.01622392524660747
-0.009968071254363891
0.005565768355621891
-5.590784238517341e-05
0.0007911056395356128
-0.000110585212700133
-0.020542269973147294
-0.013985649278300006
0.0031123858576872464
-0.009968071254363891
-0.024167722682783468
-0.009250236711771376
-0.005379726512378952
-0.024727914068778244
-0.018916083368556158
-0.011695460682281196
0.018387295354789984
-0.01096085454882419
-0.012008647584446596
-0.010765144881041038
-0.0019075858397442247
-0.000110585212700133
0.004203942776009409
-0.008200039640788482
-0.0018803713608685445
-0.02741911146674292
-0.02091646719028442
0.0049066839921113525
-0.001943159415406516
-0.024167722682783468
-0.010900944770643302
0.012023752190763657
-0.005772111476532319
-0.002449192742954579
-0.010916362070814043
-0.010361024992947061
-0.03489432228039998
-0.0005297029866517883
-0.002592311090289614
-0.0010409462261661312
-0.018816295565718715
-0.010138768874534847
-0.02032240392576807
-0.03588744554503502
-0.005796164134186377
-0.007243245392146431
-0.016091003308839943
0.0031123858576872464
-0.01096085454882419
-0.007956635159708864
-0.0054385237819958715
-0.0014975046790891902
-0.013333405136412261
-0.01682599903762509
-0.0073106115275610156
-0.008153435090513278
0.013004851941557052
-0.013597522984360915
-0.0054385237819958715
0.00027048710710811673
-0.020061721002262323
-0.00935713995840851
0.008076628930956412
-0.002349253889486758
-0.01087992867901611
-0.0012320879038356582
-0.006866174460895601
-0.023684874223740354
-0.04298316354379012
-0.015970873255750393
0.005565768355621891
-0.020061721002262323
-0.015973632278703322
-0.004054335454000111
-0.014040606873903723
-0.013604162587226286
-0.009119040358696328
0.00027048710710811673
-0.012259882775398547
-0.01769040837993276
-0.010138768874534847
-0.002617275159448319
-0.008200039640788482
0.005468644207878833
-0.0019355303687732296
-0.01381496104454143
-0.013597522984360915
-0.025754243266413516
-0.00810784306494203
-0.004053874118566044
-4.861839238895373e-05
-0.024167722682783468
-0.015549457288497593
-0.0005297029866517883
0.0004724829011340933
-0.01682599903762509
-0.02225581369849849
-0.004053874118566044
-0.0016672207263768975
-0.013985649278300006
-0.006705725391932075
0.006260031211884819
-0.0332707705639457
-0.006705725391932075
0.00027048710710811673
-0.00935713995840851
0.013004851941557052
-0.013088721300605868
-0.005704214532655409
-0.026559201244799536
-0.00810784306494203
-0.012008647584446596
0.004203942776009409
-0.0012320879038356582
-0.0034726382696064102
-0.00028606474550095463
-0.008281340833415312
-0.006866174460895601
-0.015130203996555793
0.006316893520269791
-0.01778925215177792
-0.010072004224601501
-0.013209662202454281
-0.04330462690626007
0.0031123858576872464
-0.002349253889486758
-0.015491257246057976
-0.013217778319187518
-0.0183072747243347
-0.009250236711771376
0.0004724829011340933
-0.014199065657895082
0.005376618627513604
-0.005496050496061577
-0.029411308683846234
-0.011369641336254583
0.012023752190763657
-0.007863955633688604
-0.0034726382696064102
0.008076628930956412
0.005103964821519448
-0.00888683913218734
0.0006405542295117749
0.004402622813181155
-0.005496050496061577
-0.002592311090289614
-0.003937648758021138
-0.027442444136120434
0.006847697380753759
-0.010138768874534847
-0.03295729939409362
-0.01087992867901611
-0.021971183259009368
-0.0015742531790666435
-0.01769040837993276
0.003931064852139927
-0.0073106115275610156
-0.00810784306494203
-0.021698818731169627
-0.01622392524660747
-0.0012800698537960723
-0.00810784306494203
-0.013104301187267216
-0.007243245392146431
-0.002908979876569022
-0.0015742531790666435
0.0018078767507301108
-0.00895196815357469
-0.005379726512378952
0.011692003873346369
-0.003325373503747792
-0.0018803713608685445
-0.002908979876569022
-0.015973632278703322
-0.018701687742473203
-0.0016851240985639878
0.003931064852139927
-0.008153435090513278
-0.013814591913162292
-0.0020554491615096307
-0.010916362070814043
-0.014199065657895082
-0.015973632278703322
-0.015130203996555793
-0.008777038454787032
-0.004054335454000111
-0.02091646719028442
-0.010916362070814043
-0.02091646719028442
-0.020574832767977703
-4.861839238895373e-05
-0.0332707705639457
-0.010765144881041038
-0.025634730390469422
-0.0183072747243347
-0.015970873255750393
0.00044377522922951204
0.011581152750898641
-0.013604162587226286
-0.0022830725407410094
-0.004418942299383235
-0.010670279335666666
-0.02091646719028442
0.004203942776009409
-0.018701687742473203
-0.011695460682281196
0.004233892949083458
-0.0015742531790666435
0.012599549984726847
-0.010670279335666666
0.003547098601599301
-0.019818449178092046
-0.01778925215177792
0.012599549984726847
-0.012008647584446596
-0.023444732566324754
-0.013852723935067493
0.03079809295417813
-0.005796164134186377
0.012023752190763657
-0.003325373503747792
-0.00040881330996758806
-0.015549457288497593
-0.007863955633688604
-0.029516048618323465
-0.004790847056129799
-0.013597522984360915
-0.009250236711771376
0.00033190136039898014
-0.010361024992947061
-0.0023927003991987502
0.006260031211884819
0.002762415654445455
-0.010765144881041038
-0.018361759190100763
0.012599549984726847
-0.020542269973147294
-0.013088721300605868
-0.006223007234111092
0.022042360262730636
-0.019818449178092046
-0.021752412852798685
-0.013604162587226286
-0.021971183259009368
-0.025634730390469422
0.009885909586903536
-0.0012320879038356582
0.012023752190763657
-0.01591969016790953
-0.024727914068778244
-0.005834793044823512
-0.004054335454000111
-0.0010409462261661312
-0.013809337212788054
0.0004724829011340933
0.0015965746790870855
-0.0048536896525358895
-0.006348923881160872
-0.023523868235955824
0.002762415654445455
-0.01810798084797935
-0.02307947459996082
-0.009344084382914997
-0.004053874118566044
-0.023444732566324754
0.00033190136039898014
-0.011472208767639634
-0.011252180329003499
-0.00888683913218734
-0.005573269192704177
-0.0183072747243347
-0.002908979876569022
0.01698044026411536
-0.004790847056129799
-0.026559201244799536
0.006260031211884819
-0.002908979876569022
-0.018701687742473203
0.006847697380753759
-0.004276377972708278
-0.02225581369849849
0.004402622813181155
-0.011802734155698727
-0.010815839759763605
-0.010138768874534847
0.006847697380753759
-0.006705725391932075
-0.01087992867901611
-0.01810798084797935
-0.009968071254363891
-0.029411308683846234
-0.01434615335610236
-0.011525400136306593
-0.009344084382914997
-0.013088721300605868
0.00033190136039898014
-0.01682599903762509
-0.02091646719028442
-0.018816295565718715
-0.010255078585429104
-0.012008647584446596
-0.024727914068778244
-0.020542269973147294
-0.013809337212788054
-0.011369641336254583
-0.007956635159708864
-0.02091646719028442
-0.023523868235955824
-0.019111167521458944
-0.011369641336254583
-0.005496050496061577
-0.009145051615617258
0.013926428271153344
-0.005834793044823512
-0.016091003308839943
-0.01769040837993276
-0.016091003308839943
-0.013088721300605868
-0.0014975046790891902
-0.0040826972872825456
-0.020061721002262323
-0.0059260950459486955
0.0043072999970361
-0.020061721002262323
-0.04298316354379012
-0.005772111476532319
0.022042360262730636
-0.010670279335666666
-0.008777038454787032
-0.006223007234111092
-0.0332707705639457
-0.012259882775398547
-0.005496050496061577
-0.019818449178092046
-0.013814591913162292
-0.0020554491615096307
-0.023997884302006004
-0.012033892374911368
-0.015383205274733696
0.005103964821519448
-0.010670279335666666
-0.002592311090289614
-0.010670279335666666
-0.008281340833415312
-0.01381496104454143
-0.005573269192704177
-0.021971183259009368
-0.009083383326056812
-0.011472208767639634
-0.00935713995840851
-0.004533109613472692
-0.024727914068778244
-0.013001172077920335
-0.016091003308839943
-0.0012320879038356582
0.012599549984726847
0.01273759341013224
0.002762415654445455
-0.01096085454882419
-0.005496050496061577
-0.021131376916413
-0.013104301187267216
-0.002349253889486758
0.003547098601599301
-0.04909261734900376
0.00069891493670935
-0.0057429647458320104
-0.010699096357727495
-0.010361024992947061
-0.020574832767977703
0.005103964821519448
-0.010138768874534847
-0.011369641336254583
0.005565768355621891
-0.004418942299383235
-0.008777038454787032
0.012023752190763657
-0.010815232833656725
-0.027109582829846535
-0.01434615335610236
-0.005496050496061577
-0.013297838629497856
-0.004797188836268332
-0.014199065657895082
-0.010255078585429104
-0.01525342695117674
-0.00935713995840851
-0.001943159415406516
0.002762415654445455
-0.004797188836268332
-0.011369641336254583
-0.002449192742954579
-0.008153435090513278
-0.018361759190100763
-0.009119040358696328
-0.008777038454787032
-0.010815839759763605
-0.011566000830426642
-0.024167722682783468
-0.007863955633688604
-0.0015742531790666435
-0.03489432228039998
-0.01229697795899244
-0.013217778319187518
-0.002617275159448319
-0.000967061746119134
-0.029516048618323465
-0.019818449178092046
-0.002349253889486758
-0.010189147699129595
0.005103964821519448
-0.0019355303687732296
0.012599549984726847
0.0007911056395356128
0.009885909586903536
-0.009968071254363891
-0.006223007234111092
-0.004533109613472692
-0.018916083368556158
-0.015383205274733696
-0.002449192742954579
0.003931064852139927
-0.015973632278703322
-0.01622392524660747
-0.013217778319187518
-0.010255078585429104
-0.005796164134186377
0.005103964821519448
0.0006840827171713295
-5.590784238517341e-05
-0.0022830725407410094
0.004233892949083458
0.0049066839921113525
-0.010900944770643302
-0.01096085454882419
-0.009119040358696328
0.005468644207878833
-0.002592311090289614
-0.020061721002262323
-0.0095638297366032
-0.011566000830426642
0.008076628930956412
-0.010815232833656725
-0.02076129729458139
0.012023752190763657
-4.861839238895373e-05
-0.011802734155698727
-0.015130203996555793
-0.000110585212700133
-0.005796164134186377
-0.012008647584446596
-0.04909261734900376
-0.002617275159448319
0.0004724829011340933
-0.01591969016790953
-0.013814591913162292
-0.009083383326056812
-0.005704214532655409
-0.01749536501352435
0.00044377522922951204
-0.007837687215016317
-0.010699096357727495
-0.016122286100527475
-0.00810784306494203
-0.025634730390469422
-0.0012320879038356582
0.005376618627513604
-0.008777038454787032
-0.005496050496061577
-0.010361024992947061
-0.002449192742954579
-0.00895196815357469
-0.027109582829846535
-0.02076129729458139
-0.01749536501352435
-0.011695460682281196
-0.013985649278300006
-0.026796834383647352
-0.007863955633688604
-0.026559201244799536
0.006847697380753759
-0.015491257246057976
-0.0020133309669329896
-0.002349253889486758
0.005565768355621891
-0.0054385237819958715
0.01273759341013224
-0.0005297029866517883
-0.016122286100527475
-0.013852723935067493
0.01273759341013224
-0.04909261734900376
-0.004790847056129799
-0.011472208767639634
-0.00040881330996758806
-0.013809337212788054
-0.007243245392146431
0.0004724829011340933
0.0043072999970361
0.007930132686554459
-0.006245560249283494
-0.01810798084797935
0.0015965746790870855
-0.008777038454787032
-0.013597522984360915
0.0006840827171713295
-0.012259882775398547
-0.018816295565718715
-0.010765144881041038
0.003547098601599301
-0.0011659735260289
-0.013104301187267216
0.002762415654445455
-0.02307947459996082
-0.021971183259009368
-0.006705725391932075
0.007930132686554459
-0.024167722682783468
-0.005704214532655409
-0.006283518903692821
0.0007911056395356128
-0.010361024992947061
-0.002617275159448319
-0.012033892374911368
-0.0022830725407410094
-0.00810784306494203
-0.02091646719028442
-0.01434615335610236
0.0049066839921113525
-0.012008647584446596
-0.016048424747607527
-0.0095638297366032
-0.015973632278703322
-0.008153435090513278
-0.009250236711771376
-0.02741911146674292
0.012599549984726847
0.0006405542295117749
-0.0034726382696064102
-0.010699096357727495
-0.0012320879038356582
-0.0073106115275610156
-0.010765144881041038
-0.008281340833415312
0.022042360262730636
-0.007837687215016317
-0.005834793044823512
-0.01525342695117674
-0.009145051615617258
-0.0014975046790891902
-0.0012320879038356582
-0.023997884302006004
0.009885909586903536
-0.04909261734900376
-0.005379726512378952
-0.005496050496061577
-0.01525342695117674
-0.009145051615617258
-0.000110585212700133
-0.004053874118566044
-0.003325373503747792
-0.024167722682783468
-0.029516048618323465
-0.020061721002262323
-0.006223007234111092
-0.01622392524660747
-0.003325373503747792
-0.0141279122873945
-0.007243245392146431
-0.026690864096378247
-0.004797188836268332
-0.0015742531790666435
-0.00028606474550095463
-0.0095638297366032
-0.03588744554503502
-0.010255078585429104
-0.015130203996555793
0.002762415654445455
-0.029411308683846234
-0.005742429863221747
-0.010900944770643302
-0.04330462690626007
-0.013985649278300006
-0.027442444136120434
-0.006348923881160872
-0.009968071254363891
0.0007911056395356128
-0.005704214532655409
-0.02307947459996082
-0.013001172077920335
-0.0018803713608685445
-0.0012320879038356582
-0.04414561557673463
-0.0011659735260289
-0.0019075858397442247
-0.0095638297366032
-0.0019075858397442247
-0.0016851240985639878
-0.01434615335610236
-0.002617275159448319
-0.0095638297366032
-0.013809337212788054
-0.013209662202454281
-0.0016851240985639878
-0.0057429647458320104
0.004402622813181155
-0.016091003308839943
-0.021971183259009368
-0.004053874118566044
-0.01778925215177792
-0.009145051615617258
-0.005772111476532319
-0.006245560249283494
-0.019111167521458944
-0.008200039640788482
-0.015549457288497593
0.012023752190763657
-0.015970873255750393
-0.006348923881160872
-0.008777038454787032
0.022042360262730636
-0.005496050496061577
-0.018112245343143145
0.0006405542295117749
-0.007956635159708864
0.008076628930956412
-0.000110585212700133
-0.018361759190100763
-0.006549565325443617
-0.02091646719028442
0.004233892949083458
-0.013852723935067493
-0.013088721300605868
-0.013852723935067493
-0.008777038454787032
-0.0018803713608685445
0.00069891493670935
-0.016048424747607527
0.006847697380753759
0.018387295354789984
-0.006348923881160872
-0.015572148957944737
-0.004053874118566044
-0.01591969016790953
0.009885909586903536
-0.0332707705639457
-0.015491257246057976
-0.009968071254363891
0.005565768355621891
-0.013088721300605868
-0.016048424747607527
0.003931064852139927
-0.0073106115275610156
-0.02307947459996082
-0.004533109613472692
-0.015549457288497593
0.0004724829011340933
-0.008153435090513278
-0.00040881330996758806
0.008076628930956412
-0.0095638297366032
-0.000967061746119134
-0.0095638297366032
-0.006245560249283494
-0.0020133309669329896
-0.026559201244799536
-0.006549565325443617
-0.013104301187267216
-0.003937648758021138
0.005376618627513604
-0.018701687742473203
-0.013814591913162292
0.006260031211884819
-0.025754243266413516
-0.0059260950459486955
0.007930132686554459
0.004203942776009409
-0.010072004224601501
-0.023444732566324754
-0.016048424747607527
0.013004851941557052
0.009885909586903536
-0.013852723935067493
-0.015130203996555793
-0.0018803713608685445
-0.007956635159708864
-0.0015742531790666435
-0.026796834383647352
0.007930132686554459
-0.013001172077920335
0.006260031211884819
0.011692003873346369
-0.013001172077920335
0.008076628930956412
-0.0011659735260289
-0.013597522984360915
-0.010670279335666666
-0.0095638297366032
-0.013209662202454281
-0.006549565325443617
-0.0095638297366032
0.012023752190763657
-0.01778925215177792
-0.011525400136306593
0.005376618627513604
-0.013217778319187518
0.013926428271153344
-0.006245560249283494
-0.023523868235955824
-0.023523868235955824
-0.004276377972708278
-0.002449192742954579
0.01273759341013224
-0.00888683913218734
0.018387295354789984
-0.026796834383647352
-0.004797188836268332
-0.0048536896525358895
-0.019111167521458944
-0.01591969016790953
-0.006866174460895601
-0.027109582829846535
-0.004418942299383235
-0.002349253889486758
-0.017388379172775584
-0.015383205274733696
-0.004797188836268332
-0.007956635159708864
-0.005772111476532319
-0.011369641336254583
0.0031123858576872464
-0.005834793044823512
-0.024727914068778244
-0.009119040358696328
-0.0016672207263768975
-0.04330462690626007
-0.011472208767639634
0.006847697380753759
-0.009119040358696328
-0.004418942299383235
0.005376618627513604
-0.009344084382914997
-0.010699096357727495
0.00044377522922951204
-0.023444732566324754
-0.0073106115275610156
-0.009968071254363891
-0.027109582829846535
-0.007956635159708864
-0.021131376916413
0.006260031211884819
-0.005796164134186377
-0.02095848370155669
0.007930132686554459
-0.03295729939409362
0.011692003873346369
0.007930132686554459
-0.001943159415406516
-0.009083383326056812
-0.018701687742473203
0.008076628930956412
0.003931064852139927
0.00033190136039898014
-0.005796164134186377
-0.0018803713608685445
0.00311197598053326
-0.0020554491615096307
-5.590784238517341e-05
0.00311197598053326
-0.007956635159708864
-0.010765144881041038
-0.02032240392576807
-0.00028606474550095463
-0.008777038454787032
-0.0057429647458320104
-0.0022830725407410094
-0.023444732566324754
-0.01622392524660747
0.006260031211884819
