-0.01583640507273496
-0.03670638753935936
-0.03557603850186152
-0.013636701745363548
-0.05000792517730043
0.0295162054343472
-0.024180683583731894
-0.010379277279804904
-0.0034211866616496063
-0.02861218687674303
-0.014257555300025048
-0.02436092558985157
-0.033889230566391156
-0.02436092558985157
0.00344596822237027
-0.021302541249241143
0.0019667823286948403
-0.019364592734715566
-0.033889230566391156
-0.010059789486370528
-0.056790439387708655
-0.02861218687674303
-0.010996513734450635
-0.033889230566391156
-0.017303762147405862
-0.03670638753935936
-0.018183174836621782
-0.02275312777625145
-0.038230232570382154
-0.03286865105370115
-0.027751160200963996
-0.02275312777625145
-0.007331677411180257
-0.01498737449725313
-0.017749750871157457
-0.010996513734450635
-0.0029849787593756593
-0.014569839591946906
0.0939439222235604
-0.031793055377925004
-0.01702710219561225
-0.01499581919457102
0.0016192121041863465
-0.0020766514700093597
-0.04019347160238138
-0.013636701745363548
-0.03206856228501262
-0.019555879735876386
-0.018183174836621782
-0.02275312777625145
-0.01499581919457102
-0.056790439387708655
-0.011712535790086577
0.0295162054343472
-0.0034211866616496063
0.006174116261221627
0.03058655218813677
-0.019555879735876386
0.006174116261221627
-0.03277301174546175
-0.019555879735876386
-0.0029849787593756593
-0.013636701745363548
-0.014569839591946906
-0.02861218687674303
-0.03386906588482606
-0.013636701745363548
0.0004733020153924255
-0.017303762147405862
-0.023185912373872526
-0.05000792517730043
-0.014569839591946906
-0.01245054606437888
-0.010898259584018148
-0.041845619396600926
0.03058655218813677
-0.021302541249241143
0.011467316537655833
-0.0020766514700093597
-0.01499581919457102
-0.018183174836621782
-0.027751160200963996
-0.027751160200963996
-0.010059789486370528
-0.03670638753935936
-0.010898259584018148
0.00344596822237027
-0.010996513734450635
-0.01498737449725313
0.0375520054735076
-0.02914549364486997
0.0016192121041863465
-0.024277490911808246
-0.03206856228501262
0.0026080918158598006
0.0026080918158598006
0.0004733020153924255
-0.0029849787593756593
-0.012370049716864019
-0.03206856228501262
-0.03206856228501262
0.0026080918158598006
-0.017749750871157457
-0.01995200047109796
-0.019364592734715566
-0.056790439387708655
-0.01995200047109796
0.0016425509913435955
-0.02914549364486997
-0.024180683583731894
-0.027751160200963996
-0.01702710219561225
-0.010898259584018148
-0.016383606263107694
-0.03286865105370115
0.0375520054735076
-0.011712535790086577
-0.024363999584587456
0.0019667823286948403
-0.021302541249241143
-0.0074275941947327786
0.0939439222235604
-0.027751160200963996
-0.01499581919457102
-0.027751160200963996
-0.011700687948344175
-0.02328478226889733
-0.041845619396600926
0.0026080918158598006
-0.03277301174546175
-0.02861218687674303
-0.017303762147405862
-0.024180683583731894
-0.01968468049162104
-0.013636701745363548
-0.02914549364486997
-0.03206856228501262
-0.010996513734450635
-0.022355992397763584
-0.017749750871157457
-0.03557603850186152
-0.03670638753935936
-0.03277301174546175
-0.03277301174546175
-0.013636701745363548
-0.0074275941947327786
-0.027751160200963996
-0.0034211866616496063
-0.0074275941947327786
0.0939439222235604
0.0019667823286948403
-0.027751160200963996
-0.024180683583731894
-0.014569839591946906
-0.03670638753935936
-0.013636701745363548
-0.027751160200963996
-0.014257555300025048
-0.027751160200963996
-0.02861218687674303
0.006174116261221627
-0.01245054606437888
-0.0029849787593756593
-0.04019347160238138
-0.017900623517546337
-0.031793055377925004
0.01406147081492234
-0.03320381727639076
-0.014257555300025048
0.0016192121041863465
-0.027751160200963996
-0.03277301174546175
-0.0074275941947327786
-0.022355992397763584
-0.024180683583731894
0.01406147081492234
-0.03045491559364887
0.0004733020153924255
-0.027751160200963996
-0.011700687948344175
-0.027751160200963996
-0.007331677411180257
-0.04019347160238138
-0.02861218687674303
-0.04019347160238138
-0.02861218687674303
-0.010059789486370528
-0.010059789486370528
-0.04462463088410172
-0.019555879735876386
-0.023185912373872526
-0.015157559221255557
-0.017303762147405862
0.0939439222235604
-0.013822195028632854
-0.018183174836621782
-0.03320381727639076
-0.013822195028632854
-0.022355992397763584
-0.03277301174546175
-0.01583640507273496
-0.02328478226889733
-0.024277490911808246
-0.016383606263107694
0.0375520054735076
-0.0034211866616496063
-0.03320381727639076
-0.04019347160238138
0.024113369271673218
0.0019667823286948403
-0.018183174836621782
-0.022355992397763584
-0.022355992397763584
0.01406147081492234
-0.010996513734450635
-0.038230232570382154
0.0019667823286948403
-0.03045491559364887
-0.01702710219561225
-0.017900623517546337
-0.011712535790086577
-0.010996513734450635
-0.0074275941947327786
-0.04462463088410172
-0.04462463088410172
-0.022355992397763584
-0.013636701745363548
-0.056790439387708655
0.01406147081492234
0.0004733020153924255
-0.01995200047109796
-0.01995200047109796
0.0019667823286948403
0.03058655218813677
-0.016800888237927913
-0.03286865105370115
-0.021302541249241143
-0.011712535790086577
0.0026080918158598006
-0.03320381727639076
-0.041845619396600926
-0.018183174836621782
0.0295162054343472
-0.007331677411180257
-0.019555879735876386
0.0026080918158598006
0.0375520054735076
-0.007331677411180257
-0.015157559221255557
-0.024363999584587456
-0.04462463088410172
0.03058655218813677
-0.038230232570382154
0.00344596822237027
-0.024277490911808246
0.0939439222235604
-0.021302541249241143
-0.024180683583731894
-0.013636701745363548
-0.02275312777625145
-0.016800888237927913
0.006174116261221627
-0.03670638753935936
-0.03277301174546175
-0.014257555300025048
-0.03320381727639076
-0.021302541249241143
-0.019555879735876386
0.0375520054735076
-0.010898259584018148
-0.022355992397763584
-0.021302541249241143
-0.024277490911808246
-0.021302541249241143
-0.024180683583731894
-0.014257555300025048
-0.013636701745363548
-0.0034211866616496063
-0.010996513734450635
-0.056790439387708655
-0.010379277279804904
-0.041845619396600926
-0.015157559221255557
-0.014569839591946906
-0.038230232570382154
-0.03277301174546175
-0.0029849787593756593
0.0016192121041863465
-0.02436092558985157
-0.013636701745363548
0.01406147081492234
-0.007331677411180257
-0.03045491559364887
-0.02861218687674303
-0.023185912373872526
-0.0029849787593756593
-0.03670638753935936
-0.01583640507273496
-0.015157559221255557
-0.019555879735876386
-0.05000792517730043
-0.014569839591946906
-0.03286865105370115
-0.010379277279804904
0.024113369271673218
0.0939439222235604
0.0019667823286948403
-0.056790439387708655
-0.012370049716864019
-0.014569839591946906
-0.017749750871157457
0.00344596822237027
-0.05000792517730043
-0.01995200047109796
0.0019667823286948403
-0.019364592734715566
0.024113369271673218
0.00344596822237027
-0.01583640507273496
-0.016383606263107694
-0.012370049716864019
-0.012370049716864019
-0.02275312777625145
-0.01499581919457102
0.0026080918158598006
-0.04462463088410172
-0.017749750871157457
0.0013396188563278841
-0.013636701745363548
-0.03277301174546175
0.006174116261221627
-0.0034211866616496063
-0.013636701745363548
-0.038230232570382154
-0.024180683583731894
-0.010059789486370528
-0.03277301174546175
-0.038230232570382154
-0.02436092558985157
0.0375520054735076
-0.03386906588482606
0.0295162054343472
-0.013636701745363548
-0.013636701745363548
-0.010379277279804904
-0.03045491559364887
0.0016425509913435955
-0.02861218687674303
-0.03320381727639076
-0.01702710219561225
-0.04019347160238138
-0.02914549364486997
-0.016800888237927913
-0.01499581919457102
-0.02275312777625145
-0.03386906588482606
-0.01995200047109796
-0.010898259584018148
-0.01583640507273496
-0.03320381727639076
-0.04019347160238138
-0.012370049716864019
-0.024277490911808246
-0.015157559221255557
0.01406147081492234
-0.03045491559364887
-0.016800888237927913
0.0004733020153924255
-0.03286865105370115
-0.012370049716864019
-0.010996513734450635
-0.031793055377925004
-0.016383606263107694
-0.019364592734715566
-0.022355992397763584
-0.017900623517546337
-0.013636701745363548
-0.031793055377925004
0.006174116261221627
-0.024363999584587456
-0.02914549364486997
-0.013636701745363548
-0.021302541249241143
-0.017749750871157457
-0.01499581919457102
-0.02861218687674303
-0.017303762147405862
-0.01583640507273496
-0.02436092558985157
-0.016800888237927913
-0.011712535790086577
-0.024180683583731894
-0.04462463088410172
0.0026080918158598006
-0.024363999584587456
0.0295162054343472
-0.014569839591946906
-0.019555879735876386
-0.038230232570382154
-0.056790439387708655
-0.03277301174546175
-0.018183174836621782
-0.014569839591946906
-0.017749750871157457
-0.02275312777625145
-0.03670638753935936
-0.022355992397763584
-0.024277490911808246
-0.01499581919457102
-0.02436092558985157
-0.017900623517546337
-0.010996513734450635
0.006174116261221627
0.0016425509913435955
-0.015157559221255557
-0.03386906588482606
-0.02861218687674303
-0.03557603850186152
-0.01968468049162104
-0.017303762147405862
-0.022355992397763584
-0.04462463088410172
-0.0074275941947327786
-0.038230232570382154
-0.02328478226889733
-0.038230232570382154
0.00344596822237027
-0.03206856228501262
0.01406147081492234
0.0004733020153924255
0.0939439222235604
-0.023185912373872526
-0.010059789486370528
0.00344596822237027
-0.0020766514700093597
0.0004733020153924255
-0.010996513734450635
-0.04019347160238138
-0.04019347160238138
-0.010996513734450635
-0.011700687948344175
0.024113369271673218
-0.038230232570382154
0.011467316537655833
-0.01499581919457102
-0.02328478226889733
0.011467316537655833
-0.0034211866616496063
0.0016192121041863465
-0.01968468049162104
-0.03320381727639076
-0.011712535790086577
-0.03206856228501262
0.0016425509913435955
-0.02914549364486997
-0.010996513734450635
0.01406147081492234
0.0004733020153924255
0.0013396188563278841
0.0375520054735076
-0.0020766514700093597
-0.010059789486370528
-0.02914549364486997
-0.038230232570382154
-0.01499581919457102
-0.022355992397763584
-0.010996513734450635
-0.013636701745363548
-0.017749750871157457
0.00344596822237027
-0.01995200047109796
-0.02436092558985157
-0.01245054606437888
-0.03045491559364887
-0.03206856228501262
-0.03277301174546175
-0.010379277279804904
-0.021302541249241143
-0.02328478226889733
-0.033889230566391156
-0.018183174836621782
-0.019364592734715566
-0.03206856228501262
-0.010379277279804904
-0.024363999584587456
-0.02861218687674303
-0.0029849787593756593
-0.021302541249241143
0.0939439222235604
0.006174116261221627
-0.011700687948344175
0.0013396188563278841
-0.010379277279804904
-0.031793055377925004
-0.013636701745363548
-0.016383606263107694
0.01406147081492234
0.0295162054343472
-0.03206856228501262
-0.0074275941947327786
0.024113369271673218
-0.031793055377925004
-0.024277490911808246
0.011467316537655833
-0.0029849787593756593
-0.02275312777625145
-0.0029849787593756593
0.0013396188563278841
0.00344596822237027
-0.02436092558985157
0.0004733020153924255
-0.03670638753935936
-0.0020766514700093597
-0.022355992397763584
-0.03557603850186152
-0.015157559221255557
-0.007331677411180257
-0.013636701745363548
-0.03277301174546175
-0.031793055377925004
-0.056790439387708655
-0.03320381727639076
-0.010898259584018148
-0.03206856228501262
-0.021302541249241143
0.0939439222235604
-0.02436092558985157
-0.015157559221255557
-0.023185912373872526
-0.014257555300025048
-0.013822195028632854
-0.014257555300025048
0.00344596822237027
-0.015157559221255557
0.0013396188563278841
-0.010379277279804904
-0.015157559221255557
-0.02436092558985157
0.01406147081492234
0.011467316537655833
0.024113369271673218
-0.01968468049162104
-0.023185912373872526
-0.014569839591946906
-0.02914549364486997
-0.021302541249241143
-0.022355992397763584
-0.0034211866616496063
-0.018183174836621782
-0.03670638753935936
-0.0074275941947327786
-0.01995200047109796
-0.010898259584018148
-0.056790439387708655
-0.010898259584018148
0.006174116261221627
-0.017900623517546337
-0.012370049716864019
-0.011712535790086577
-0.024180683583731894
-0.017900623517546337
-0.03277301174546175
-0.01995200047109796
-0.013822195028632854
-0.017900623517546337
-0.01583640507273496
-0.010996513734450635
-0.02328478226889733
0.0004733020153924255
-0.02861218687674303
-0.02328478226889733
-0.014569839591946906
0.024113369271673218
0.0016425509913435955
0.00344596822237027
-0.056790439387708655
-0.03277301174546175
-0.01968468049162104
-0.019555879735876386
0.0013396188563278841
-0.024277490911808246
-0.038230232570382154
-0.01702710219561225
-0.056790439387708655
-0.022355992397763584
-0.013636701745363548
-0.024363999584587456
-0.011700687948344175
-0.018183174836621782
0.011467316537655833
-0.0074275941947327786
-0.02914549364486997
-0.011700687948344175
-0.05000792517730043
-0.02436092558985157
-0.016383606263107694
-0.033889230566391156
-0.01968468049162104
-0.01583640507273496
-0.033889230566391156
-0.014569839591946906
-0.013822195028632854
0.01406147081492234
-0.0029849787593756593
-0.019555879735876386
-0.013636701745363548
0.01406147081492234
-0.03557603850186152
-0.024363999584587456
-0.024277490911808246
-0.021302541249241143
-0.05000792517730043
-0.03386906588482606
0.0026080918158598006
0.0004733020153924255
0.00344596822237027
-0.02328478226889733
-0.01995200047109796
-0.018183174836621782
0.0004733020153924255
-0.016800888237927913
-0.015157559221255557
0.024113369271673218
-0.016383606263107694
-0.017749750871157457
-0.017303762147405862
-0.038230232570382154
-0.04019347160238138
-0.019364592734715566
-0.027751160200963996
-0.03320381727639076
-0.0034211866616496063
-0.010379277279804904
-0.01498737449725313
-0.012370049716864019
-0.01499581919457102
-0.0020766514700093597
-0.033889230566391156
0.0939439222235604
0.03058655218813677
-0.02861218687674303
0.0019667823286948403
-0.03206856228501262
-0.018183174836621782
-0.024180683583731894
0.0016192121041863465
-0.033889230566391156
0.03058655218813677
0.0295162054343472
-0.027751160200963996
-0.007331677411180257
-0.01995200047109796
-0.010996513734450635
-0.03386906588482606
-0.03045491559364887
-0.03206856228501262
-0.014257555300025048
-0.01583640507273496
-0.0029849787593756593
-0.022355992397763584
-0.056790439387708655
-0.018183174836621782
-0.03557603850186152
-0.016800888237927913
-0.010996513734450635
-0.023185912373872526
-0.03206856228501262
-0.03386906588482606
0.03058655218813677
-0.018183174836621782
-0.01499581919457102
-0.033889230566391156
-0.013636701745363548
-0.019364592734715566
-0.027751160200963996
-0.010898259584018148
-0.023185912373872526
-0.04019347160238138
-0.01968468049162104
-0.0074275941947327786
-0.024277490911808246
0.0295162054343472
0.0016425509913435955
0.011467316537655833
-0.01702710219561225
-0.0074275941947327786
-0.03206856228501262
-0.017303762147405862
-0.024363999584587456
-0.01995200047109796
-0.02436092558985157
0.011467316537655833
0.0016425509913435955
0.0375520054735076
-0.017900623517546337
-0.01245054606437888
-0.013636701745363548
-0.014569839591946906
-0.01995200047109796
-0.019555879735876386
-0.027751160200963996
-0.02436092558985157
-0.01245054606437888
0.0013396188563278841
-0.015157559221255557
0.0004733020153924255
0.0004733020153924255
-0.012370049716864019
-0.011700687948344175
-0.023185912373872526
0.024113369271673218
-0.01583640507273496
0.0016425509913435955
-0.01499581919457102
-0.0034211866616496063
-0.024277490911808246
-0.03670638753935936
-0.03557603850186152
0.0013396188563278841
-0.023185912373872526
-0.01968468049162104
-0.017749750871157457
-0.017303762147405862
-0.010379277279804904
-0.031793055377925004
-0.01583640507273496
-0.02328478226889733
-0.03670638753935936
-0.03286865105370115
-0.03386906588482606
-0.01499581919457102
0.024113369271673218
0.0004733020153924255
0.011467316537655833
-0.02436092558985157
-0.023185912373872526
0.024113369271673218
-0.007331677411180257
-0.027751160200963996
-0.027751160200963996
-0.012370049716864019
-0.01995200047109796
0.0295162054343472
0.00344596822237027
0.0295162054343472
-0.027751160200963996
-0.007331677411180257
0.0295162054343472
-0.03386906588482606
-0.024277490911808246
-0.02914549364486997
-0.01968468049162104
-0.03277301174546175
0.03058655218813677
-0.024180683583731894
-0.02861218687674303
-0.01245054606437888
-0.03320381727639076
-0.01702710219561225
0.0026080918158598006
-0.056790439387708655
-0.024180683583731894
-0.01499581919457102
-0.02861218687674303
-0.010996513734450635
0.0016425509913435955
-0.027751160200963996
-0.018183174836621782
0.006174116261221627
-0.02914549364486997
0.0016192121041863465
-0.023185912373872526
0.0026080918158598006
-0.03557603850186152
-0.01245054606437888
0.0375520054735076
-0.056790439387708655
-0.013822195028632854
-0.014569839591946906
-0.03670638753935936
-0.018183174836621782
-0.024363999584587456
-0.0029849787593756593
-0.01498737449725313
-0.014257555300025048
-0.03277301174546175
-0.017303762147405862
-0.011700687948344175
0.0019667823286948403
-0.0020766514700093597
-0.02328478226889733
-0.03277301174546175
-0.0029849787593756593
-0.04462463088410172
-0.010898259584018148
0.011467316537655833
-0.015157559221255557
-0.02275312777625145
0.0013396188563278841
-0.010996513734450635
-0.010379277279804904
-0.04019347160238138
-0.03286865105370115
0.011467316537655833
-0.022355992397763584
0.0939439222235604
0.0295162054343472
-0.03386906588482606
-0.05000792517730043
-0.03045491559364887
-0.01583640507273496
0.011467316537655833
-0.01498737449725313
-0.03286865105370115
-0.018183174836621782
-0.013822195028632854
-0.007331677411180257
-0.024363999584587456
0.0939439222235604
-0.033889230566391156
-0.012370049716864019
-0.04462463088410172
-0.016383606263107694
-0.041845619396600926
0.00344596822237027
-0.019364592734715566
0.01406147081492234
-0.02436092558985157
-0.019364592734715566
-0.016800888237927913
-0.019364592734715566
-0.012370049716864019
0.01406147081492234
-0.03320381727639076
0.0295162054343472
-0.01702710219561225
-0.02914549364486997
-0.014569839591946906
-0.010996513734450635
-0.024180683583731894
0.024113369271673218
-0.010379277279804904
0.01406147081492234
-0.017749750871157457
-0.031793055377925004
-0.010898259584018148
-0.024363999584587456
-0.01968468049162104
-0.0020766514700093597
0.01406147081492234
0.011467316537655833
-0.033889230566391156
0.0295162054343472
0.0295162054343472
-0.019364592734715566
0.0026080918158598006
-0.013822195028632854
-0.018183174836621782
0.0019667823286948403
0.0375520054735076
-0.010379277279804904
0.03058655218813677
0.03058655218813677
-0.017303762147405862
-0.03557603850186152
-0.017303762147405862
-0.023185912373872526
0.03058655218813677
0.006174116261221627
-0.03286865105370115
-0.022355992397763584
-0.012370049716864019
0.0004733020153924255
-0.024363999584587456
-0.05000792517730043
-0.041845619396600926
-0.0034211866616496063
-0.013822195028632854
-0.013636701745363548
-0.02861218687674303
-0.0034211866616496063
-0.010898259584018148
-0.041845619396600926
-0.027751160200963996
-0.0074275941947327786
0.011467316537655833
-0.0034211866616496063
-0.011712535790086577
0.0013396188563278841
0.0013396188563278841
-0.01245054606437888
0.011467316537655833
-0.038230232570382154
-0.011712535790086577
-0.017303762147405862
-0.007331677411180257
-0.015157559221255557
0.0004733020153924255
-0.018183174836621782
0.0375520054735076
0.0019667823286948403
0.0939439222235604
-0.02328478226889733
-0.03386906588482606
0.0016425509913435955
-0.021302541249241143
-0.03557603850186152
0.0016192121041863465
-0.03206856228501262
-0.024277490911808246
-0.033889230566391156
-0.013636701745363548
-0.027751160200963996
-0.02275312777625145
-0.010996513734450635
-0.03045491559364887
-0.024363999584587456
-0.010996513734450635
-0.011700687948344175
-0.01498737449725313
-0.011700687948344175
-0.02328478226889733
-0.024180683583731894
-0.014569839591946906
-0.010059789486370528
0.006174116261221627
-0.03670638753935936
0.006174116261221627
-0.014569839591946906
-0.02861218687674303
-0.02328478226889733
-0.03386906588482606
-0.010059789486370528
0.0004733020153924255
-0.014257555300025048
0.0939439222235604
0.0016425509913435955
-0.041845619396600926
0.006174116261221627
-0.010379277279804904
-0.0029849787593756593
0.0295162054343472
-0.013636701745363548
0.01406147081492234
0.0016425509913435955
-0.024180683583731894
0.0375520054735076
-0.041845619396600926
0.0375520054735076
-0.038230232570382154
-0.010898259584018148
-0.03320381727639076
-0.024180683583731894
-0.031793055377925004
-0.014569839591946906
-0.03670638753935936
-0.027751160200963996
-0.02914549364486997
-0.01498737449725313
-0.03206856228501262
-0.021302541249241143
-0.03206856228501262
-0.02275312777625145
-0.024180683583731894
-0.05000792517730043
-0.04462463088410172
-0.04462463088410172
-0.010379277279804904
-0.05000792517730043
-0.021302541249241143
-0.013636701745363548
-0.007331677411180257
-0.0029849787593756593
0.0375520054735076
-0.01245054606437888
-0.021302541249241143
0.0026080918158598006
-0.04019347160238138
-0.022355992397763584
-0.021302541249241143
-0.031793055377925004
-0.018183174836621782
-0.03286865105370115
-0.016800888237927913
-0.027751160200963996
-0.019364592734715566
-0.019555879735876386
-0.01498737449725313
-0.03277301174546175
-0.03286865105370115
-0.056790439387708655
-0.024277490911808246
-0.041845619396600926
-0.04462463088410172
-0.023185912373872526
0.0016192121041863465
-0.023185912373872526
-0.017900623517546337
-0.02914549364486997
-0.0020766514700093597
