-0.007773493083815794
-0.0013597852098823121
-0.025229169858052097
-0.015297016971560275
-0.004141889367980377
-0.0008259622115952224
-0.007711076596578327
-0.011787068433245474
-0.013949059224075662
0.006698121296087769
-0.0027779668145010835
-0.011802876258268568
-0.005859000071102285
-0.009998369508017094
-0.007801158123124768
-0.024361221331852697
-0.007003507376659033
-0.007369914800099115
-0.009980404525907162
-0.010444228370846152
-0.0028158146813666014
-0.0119963477943985
-0.00378083422759263
-0.008416839536212747
-0.019764909739973812
-0.0049912319927861845
-0.007773493083815794
-0.0008259622115952224
0.0027797013988122253
-0.0037622385198487775
-0.006713924019116956
-0.019732177031713493
-0.014401037374473886
-0.011908231310180829
-0.006695419599930341
-0.010613154129938235
-0.0037622385198487775
-0.008689388185436584
-0.0010884669707586512
-0.007391169342293751
0.008299186357666383
-0.007871341197582349
-0.009578502386097459
-0.027178332835502583
-0.005614947685913713
-0.0010884669707586512
-0.0034374547627337164
-0.002921406011668609
-0.009206014309002494
-0.008689388185436584
-0.02668146360846477
-0.0119963477943985
-0.004625275131599589
-0.01359508914829341
-0.011173922321456474
-0.010613154129938235
-0.01452878175836345
-0.005416885813199515
-0.00679206727511122
-0.01300129383398877
-0.014401037374473886
-0.01452878175836345
-0.01240176139916067
0.0003234802639811561
-0.00948404787770881
-0.001140258449630595
0.0014127945426827171
-0.00948404787770881
-0.008689388185436584
-0.007391169342293751
-0.006849003987604126
-0.0030970748060369117
0.0005329006553563716
-0.007711076596578327
0.006698121296087769
-0.007871341197582349
-0.004714603670204353
-0.009450121042219517
-0.009578502386097459
-0.016095037511368763
-0.007439674469485913
-0.007636078657933653
-0.013517862127262971
-0.013049244955882283
-0.007773493083815794
-0.000515023494782504
0.003764561618675733
-0.0013597852098823121
-0.01300129383398877
-0.015032881732511712
-0.016975077075087115
-0.008139553453729147
-0.008175871892062316
-0.007801158123124768
-0.007990746396676268
0.008299186357666383
-0.008240195713464502
-0.01588780451554477
-0.0010550624126345178
-0.008139553453729147
-0.009980404525907162
-0.004041812996222429
-0.0119963477943985
-0.015621240614264668
-0.010574259503442155
-0.005245007094063411
-0.02668146360846477
-0.011908231310180829
-0.007336432460182288
-0.008034916739058465
-0.019764909739973812
-0.005716208064922122
-0.005245007094063411
-0.012427850512228998
-0.004997417304159064
-0.025229169858052097
-0.009846403803272773
-0.005716208064922122
-0.0034374547627337164
-0.014080898911851696
-0.022586370736209244
-0.006695419599930341
-0.007003507376659033
-0.015032881732511712
-0.0034374547627337164
-0.016095037511368763
-0.012721756231666886
-0.002921406011668609
-0.011802876258268568
-0.007003507376659033
-0.011802876258268568
-0.0031232832015042383
-0.005416885813199515
0.0014127945426827171
-0.011787068433245474
-0.011273128276647625
0.003764561618675733
-0.027178332835502583
-0.002071378969556646
-0.011290975512768453
-0.0020334505369870894
-0.022783122446167186
-0.03150798070017424
-0.011802876258268568
0.006698121296087769
-0.014080898911851696
-0.004141889367980377
-0.01003135506386738
-0.005245007094063411
-0.005147014156007281
-0.03150798070017424
-0.002203928677958139
-0.004464357113898301
-0.005147014156007281
-0.007711076596578327
-0.01003430894696596
-0.008416839536212747
-0.007801158123124768
-0.006052011451756695
-0.00679206727511122
-0.007990746396676268
-0.014206433647244688
-0.010613154129938235
-0.0013597852098823121
-0.0027188189136993705
-0.009770543701539295
-0.001140258449630595
-0.014063570007917369
-0.011787068433245474
-0.005147014156007281
-0.006849003987604126
-0.013524697950941068
-0.014766349148757867
-0.004464357113898301
-0.004855137537058543
-0.010574259503442155
-0.011273128276647625
-0.004997131273941319
-0.007871341197582349
-0.007801158123124768
-0.020163516664720566
-0.015297016971560275
-0.007519019778800849
-0.002921406011668609
-0.010444228370846152
-0.01300129383398877
-0.006548581351283515
-0.008701189113418844
-0.006706004012562643
-0.008250264224231238
-0.014063570007917369
-0.015243167036387936
-0.007120118993756603
-0.01452878175836345
-0.0027188189136993705
0.0028640932244392995
-0.01588780451554477
0.0006250004349964915
0.003764561618675733
-0.005716208064922122
4.56311965213622e-05
0.0005329006553563716
-0.001140258449630595
-0.005716208064922122
-0.014080898911851696
-0.0005281201920976949
-0.0010550624126345178
-0.0038455096863609134
-0.008677450508952855
-0.0119963477943985
-0.00948404787770881
-0.015243167036387936
-0.007428724050579599
-0.006830796541216322
-0.007120118993756603
-0.006849003987604126
-0.0027188189136993705
-0.014401037374473886
-0.011802876258268568
-0.0028158146813666014
-0.007711076596578327
-0.015297016971560275
-0.008175871892062316
0.0027797013988122253
-0.011802876258268568
-0.008250264224231238
-0.014094994507639139
-0.008175871892062316
-0.008139553453729147
-0.009250548090262253
-0.015152169784625765
-0.007519019778800849
-0.0049912319927861845
-0.02668146360846477
-0.0049912319927861845
-0.006849003987604126
-0.006713924019116956
-0.007252958450498715
-0.0010884669707586512
-0.008932321586849272
-0.010641026662319345
-0.0010884669707586512
-0.024361221331852697
-0.014766349148757867
-0.03150798070017424
-0.012721756231666886
-0.013524697950941068
0.0014127945426827171
-0.008139553453729147
-0.004464357113898301
-0.006221785982296479
-0.024805800428315906
-0.008240195713464502
-0.03150798070017424
-0.009980404525907162
-0.03150798070017424
-0.009450121042219517
-0.011173922321456474
0.0006250004349964915
-0.010574259503442155
-0.003791423366110464
-0.007391169342293751
-0.015297016971560275
-0.0049912319927861845
-0.007871341197582349
-0.005147014156007281
-0.010243047283335272
-0.014063570007917369
-0.0008259622115952224
-0.008139553453729147
-0.007954968224451587
-0.002203928677958139
-0.002185235830604663
-0.016007477938837958
-0.013969841293843079
-0.017638104811114674
-0.0031232832015042383
-0.008240195713464502
-0.0119963477943985
-0.008175871892062316
-0.005614947685913713
-0.022783122446167186
-0.012721756231666886
-0.007801158123124768
-0.00478835432062785
-0.007428724050579599
-0.008139553453729147
-0.00910596579593653
-0.0034040002017698173
-0.015032881732511712
0.005532730259472407
-0.007391169342293751
-0.014063570007917369
-0.0034040002017698173
-0.008175871892062316
-0.006695419599930341
-0.009206014309002494
-0.012721756231666886
-0.008677450508952855
-0.007990746396676268
-0.005245007094063411
-0.007369914800099115
-0.015219425260585309
-0.000515023494782504
-0.004625275131599589
-0.014206433647244688
-0.004464357113898301
-0.010857728919032144
-0.008240195713464502
-0.005147014156007281
-0.002994584363229213
-0.004997131273941319
-0.013524697950941068
-0.024805800428315906
-0.0034374547627337164
-0.007336432460182288
-0.000515023494782504
-0.008416839536212747
-0.008240195713464502
-0.009178063767388923
-0.0050496773803912
-0.0020334505369870894
-0.01003135506386738
-0.005859000071102285
-0.009998369508017094
-0.0008259622115952224
-0.009206014309002494
-0.01359508914829341
-0.009980404525907162
-0.0010884669707586512
-0.018695907860309675
0.008299186357666383
-0.02147637076154666
-0.007801158123124768
-0.005416885813199515
-0.0038455096863609134
-0.016095037511368763
-0.013949059224075662
-0.008416839536212747
-0.007711076596578327
-0.002185235830604663
-0.004625275131599589
-0.01300129383398877
-0.020163516664720566
-0.003791423366110464
-0.0030970748060369117
-0.0058243035587513875
-0.002071378969556646
-0.007783766038708832
-0.017638104811114674
-0.011273128276647625
-0.007871341197582349
-0.016975077075087115
-0.012721756231666886
-0.008139553453729147
-0.004997417304159064
-0.00478835432062785
-0.02147637076154666
-0.0058243035587513875
-0.004141889367980377
0.0003234802639811561
0.0008009182969781054
-0.007990746396676268
0.0005329006553563716
-0.005709807132222264
-0.005614947685913713
-0.0037622385198487775
-0.010243047283335272
-0.010243047283335272
-0.002185235830604663
-0.006052011451756695
-0.019764909739973812
-0.01300129383398877
-0.010641026662319345
-0.014202544581535297
-0.015243167036387936
-0.006548581351283515
-0.012721756231666886
-0.010613154129938235
-0.009178063767388923
-0.0028158146813666014
-0.011787068433245474
-0.002203928677958139
-0.016402777404782586
-0.014063570007917369
-0.010574259503442155
-0.00948404787770881
-0.0030970748060369117
-0.009369396123276379
-0.002994584363229213
-0.004625275131599589
-0.006221785982296479
-0.0020334505369870894
-0.011802876258268568
-0.007428724050579599
-0.005859000071102285
-0.007711076596578327
-0.0003996596371401896
-0.018695907860309675
-0.0034374547627337164
-0.006695419599930341
-0.0013597852098823121
-0.0027779668145010835
-0.005147014156007281
-0.017638104811114674
-0.007871341197582349
-0.011908231310180829
-0.011787068433245474
-0.009450121042219517
-0.014766349148757867
-0.007783766038708832
-0.007519019778800849
0.005532730259472407
-0.009250548090262253
-0.006713924019116956
-0.007871341197582349
-0.004997131273941319
-0.002185235830604663
-0.025229169858052097
-0.008139553453729147
0.005532730259472407
-0.009250548090262253
-0.013949059224075662
-0.01452878175836345
-0.014206433647244688
-0.0010884669707586512
-0.013524697950941068
-0.007336432460182288
-0.0018040930695316442
-0.019764909739973812
-0.007976582737878943
-0.0034040002017698173
-0.005245007094063411
-0.004714603670204353
-0.018695907860309675
-0.00378083422759263
-0.016095037511368763
-0.014063570007917369
0.0005999413817715901
-0.009998369508017094
-0.013049244955882283
0.0003234802639811561
-0.004041812996222429
-0.006706004012562643
-0.002994584363229213
-0.0030970748060369117
-0.007871341197582349
-0.016402777404782586
-0.018695907860309675
-0.022586370736209244
-0.007428724050579599
-0.004625275131599589
-0.018695907860309675
-0.013517862127262971
-0.022586370736209244
-0.013969841293843079
-0.0010550624126345178
-0.0049912319927861845
-0.010574259503442155
-0.01452878175836345
-0.009250548090262253
-0.024361221331852697
-0.014202544581535297
-0.014094994507639139
-0.00679206727511122
-0.007801158123124768
-0.027178332835502583
-0.006706004012562643
-0.012721756231666886
-0.014766349148757867
-0.008139553453729147
-0.003145894738371498
0.0027797013988122253
0.008299186357666383
-0.013949059224075662
-0.015762907793190336
-0.011802876258268568
-0.01003135506386738
-0.006849003987604126
-0.012721756231666886
-0.016007477938837958
-0.0003996596371401896
-0.006706004012562643
-0.009759117201546126
-0.01452878175836345
-0.020163516664720566
-0.004997131273941319
0.0014127945426827171
-0.005614947685913713
-0.006849003987604126
-0.0003996596371401896
-0.011908231310180829
-0.00679206727511122
-0.01300129383398877
-0.006695419599930341
-0.006052011451756695
0.008299186357666383
-0.018695907860309675
-0.018695907860309675
-0.014202544581535297
-0.005709807132222264
0.0005329006553563716
-0.015762907793190336
-0.016975077075087115
-0.014080898911851696
-0.001140258449630595
-0.008932321586849272
0.006698121296087769
-0.007636078657933653
-0.0003996596371401896
-0.004997131273941319
-0.016095037511368763
0.0027797013988122253
-0.005245007094063411
0.0008009182969781054
-0.001140258449630595
-0.009846403803272773
0.008299186357666383
-0.016402777404782586
-0.010613154129938235
-0.03150798070017424
-0.018695907860309675
-0.013517862127262971
-0.015762907793190336
-0.018695907860309675
-0.007801158123124768
-0.006830796541216322
-0.016975077075087115
-0.000515023494782504
-0.015152169784625765
-0.014202544581535297
-0.008250264224231238
-0.008250264224231238
-0.0005281201920976949
-0.010243047283335272
-0.01588780451554477
0.0008009182969781054
-0.0034040002017698173
-0.008701189113418844
-0.014094994507639139
-0.020163516664720566
-0.009578502386097459
-0.00478835432062785
-0.022783122446167186
-0.003119391379130168
-0.024805800428315906
-0.0034040002017698173
0.0027797013988122253
-0.024361221331852697
-0.008175871892062316
-0.007773493083815794
-0.007519019778800849
-0.015297016971560275
-0.009206014309002494
-0.01240176139916067
-0.013049244955882283
-0.009206014309002494
-0.022783122446167186
-0.016975077075087115
-0.007120118993756603
-0.017638104811114674
-0.002071378969556646
-0.011908231310180829
-0.00478835432062785
0.0027797013988122253
-0.007954968224451587
-0.001140258449630595
-0.008416839536212747
-0.0035172251668588498
-0.015621240614264668
-0.009846403803272773
-0.003791423366110464
-0.014080898911851696
0.008299186357666383
-0.0027188189136993705
-0.008416839536212747
0.01979263095595281
-0.0050496773803912
0.01979263095595281
0.0027797013988122253
-0.011787068433245474
-0.004714603670204353
-0.012721756231666886
-0.013969841293843079
-0.0020334505369870894
-0.007336432460182288
-0.001140258449630595
-0.01003430894696596
-0.011787068433245474
-0.015621240614264668
-0.009369396123276379
0.0005999413817715901
-0.008034916739058465
-0.0027188189136993705
-0.006713924019116956
-0.022783122446167186
-0.00948404787770881
-0.00478835432062785
-0.024805800428315906
-0.007990746396676268
-0.006830796541216322
-0.004997417304159064
-0.006713924019116956
-0.009450121042219517
-0.005416885813199515
-0.004997131273941319
-0.008701189113418844
-0.004041812996222429
-0.015032881732511712
0.01979263095595281
-0.015243167036387936
-0.009369396123276379
-0.015762907793190336
-0.01359508914829341
-0.005147014156007281
-0.015032881732511712
-0.0119963477943985
-0.020163516664720566
-0.008034916739058465
-0.00679206727511122
-0.0030970748060369117
-0.019764909739973812
-0.006052011451756695
-0.006849003987604126
0.0005329006553563716
-0.0008259622115952224
-0.005709807132222264
-0.006695419599930341
0.006698121296087769
-0.002994584363229213
-0.004997417304159064
-0.013049244955882283
-0.019764909739973812
-0.014063570007917369
-0.007954968224451587
-0.008034916739058465
-0.007519019778800849
-0.002994584363229213
-0.005245007094063411
0.006698121296087769
-0.006052011451756695
-0.007336432460182288
-0.007801158123124768
-0.007871341197582349
-0.00948404787770881
-0.0031232832015042383
-0.016095037511368763
-0.0013597852098823121
-0.011802876258268568
-0.002203928677958139
-0.0013597852098823121
-0.0035172251668588498
-0.024361221331852697
0.008299186357666383
-0.010601593736938478
-0.013969841293843079
-0.007783766038708832
-0.010857728919032144
-0.006052011451756695
0.0028640932244392995
-0.006830796541216322
-0.015032881732511712
-0.010641026662319345
-0.016402777404782586
-0.000515023494782504
-0.002185235830604663
-0.01003135506386738
-0.008175871892062316
-0.0031232832015042383
-0.007252958450498715
-0.010243047283335272
-0.008677450508952855
-0.007711076596578327
-0.007391169342293751
-0.01300129383398877
0.0005999413817715901
-0.007369914800099115
-0.015762907793190336
-0.020163516664720566
-0.0013597852098823121
-0.007336432460182288
-0.015297016971560275
-0.00910596579593653
-0.009206014309002494
-0.01300129383398877
-0.004997131273941319
-0.007439674469485913
-0.0028158146813666014
-0.01003430894696596
-0.013524697950941068
-0.007120118993756603
-0.002921406011668609
-0.011273128276647625
-0.025229169858052097
-0.015243167036387936
-0.006849003987604126
-0.00910596579593653
-0.02147637076154666
-0.0010884669707586512
-0.007428724050579599
-0.006713924019116956
-0.0005281201920976949
-0.007439674469485913
-0.018216132641868426
-0.006052011451756695
-0.005709807132222264
-0.016095037511368763
-0.015219425260585309
-0.006052011451756695
-0.01359508914829341
-0.005245007094063411
-0.008250264224231238
-0.011802876258268568
-0.01359508914829341
-0.010857728919032144
-0.013049244955882283
-0.006548581351283515
-0.007990746396676268
-0.006052011451756695
-0.012721756231666886
-0.009846403803272773
-0.0018040930695316442
-0.0010884669707586512
-0.014202544581535297
-0.007871341197582349
0.0005329006553563716
-0.003791423366110464
-0.015152169784625765
-0.014766349148757867
-0.008689388185436584
-0.007428724050579599
-0.0008259622115952224
4.56311965213622e-05
-0.004714603670204353
-0.0027779668145010835
0.0014127945426827171
-0.008175871892062316
-0.015152169784625765
-0.025229169858052097
-0.007519019778800849
0.0008009182969781054
-0.0031232832015042383
-0.001140258449630595
-0.010613154129938235
-0.0034040002017698173
-0.009980404525907162
-0.016095037511368763
-0.025229169858052097
-0.019732177031713493
-0.009607982408297454
0.0027797013988122253
0.0006250004349964915
-0.012721756231666886
-0.009770543701539295
-0.007976582737878943
-0.006052011451756695
-0.002994584363229213
-0.007439674469485913
-0.011173922321456474
-0.0058243035587513875
-0.000515023494782504
-0.009178063767388923
-0.008175871892062316
-0.015243167036387936
-0.007711076596578327
-0.0027188189136993705
-0.005245007094063411
-0.016095037511368763
-0.0005281201920976949
-0.009250548090262253
-0.009770543701539295
-0.002203928677958139
0.0008009182969781054
-0.010243047283335272
-0.016402777404782586
-0.0035172251668588498
-0.007336432460182288
-0.00478835432062785
-0.01300129383398877
-0.007439674469485913
-0.02147637076154666
-0.01003135506386738
-0.01452878175836345
-0.007954968224451587
-0.0119963477943985
-0.007428724050579599
-0.004714603670204353
-0.010857728919032144
-0.014080898911851696
-0.005709807132222264
-0.0018040930695316442
-0.008701189113418844
-0.004855137537058543
4.56311965213622e-05
-0.004464357113898301
-0.010444228370846152
-0.010641026662319345
-0.016402777404782586
-0.004464357113898301
-0.014202544581535297
-0.007003507376659033
-0.019764909739973812
-0.014206433647244688
-0.009178063767388923
-0.007954968224451587
-0.0005281201920976949
-0.0034040002017698173
-0.0013597852098823121
-0.009759117201546126
-0.009998369508017094
-0.01359508914829341
-0.0010550624126345178
-0.016095037511368763
-0.01359508914829341
-0.004714603670204353
-0.019764909739973812
-0.008139553453729147
-0.003145894738371498
-0.016007477938837958
-0.001140258449630595
-0.010613154129938235
-0.020163516664720566
-0.0010884669707586512
-0.0034374547627337164
-0.011802876258268568
-0.005147014156007281
-0.015243167036387936
-0.012427850512228998
-0.015243167036387936
-0.008416839536212747
-0.015152169784625765
-0.016975077075087115
0.003764561618675733
-0.007871341197582349
-0.004714603670204353
-0.004855137537058543
-0.01359508914829341
-0.017638104811114674
-0.006221785982296479
-0.0058243035587513875
-0.009998369508017094
-0.0010550624126345178
-0.007871341197582349
-0.009206014309002494
-0.004625275131599589
-0.003145894738371498
-0.014401037374473886
-0.007783766038708832
-0.027178332835502583
-0.022783122446167186
-0.004464357113898301
0.0003234802639811561
-0.017638104811114674
-0.002071378969556646
-0.008139553453729147
-0.008932321586849272
-0.0018040930695316442
-0.014766349148757867
-0.004855137537058543
-0.001140258449630595
-0.011802876258268568
-0.013969841293843079
-0.010613154129938235
-0.0010884669707586512
-0.005457364754379277
-0.013049244955882283
-0.016402777404782586
-0.016402777404782586
-0.008250264224231238
0.0008009182969781054
-0.007976582737878943
-0.0035172251668588498
-0.0013597852098823121
-0.007428724050579599
-0.007954968224451587
-0.008416839536212747
-0.006052011451756695
-0.013949059224075662
-0.005147014156007281
-0.009206014309002494
-0.0038102848515253183
-0.008139553453729147
-0.024361221331852697
-0.007369914800099115
0.0008009182969781054
-0.008034916739058465
-0.0010550624126345178
-0.008240195713464502
-0.005859000071102285
-0.006849003987604126
-0.009607982408297454
0.005532730259472407
-0.03150798070017424
-0.007369914800099115
-0.004041812996222429
-0.000515023494782504
-0.002185235830604663
-0.008034916739058465
-0.005709807132222264
0.003764561618675733
-0.005457364754379277
-0.007711076596578327
-0.007369914800099115
-0.016095037511368763
-0.006052011451756695
-0.001140258449630595
-0.008139553453729147
-0.014206433647244688
-0.010601593736938478
-0.007519019778800849
-0.006221785982296479
-0.0008259622115952224
-0.002185235830604663
-0.005457364754379277
-0.011173922321456474
-0.02668146360846477
-0.010857728919032144
-0.010444228370846152
-0.006695419599930341
-0.007954968224451587
-0.0013597852098823121
-0.011290975512768453
-0.0031232832015042383
-0.011787068433245474
-0.006830796541216322
-0.006052011451756695
-0.024361221331852697
-0.004141889367980377
0.0005329006553563716
-0.014063570007917369
-0.008139553453729147
-0.006706004012562643
-0.01452878175836345
-0.008034916739058465
-0.010857728919032144
-0.008701189113418844
-0.016095037511368763
-0.01588780451554477
0.006698121296087769
-0.009578502386097459
-0.019764909739973812
0.006698121296087769
-0.004855137537058543
-0.008701189113418844
-0.018216132641868426
-0.007369914800099115
-0.011787068433245474
-0.008701189113418844
-0.010857728919032144
0.0028640932244392995
-0.014401037374473886
-0.022586370736209244
-0.007003507376659033
-0.004855137537058543
-0.01588780451554477
-0.01300129383398877
-0.011173922321456474
-0.014766349148757867
-0.008034916739058465
-0.007954968224451587
-0.008932321586849272
-0.005614947685913713
-0.0030970748060369117
-0.011173922321456474
-0.00478835432062785
-0.01003135506386738
-0.009759117201546126
-0.0027779668145010835
-0.007336432460182288
-0.007711076596578327
-0.010574259503442155
-0.0027779668145010835
-0.016402777404782586
-0.0034040002017698173
0.008299186357666383
-0.014080898911851696
-0.003145894738371498
-0.017638104811114674
-0.0050496773803912
-0.00910596579593653
-0.006849003987604126
0.0003234802639811561
-0.015032881732511712
-0.005245007094063411
-0.014080898911851696
-0.024361221331852697
-0.01003430894696596
-0.003119391379130168
-0.014080898911851696
-0.002921406011668609
-0.016402777404782586
-0.009998369508017094
-0.008416839536212747
-0.019764909739973812
-0.0010550624126345178
-0.010613154129938235
-0.01452878175836345
-0.014202544581535297
-0.0010550624126345178
-0.015032881732511712
