0.0025483709859351984
-0.0037516676755923574
-0.004426345801412275
-0.009857971174279098
-0.0033097132218613307
-0.013394942610458942
0.003952780871517302
-0.006520981137071811
-0.0019351374478926557
0.017323651744084328
-0.004426345801412275
-0.014414104544566817
-0.013559829765211114
-0.007206233478050478
-0.00334527158671942
0.00782236598014602
-0.007924786252371672
-0.02081391181885272
-0.007206233478050478
0.001193728322993522
-0.00623072358755589
0.0072390462231138675
-0.014414104544566817
0.026084830965691336
-0.006520981137071811
-0.00831426819481661
0.004954353413037551
0.00028452024585248585
-0.010865555358595418
-0.013502390047235559
-0.01355907630919886
-0.00623072358755589
-0.00831426819481661
-0.008940832812243487
-0.008940832812243487
-0.009546439444998016
-0.009546439444998016
0.00782236598014602
-0.0008994410649753923
-0.004682559553212402
-0.008940832812243487
-0.02494305685676206
-0.010022109568877814
-0.004426345801412275
0.004166250855662678
0.00782236598014602
-0.013502390047235559
0.02202022384213272
-0.010865555358595418
-0.009209118004811067
-0.0018183498596140702
-0.0011733492525347123
-0.016282323238119664
0.003416412877272714
-0.005024580077435161
-0.00390141552649179
-0.016282323238119664
-0.0067331636608369575
-0.0019351374478926557
-0.011474033177543511
-0.013394942610458942
-0.005024580077435161
-0.016282323238119664
0.001193728322993522
-0.020669478710757284
-0.00390141552649179
-0.004682559553212402
-0.0019351374478926557
-0.000902195726241804
-0.010865555358595418
-0.006200773265308683
-0.013502390047235559
0.004166250855662678
-0.014970421766036099
-0.006520981137071811
0.0025483709859351984
0.00782236598014602
-0.0037516676755923574
-0.013914026469365934
0.0072390462231138675
-0.005024580077435161
-0.004682559553212402
0.00341255686052454
0.008541016483581004
0.02202022384213272
-0.01355907630919886
-0.004426345801412275
-0.008940832812243487
-0.01883582952650506
0.008541016483581004
-0.011474033177543511
-0.0033097132218613307
0.003416412877272714
0.004166250855662678
-0.00831426819481661
-0.013559829765211114
-0.011474033177543511
-0.0037516676755923574
-0.009829652216268638
-0.009534909554420861
-0.01883582952650506
-0.0006549285392478078
-0.00623072358755589
-0.014569627314889871
-0.014414104544566817
-0.006520981137071811
-0.002468164551309991
-0.004426345801412275
-0.013394942610458942
0.0072390462231138675
0.004954353413037551
0.0072390462231138675
-0.011474033177543511
-0.00623072358755589
0.00838890380634859
-0.02494305685676206
-0.0033097132218613307
-0.0019351374478926557
-0.010022109568877814
-0.011497027947575858
-0.02494305685676206
-0.005024580077435161
-0.009931508431976486
-0.011497027947575858
-0.002468164551309991
-0.00334527158671942
-0.0008994410649753923
-0.013559829765211114
0.00838890380634859
-0.020669478710757284
-0.005024580077435161
-0.0008994410649753923
0.0025483709859351984
-0.0011733492525347123
-0.004295267758555547
-0.009546439444998016
-0.0037516676755923574
-0.016282323238119664
-0.014414104544566817
-0.00623072358755589
-0.007206233478050478
-0.00390141552649179
-0.0067331636608369575
-0.00623072358755589
-0.009857971174279098
-0.02081391181885272
-0.014414104544566817
-0.00623072358755589
0.026084830965691336
0.001193728322993522
-0.007206233478050478
-0.0034554340699898957
-0.000902195726241804
-0.02081391181885272
-0.00831426819481661
0.017323651744084328
-0.008940832812243487
-0.01355907630919886
0.004166250855662678
-0.00831426819481661
-0.014625945313957183
-0.013559829765211114
0.004166250855662678
-0.009209118004811067
-0.014569627314889871
-0.011497027947575858
0.004166250855662678
-0.0002916209951422879
-0.0006549285392478078
0.017323651744084328
-0.00390141552649179
-0.008940832812243487
-0.014414104544566817
-0.003111969001975072
-0.002468164551309991
-0.003111969001975072
-0.013502390047235559
-0.0034554340699898957
-0.0034554340699898957
-0.014625945313957183
-0.014414104544566817
-0.01883582952650506
-0.013394942610458942
-0.004295267758555547
0.004954353413037551
-0.010865555358595418
-0.0002916209951422879
-0.003111969001975072
-0.011474033177543511
0.003952780871517302
0.007969576193994899
0.00028452024585248585
-0.0037516676755923574
-0.013559829765211114
-0.002468164551309991
-0.007924786252371672
-0.009209118004811067
-0.00831426819481661
-0.010865555358595418
0.003416412877272714
-0.013394942610458942
0.004954353413037551
0.017323651744084328
-0.011497027947575858
-0.02081391181885272
-0.007924786252371672
0.004954353413037551
-0.02081391181885272
0.017323651744084328
-0.009546439444998016
-0.0018183498596140702
-0.005024580077435161
0.00838890380634859
0.00782236598014602
-0.0037516676755923574
-0.009546439444998016
0.0072390462231138675
-0.016282323238119664
-0.007171584156504221
-0.014569627314889871
0.003416412877272714
-0.013394942610458942
-0.004426345801412275
0.00782236598014602
-0.011474033177543511
-0.013559829765211114
0.00341255686052454
-0.00831426819481661
-0.01915276296130039
-0.013559829765211114
-0.0008994410649753923
0.02202022384213272
-0.00334527158671942
-0.0037516676755923574
0.0072390462231138675
0.0072390462231138675
0.02202022384213272
0.003416412877272714
-0.013502390047235559
0.007969576193994899
-0.014625945313957183
0.003952780871517302
-0.0008994410649753923
-0.01355907630919886
-0.01883582952650506
-0.004426345801412275
-0.020669478710757284
0.0025483709859351984
-0.02494305685676206
0.017323651744084328
-0.013914026469365934
0.0072390462231138675
-0.003111969001975072
0.026084830965691336
-0.010865555358595418
-0.004682559553212402
-0.0008994410649753923
0.00341255686052454
-0.009857971174279098
-0.002468164551309991
-0.0011733492525347123
-0.009209118004811067
-0.020669478710757284
-0.0037516676755923574
-0.013559829765211114
-0.0006549285392478078
-0.014625945313957183
-0.006200773265308683
-0.007171584156504221
-0.0008994410649753923
0.001193728322993522
-0.0008994410649753923
-0.010865555358595418
-0.013559829765211114
-0.008940832812243487
-0.0002916209951422879
-0.014625945313957183
0.00782236598014602
-0.014414104544566817
-0.014970421766036099
-0.009546439444998016
-0.009931508431976486
-0.009534909554420861
-0.020669478710757284
-0.009534909554420861
-0.003111969001975072
-0.0067331636608369575
-0.016282323238119664
0.003952780871517302
-0.020669478710757284
-0.00831426819481661
-0.00390141552649179
-0.009931508431976486
-0.020669478710757284
-0.01915276296130039
-0.008940832812243487
-0.006200773265308683
-0.004682559553212402
-0.009829652216268638
0.0025483709859351984
-0.01909598989991082
-0.004682559553212402
-0.014569627314889871
0.00838890380634859
-0.0019351374478926557
-0.0011733492525347123
-0.002468164551309991
0.00028452024585248585
-0.01355907630919886
-0.013914026469365934
-0.007171584156504221
-0.010022109568877814
-0.00623072358755589
-0.00334527158671942
-0.014625945313957183
-0.0008994410649753923
0.026084830965691336
-0.006200773265308683
-0.004682559553212402
-0.007171584156504221
-0.00390141552649179
-0.013394942610458942
-0.009546439444998016
-0.006520981137071811
0.008541016483581004
0.026084830965691336
-0.006520981137071811
-0.013502390047235559
0.026084830965691336
-0.0011733492525347123
-0.014625945313957183
-0.002468164551309991
-0.009931508431976486
-0.007924786252371672
-0.014625945313957183
-0.01883582952650506
-0.01915276296130039
0.00782236598014602
-0.002468164551309991
-0.009857971174279098
-0.010865555358595418
0.0072390462231138675
0.008541016483581004
-0.0067331636608369575
-0.004426345801412275
-0.00623072358755589
-0.007171584156504221
-0.006200773265308683
-0.01909598989991082
-0.01909598989991082
-0.00831426819481661
-0.008940832812243487
-0.010865555358595418
-0.003111969001975072
0.00838890380634859
-0.02494305685676206
0.007969576193994899
-0.010022109568877814
-0.0037516676755923574
-0.0008994410649753923
0.02202022384213272
0.02202022384213272
-0.01883582952650506
-0.0011733492525347123
0.001193728322993522
-0.0008994410649753923
-0.0008994410649753923
0.02202022384213272
-0.0019351374478926557
-0.0034554340699898957
0.003952780871517302
-0.00390141552649179
-0.0034554340699898957
-0.02081391181885272
0.007969576193994899
-0.014414104544566817
-0.01909598989991082
-0.013914026469365934
-0.010865555358595418
0.0025483709859351984
-0.02494305685676206
-0.013394942610458942
-0.004295267758555547
-0.016282323238119664
-0.0067331636608369575
-0.000902195726241804
0.00028452024585248585
-0.01909598989991082
-0.007171584156504221
-0.01909598989991082
-0.011497027947575858
-0.005024580077435161
0.0072390462231138675
0.02202022384213272
-0.013502390047235559
-0.009931508431976486
-0.01915276296130039
-0.014414104544566817
0.004166250855662678
-0.014625945313957183
0.007969576193994899
-0.0008994410649753923
0.00341255686052454
-0.0019351374478926557
-0.0002916209951422879
-0.008940832812243487
-0.013502390047235559
-0.013502390047235559
-0.014625945313957183
-0.000902195726241804
-0.01909598989991082
-0.009546439444998016
-0.000902195726241804
0.00028452024585248585
-0.016282323238119664
-0.01909598989991082
-0.014414104544566817
-0.002468164551309991
-0.008940832812243487
-0.014625945313957183
-0.01909598989991082
-0.01909598989991082
-0.009931508431976486
-0.006520981137071811
-0.009857971174279098
-0.0011733492525347123
-0.00334527158671942
0.017323651744084328
-0.01355907630919886
0.004954353413037551
-0.0006549285392478078
-0.010022109568877814
-0.01909598989991082
-0.013502390047235559
-0.000902195726241804
0.00341255686052454
-0.014414104544566817
0.004954353413037551
-0.007206233478050478
-0.01883582952650506
-0.01909598989991082
-0.011497027947575858
-0.01909598989991082
-0.014569627314889871
-0.00334527158671942
-0.009931508431976486
-0.00334527158671942
-0.009931508431976486
-0.00831426819481661
-0.00831426819481661
-0.0018183498596140702
0.026084830965691336
-0.009209118004811067
-0.01915276296130039
0.00028452024585248585
-0.0033097132218613307
-0.006200773265308683
-0.0006549285392478078
-0.0033097132218613307
0.00341255686052454
-0.013502390047235559
-0.013559829765211114
-0.005024580077435161
-0.0037516676755923574
-0.02494305685676206
-0.009546439444998016
-0.0006549285392478078
-0.00334527158671942
0.003416412877272714
-0.016282323238119664
-0.006200773265308683
0.00341255686052454
0.00341255686052454
0.004954353413037551
-0.009829652216268638
-0.016282323238119664
-0.007206233478050478
-0.013914026469365934
0.017323651744084328
-0.013394942610458942
-0.000902195726241804
-0.0018183498596140702
-0.0018183498596140702
0.00341255686052454
-0.014625945313957183
-0.00390141552649179
0.004954353413037551
-0.01883582952650506
-0.0034554340699898957
-0.0034554340699898957
-0.016282323238119664
0.008541016483581004
-0.011474033177543511
0.0025483709859351984
-0.0067331636608369575
-0.013394942610458942
0.02202022384213272
-0.0006549285392478078
0.0072390462231138675
-0.006200773265308683
-0.014569627314889871
0.026084830965691336
0.02202022384213272
-0.02494305685676206
-0.014569627314889871
-0.009209118004811067
-0.004295267758555547
-0.0018183498596140702
0.008541016483581004
-0.009829652216268638
-0.003111969001975072
-0.0037516676755923574
0.00028452024585248585
-0.0067331636608369575
-0.014414104544566817
-0.014625945313957183
-0.004682559553212402
-0.011474033177543511
-0.006520981137071811
-0.008940832812243487
-0.013502390047235559
-0.0006549285392478078
-0.0067331636608369575
0.026084830965691336
-0.02494305685676206
-0.010865555358595418
0.00341255686052454
-0.0067331636608369575
-0.0037516676755923574
-0.0067331636608369575
-0.014414104544566817
-0.014625945313957183
-0.009546439444998016
-0.00390141552649179
-0.014970421766036099
0.0072390462231138675
-0.009209118004811067
-0.002468164551309991
-0.009829652216268638
-0.013502390047235559
-0.0011733492525347123
-0.010022109568877814
-0.009534909554420861
-0.014625945313957183
0.004954353413037551
-0.014569627314889871
-0.007206233478050478
-0.009931508431976486
-0.0011733492525347123
-0.008940832812243487
-0.013559829765211114
-0.009209118004811067
0.026084830965691336
0.00782236598014602
-0.002468164551309991
0.0025483709859351984
-0.014970421766036099
0.003416412877272714
0.00028452024585248585
-0.016282323238119664
-0.00390141552649179
0.001193728322993522
-0.002468164551309991
-0.0019351374478926557
-0.003111969001975072
0.00782236598014602
-0.0034554340699898957
-0.016282323238119664
0.003952780871517302
0.003416412877272714
-0.003111969001975072
-0.013559829765211114
0.001193728322993522
0.001193728322993522
-0.004682559553212402
-0.007171584156504221
0.02202022384213272
-0.0018183498596140702
-0.0019351374478926557
-0.008431212946188704
-0.014625945313957183
-0.013502390047235559
-0.006520981137071811
-0.009546439444998016
-0.014625945313957183
-0.009829652216268638
-0.014414104544566817
-0.00831426819481661
-0.013502390047235559
-0.009829652216268638
-0.009534909554420861
-0.02494305685676206
-0.007924786252371672
-0.014625945313957183
-0.014625945313957183
-0.014970421766036099
-0.007206233478050478
-0.02081391181885272
-0.009931508431976486
-0.0006549285392478078
-0.013914026469365934
-0.00334527158671942
0.007969576193994899
-0.011474033177543511
-0.007171584156504221
-0.004682559553212402
-0.007924786252371672
-0.0034554340699898957
-0.010865555358595418
-0.013559829765211114
-0.0006549285392478078
-0.00334527158671942
0.001193728322993522
-0.0037516676755923574
-0.009209118004811067
0.004954353413037551
-0.007206233478050478
-0.011474033177543511
-0.01883582952650506
0.0025483709859351984
0.001193728322993522
-0.01355907630919886
0.003952780871517302
0.00341255686052454
0.017323651744084328
-0.014625945313957183
-0.01355907630919886
-0.006520981137071811
-0.004295267758555547
0.007969576193994899
-0.014625945313957183
-0.0067331636608369575
-0.0019351374478926557
-0.007171584156504221
-0.009931508431976486
-0.01915276296130039
-0.013559829765211114
-0.009534909554420861
-0.011474033177543511
-0.013394942610458942
-0.014414104544566817
-0.0018183498596140702
0.02202022384213272
-0.004295267758555547
-0.002468164551309991
0.026084830965691336
-0.009829652216268638
-0.00390141552649179
-0.013502390047235559
-0.006200773265308683
-0.002468164551309991
-0.0019351374478926557
-0.004682559553212402
-0.008940832812243487
0.00341255686052454
-0.0037516676755923574
-0.007171584156504221
-0.009534909554420861
0.017323651744084328
-0.006520981137071811
-0.02081391181885272
-0.009209118004811067
-0.007924786252371672
-0.009931508431976486
-0.0002916209951422879
0.004166250855662678
-0.01915276296130039
0.00341255686052454
-0.0018183498596140702
-0.000902195726241804
-0.009829652216268638
-0.005024580077435161
-0.009829652216268638
-0.003111969001975072
-0.0008994410649753923
0.004954353413037551
-0.01883582952650506
0.00028452024585248585
-0.00831426819481661
-0.003111969001975072
-0.00623072358755589
-0.01883582952650506
-0.00334527158671942
-0.00334527158671942
-0.011497027947575858
0.003416412877272714
-0.009829652216268638
-0.004426345801412275
-0.007171584156504221
-0.005024580077435161
-0.004426345801412275
-0.009546439444998016
-0.010022109568877814
0.004166250855662678
-0.0006549285392478078
-0.013394942610458942
-0.0008994410649753923
-0.02081391181885272
0.007969576193994899
0.004954353413037551
-0.01883582952650506
-0.008431212946188704
-0.02494305685676206
-0.00623072358755589
-0.00831426819481661
0.007969576193994899
-0.009829652216268638
-0.007171584156504221
0.00341255686052454
-0.014625945313957183
-0.0019351374478926557
-0.003111969001975072
-0.0034554340699898957
-0.009534909554420861
-0.009857971174279098
-0.007206233478050478
-0.0008994410649753923
-0.013502390047235559
-0.014970421766036099
-0.0067331636608369575
-0.005024580077435161
-0.020669478710757284
-0.006200773265308683
0.003952780871517302
-0.0008994410649753923
-0.014970421766036099
-0.004295267758555547
-0.009931508431976486
-0.0011733492525347123
-0.0067331636608369575
0.00028452024585248585
-0.006520981137071811
-0.011497027947575858
-0.008431212946188704
-0.014970421766036099
-0.01355907630919886
-0.014625945313957183
0.004954353413037551
-0.0008994410649753923
-0.000902195726241804
0.003416412877272714
-0.01355907630919886
-0.0037516676755923574
-0.004426345801412275
-0.0011733492525347123
-0.004682559553212402
-0.0011733492525347123
-0.008431212946188704
-0.003111969001975072
-0.009534909554420861
-0.01883582952650506
-0.008940832812243487
-0.00623072358755589
0.00341255686052454
-0.0002916209951422879
-0.009209118004811067
-0.014569627314889871
-0.014625945313957183
-0.013502390047235559
-0.01355907630919886
-0.00390141552649179
-0.0006549285392478078
-0.010865555358595418
-0.0008994410649753923
-0.0067331636608369575
0.00028452024585248585
-0.009534909554420861
-0.009209118004811067
-0.0033097132218613307
-0.003111969001975072
-0.009209118004811067
-0.008431212946188704
-0.014970421766036099
-0.009209118004811067
-0.009534909554420861
0.004954353413037551
-0.004426345801412275
0.003416412877272714
0.004166250855662678
-0.002468164551309991
0.007969576193994899
-0.0067331636608369575
0.00341255686052454
-0.009546439444998016
-0.006200773265308683
-0.008940832812243487
-0.000902195726241804
-0.0034554340699898957
-0.010865555358595418
-0.00390141552649179
-0.010865555358595418
-0.006520981137071811
0.017323651744084328
0.001193728322993522
-0.013394942610458942
-0.014414104544566817
0.017323651744084328
-0.013502390047235559
-0.0034554340699898957
-0.0033097132218613307
0.017323651744084328
-0.013559829765211114
-0.005024580077435161
-0.01883582952650506
-0.009931508431976486
-0.005024580077435161
-0.002468164551309991
0.003416412877272714
-0.02081391181885272
-0.003111969001975072
-0.00390141552649179
-0.013502390047235559
0.004166250855662678
0.026084830965691336
-0.008431212946188704
-0.0037516676755923574
-0.009829652216268638
-0.013914026469365934
-0.00390141552649179
0.00341255686052454
-0.014625945313957183
-0.004295267758555547
-0.011497027947575858
-0.006200773265308683
-0.004426345801412275
-0.000902195726241804
0.007969576193994899
-0.011497027947575858
0.00782236598014602
-0.009534909554420861
-0.020669478710757284
0.004166250855662678
-0.013559829765211114
-0.020669478710757284
-0.002468164551309991
-0.0033097132218613307
0.004954353413037551
-0.0011733492525347123
0.026084830965691336
-0.014625945313957183
0.004954353413037551
-0.0002916209951422879
-0.004295267758555547
-0.0037516676755923574
-0.0067331636608369575
0.00782236598014602
-0.007924786252371672
0.02202022384213272
-0.01883582952650506
-0.003111969001975072
-0.005024580077435161
-0.0034554340699898957
-0.006200773265308683
-0.01883582952650506
-0.011474033177543511
-0.009209118004811067
0.003416412877272714
-0.0019351374478926557
-0.01915276296130039
-0.009829652216268638
-0.00334527158671942
0.003952780871517302
-0.01909598989991082
-0.0006549285392478078
-0.009546439444998016
-0.014970421766036099
0.00838890380634859
0.001193728322993522
-0.007171584156504221
-0.00623072358755589
-0.020669478710757284
0.00028452024585248585
0.008541016483581004
-0.009931508431976486
-0.016282323238119664
-0.0008994410649753923
-0.006200773265308683
-0.014414104544566817
-0.010022109568877814
-0.020669478710757284
0.008541016483581004
-0.01909598989991082
-0.014569627314889871
-0.0034554340699898957
-0.007924786252371672
-0.007206233478050478
-0.0008994410649753923
-0.013559829765211114
-0.0011733492525347123
0.00341255686052454
-0.00390141552649179
-0.006200773265308683
-0.0002916209951422879
-0.011474033177543511
-0.0008994410649753923
-0.007924786252371672
0.008541016483581004
-0.006200773265308683
-0.007171584156504221
-0.020669478710757284
-0.014625945313957183
0.003952780871517302
-0.01909598989991082
-0.010865555358595418
-0.00334527158671942
0.004166250855662678
-0.000902195726241804
-0.0037516676755923574
-0.02081391181885272
-0.004426345801412275
-0.013914026469365934
-0.000902195726241804
-0.0008994410649753923
-0.01915276296130039
-0.004295267758555547
-0.0034554340699898957
-0.009534909554420861
-0.004426345801412275
-0.02081391181885272
-0.02494305685676206
0.017323651744084328
-0.009857971174279098
-0.014625945313957183
-0.002468164551309991
-0.0034554340699898957
0.026084830965691336
-0.01909598989991082
-0.009534909554420861
-0.009857971174279098
-0.008431212946188704
-0.009209118004811067
-0.01883582952650506
-0.01883582952650506
0.001193728322993522
-0.011497027947575858
0.003416412877272714
-0.013559829765211114
-0.02081391181885272
-0.007171584156504221
-0.009546439444998016
-0.0037516676755923574
-0.008940832812243487
-0.0002916209951422879
-0.008431212946188704
0.004166250855662678
-0.0019351374478926557
-0.01915276296130039
-0.014970421766036099
-0.01355907630919886
-0.013559829765211114
-0.005024580077435161
-0.008940832812243487
0.0025483709859351984
-0.007924786252371672
-0.007171584156504221
0.003416412877272714
-0.01883582952650506
-0.004426345801412275
-0.009534909554420861
0.003416412877272714
-0.014569627314889871
-0.01909598989991082
-0.01909598989991082
0.001193728322993522
-0.0034554340699898957
-0.003111969001975072
-0.01909598989991082
-0.014569627314889871
-0.007924786252371672
-0.0037516676755923574
0.007969576193994899
0.004166250855662678
-0.013502390047235559
0.008541016483581004
-0.014414104544566817
-0.009931508431976486
-0.009857971174279098
-0.0006549285392478078
-0.013914026469365934
0.02202022384213272
-0.00390141552649179
-0.014414104544566817
-0.007171584156504221
-0.009931508431976486
-0.02081391181885272
-0.01909598989991082
-0.006200773265308683
-0.006520981137071811
0.007969576193994899
-0.010022109568877814
0.02202022384213272
-0.0002916209951422879
-0.009857971174279098
-0.02494305685676206
-0.00390141552649179
-0.0033097132218613307
-0.002468164551309991
-0.008940832812243487
-0.006200773265308683
-0.004295267758555547
