-0.015623503223045081
-0.004737433090988282
-0.0027516022631100647
-0.007150112633780129
-0.0163802325910222
-0.004544757264737626
-0.011634646379394951
-0.012558036039967805
-0.007150112633780129
-0.00476313709861063
-0.006737882112017388
-0.008335822759167588
-0.010174779584132225
-0.0019855854315485523
-0.011017493883848513
-0.01356483779664645
-0.010118516314191509
-0.0018452122414117313
-0.01012716876038383
-0.009808459385878343
-0.006937029983883817
-0.010663044019902493
-0.007732246798485498
-0.0014571038865938768
0.0015796805720799077
-0.003157656683373813
0.0009968723095892477
-0.003749704764402924
-0.016942957947513607
-0.002416360596710544
0.0031140515977179546
-0.005415061087581249
0.004210090611359867
-0.006159796196550934
-0.008335822759167588
0.005940958668591102
0.0031564887582959354
-0.008642494943627232
-0.004492902439415102
-0.002264032907254425
-0.0050622545967173175
0.0009050193171907331
0.008443180083229905
-0.007979233985901573
-0.0074148476383262335
-0.017052152642985055
-0.004714661968678882
0.0016904266656079853
-0.0038331427112545937
-0.006372519750147383
-0.004163697936411522
-0.009426130955856774
0.00365782372329612
-0.016942957947513607
-0.0027516022631100647
-0.0038836439975272795
-0.007732246798485498
-0.00928778638217708
-0.009325848328948729
-0.016610812866911663
-0.004899671996206534
0.006831554918323871
-0.002767380863612308
-0.010663044019902493
-0.001920209802691547
-0.004737433090988282
-0.0033780204984806203
-0.007616293791818419
-0.012910017028500401
-0.0038331427112545937
-0.006177066948230012
-0.00020182800077262194
-0.0011630662147167736
-0.010990814741325784
-0.0012667825324189487
0.005173921547876955
-0.0019576682131916177
0.0025520954691504094
-0.0069000198803516625
-0.0025684812593785226
0.00365782372329612
-0.006731258146589961
-0.008104939348205237
-0.006079643063282046
-0.013614118588105613
-0.010188182898870796
0.0025520954691504094
-0.004714661968678882
0.00157191219451993
-0.005736333439834047
-0.0015884575340196143
-0.004492902439415102
-0.0025345154534371166
-0.0014571038865938768
-0.0030447713097830273
-0.0015884575340196143
-0.003196998142756814
-0.0036537885580446463
-0.006079643063282046
-0.019747273708391962
0.0016904266656079853
-1.5229675181356433e-05
-0.004544757264737626
-0.004163697936411522
0.0025898554771539148
-0.00020182800077262194
-0.00267505003895455
-0.004544757264737626
0.0018166181169352964
0.0009050193171907331
-0.00266088651563122
-0.011017493883848513
-0.006035504028127477
-0.010560875899023964
-0.00018837147110973396
-0.0012667825324189487
-0.0013665311561965085
-0.016667048995164527
-0.002613491097816557
-0.011634646379394951
0.0029163598341260407
-0.005520750967409533
-0.005059551938323168
-0.0064783076707138985
0.0015796805720799077
-0.004714661968678882
-0.003085087539636093
-0.012879177719646162
-0.004163697936411522
-0.008323146958621321
-0.006940226499000286
-0.016980780742964136
-0.016667048995164527
-0.02199411065346504
0.005173921547876955
-0.004492902439415102
-0.014169411498802627
-0.02199411065346504
-0.010277143151813337
-0.0027931147479973296
0.0018166181169352964
-0.0012338764504749755
-0.003342000300145965
-0.0065660014461240285
-0.007757044831119674
-0.007582372898197768
-0.005222584333944251
-0.004913635346964316
-0.016798234824117526
-0.006737882112017388
-0.007288072845895967
-0.006177066948230012
-0.004204633411746771
-0.012879177719646162
-0.0076162920079540985
0.0030608483469443315
-0.00266088651563122
-0.01356483779664645
0.0025898554771539148
-0.0030246576865796434
0.0034566423003899124
-0.002416360596710544
-0.0022464552777560916
-0.006013120863505887
-0.01474754470575303
-0.0019576682131916177
0.00011225261059869579
-0.016667048995164527
-0.004492902439415102
-0.0069000198803516625
-0.00280811023657521
0.006831554918323871
-0.01133287758431498
0.005662689651909467
-0.0005774082419612677
-0.003607148972503688
-0.010395520884342934
0.0025520954691504094
-0.018512084149531722
-0.002077446156700935
-0.010118516314191509
-0.009848797773083397
-0.006778981405685149
-0.006778981405685149
0.00011225261059869579
-0.016667048995164527
-0.016667048995164527
0.00028054720782446507
-0.01012716876038383
-0.005674094056586637
-0.003342000300145965
-0.003823916114409362
-0.003823916114409362
-0.0010364920051463122
0.0030608483469443315
-0.009848797773083397
-0.007150112633780129
-0.000965834869210895
-0.0027516022631100647
-0.0066935402410808085
-0.010663044019902493
-0.003749704764402924
-0.007150112633780129
-0.016798234824117526
-0.0031419033673356278
0.007469222149896413
-0.011236597599596677
-0.011669189653199826
-0.005059551938323168
-0.005485532690485669
0.006191507148599176
-0.003607148972503688
-0.0030246576865796434
-0.016798234824117526
0.0038304013180019032
0.0025520954691504094
0.0025520954691504094
0.00619163241336593
0.00011225261059869579
0.008443180083229905
-0.012879177719646162
-0.002857694683694541
0.00025215667108762315
-0.004741025196530948
-0.0007655492591174024
-0.016798234824117526
-0.006079643063282046
-0.0013665311561965085
-0.010932298408922854
-0.005736333439834047
-0.006882724436346167
-0.010560875899023964
0.0038304013180019032
-0.02114375893692018
0.0009650993433633776
-0.0068226784109128805
-0.004036882217236096
0.0026013961747159008
-0.0006414652984451064
-0.005703826790466279
-0.000751776273801735
-0.004056209018330638
-0.0015843582241188796
-0.010188182898870796
-0.006013120863505887
-0.0027516022631100647
-0.003749704764402924
-0.004899671996206534
-0.0062365983247077116
-0.015859034964259975
-0.0015843582241188796
0.0012801755532343194
-0.010266604783312115
-0.0029465424613378762
-0.004204633411746771
-0.0033673803292609077
-0.011636067155598645
-0.000751776273801735
-0.007757044831119674
-0.004714661968678882
-0.0012667825324189487
0.0034566423003899124
0.006831554918323871
0.004210090611359867
-0.014122670826848354
-0.00476313709861063
-0.006177066948230012
-0.003085087539636093
-0.018512084149531722
-0.015859034964259975
0.005375973830466057
-0.005059551938323168
-0.0012667825324189487
-0.004562613845579532
-0.0006414652984451064
-0.000751776273801735
-1.5229675181356433e-05
0.0015796805720799077
-0.010118516314191509
-0.018512084149531722
0.006191507148599176
-0.016980780742964136
-0.010560875899023964
-0.004163697936411522
-0.010188182898870796
0.006966702143792987
-0.002613491097816557
-0.0025345154534371166
0.00025215667108762315
-0.0025345154534371166
-0.0012338764504749755
0.00011225261059869579
0.005389720691769606
-0.010932298408922854
-0.005342726662647241
-0.004894324477865957
-0.015367774552394662
-0.006940226499000286
-0.01012716876038383
-0.00020182800077262194
-0.00156174440489182
-0.005415061087581249
-0.009893395423468624
-0.002857694683694541
-0.006360970947867391
0.011255861440344085
-0.007616293791818419
-0.010174779584132225
-0.009893395423468624
-0.009530280247428613
-0.008014205333016715
0.0030608483469443315
-0.0019576682131916177
-0.0018452122414117313
-0.01133287758431498
-0.0074148476383262335
-0.0030246576865796434
-0.010560875899023964
-0.011236597599596677
-0.0002269249631700159
-0.0019576682131916177
-0.005485532690485669
-0.010107717184579913
0.0009650993433633776
-0.0030246576865796434
-0.006035504028127477
-0.001894923783240241
-0.010990814741325784
-0.02645657169791713
0.001838995359961597
-0.00199845970297547
-0.0011687387759179576
-0.0029465424613378762
-0.0002269249631700159
-0.008642494943627232
0.008101039012157958
-0.004433886452336959
-0.017855876607631264
-0.0011630662147167736
-0.00280811023657521
0.005940958668591102
-0.010118516314191509
-0.003823916114409362
0.00025215667108762315
0.0031140515977179546
-0.0005213887201740767
-0.0025684812593785226
-0.013054411251726659
-0.0011630662147167736
-0.012558036039967805
-0.005623333379473881
-0.008642494943627232
-0.0069000198803516625
0.006831554918323871
-0.017052152642985055
-0.005674094056586637
-0.0033673803292609077
-0.005222584333944251
0.008101039012157958
-0.001920209802691547
0.004210090611359867
-0.007798376284918811
-0.0013665311561965085
-0.004218661877333665
-0.012558036039967805
-0.005674094056586637
-1.5229675181356433e-05
-0.015367774552394662
-0.005703826790466279
-0.014873344436147785
-0.006731258146589961
0.0030608483469443315
0.0031564887582959354
-0.002613491097816557
-0.0030447713097830273
-0.00199845970297547
-0.012982580938352604
-0.002077446156700935
0.00365782372329612
-0.010395520884342934
-0.006145190245170377
0.006663149312987998
-0.004433886452336959
-0.007995001613987878
-0.004218661877333665
-0.012976763560049934
-0.005703826790466279
-0.010118516314191509
-0.002613491097816557
0.0018166181169352964
-0.006145190245170377
-0.012560407347722718
-0.007616293791818419
-0.010560875899023964
-0.0019576682131916177
-0.0038836439975272795
-0.007288072845895967
-0.00266088651563122
-0.0015884575340196143
0.008101039012157958
-0.00280811023657521
-0.00018837147110973396
-0.010266604783312115
-0.003012102183538537
-0.006937029983883817
-0.003342000300145965
-0.0065660014461240285
-0.004036882217236096
-0.012171561770261102
-0.0012667825324189487
-0.004562613845579532
-0.0010364920051463122
-0.007150112633780129
-0.0025345154534371166
-0.01961141651276872
-0.0019855854315485523
-0.0013665311561965085
0.008535605554423877
-0.010990814741325784
-0.003085087539636093
-0.006731258146589961
-0.0074148476383262335
-0.006778981405685149
-0.01356483779664645
-0.0014571038865938768
-0.0029465424613378762
-0.03211675964052509
-0.0029465424613378762
0.008443180083229905
-0.008351715014471586
-0.003607148972503688
-0.0030447713097830273
-0.00487702064435394
-0.004163697936411522
-0.0013665311561965085
-0.00023370304873480865
-0.007368551884539311
-0.0036537885580446463
0.00157191219451993
-0.004163697936411522
-0.007979233985901573
-0.013054411251726659
-0.005342726662647241
-7.367423451527422e-05
-0.0066935402410808085
-0.0036537885580446463
-0.019747273708391962
-0.00023370304873480865
-0.014122670826848354
0.005375973830466057
-0.006731258146589961
-0.006882724436346167
-0.005059551938323168
-0.006940226499000286
-0.006372519750147383
-0.009848797773083397
0.006663149312987998
-0.000943503949704568
-0.00952297934319326
0.008101039012157958
-0.010990814741325784
-0.012976763560049934
-0.001920209802691547
-0.0018452122414117313
-0.009848797773083397
-0.000751776273801735
0.002510556778325266
-0.015623503223045081
-0.008610062758398866
-0.010990814741325784
0.0034566423003899124
-0.012982580938352604
-0.004544757264737626
-0.0018452122414117313
-0.0064783076707138985
-0.00156174440489182
-0.000751776273801735
-0.008323146958621321
-0.00487702064435394
0.018023226633300086
-0.010395520884342934
-0.002613491097816557
-0.0011630662147167736
-0.00199845970297547
0.0038304013180019032
-0.003176477455792762
-0.004913635346964316
-0.007368551884539311
0.005389720691769606
-0.010395520884342934
-1.5229675181356433e-05
0.00157191219451993
0.018023226633300086
-0.008984128238078901
-0.0005213887201740767
-0.004562613845579532
-0.0025345154534371166
-0.006079643063282046
-0.0011630662147167736
-0.0012338764504749755
-0.009325848328948729
-0.007746371781695626
-0.011634646379394951
-0.000751776273801735
-0.010266604783312115
-0.012558036039967805
-0.0058565931289081665
-0.018512084149531722
0.0031140515977179546
-0.02645657169791713
-0.003926331250026481
-0.017855876607631264
-0.0018452122414117313
-0.021814915694365868
-0.02199411065346504
-0.007368551884539311
-0.00023370304873480865
-0.008984128238078901
-0.019747273708391962
-0.000751776273801735
-0.004562613845579532
0.006191507148599176
-0.000965834869210895
-0.004737433090988282
-0.008984128238078901
-0.0027516022631100647
-0.006882724436346167
-0.005415061087581249
-0.010427692294026972
-0.00713832221644526
-0.0009846794799033848
-0.010560875899023964
-0.009530280247428613
-0.0027931147479973296
-0.00713832221644526
-0.012910017028500401
0.005375973830466057
-0.006940226499000286
-0.007150112633780129
0.00011225261059869579
-0.0041476033699001606
-0.0005203273163271649
-0.0036537885580446463
-0.0041476033699001606
0.0030608483469443315
-0.0012338764504749755
0.0009650993433633776
-0.0035262904401646773
-0.0041476033699001606
-0.0020293290693991993
-0.006940226499000286
0.008535605554423877
-0.0012667825324189487
-0.004036882217236096
-0.006731258146589961
-0.00266088651563122
-0.0069000198803516625
-0.0014720158484447172
-0.0019576682131916177
-0.00578111714723841
-0.006292080207833625
-0.016134304880196938
-0.007616293791818419
-0.012558036039967805
-0.006292080207833625
-0.002767380863612308
-0.016798234824117526
-0.0011630662147167736
-0.0064783076707138985
-0.00487702064435394
-0.014122670826848354
-0.0014720158484447172
-0.008610062758398866
-0.005736333439834047
-0.012879177719646162
-0.009426130955856774
0.006663149312987998
-0.00487702064435394
-0.0023398511394001112
-0.008984128238078901
-0.010107717184579913
-0.012976763560049934
-0.005736333439834047
-0.00199845970297547
0.005389720691769606
0.0009968723095892477
-0.007732246798485498
-0.00405146939482513
-0.0033673803292609077
-0.0027931147479973296
0.0030608483469443315
-0.004218661877333665
0.008717711622708029
-0.0027931147479973296
-0.0045768635486075375
-0.011636067155598645
-0.009893395423468624
-0.000751776273801735
-0.010107717184579913
-0.0025684812593785226
0.0018166181169352964
-0.02114375893692018
-0.0014571038865938768
-0.002767380863612308
0.002510556778325266
-0.007582372898197768
-0.010427692294026972
-0.008610062758398866
0.008535605554423877
0.006966702143792987
0.0034566423003899124
-0.009082724334810397
-0.007582372898197768
-0.0022464552777560916
0.0034566423003899124
-0.0027931147479973296
0.005173921547876955
-0.003749704764402924
-0.0076162920079540985
0.005940958668591102
-0.008351715014471586
-0.006035504028127477
-0.0015601265040638972
-0.0066935402410808085
-0.00156174440489182
-0.012902168993725347
-0.0050622545967173175
-0.0008217568241383358
-0.00928778638217708
-0.006372519750147383
-0.009893395423468624
-0.0023398511394001112
0.0009968723095892477
-0.008323146958621321
-0.0033780204984806203
-0.004036882217236096
-0.01012716876038383
-0.0030246576865796434
-0.004913635346964316
-0.0036537885580446463
-0.010118516314191509
-0.0033780204984806203
0.0034566423003899124
-0.008014205333016715
-0.010932298408922854
-0.00023370304873480865
-0.004741025196530948
0.008443180083229905
-0.005623333379473881
-0.0020903091123455507
-0.018512084149531722
-0.004218661877333665
-0.00952297934319326
-0.010990814741325784
-0.002416360596710544
-0.002077446156700935
-0.006292080207833625
-0.006737882112017388
0.0062799425743292935
-0.004544757264737626
-0.007798376284918811
-0.0027516022631100647
-0.013614118588105613
-0.006035504028127477
-0.0029465424613378762
-0.00713832221644526
-0.007732246798485498
-0.006882724436346167
-0.0058565931289081665
-0.007732246798485498
-0.003607148972503688
-0.008642494943627232
-0.012558036039967805
-0.016134304880196938
0.007469222149896413
-0.003176477455792762
0.00157191219451993
-0.0007361688867771705
-0.01961141651276872
-0.0020903091123455507
-0.006145190245170377
-0.01133287758431498
0.0009650993433633776
-0.006360970947867391
-0.009311765343098641
-0.005059551938323168
-0.0041476033699001606
0.008585247569459348
-0.0011630662147167736
-0.015859034964259975
0.000829735106988018
-0.01133287758431498
-0.016667048995164527
0.018023226633300086
-0.02114375893692018
-0.0005203273163271649
-0.0002269249631700159
-0.001920209802691547
-0.014169411498802627
-0.0058565931289081665
-0.001894923783240241
0.001838995359961597
0.008101039012157958
0.006191507148599176
-0.005415061087581249
-0.008014205333016715
-0.02026129725003789
-0.00405146939482513
-0.003926331250026481
-0.004433886452336959
-0.0038331427112545937
-0.009082724334810397
-0.0018452122414117313
0.0025898554771539148
-0.010395520884342934
0.001838995359961597
-0.005415061087581249
-0.005736333439834047
-0.0025684812593785226
0.008101039012157958
-0.013054411251726659
-0.006731258146589961
-0.0022464552777560916
-0.0027931147479973296
-0.004714661968678882
-0.012976763560049934
-0.0058565931289081665
-0.007368551884539311
-0.0010123176326753034
-0.004492902439415102
-0.00023370304873480865
0.0007707542450169295
-0.010427692294026972
0.000829735106988018
-0.004899671996206534
0.0007707542450169295
-0.004737433090988282
-0.0010123176326753034
-0.003176477455792762
-0.012558036039967805
0.007469222149896413
-0.005222584333944251
-0.006360970947867391
-0.0012338764504749755
-0.004741025196530948
-0.010118516314191509
-0.0069000198803516625
0.00619163241336593
-0.009325848328948729
-0.01474754470575303
-0.002613491097816557
-0.01012716876038383
-0.009311765343098641
-0.016667048995164527
-0.0027516022631100647
-0.00280811023657521
-0.0014720158484447172
0.006663149312987998
-0.0058565931289081665
-0.013614118588105613
-0.0045768635486075375
-0.010990814741325784
-0.006292080207833625
0.005375973830466057
-0.014122670826848354
-0.0019576682131916177
-0.007288072845895967
-0.0027516022631100647
-0.0011687387759179576
-0.0005774082419612677
0.000829735106988018
-0.0022464552777560916
-0.007150112633780129
-0.006372519750147383
-0.00266088651563122
-0.011634646379394951
-0.008984128238078901
0.0025898554771539148
-0.0005203273163271649
0.018023226633300086
-0.0036537885580446463
-0.012902168993725347
-0.008351715014471586
-0.0078476650698211
-0.021814915694365868
-0.002077446156700935
-0.003176477455792762
0.00011823090024894501
-0.0025684812593785226
-0.009848797773083397
-0.0012667825324189487
-0.006971789742688757
-0.002613491097816557
-0.015367774552394662
0.001838995359961597
-0.0014720158484447172
-0.0010123176326753034
-0.0010364920051463122
-0.0038331427112545937
-0.0006414652984451064
-0.00199845970297547
-0.010277143151813337
0.0038304013180019032
-0.0013665311561965085
-0.012976763560049934
-0.003157656683373813
-0.005736333439834047
-0.00267505003895455
-0.0066935402410808085
-0.0007361688867771705
-0.002857694683694541
-0.019747273708391962
-0.006079643063282046
-0.005485532690485669
-0.01474754470575303
-0.006940226499000286
0.005375973830466057
-0.0022464552777560916
0.0038304013180019032
-0.006145190245170377
-0.006372519750147383
0.0038304013180019032
-0.0163802325910222
-0.021814915694365868
-0.007150112633780129
-0.015623503223045081
-0.003176477455792762
-0.012982580938352604
-0.0014720158484447172
-0.003926331250026481
-0.0015843582241188796
-0.0035262904401646773
0.005375973830466057
-0.005059551938323168
-0.010990814741325784
-0.0033780204984806203
-0.001920209802691547
-0.009082724334810397
-0.009426130955856774
-0.00952297934319326
-0.007582372898197768
0.0026013961747159008
0.00028054720782446507
-0.004562613845579532
-0.0002269249631700159
-0.0012667825324189487
-0.009695319836355208
-0.010174779584132225
0.011255861440344085
-0.007522841684111969
-0.003342000300145965
-0.010277143151813337
-0.0007037938347146453
-0.016667048995164527
-0.004056209018330638
-0.0025345154534371166
-0.017855876607631264
-0.017855876607631264
-0.008335822759167588
-0.016942957947513607
0.00157191219451993
0.005940958668591102
-0.0019855854315485523
-0.007995001613987878
-0.0074148476383262335
-0.000751776273801735
-0.016192990180234096
-0.004544757264737626
-0.010990814741325784
-0.001920209802691547
-0.0022464552777560916
-1.5229675181356433e-05
-0.015623503223045081
-0.0011630662147167736
0.0007707542450169295
0.004210090611359867
-0.005623333379473881
-0.006145190245170377
-0.00487702064435394
-0.0078476650698211
-0.014169411498802627
-0.0031419033673356278
-0.010118516314191509
-0.004204633411746771
-0.012560407347722718
0.007934582337100163
-0.013614118588105613
-0.005415061087581249
-0.0019576682131916177
-0.009808459385878343
-0.0069000198803516625
-0.0031419033673356278
-0.0025684812593785226
-0.003823916114409362
0.0011601099922243243
-0.006079643063282046
-0.009443548500839125
-0.007732246798485498
-0.00280811023657521
0.0025520954691504094
-0.0018452122414117313
-0.0005774082419612677
-0.0005203273163271649
-0.0015884575340196143
0.0038304013180019032
-0.009311765343098641
0.0012801755532343194
-0.010277143151813337
-0.009808459385878343
-0.0025345154534371166
-0.005415061087581249
0.0007707542450169295
-0.0020903091123455507
-0.000751776273801735
-0.001920209802691547
0.00011225261059869579
-0.002613491097816557
-0.0007037938347146453
-0.005736333439834047
-0.00023370304873480865
-0.0038836439975272795
-0.007757044831119674
-0.010107717184579913
-0.0010364920051463122
-0.006013120863505887
-0.0015601265040638972
-0.009695319836355208
-0.010174779584132225
-0.000751776273801735
-0.004741025196530948
0.0031140515977179546
-0.0005774082419612677
-0.005059551938323168
0.008585247569459348
-0.005485532690485669
-0.004714661968678882
0.0015796805720799077
0.0018166181169352964
-0.011017493883848513
-0.004562613845579532
-0.002767380863612308
0.00028054720782446507
-0.007775271260127573
-0.006013120863505887
-0.008642494943627232
0.0029163598341260407
-0.005703826790466279
-0.016667048995164527
0.0031564887582959354
-0.009325848328948729
-0.009695319836355208
-0.010188182898870796
-0.008104939348205237
-0.010663044019902493
-0.008923330955046624
-0.019747273708391962
-0.006372519750147383
0.011255861440344085
-0.010663044019902493
-0.004163697936411522
0.00365782372329612
0.005940958668591102
0.0015796805720799077
-0.01474754470575303
-0.007979233985901573
-0.004492902439415102
-0.004562613845579532
-0.010118516314191509
0.00365782372329612
-0.007522841684111969
-0.0005213887201740767
-0.014122670826848354
-0.003749704764402924
-0.002264032907254425
-0.003749704764402924
-0.010990814741325784
-0.004492902439415102
-0.004913635346964316
-0.015367774552394662
-0.0074148476383262335
0.006966702143792987
-0.021814915694365868
-0.0023398511394001112
0.002510556778325266
-0.001920209802691547
0.005940958668591102
0.008535605554423877
-0.0011630662147167736
-0.0008217568241383358
-0.0058565931289081665
-0.006360970947867391
-0.02199411065346504
-0.002416360596710544
0.0018166181169352964
-0.016667048995164527
-0.006159796196550934
0.006966702143792987
-0.007368551884539311
-0.007616293791818419
-0.00199845970297547
