-0.015447723871112824
-0.021218102738067048
-0.044877928226715956
-0.026792455997729427
-0.005763147451552625
-0.04605739941970451
-0.016039433529631435
0.0031957963185035207
-0.018768238987268617
-0.0072864351945083625
0.0029877491789893546
-0.05307138403228215
-0.04605739941970451
-0.02686272098486119
-0.03848886781100416
-0.017683563923366872
-0.02842273070816693
-0.011883370337531288
-0.0210105973258816
-0.015356042420714784
-0.013911196196674087
-0.019840993162980134
-0.013365152974074791
-0.03173346125833362
-0.022353289789890967
-0.020024558722949757
-0.05836867905958331
-0.011801509624915494
-0.023741833126225662
-0.03231703915672731
-0.0020221976184724346
-0.009968323191150768
-0.0210105973258816
-0.01786787081380473
-0.046598119123922394
-0.017683563923366872
-0.005476671959112677
-0.03231703915672731
-0.01107273096418317
-0.011801509624915494
-0.015356042420714784
-0.010285679107343822
-0.010705362653401397
-0.05358352523265568
-0.023439289820759133
-0.03491270225934542
0.0002200184349188162
-0.009683176242898888
-0.007298897469122434
0.003884568896274703
-0.01457485980248132
-0.016051937679962144
-0.014723956540480672
-0.01457485980248132
-0.006865669672303262
-0.003911236462495309
-0.03414592030298423
-0.007862792212437466
-0.054331106305246075
-0.06506635541525481
-0.015859934826015262
-0.03294724065382852
-0.015356042420714784
-0.02181063843700843
0.010393930937257285
-0.017933414405096156
-0.04605739941970451
-0.02563416706513295
-0.035760406454655363
-0.0069686120537139655
-0.013429147896333192
-0.01082871408511088
-0.031824005475463865
-0.007298897469122434
-0.018159091290296858
-0.011213098020948449
-0.031126140929581447
-0.02292088743888752
-0.021359005834896222
-0.04341350662999657
-0.031660869235591756
-0.026690997215291157
-0.0072864351945083625
-0.026001323154466682
-0.03848886781100416
-0.012633271037283225
-0.01457485980248132
-0.05358352523265568
-0.03157748566182235
-0.005672142636562759
-0.04903519070015498
-0.04341350662999657
-0.044877928226715956
-0.01652770973873962
0.000650742924559877
-0.03520348813368385
-0.0024047273108379146
-0.012633271037283225
-0.014784140279501165
-0.007477350097071267
0.000650742924559877
-0.006056079439881751
-0.03198930225535984
-0.019632838252278042
-0.022773474553882532
0.0031957963185035207
-0.013911196196674087
-0.005672142636562759
-0.003100478050269571
-0.02522149045699474
-0.008578331233159733
-0.010839557234528011
-0.024323967615300177
-0.01652770973873962
-0.00865168978786806
-0.015356042420714784
-0.05836867905958331
-0.022353289789890967
0.003884568896274703
-0.039919731223112195
-0.015356042420714784
0.0029877491789893546
-0.01107273096418317
-0.023359576779505575
-0.05836867905958331
-0.016051937679962144
0.0029877491789893546
-0.03294724065382852
-0.009968323191150768
-0.008880179260981167
0.0064816320516135955
-0.015356042420714784
-0.041114975929301745
-0.023439289820759133
0.00824758248105225
-0.03207230046272329
-0.02522149045699474
-0.06520963074648331
-0.023741833126225662
0.0002200184349188162
-0.019840993162980134
-0.05389248078046777
-0.014218520211916592
-0.014760873230201938
-0.009571848167456312
-0.008578331233159733
-0.013365152974074791
-0.011540457308736358
-0.015405289085289963
-0.02081132818776709
-0.0005865325717003576
-0.028257713667470805
-0.031824005475463865
-0.023741833126225662
-0.014218520211916592
-0.022773474553882532
-0.005476671959112677
-0.03417564967961053
-0.007298897469122434
0.007121524829517591
-0.017933414405096156
-0.03173346125833362
-0.03118895955625717
-0.013866545092386271
-0.03466282221224154
0.003884568896274703
-0.022773474553882532
-0.010705362653401397
-0.012430233006414347
-0.03198930225535984
-0.013291271890279878
-0.009189797668690715
-0.014459316341473736
-0.041114975929301745
-0.009779216103519011
-0.022605080028773684
-0.019847843742827265
-0.08702803882793583
-0.015356042420714784
-0.03231703915672731
-0.01652770973873962
-0.05816804191083378
-0.025502019233748018
-0.0069686120537139655
-0.0030145088317147213
-0.031824005475463865
0.0031957963185035207
-0.02292088743888752
0.016372467502152946
-0.03173346125833362
0.020455143480271384
-0.01107273096418317
0.003884568896274703
-0.024323967615300177
-0.0351677252729197
-0.019847843742827265
-0.014723956540480672
-0.03417564967961053
-0.011213098020948449
-0.035760406454655363
-0.006865669672303262
-0.05358352523265568
-0.05836867905958331
-0.05938414810845971
-0.04341350662999657
-0.01652770973873962
-0.003100478050269571
-0.01082871408511088
-0.016636667342708113
-0.046598119123922394
-0.02686272098486119
-0.008578331233159733
-0.015405289085289963
-0.03294724065382852
-0.022128155290496537
-0.010705362653401397
-0.022353289789890967
-0.03207230046272329
-0.026792455997729427
-0.016001536405655943
-0.011540457308736358
-0.007140896195785129
-0.018489280846312246
-0.02563416706513295
-0.035760406454655363
-0.007140896195785129
-0.06520963074648331
-0.05512679874449613
-0.013472854636874846
-0.0210105973258816
-0.03411959195838685
-0.0030145088317147213
-0.046598119123922394
-0.024323967615300177
-0.013866545092386271
-0.01457485980248132
-0.030922916856390443
-0.009167700934793879
0.0029877491789893546
0.003314452042984039
0.003884568896274703
0.0029877491789893546
-0.015405289085289963
0.000650742924559877
-0.0210105973258816
-0.015639348697901026
-0.021346444052818516
-0.006538815054576406
0.007121524829517591
-0.03118895955625717
-0.03848886781100416
-0.02522149045699474
-0.004720027051873618
-0.016051937679962144
-0.05307138403228215
0.0031957963185035207
-0.04324355256221787
-0.025806548163547927
0.0031957963185035207
-0.017362602813561934
-0.014218520211916592
-0.013478246247194372
-0.010705362653401397
-0.012231017578781632
0.0002200184349188162
-0.015405289085289963
-0.016001536405655943
-0.026001323154466682
0.0029877491789893546
-0.005192529785863921
-0.024458541371526116
-0.025502019233748018
-0.009167700934793879
0.003314452042984039
0.0002200184349188162
-0.04903519070015498
-0.01241431203237021
-0.021346444052818516
-0.04022690465583845
-0.010285679107343822
-0.015859934826015262
-0.03147616095417863
-0.032674493547457044
-0.007140896195785129
-0.027576949997074687
-0.005192529785863921
-0.03836235618450987
-0.015639348697901026
-0.02697193029152488
-0.03207230046272329
-0.014760873230201938
-0.010705362653401397
-0.016001536405655943
0.007121524829517591
-0.016051937679962144
-0.06506635541525481
-0.03118895955625717
-0.02522149045699474
-0.05274987316696216
-0.009968323191150768
-0.035760406454655363
-0.035760406454655363
-0.019949983290390445
-0.023359576779505575
-0.03417564967961053
-0.08702803882793583
-0.006865669672303262
-0.01457485980248132
-0.008578331233159733
-0.046598119123922394
-0.017362602813561934
-0.015356042420714784
-0.009441012557967305
-0.05307138403228215
-0.02081132818776709
-0.04903519070015498
0.016372467502152946
-0.005484715759889274
-0.017933414405096156
-0.015639348697901026
-0.003911236462495309
-0.026690997215291157
-0.03417564967961053
-0.017683563923366872
0.003314452042984039
-0.02406935993849765
-0.019440371157146554
-0.013911196196674087
-0.013291271890279878
-0.05516481119663819
-0.007901355666330018
-0.026690997215291157
-0.005763147451552625
-0.0069686120537139655
-0.013429147896333192
-0.017683563923366872
-0.011234520201662905
-0.022353289789890967
-0.012231017578781632
-0.05274987316696216
-0.02292088743888752
-0.026690997215291157
-0.009779216103519011
0.003884568896274703
-0.015356042420714784
-0.03198930225535984
0.007121524829517591
-0.015639348697901026
-0.03411959195838685
-0.0010354111224280932
-0.026001323154466682
-0.054331106305246075
-0.009779216103519011
-0.005476671959112677
-0.024458541371526116
-0.007862792212437466
-0.013365152974074791
-0.013429147896333192
-0.05274987316696216
0.000650742924559877
-0.05816804191083378
-0.01811189207558536
-0.03294724065382852
-0.025806548163547927
-0.018489280846312246
-0.020024558722949757
-0.019949983290390445
-0.046598119123922394
-0.01457485980248132
-0.035587231873969165
-0.007298897469122434
-0.014994986949164398
0.010393930937257285
-0.015356042420714784
-0.003911236462495309
-0.009779216103519011
0.02621216523598217
-0.023741833126225662
-0.019840993162980134
-0.01786787081380473
-0.015639348697901026
-0.008686555874197229
-0.016636667342708113
-0.017683563923366872
-0.011234520201662905
-0.03294724065382852
-0.026792455997729427
0.003884568896274703
-0.039976948807777773
-0.011801509624915494
0.004998353669395299
-0.0210105973258816
-0.011801509624915494
-0.016001536405655943
0.000650742924559877
-0.026792455997729427
-0.00865168978786806
-0.026690997215291157
-0.014994986949164398
-0.026792455997729427
-0.03294724065382852
-0.02181063843700843
-0.04022690465583845
0.02507336784454733
-0.026001323154466682
-0.013472854636874846
-0.016001536405655943
-0.039976948807777773
-0.04341350662999657
-0.05816804191083378
-0.014760873230201938
-0.017683563923366872
-0.046598119123922394
-0.010285679107343822
-0.02697193029152488
-0.030104951435177666
-0.011883370337531288
-0.05816804191083378
-0.05938414810845971
-0.01082871408511088
-0.030922916856390443
-0.02081132818776709
-0.0005865325717003576
-0.05358352523265568
-0.02292088743888752
-0.03294976849337878
-0.0005865325717003576
-0.022605080028773684
-0.035760406454655363
-0.013866545092386271
-0.03414592030298423
-0.022128155290496537
-0.021346444052818516
-0.005192529785863921
-0.012881232887820353
-0.005672142636562759
-0.013911196196674087
-0.027576949997074687
-0.04605739941970451
-0.01107273096418317
-0.022128155290496537
-0.003911236462495309
-0.0024047273108379146
-0.01847037333339231
-0.022128155290496537
-0.006056079439881751
-0.035760406454655363
-0.009167700934793879
-0.017362602813561934
-0.0210105973258816
0.003314452042984039
-0.03118895955625717
-0.016636667342708113
-0.06520963074648331
0.003314452042984039
-0.04605739941970451
-0.04341350662999657
-0.026001323154466682
-0.05287137506584423
0.000650742924559877
0.02621216523598217
-0.05836867905958331
-0.03147616095417863
-0.011213098020948449
-0.05274987316696216
-0.02686272098486119
0.0029877491789893546
-0.03414592030298423
-0.013911196196674087
-0.01036558227404926
0.02621216523598217
-0.009189797668690715
-0.015356042420714784
-0.005763147451552625
-0.012231017578781632
-0.019440371157146554
-0.02431653669334145
-0.024458541371526116
-0.0010354111224280932
-0.08702803882793583
-0.012231017578781632
-0.01811189207558536
-0.05816804191083378
-0.03520348813368385
-0.06506635541525481
0.016372467502152946
-0.02431653669334145
-0.03198930225535984
-0.054331106305246075
-0.01684864420132174
-0.013472854636874846
-0.03294976849337878
-0.031824005475463865
-0.02406935993849765
-0.014723956540480672
0.004998353669395299
-0.01457485980248132
-0.02181063843700843
-0.013429147896333192
-0.013866545092386271
-0.011213098020948449
-0.018489280846312246
-0.021346444052818516
-0.03294976849337878
-0.015356042420714784
0.007121524829517591
-0.035587231873969165
-0.019847843742827265
-0.02686272098486119
-0.017683563923366872
-0.03520348813368385
-0.008880179260981167
-0.0351677252729197
-0.025806548163547927
-0.05307138403228215
0.003314452042984039
-0.008686555874197229
-0.02081132818776709
-0.019440371157146554
-0.021359005834896222
-0.03118895955625717
-0.02697193029152488
-0.009571848167456312
-0.007298897469122434
-0.026001323154466682
-0.060774351053011814
-0.013911196196674087
-0.009441012557967305
-0.007484949872888412
-0.008686555874197229
-0.022940241778588253
-0.013911196196674087
-0.03294976849337878
-0.022198088421576674
-0.006538815054576406
0.0029877491789893546
-0.02697193029152488
-0.014218520211916592
-0.014784140279501165
-0.028257713667470805
0.003884568896274703
-0.013724700872191489
-0.032674493547457044
-0.039919731223112195
-0.023439289820759133
-0.019908850560577677
-0.005672142636562759
-0.02563416706513295
-0.025502019233748018
-0.019949983290390445
-0.01811189207558536
-0.01684864420132174
-0.011234520201662905
-0.01807037278727388
-0.0069686120537139655
-0.012633271037283225
-0.015639348697901026
-0.005192529785863921
-0.019440371157146554
-0.01107273096418317
0.008862613392479637
-0.02406935993849765
-0.021359005834896222
-0.01807037278727388
0.0064816320516135955
-0.013911196196674087
-0.021359005834896222
-0.06506635541525481
-0.016001536405655943
-0.013724700872191489
0.010393930937257285
-0.012881232887820353
-0.0024047273108379146
-0.017362602813561934
-0.008880179260981167
-0.013911196196674087
-0.01457485980248132
0.00824758248105225
-0.05516481119663819
-0.011801509624915494
-0.016636667342708113
-0.031824005475463865
-0.013429147896333192
-0.009189797668690715
0.02621216523598217
-0.05938414810845971
-0.05512679874449613
-0.009571848167456312
-0.017362602813561934
-0.02292088743888752
-0.039976948807777773
-0.05516481119663819
-0.011540457308736358
-0.022198088421576674
-0.022198088421576674
-0.018768238987268617
-0.05938414810845971
-0.008578331233159733
-0.02406935993849765
-0.015356042420714784
-0.014784140279501165
-0.013724700872191489
-0.01811189207558536
0.0031957963185035207
-0.0005865325717003576
-0.0072864351945083625
-0.039976948807777773
-0.013478246247194372
0.0031957963185035207
-0.02522149045699474
-0.03147616095417863
-0.030922916856390443
-0.005476671959112677
-0.03207230046272329
-0.06506635541525481
-0.024458541371526116
-0.01036558227404926
-0.030922916856390443
-0.05516481119663819
-0.007484949872888412
-0.019847843742827265
-0.0072864351945083625
-0.0024047273108379146
-0.011883370337531288
-0.013911196196674087
-0.018159091290296858
-0.044877928226715956
0.016372467502152946
-0.04022690465583845
-0.05287137506584423
0.003884568896274703
-0.009968323191150768
-0.022128155290496537
-0.005484715759889274
-0.03294976849337878
-0.015356042420714784
-0.014723956540480672
-0.02081132818776709
-0.0020221976184724346
-0.03417564967961053
-0.0072864351945083625
-0.019562445349728626
-0.03294724065382852
-0.02756070375665405
-0.05274987316696216
-0.007298897469122434
-0.025806548163547927
-0.021346444052818516
-0.044877928226715956
-0.03118895955625717
-0.005672142636562759
-0.007472766050692326
-0.039976948807777773
-0.007477350097071267
-0.006056079439881751
-0.05287137506584423
-0.008578331233159733
-0.010285679107343822
-0.02686272098486119
-0.01082871408511088
-0.05512679874449613
-0.021359005834896222
-0.00865168978786806
-0.013472854636874846
-0.01652770973873962
-0.007484949872888412
-0.026690997215291157
-0.044877928226715956
-0.009779216103519011
-0.006056079439881751
-0.04847840142253891
-0.01082871408511088
-0.031660869235591756
-0.02431653669334145
-0.008880179260981167
-0.0210105973258816
-0.008578331233159733
-0.02292088743888752
-0.026001323154466682
-0.03118895955625717
-0.04022690465583845
-0.022940241778588253
-0.03294976849337878
-0.011883370337531288
-0.05816804191083378
0.016372467502152946
-0.039976948807777773
-0.026001323154466682
-0.021218102738067048
-0.019562445349728626
-0.016001536405655943
-0.013724700872191489
-0.018489280846312246
-0.022773474553882532
-0.02563416706513295
-0.02081132818776709
-0.05307138403228215
0.0064816320516135955
-0.013724700872191489
-0.030104951435177666
-0.021218102738067048
-0.011540457308736358
-0.01241431203237021
-0.005476671959112677
-0.014760873230201938
-0.021346444052818516
-0.018159091290296858
-0.03147616095417863
-0.003911236462495309
-0.01807037278727388
-0.012881232887820353
-0.01107273096418317
-0.06520963074648331
-0.005484715759889274
-0.032674493547457044
-0.05389248078046777
-0.0351677252729197
0.02621216523598217
-0.02842273070816693
-0.008578331233159733
0.003884568896274703
-0.0069686120537139655
-0.02563416706513295
-0.017362602813561934
-0.05287137506584423
-0.019562445349728626
-0.05938414810845971
-0.022353289789890967
-0.08702803882793583
0.008862613392479637
-0.039976948807777773
-0.0351677252729197
-0.035587231873969165
-0.016636667342708113
-0.005484715759889274
-0.015447723871112824
0.02621216523598217
0.004998353669395299
-0.04341350662999657
-0.01082871408511088
-0.05938414810845971
-0.019632838252278042
-0.019847843742827265
-0.007862792212437466
-0.019908850560577677
-0.028257713667470805
-0.05836867905958331
-0.022940241778588253
-0.0030145088317147213
-0.013866545092386271
-0.007472766050692326
-0.050353306818773896
-0.019949983290390445
-0.03294976849337878
0.003314452042984039
-0.035760406454655363
-0.016636667342708113
-0.05836867905958331
-0.013429147896333192
-0.024323967615300177
-0.01786787081380473
-0.05816804191083378
-0.044877928226715956
-0.04022690465583845
-0.021346444052818516
-0.026792455997729427
-0.003100478050269571
-0.05274987316696216
-0.017362602813561934
-0.005192529785863921
-0.023439289820759133
-0.014218520211916592
-0.031660869235591756
-0.019632838252278042
-0.02292088743888752
-0.016051937679962144
-0.04022690465583845
-0.009189797668690715
-0.03848886781100416
-0.02697193029152488
-0.008880179260981167
-0.03417564967961053
-0.0210105973258816
-0.031126140929581447
0.003884568896274703
-0.017933414405096156
-0.006056079439881751
-0.024458541371526116
-7.97796854243994e-07
-0.01811189207558536
-0.031660869235591756
-0.019440371157146554
-0.01847037333339231
-0.007140896195785129
-0.021218102738067048
-0.019847843742827265
-0.03848886781100416
-0.008686555874197229
-0.02406935993849765
-0.005672142636562759
-0.013866545092386271
-0.024323967615300177
-0.035760406454655363
-0.03198930225535984
-0.01012541290641922
0.000650742924559877
-0.013291271890279878
0.007121524829517591
-0.015405289085289963
0.016372467502152946
-0.013291271890279878
-0.009571848167456312
-0.014784140279501165
-0.02431653669334145
-0.022773474553882532
0.007121524829517591
-0.032674493547457044
-0.019632838252278042
-0.01036558227404926
-0.014760873230201938
-0.04341350662999657
-0.010705362653401397
-0.014994986949164398
-0.02842273070816693
-0.035760406454655363
-0.04903519070015498
-0.022940241778588253
-0.007477350097071267
-0.023439289820759133
0.007121524829517591
-0.01652770973873962
-0.012430233006414347
-0.0005865325717003576
-0.006538815054576406
-0.0072864351945083625
-0.019847843742827265
-0.013472854636874846
-0.019949983290390445
0.007121524829517591
-0.04605739941970451
-0.04022690465583845
-0.013866545092386271
-0.02406935993849765
0.0064816320516135955
-0.013291271890279878
-0.018159091290296858
-0.005192529785863921
-0.010839557234528011
-0.01847037333339231
-0.05938414810845971
-0.02563416706513295
-0.012881232887820353
-0.050353306818773896
-0.009968323191150768
-0.026690997215291157
-0.018768238987268617
-0.028257713667470805
-0.03836235618450987
0.0031957963185035207
-0.01807037278727388
-0.007484949872888412
-0.035587231873969165
-0.0030145088317147213
-0.008686555874197229
-0.039976948807777773
-0.018768238987268617
-0.022353289789890967
-0.03466282221224154
-0.046598119123922394
-0.005672142636562759
-0.025806548163547927
-0.0210105973258816
-0.019847843742827265
-0.031126140929581447
-0.009683176242898888
-0.039919731223112195
-0.01847037333339231
-0.015356042420714784
-0.06520963074648331
-0.010285679107343822
-0.0005865325717003576
-0.01012541290641922
-0.019562445349728626
0.003884568896274703
-0.030922916856390443
-0.01811189207558536
-0.024458541371526116
-0.039919731223112195
0.020455143480271384
-0.01457485980248132
-0.00865168978786806
-0.00865168978786806
-0.04903519070015498
-0.02756070375665405
-0.044877928226715956
-0.024458541371526116
0.0029877491789893546
-0.013911196196674087
-0.027576949997074687
-0.0030145088317147213
-0.021218102738067048
-0.007298897469122434
-0.03118895955625717
-0.019440371157146554
-0.009968323191150768
-0.012633271037283225
-0.03848886781100416
0.003314452042984039
-0.008880179260981167
-0.03207230046272329
-0.054331106305246075
-0.017683563923366872
-0.05512679874449613
0.008862613392479637
-0.05516481119663819
-0.054331106305246075
-0.022940241778588253
-0.005476671959112677
-0.02406935993849765
-0.015356042420714784
-0.013724700872191489
-0.013365152974074791
-0.017362602813561934
0.00824758248105225
-0.019847843742827265
-0.017362602813561934
-0.012231017578781632
-0.019908850560577677
-0.016051937679962144
-0.013866545092386271
-0.007472766050692326
-0.04847840142253891
-0.021346444052818516
-0.01107273096418317
-0.007140896195785129
-0.013866545092386271
-0.014723956540480672
-0.004720027051873618
-0.022605080028773684
-0.016001536405655943
-0.01082871408511088
-0.022605080028773684
-0.04341350662999657
-0.03411959195838685
-0.009167700934793879
-0.06520963074648331
-0.04847840142253891
-0.008880179260981167
-0.023359576779505575
0.02507336784454733
-0.03118895955625717
-0.014994986949164398
-0.03848886781100416
-0.03207230046272329
-0.01012541290641922
0.02507336784454733
-0.02522149045699474
-0.022353289789890967
-0.026690997215291157
-0.007862792212437466
-0.021346444052818516
-0.015356042420714784
0.007121524829517591
-0.05287137506584423
-0.01107273096418317
-0.015447723871112824
-0.01012541290641922
-0.03411959195838685
-0.009968323191150768
-0.01457485980248132
-0.006865669672303262
-0.01786787081380473
-0.023741833126225662
-0.02431653669334145
-0.01107273096418317
-0.012430233006414347
-0.014723956540480672
-0.01082871408511088
-0.05816804191083378
-0.04903519070015498
-0.013724700872191489
-0.08702803882793583
-0.019908850560577677
-0.05516481119663819
-0.017683563923366872
-0.01811189207558536
-0.03414592030298423
-0.015639348697901026
-0.03414592030298423
0.003884568896274703
-0.02431653669334145
-0.016001536405655943
-0.003100478050269571
-0.009167700934793879
-0.02842273070816693
-0.03520348813368385
-0.030104951435177666
-0.016039433529631435
-0.024323967615300177
-0.04605739941970451
