-0.0002676234306332929
8.14756745369558e-05
0.0035667976276810612
-0.02296915759087339
-0.006744994387326539
-0.014762739101301133
-0.0146783319488772
0.002136011612783886
-0.0020356273551104644
-0.007054752482046301
-0.02171544533285215
-0.005717188333162531
-0.006744994387326539
-0.029064232773161947
-0.0025695706316384093
0.0005900237787552077
-0.005717188333162531
-0.013462988683003357
0.003179453172273179
0.0006614528089185708
-0.01635527943287964
-0.006230701319043059
-0.019411384898846532
-0.014797511522504643
-0.0032492718930451207
0.00011537940577093384
-0.01505804442353962
-0.02048356148744286
-0.01635187597474819
0.005160866658526861
-0.02113734554518029
-0.010697488667631146
-0.020501466126115774
-0.017516038532356136
0.012118675470142006
-0.01055731211658388
-0.01668231282491406
-0.018046404237912088
-0.005837462875047174
-0.006493105438889452
-0.005717188333162531
-0.019021698926733235
-0.0019994861293027287
-0.01398471083912331
-0.0010224300476155926
-0.0025695706316384093
-0.025480619738110905
8.14756745369558e-05
-0.01254643560171038
-0.0006622266477183837
-0.02537671308979936
0.0016757837926329147
-0.019411384898846532
-0.010493952732003523
-0.004872593139809119
-0.011843858800239023
-0.007290391228190981
-0.01161344169014995
-0.014681685168454608
-0.014453958950034691
-0.017419942922988634
-0.005912822211099946
-0.02191500103342363
-0.005032865036053477
-0.018046404237912088
-0.021857007823751606
-0.008202880329268197
-0.009449523306713305
-0.020106088675640045
0.003179453172273179
-0.020501466126115774
-0.011759286412364366
-0.02303647645871158
-0.006800592453036429
-0.02795232470214388
-0.014291789607618448
-0.0040015039821712315
-0.02552075958637463
0.005160866658526861
-0.008425594928671468
-0.01668231282491406
-0.0040015039821712315
0.002136011612783886
-0.014635592299131176
-0.01075846727962431
-0.006199647518227264
-0.0017499253619907738
-0.01829858447969587
-0.001071968901398316
-0.012790986369652117
-0.014635592299131176
-0.020254770400425753
-0.010016213389164086
-0.021857007823751606
-0.012063968708175863
-0.01638331528252453
-0.014332820949358137
-0.006474945513855093
-0.009449523306713305
-0.01055731211658388
-0.0019994861293027287
-0.020501466126115774
-0.016133687923237355
-0.014762739101301133
-0.013972121305404532
-0.009661677031801782
-0.013462988683003357
-0.004872593139809119
-0.019021698926733235
-0.014681685168454608
-0.014588540102400896
0.004059857191540947
-0.014762739101301133
-0.005032865036053477
-0.0008987064693650546
-0.014588540102400896
-0.0057653941914145084
0.0024345589503759
-0.05282585286301894
-0.011843858800239023
-0.0034948313859571663
-0.01844432987523982
-0.0034948313859571663
-0.0019994861293027287
-0.00677350533750842
-0.003208047228897759
-0.015856919054554164
-0.02024329266407485
0.006116545696430239
-0.015856919054554164
-0.007187188764857009
-0.011487156822808821
-0.0010224300476155926
-0.006744994387326539
-0.013326421493985082
-0.01398471083912331
-0.01701779697875514
-0.0155479392605183
-0.0057653941914145084
-0.0025695706316384093
-0.014944606492845703
-0.028334479812908264
-0.010621363405451143
-0.016386582762113914
-0.01394073358270773
-0.004045121227862137
-0.006744994387326539
-0.010176978315144683
-0.006744994387326539
-0.007073262085874928
-0.01714367569198869
-0.02795232470214388
-0.01254643560171038
-0.01535368213773906
-0.011759286412364366
-0.005070737988468498
-0.004407472521926068
-0.004872593139809119
-0.02326192070385604
-0.0034948313859571663
0.0016757837926329147
-0.005717188333162531
-0.018048372802440205
-0.018046404237912088
-0.0027855487997923765
-0.0057653941914145084
-0.015051715212530013
-0.04375981337172837
-0.027747986518689195
-0.029064232773161947
-0.009870729530185566
-0.004543731779022738
-0.017142536969558128
-0.017087344279225834
-0.017270305286892593
-0.017516038532356136
-0.0227000363365766
-0.004045121227862137
-0.012790986369652117
-0.014588540102400896
-0.007582220124891435
-0.02296915759087339
-0.013326421493985082
-0.019411384898846532
0.015236028379235763
-0.017166192347193764
-0.014332820949358137
-0.0057653941914145084
-0.03544795708113398
-0.009092415281179132
-0.017722849744101914
-0.009661677031801782
-0.010066855029476417
-0.005070737988468498
-0.00950966688389382
-0.018046404237912088
0.007388759469381317
-0.009092415281179132
-0.014588540102400896
-0.010032748340388442
-0.010545394256617715
-0.006493105438889452
-0.006189510561738524
-0.013326421493985082
-0.001071968901398316
-0.00485898827521724
-0.003415715047001882
-0.02048356148744286
-0.02171544533285215
-0.02267023722717743
-0.0040841422797120224
-0.009546070587111651
-0.018713452004113007
-0.005769291233870552
-0.01635187597474819
-0.0025695706316384093
-0.027747986518689195
-0.006156173626739848
-0.004045121227862137
-0.011805990843315689
-0.005717188333162531
-0.004051187426421658
-0.02537671308979936
-0.012063968708175863
-0.01398471083912331
-0.004407472521926068
0.005947255662337928
-0.01394073358270773
-0.010032748340388442
-0.021896722768225966
-0.018437181861052927
-0.02886396190685088
-0.009546070587111651
-0.009661677031801782
-0.006230701319043059
-0.004045121227862137
-0.023616548086959985
-0.019127202938719636
0.0035667976276810612
-0.007054752482046301
-0.00783042298374102
-0.01465817162785289
-0.0027855487997923765
-0.01864071723859403
-0.006189510561738524
-0.019916241670624633
-0.010176978315144683
-0.010734382522074946
-0.015856919054554164
-0.005614843472916857
-0.00485898827521724
-0.00033933876207421304
0.015236028379235763
-0.01636582849101231
-0.019411384898846532
-0.020365658276979972
-0.01829858447969587
-0.017885993585526675
-0.006201373878925563
-0.006230701319043059
-0.013462988683003357
-0.009870729530185566
-0.018713452004113007
-0.014453958950034691
-0.010493952732003523
-0.014944606492845703
-0.01535368213773906
-0.011372468244937982
-0.014178890145623249
-0.023532928733293965
-0.018553268326869887
-0.017087344279225834
-0.0203757148742746
-0.006656088252687874
-0.0006622266477183837
0.0016757837926329147
-0.014324060692659965
-0.013326421493985082
-0.0057653941914145084
-0.017516038532356136
-0.010032748340388442
-0.0034058265672913908
-0.009516330578200942
-0.017166192347193764
-0.01636582849101231
-0.014178890145623249
-0.0020356273551104644
-0.016723932805763644
-0.002253498548702913
-0.02048356148744286
-0.008425594928671468
-0.014635592299131176
-0.02571317499347827
-0.0034854791596095626
-0.027747986518689195
-0.005820568794925383
-0.007582220124891435
-0.000830123038845505
-0.018048372802440205
-0.020904393332449468
-0.0203757148742746
0.0006614528089185708
-0.018048372802440205
-0.009870729530185566
0.005160866658526861
-0.011759286412364366
0.00011537940577093384
-0.014681685168454608
-0.010472079159669632
-0.0032492718930451207
-0.014453958950034691
0.006116545696430239
-0.01372030404196892
-0.02379804018489176
-0.021857007823751606
-0.017419942922988634
-0.013326421493985082
-0.02113734554518029
-0.023616548086959985
-0.0155479392605183
-0.013972121305404532
-0.005837462875047174
-0.029064232773161947
-0.007428825944152582
-0.04375981337172837
-0.018046404237912088
-0.008202880329268197
-0.01254643560171038
-0.020254770400425753
-0.01372030404196892
-0.014212694518236629
-0.003415715047001882
-0.011372468244937982
-0.03242769285770573
-0.004051187426421658
-0.017516038532356136
-0.018713452004113007
-0.016386582762113914
0.0035667976276810612
-0.006656088252687874
-0.014762739101301133
-0.014332820949358137
-0.010734382522074946
-0.00783042298374102
-0.013462988683003357
-0.010406730801920075
-0.005614843472916857
-0.018437181861052927
-0.010545394256617715
-0.010697488667631146
-0.013490044885940434
-0.005717188333162531
-0.024752102479798928
-0.010734382522074946
-0.02330746392699409
-0.017087344279225834
0.0016757837926329147
-0.030411052022394847
-0.005837462875047174
-0.007073262085874928
-0.0010224300476155926
-0.018553268326869887
-0.011843858800239023
-0.010066855029476417
0.0024345589503759
-0.00677350533750842
0.0016757837926329147
-0.010621363405451143
-0.02537671308979936
-0.009870729530185566
-0.0073398763921727365
-0.0057653941914145084
-0.010066855029476417
0.0024345589503759
-0.006201373878925563
-0.020106088675640045
-0.014797511522504643
-0.003415715047001882
-0.01635187597474819
-0.015856919054554164
-0.01398471083912331
-0.014212694518236629
-0.02886396190685088
-0.014797511522504643
-0.007924401256897093
-0.010472079159669632
-0.021436638740818723
-0.009092415281179132
-0.02171544533285215
-0.016343204530743085
-0.005614843472916857
-0.011056443339934262
-0.009661677031801782
-0.017885993585526675
-0.018046404237912088
-0.01638331528252453
-0.008221845702453318
-0.01465817162785289
-0.01241469373936129
-0.016723932805763644
-0.017954969681292225
-0.02191500103342363
-0.012063968708175863
-0.004051187426421658
-0.011372468244937982
-0.008202880329268197
-0.007729643067984796
-0.02326192070385604
-0.002136877816757563
0.0016757837926329147
-0.0020616559389021382
-0.007428825944152582
-0.015391730332041312
-0.005614843472916857
-0.015391730332041312
-0.01946105711562352
-0.0032492718930451207
-0.014332820949358137
-0.018713452004113007
-0.005614843472916857
-0.014681685168454608
-0.008360841087032148
-0.01946105711562352
-0.017142536969558128
-0.0017499253619907738
-0.0034948313859571663
-0.01254643560171038
-0.020106088675640045
0.0005900237787552077
0.0024345589503759
-0.011487156822808821
-0.02379804018489176
-0.0008987064693650546
-0.011057152838074
-0.01505804442353962
-0.019411384898846532
-0.02674282917166164
-0.02191500103342363
-0.013326421493985082
-0.0010224300476155926
-0.0057653941914145084
-0.0006476535147906387
-0.024752102479798928
0.004059857191540947
-0.00033933876207421304
-0.006201373878925563
-0.006493105438889452
-0.009066059746692551
-0.014762739101301133
-0.007054752482046301
0.0006614528089185708
-0.0019994861293027287
-0.006449614253625907
0.0006614528089185708
-0.013326421493985082
-0.002136877816757563
-0.004543731779022738
-0.010406730801920075
-0.014635592299131176
-0.002395318268130176
-0.02191500103342363
-0.03210103807112105
-0.020106088675640045
-0.0034058265672913908
-0.010493952732003523
-0.02537671308979936
-0.01701779697875514
-0.02571317499347827
-0.012063968708175863
-0.007582220124891435
-0.0019994861293027287
-0.010406730801920075
-0.021896722768225966
-0.030411052022394847
-0.008202880329268197
-0.004407472521926068
-0.01505804442353962
-0.014453958950034691
-0.010545394256617715
0.00011537940577093384
-0.00033933876207421304
-0.005614843472916857
-0.005769291233870552
-0.005614843472916857
-0.02379804018489176
-0.0034854791596095626
-0.008425594928671468
-0.009066059746692551
-0.04375981337172837
-0.0077207100462794
-0.014324060692659965
0.002136011612783886
-0.014944606492845703
-0.01668231282491406
-0.019430390891532374
-0.02024329266407485
-0.01372030404196892
-0.0146783319488772
-0.018880401669665262
0.003179453172273179
-0.010406730801920075
-0.005784755694807839
-0.02537671308979936
0.0006614528089185708
-0.017885993585526675
-0.002136877816757563
0.004059857191540947
-0.02171544533285215
-0.002253498548702913
-0.01372030404196892
-0.02326192070385604
-0.01668231282491406
-0.04425876808621071
-0.02326192070385604
-0.00033933876207421304
-0.007428825944152582
-0.02113734554518029
-0.006744994387326539
-0.005614843472916857
-0.008360841087032148
-0.009066059746692551
-0.005614843472916857
-0.019411384898846532
0.0005900237787552077
-0.006474945513855093
-0.014324060692659965
-0.009546070587111651
-0.05282585286301894
-0.02379804018489176
-0.005032865036053477
-0.005032865036053477
-0.01075846727962431
-0.010032748340388442
-0.018048372802440205
-0.006800592453036429
-0.002395318268130176
-0.002253498548702913
-0.009092415281179132
-0.01055731211658388
-0.005912822211099946
-0.0008987064693650546
-0.010493952732003523
-0.011357669945122545
-0.017166192347193764
-0.02296915759087339
-0.027747986518689195
-0.016503754110663207
-0.01394073358270773
-0.009092415281179132
0.004059857191540947
-0.011487156822808821
-0.006449614253625907
-0.014588540102400896
-0.007346603666491478
-0.011843858800239023
-0.007729643067984796
-0.004872593139809119
-0.006189510561738524
-0.01129464916188846
-0.01241469373936129
-0.011759286412364366
-0.014635592299131176
-0.006189510561738524
-0.02296915759087339
-0.014324060692659965
-0.009449523306713305
-0.017087344279225834
-0.023532928733293965
0.003179453172273179
-0.030411052022394847
-0.012063968708175863
-0.017166192347193764
0.004059857191540947
-0.015051715212530013
-0.01668231282491406
-0.006230701319043059
-0.00866107141171698
-0.01372030404196892
-0.010757001773622396
-0.04425876808621071
-0.01372030404196892
-0.00950966688389382
-0.01535368213773906
0.002136011612783886
-0.00033933876207421304
-0.021896722768225966
-0.020501466126115774
-0.006230701319043059
-0.002136877816757563
0.0024017503289908014
-0.028334479812908264
-0.018642390865572758
-0.019127202938719636
0.0024017503289908014
0.004059857191540947
-0.005837462875047174
-0.011092951992678018
-0.016343204530743085
-0.013326421493985082
-0.017142536969558128
0.0035667976276810612
0.003179453172273179
-0.02886396190685088
-0.01668231282491406
-0.010621363405451143
-0.01635527943287964
-0.014797511522504643
-0.005837462875047174
-0.010757001773622396
-0.017516038532356136
-0.03242769285770573
-0.011057152838074
-0.017270305286892593
-0.019021698926733235
-0.008221845702453318
-0.010159321277510413
-0.020501466126115774
-0.00677350533750842
-0.02296915759087339
-0.020254770400425753
-0.004407472521926068
-0.017166192347193764
-0.01394073358270773
-0.02048356148744286
-0.006474945513855093
-0.009516330578200942
-0.00677350533750842
-0.01864071723859403
-0.007073262085874928
-0.020365658276979972
-0.02537671308979936
-0.005912822211099946
-0.017954969681292225
-0.017722849744101914
0.0024017503289908014
-0.021857007823751606
-0.03242769285770573
-0.006449614253625907
-0.009066059746692551
-0.019916241670624633
-0.005717188333162531
-0.017722849744101914
-0.012790986369652117
-0.010493952732003523
-0.010159321277510413
-0.01505804442353962
-0.011372468244937982
-0.010472079159669632
-0.00485898827521724
0.00011537940577093384
-0.0019994861293027287
-0.008425594928671468
-0.0027855487997923765
-0.011092951992678018
-0.019021698926733235
-0.034735753678065084
-0.0034854791596095626
-0.010545394256617715
0.0006614528089185708
-0.007729643067984796
-0.0146783319488772
-0.00485898827521724
-0.019430390891532374
-0.017270305286892593
-0.004051187426421658
-0.009516330578200942
-0.013311671150013967
-0.01241469373936129
-0.010472079159669632
-0.018046404237912088
-0.015051715212530013
-0.017270305286892593
-0.010159321277510413
-0.011843858800239023
-0.004051187426421658
-0.02171544533285215
0.015236028379235763
-0.0146783319488772
0.00011537940577093384
-0.014635592299131176
-0.024752102479798928
-0.017516038532356136
-0.015391730332041312
-0.02886396190685088
-0.0053058958950303655
-0.019411384898846532
0.0016757837926329147
-0.020254770400425753
-0.0227000363365766
-0.017885993585526675
-0.010697488667631146
-0.014762739101301133
-0.018642390865572758
-0.029064232773161947
-0.010697488667631146
-0.00866107141171698
-0.011487156822808821
-0.00033933876207421304
-0.0077207100462794
-0.015132120244632489
-0.017142536969558128
-0.018553268326869887
-0.006156173626739848
0.00011537940577093384
-0.02303647645871158
-0.008746118532112854
-0.006474945513855093
-0.006754016451447488
-0.017722849744101914
0.006116545696430239
-0.0203757148742746
-0.005784755694807839
-0.007428825944152582
-0.009546070587111651
-0.0155479392605183
-0.009870729530185566
-0.014212694518236629
-0.004407472521926068
-0.007054752482046301
-0.014588540102400896
-0.0227000363365766
-0.017583915585232854
-0.028334479812908264
-0.003208047228897759
-0.034735753678065084
-0.018048372802440205
-0.001071968901398316
-0.017583915585232854
-0.013462988683003357
-0.005070737988468498
-0.002395318268130176
-0.014453958950034691
-0.008221845702453318
-0.02267023722717743
-0.009066059746692551
-0.007187188764857009
-0.010493952732003523
-0.0032492718930451207
-0.00950966688389382
-0.012063968708175863
-0.010697488667631146
-0.027747986518689195
-0.017270305286892593
-0.02886396190685088
-0.004872593139809119
-0.03544795708113398
-0.006189510561738524
0.003179453172273179
-0.014453958950034691
-0.011759286412364366
-0.02537671308979936
-0.0032492718930451207
-0.014110289741835157
-0.027204668634236238
-0.013972121305404532
-0.01635527943287964
-0.012063968708175863
-0.01398471083912331
-0.009449523306713305
-0.014681685168454608
-0.027204668634236238
0.007388759469381317
-0.007290391228190981
-0.01638331528252453
-0.0006622266477183837
-0.013311671150013967
-0.0073398763921727365
-0.021857007823751606
-0.0019994861293027287
-0.03544795708113398
-0.01636582849101231
-0.015856919054554164
-0.014332820949358137
-0.00677350533750842
-0.01075846727962431
-0.014110289741835157
-0.008726680928978419
0.00011537940577093384
0.0006614528089185708
-0.0034854791596095626
-0.0034058265672913908
-0.017885993585526675
-0.0040841422797120224
0.00011537940577093384
-0.019916241670624633
-0.02171544533285215
-0.005032865036053477
-0.018642390865572758
0.0006614528089185708
-0.014762739101301133
-0.019916241670624633
-0.009661677031801782
-0.006156173626739848
-0.01241469373936129
-0.017419942922988634
0.005160866658526861
-0.02048356148744286
0.00011537940577093384
0.007388759469381317
-0.013326421493985082
-0.0053058958950303655
-0.04425876808621071
-0.007924401256897093
-0.015856919054554164
-0.02379804018489176
-0.019430390891532374
0.0016757837926329147
-0.015391730332041312
-0.008425594928671468
-0.01535368213773906
-0.05282585286301894
-0.0010224300476155926
-0.01495156266803802
-0.014332820949358137
-0.007729643067984796
-0.005820568794925383
-0.00950966688389382
-0.0027855487997923765
-0.02552075958637463
-0.02326192070385604
-0.016343204530743085
-0.014797511522504643
-0.013490044885940434
-0.01701779697875514
-0.014588540102400896
0.007388759469381317
-0.019430390891532374
-0.05282585286301894
-0.0073398763921727365
-0.011843858800239023
-0.002253498548702913
-0.0227000363365766
-0.01668231282491406
-0.006754016451447488
-0.019021698926733235
-0.005784755694807839
-0.02113734554518029
-0.002395318268130176
-0.009092415281179132
-0.010176978315144683
-0.017885993585526675
-0.0073398763921727365
-0.024752102479798928
-0.014539588992953587
-0.01638331528252453
-0.004382167284297692
0.004059857191540947
-0.02795232470214388
-0.013326421493985082
-0.014944606492845703
-0.020904393332449468
0.012118675470142006
0.003179453172273179
-0.021436638740818723
0.00011537940577093384
-0.004051187426421658
-0.014110289741835157
-0.01714367569198869
-0.014178890145623249
-0.009546070587111651
-0.023616548086959985
-0.014588540102400896
-0.021857007823751606
-0.013462988683003357
-0.011805990843315689
-0.019021698926733235
-0.020501466126115774
-0.02171544533285215
-0.017885993585526675
-0.01075846727962431
0.0024345589503759
0.012118675470142006
-0.0022679326608553417
-0.029064232773161947
-0.002253498548702913
-0.018048372802440205
-0.007428825944152582
-0.00866107141171698
-0.02886396190685088
0.0006614528089185708
-0.017166192347193764
-0.014453958950034691
-0.014110289741835157
-0.01636582849101231
-0.007054752482046301
-0.01372030404196892
-0.020106088675640045
-0.010734382522074946
-0.015051715212530013
-0.012790986369652117
-0.014332820949358137
-0.016343204530743085
0.015236028379235763
-0.006156173626739848
-0.027747986518689195
0.015236028379235763
0.002136011612783886
-0.024752102479798928
-0.0034854791596095626
-0.007924401256897093
-0.005912822211099946
-0.025480619738110905
-0.02552075958637463
-0.0025695706316384093
-0.01161344169014995
0.006116545696430239
-0.007428825944152582
-0.0025695706316384093
-0.009661677031801782
0.005160866658526861
-0.02379804018489176
-0.006493105438889452
-0.011057152838074
-0.013438743570165125
-0.017516038532356136
-0.011408471631515262
-0.01516652475665188
-0.010472079159669632
-0.01635187597474819
-0.023616548086959985
-0.015051715212530013
-0.01075846727962431
-0.009092415281179132
-0.010697488667631146
-0.03210103807112105
-0.01465817162785289
-0.019916241670624633
-0.0017499253619907738
-0.015391730332041312
-0.017885993585526675
-0.00485898827521724
-0.019916241670624633
-0.016343204530743085
-0.027204668634236238
-0.00485898827521724
-0.010472079159669632
-0.0057653941914145084
-0.0006476535147906387
0.015236028379235763
-0.014681685168454608
-0.004543731779022738
-0.015391730332041312
-0.01668231282491406
-0.007729643067984796
-0.02113734554518029
-0.010493952732003523
-0.02326192070385604
-0.0155479392605183
-0.015856919054554164
-0.018437181861052927
-0.014762739101301133
-0.010421460840277598
-0.005717188333162531
-0.021857007823751606
-0.008202880329268197
-0.0061236962557517
-0.010621363405451143
-0.021857007823751606
-0.006230701319043059
-0.05282585286301894
-0.014324060692659965
-0.024752102479798928
-0.014291789607618448
0.0016757837926329147
-0.016343204530743085
-0.025480619738110905
-0.007187188764857009
-0.019916241670624633
-0.017087344279225834
-0.016386582762113914
-0.014178890145623249
-0.01465817162785289
-0.0017499253619907738
0.0016757837926329147
-0.006189510561738524
-0.018713452004113007
0.005160866658526861
-0.0006476535147906387
-0.016133687923237355
-0.014635592299131176
-0.018553268326869887
-0.006199647518227264
-0.02674282917166164
-0.02296915759087339
-0.0025695706316384093
-0.016723932805763644
-0.017087344279225834
-0.015391730332041312
-0.023532928733293965
-0.0057653941914145084
-0.02024329266407485
-0.007924401256897093
-0.0010224300476155926
-0.024752102479798928
-0.025480619738110905
-0.011092951992678018
-0.013311671150013967
-0.01668231282491406
-0.014762739101301133
-0.017142536969558128
