-0.08538376986297727
-0.07879719854374026
0.07318400570323684
0.17558949923205042
-0.08676722662210626
-0.009493999439963024
-0.033921268277469524
-0.04068122153483101
-0.10988216522344715
-0.3489111108164374
-0.17220722109069175
-0.26583462226044313
-0.13466952227958423
-0.12852172123706376
-0.1347532190342021
0.08784772651584744
-0.010876335030374367
0.00027890524784466376
0.03967802454516988
-0.046690686291886795
-0.0175500988140904
-0.11034088265549437
-0.00440578478424028
0.03276937701606416
-0.04439223034055043
-0.028707992504002824
0.026547123708018636
0.3085345560759471
-0.030245578542659503
-0.07879719854374026
-0.04531020231518455
-0.0019889892575894463
-0.17220722109069175
0.11246794724937023
-0.02300262383152444
0.18690676896530425
0.029556596183049923
0.18690676896530425
-0.09733139265574388
0.016891588226294732
-0.009493999439963024
0.0749507649878805
-0.0348251713667362
-0.02612824391457451
-0.04333166716938152
-0.08676722662210626
0.005822346495998283
0.009760507873476293
-0.09392623766345438
-0.030245578542659503
-0.26583462226044313
0.013785197256815429
-0.04068122153483101
0.001401408704281162
0.053630313783941605
-0.014965203505822042
-0.12734761299126035
0.06509879217116932
0.007549822188820326
0.00027890524784466376
-0.046690686291886795
-0.13881596015575054
-0.11826657941579372
0.007549822188820326
-0.02544116190894036
0.026547123708018636
-0.09270578863192679
-0.1893517381636058
-0.08538376986297727
-0.19418157079876108
-0.12734761299126035
-0.11051837297103641
0.0749507649878805
-0.065323332058203
-0.17220722109069175
-0.14937353376433218
-0.08717701984625903
-0.010876335030374367
-0.03699104383657136
0.03971605432152232
0.016891588226294732
0.026547123708018636
-0.08085454894669712
-0.2579504658892102
0.021436981084362917
-0.26583462226044313
0.016891588226294732
0.013785197256815429
0.03344357268855807
-0.003086164797123032
-0.0019889892575894463
-0.065323332058203
-0.07667412147880186
-0.046690686291886795
-0.02544116190894036
-0.014689626217465003
-0.10760539865843492
-0.04439223034055043
0.03276937701606416
-0.030245578542659503
-0.09392623766345438
-0.0925977562831127
-0.1893517381636058
-0.034064917931599964
0.3085345560759471
0.00027890524784466376
-0.26583462226044313
0.08784772651584744
-0.08538376986297727
-0.08085454894669712
-0.08617687436372745
0.021436981084362917
-0.08676722662210626
-0.00440578478424028
-0.003086164797123032
-0.08414212926377576
-0.039481363950775866
-0.10554879377402025
-0.12489977161188194
0.026547123708018636
0.17558949923205042
-0.16552616912910476
0.03276937701606416
-0.17220722109069175
0.006098345610815323
0.03354395865463162
-0.06599267587676798
-0.08676722662210626
-0.14937353376433218
-0.299151929846319
-0.08852131581312579
-0.1093492458861487
-0.003086164797123032
0.0749507649878805
-0.02544116190894036
-0.065323332058203
-0.1969882613927356
0.001401408704281162
-0.08717701984625903
-0.2510498090052488
-0.1324440590352763
-0.16552616912910476
-0.11826657941579372
-0.1324440590352763
-0.0003113032185281882
-0.09846573763877878
-0.12852172123706376
-0.04333166716938152
-0.10760539865843492
0.03138592350752856
-0.030557102718856238
0.3085345560759471
-0.1158269656445754
-0.10988216522344715
-0.10760539865843492
0.1914840864353641
-0.00440578478424028
0.07052754524037977
-0.08617687436372745
-0.14937353376433218
-0.0019889892575894463
0.1914840864353641
-0.02300262383152444
0.03354395865463162
0.1629580836830428
-0.08852131581312579
-0.026731270440689472
-0.03699104383657136
-0.20586420143699402
-0.04648921517076613
-0.039481363950775866
-0.06599267587676798
-0.0019889892575894463
-0.19360660180503775
0.053630313783941605
-0.030557102718856238
0.06378113615518688
-0.146866107932144
-0.08676722662210626
-0.10554879377402025
-0.02612824391457451
-0.014689626217465003
-0.014689626217465003
-0.0019889892575894463
-0.07147184980694041
-0.014965203505822042
-0.13466952227958423
0.001401408704281162
-0.13390677894720077
0.03354395865463162
-0.08852131581312579
-0.04068122153483101
0.00027890524784466376
0.04250151798718432
-0.2510498090052488
-0.12489977161188194
-0.04068122153483101
-0.00440578478424028
0.17558949923205042
-0.10127888839068154
-0.11051837297103641
-0.0019889892575894463
-0.1347532190342021
-0.11826657941579372
-0.19360660180503775
-0.11774391279536613
-0.039317258766243
-0.1093492458861487
-0.08852131581312579
-0.10760539865843492
-0.04439223034055043
-0.10127888839068154
0.0749507649878805
-0.03562182337262136
-0.0348251713667362
-0.0175500988140904
-0.046690686291886795
-0.08617687436372745
-0.24270264200834615
-0.030557102718856238
0.007549822188820326
-0.12843063618345815
0.021436981084362917
-0.10554879377402025
-0.00440578478424028
-0.08676722662210626
0.11246794724937023
-0.08085454894669712
-0.12489977161188194
-0.1969882613927356
-0.06602047844408235
-0.1093492458861487
-0.06297564656985549
-0.10127888839068154
-0.08676722662210626
-0.003086164797123032
-0.034064917931599964
0.06378113615518688
-0.44783730876903105
0.013785197256815429
-0.07879719854374026
-0.08414212926377576
0.03276937701606416
-0.09392623766345438
-0.07879719854374026
-0.026731270440689472
-0.10760539865843492
-0.046690686291886795
-0.10834359667477748
-0.05670022774421892
0.03971605432152232
0.00027890524784466376
0.013785197256815429
0.0749507649878805
0.03276937701606416
0.06892051825968255
-0.1893517381636058
0.03138592350752856
0.0749507649878805
-0.13466952227958423
-0.05670022774421892
-0.08085454894669712
-0.034064917931599964
0.02587360518496587
-0.13390677894720077
-0.10834359667477748
-0.030557102718856238
-0.014965203505822042
-0.07268315216312368
-0.11774391279536613
-0.19418157079876108
-0.19418157079876108
-0.039317258766243
-0.146866107932144
0.07318400570323684
-0.08676722662210626
0.016891588226294732
-0.08538376986297727
0.026547123708018636
-0.02300262383152444
-0.19418157079876108
0.007549822188820326
-0.24270264200834615
-0.07879719854374026
-0.24270264200834615
-0.039481363950775866
-0.07667412147880186
-0.08349077225440088
-0.030557102718856238
-0.1347532190342021
-0.0925977562831127
-0.08717701984625903
-0.046690686291886795
-0.12852172123706376
-0.028707992504002824
-0.2510498090052488
-0.009493999439963024
-0.08538376986297727
-0.12734761299126035
-0.04648921517076613
-0.10760539865843492
-0.010876335030374367
0.07052754524037977
-0.046690686291886795
-0.2579504658892102
-0.299151929846319
-0.026731270440689472
-0.09270578863192679
-0.146866107932144
0.04250151798718432
-0.033921268277469524
-0.11051837297103641
0.11246794724937023
-0.1093492458861487
-0.003086164797123032
0.007549822188820326
-0.009666713919762503
-0.04531020231518455
-0.11774391279536613
0.053630313783941605
-0.1093492458861487
-0.09846573763877878
-0.10127888839068154
-0.028707992504002824
-0.014965203505822042
-0.10834359667477748
-0.10834359667477748
-0.02300262383152444
-0.13572896633155826
-0.299151929846319
-0.033921268277469524
-0.07147184980694041
-0.13390677894720077
0.04250151798718432
-0.1426116557464361
0.021436981084362917
0.06378113615518688
0.06509879217116932
0.00027890524784466376
-0.11051837297103641
0.03276937701606416
-0.03699104383657136
0.03971605432152232
-0.44783730876903105
-0.2579504658892102
-0.1158269656445754
-0.028707992504002824
0.03971605432152232
-0.06297564656985549
-0.1969882613927356
-0.0925977562831127
-0.3489111108164374
-0.26583462226044313
0.026547123708018636
-0.08617687436372745
-0.054137285802416994
0.1629580836830428
-0.03562182337262136
-0.08538376986297727
-0.02544116190894036
-0.08852131581312579
-0.009493999439963024
-0.054137285802416994
-0.10760539865843492
-0.08414212926377576
-0.08349077225440088
0.03354395865463162
-0.028707992504002824
-0.11051837297103641
-0.014689626217465003
-0.20586420143699402
-0.12843063618345815
-0.10554879377402025
-0.16552616912910476
-0.1324440590352763
-0.13390677894720077
-0.12843063618345815
0.001401408704281162
-0.26583462226044313
-0.0925977562831127
-0.12852172123706376
-0.009493999439963024
-0.18676930351941512
-0.13881596015575054
-0.02300262383152444
-0.1426116557464361
-0.08538376986297727
-0.04648921517076613
-0.10554879377402025
-0.17220722109069175
0.3085345560759471
-0.08617687436372745
-0.06297564656985549
-0.09392623766345438
-0.04439223034055043
0.18690676896530425
-0.13572896633155826
-0.030245578542659503
-0.1965759372136379
0.06378113615518688
-0.21738951839079956
-0.1324440590352763
-0.030557102718856238
0.001401408704281162
0.07318400570323684
0.026547123708018636
-0.08349077225440088
-0.04068122153483101
-0.04068122153483101
-0.07879719854374026
-0.00440578478424028
-0.10988216522344715
-0.10834359667477748
-0.1426116557464361
0.02587360518496587
-0.0003113032185281882
-0.0835663187101742
-0.04333166716938152
-0.20586420143699402
0.06509879217116932
-0.028707992504002824
-0.08414212926377576
-0.030245578542659503
-0.3489111108164374
0.04250151798718432
0.053630313783941605
-0.19418157079876108
-0.08414212926377576
-0.299151929846319
-0.07879719854374026
-0.26583462226044313
0.021436981084362917
-0.18676930351941512
0.07052754524037977
0.07052754524037977
0.04250151798718432
0.02587360518496587
-0.12843063618345815
0.08784772651584744
-0.07147184980694041
-0.03562182337262136
-0.07879719854374026
-0.12734761299126035
-0.02544116190894036
0.03344357268855807
-0.039481363950775866
-0.0003113032185281882
0.07052754524037977
-0.046690686291886795
-0.26583462226044313
0.06509879217116932
-0.03562182337262136
0.03971605432152232
-0.11774391279536613
0.001401408704281162
-0.0019889892575894463
-0.07147184980694041
0.17558949923205042
-0.10834359667477748
-0.08349077225440088
0.001401408704281162
-0.12852172123706376
-0.21738951839079956
-0.039481363950775866
-0.12852172123706376
-0.13572896633155826
-0.12852172123706376
-0.04068122153483101
-0.44783730876903105
-0.08349077225440088
-0.030245578542659503
0.029556596183049923
-0.0925977562831127
-0.13390677894720077
0.11246794724937023
-0.44783730876903105
-0.09846573763877878
-0.06599267587676798
0.1629580836830428
0.03354395865463162
-0.2579504658892102
0.1914840864353641
0.013785197256815429
-0.08852131581312579
-0.10988216522344715
-0.02612824391457451
0.03138592350752856
0.06509879217116932
-0.12843063618345815
-0.299151929846319
-0.12489977161188194
-0.04648921517076613
-0.09392623766345438
-0.07268315216312368
-0.009666713919762503
0.03967802454516988
0.013785197256815429
-0.034064917931599964
-0.026731270440689472
-0.146866107932144
0.006098345610815323
-0.07879719854374026
-0.11034088265549437
-0.08414212926377576
-0.08617687436372745
-0.19360660180503775
-0.21738951839079956
-0.3489111108164374
-0.09270578863192679
-0.05670022774421892
-0.12489977161188194
0.026547123708018636
0.06378113615518688
-0.12852172123706376
-0.08538376986297727
-0.0925977562831127
-0.09392623766345438
0.053630313783941605
-0.08717701984625903
0.0749507649878805
-0.24270264200834615
-0.17220722109069175
0.08784772651584744
-0.09392623766345438
-0.08538376986297727
0.18690676896530425
-0.039481363950775866
-0.08717701984625903
-0.09733139265574388
-0.08085454894669712
0.1914840864353641
-0.08676722662210626
-0.02544116190894036
-0.028707992504002824
0.021436981084362917
-0.054137285802416994
-0.13466952227958423
-0.09392623766345438
-0.07147184980694041
-0.05670022774421892
-0.06599267587676798
-0.028707992504002824
-0.10127888839068154
-0.046690686291886795
0.06378113615518688
-0.0348251713667362
0.04250151798718432
-0.09270578863192679
-0.0835663187101742
-0.065323332058203
-0.07268315216312368
0.021436981084362917
0.0749507649878805
-0.04531020231518455
-0.02612824391457451
-0.26583462226044313
-0.1347532190342021
-0.09270578863192679
0.026547123708018636
-0.10834359667477748
-0.08852131581312579
-0.26583462226044313
-0.08538376986297727
-0.030245578542659503
0.007549822188820326
0.029556596183049923
0.0749507649878805
-0.065323332058203
-0.0019889892575894463
-0.2510498090052488
-0.06599267587676798
-0.146866107932144
-0.06297564656985549
0.18690676896530425
-0.0003113032185281882
-0.1158269656445754
-0.12852172123706376
0.1914840864353641
-0.08414212926377576
0.03971605432152232
-0.07879719854374026
0.007549822188820326
-0.146866107932144
-0.21738951839079956
-0.1093492458861487
-0.02544116190894036
-0.1324440590352763
-0.19360660180503775
0.11246794724937023
-0.21738951839079956
-0.10760539865843492
-0.014965203505822042
-0.028707992504002824
0.03138592350752856
-0.10760539865843492
-0.0175500988140904
0.11246794724937023
-0.13390677894720077
0.06378113615518688
-0.11826657941579372
0.026547123708018636
0.07318400570323684
-0.028707992504002824
-0.1969882613927356
-0.299151929846319
0.03971605432152232
0.06378113615518688
-0.21738951839079956
-0.03699104383657136
-0.009666713919762503
-0.1426116557464361
-0.08349077225440088
0.021436981084362917
0.03276937701606416
0.026547123708018636
-0.08676722662210626
-0.08414212926377576
0.17558949923205042
-0.44783730876903105
-0.0835663187101742
0.006098345610815323
-0.065323332058203
-0.014689626217465003
-0.12843063618345815
-0.1158269656445754
0.06378113615518688
-0.0003113032185281882
0.005822346495998283
-0.10554879377402025
0.006098345610815323
-0.07147184980694041
-0.07268315216312368
-0.11774391279536613
0.03344357268855807
0.03967802454516988
-0.1893517381636058
0.02587360518496587
-0.3489111108164374
-0.10988216522344715
0.03967802454516988
-0.11051837297103641
-0.028707992504002824
-0.033921268277469524
-0.046690686291886795
-0.09846573763877878
-0.09392623766345438
0.02587360518496587
0.03967802454516988
-0.04068122153483101
-0.11034088265549437
-0.08538376986297727
-0.3489111108164374
-0.07667412147880186
-0.10988216522344715
-0.09270578863192679
-0.2579504658892102
-0.14937353376433218
-0.299151929846319
0.1914840864353641
-0.12843063618345815
-0.065323332058203
-0.046690686291886795
0.03971605432152232
0.06892051825968255
-0.18676930351941512
-0.0003113032185281882
-0.19360660180503775
-0.13572896633155826
-0.0348251713667362
-0.04068122153483101
-0.065323332058203
0.06892051825968255
-0.08414212926377576
-0.0175500988140904
0.03276937701606416
-0.039481363950775866
-0.030557102718856238
-0.06599267587676798
-0.09733139265574388
-0.1965759372136379
-0.08676722662210626
0.026547123708018636
-0.08085454894669712
-0.02300262383152444
0.001401408704281162
-0.13390677894720077
-0.02544116190894036
0.029556596183049923
0.02587360518496587
0.053630313783941605
-0.299151929846319
0.009760507873476293
0.00027890524784466376
0.17558949923205042
-0.07879719854374026
0.021436981084362917
-0.04439223034055043
-0.21738951839079956
-0.1426116557464361
0.08784772651584744
0.00027890524784466376
-0.09846573763877878
-0.2579504658892102
-0.1426116557464361
0.005822346495998283
-0.009666713919762503
-0.028707992504002824
-0.19360660180503775
-0.02612824391457451
-0.13466952227958423
-0.11051837297103641
-0.1893517381636058
0.07052754524037977
0.03276937701606416
-0.11051837297103641
-0.2579504658892102
-0.146866107932144
-0.04531020231518455
-0.1158269656445754
-0.3489111108164374
-0.039481363950775866
-0.09846573763877878
-0.1324440590352763
0.006098345610815323
-0.1093492458861487
-0.08085454894669712
-0.08717701984625903
0.06892051825968255
-0.034064917931599964
0.03354395865463162
-0.12852172123706376
0.08784772651584744
-0.13881596015575054
0.007549822188820326
-0.039317258766243
-0.19418157079876108
-0.04068122153483101
0.0749507649878805
-0.06599267587676798
-0.20586420143699402
-0.06602047844408235
0.021436981084362917
0.06378113615518688
-0.039317258766243
-0.07147184980694041
-0.09392623766345438
0.029556596183049923
-0.06297564656985549
0.006098345610815323
0.029556596183049923
-0.09846573763877878
-0.1426116557464361
-0.1426116557464361
-0.0175500988140904
-0.009666713919762503
-0.014689626217465003
0.007549822188820326
0.1914840864353641
0.03971605432152232
-0.02612824391457451
-0.12489977161188194
-0.14937353376433218
-0.03699104383657136
-0.014689626217465003
-0.13466952227958423
-0.0925977562831127
-0.046690686291886795
0.1914840864353641
0.006098345610815323
-0.1965759372136379
-0.08349077225440088
-0.24270264200834615
-0.04648921517076613
-0.03699104383657136
0.02587360518496587
-0.009666713919762503
-0.08617687436372745
0.1629580836830428
-0.04648921517076613
-0.20586420143699402
-0.11034088265549437
-0.06602047844408235
0.016891588226294732
-0.1347532190342021
0.07318400570323684
-0.07147184980694041
-0.04531020231518455
0.06892051825968255
-0.0835663187101742
-0.014689626217465003
-0.12489977161188194
0.005822346495998283
-0.07667412147880186
-0.1324440590352763
-0.13390677894720077
0.02587360518496587
0.07318400570323684
-0.09733139265574388
0.03344357268855807
-0.17220722109069175
-0.10760539865843492
-0.08085454894669712
-0.2579504658892102
0.03967802454516988
-0.028707992504002824
-0.44783730876903105
0.0749507649878805
-0.1093492458861487
0.005822346495998283
-0.04439223034055043
0.007549822188820326
-0.26583462226044313
-0.10988216522344715
-0.033921268277469524
0.007549822188820326
-0.054137285802416994
-0.02544116190894036
-0.08852131581312579
0.0749507649878805
0.007549822188820326
-0.2510498090052488
-0.08538376986297727
-0.26583462226044313
0.06509879217116932
-0.18676930351941512
-0.08852131581312579
-0.146866107932144
0.04250151798718432
-0.07268315216312368
0.005822346495998283
-0.09270578863192679
-0.21738951839079956
-0.07879719854374026
-0.1969882613927356
0.03276937701606416
-0.08717701984625903
-0.009493999439963024
0.016891588226294732
-0.146866107932144
-0.0925977562831127
-0.026731270440689472
-0.04531020231518455
-0.19360660180503775
0.03276937701606416
-0.19360660180503775
-0.10554879377402025
-0.19418157079876108
0.006098345610815323
-0.12843063618345815
0.07052754524037977
-0.04648921517076613
0.03276937701606416
-0.2579504658892102
-0.1969882613927356
-0.04333166716938152
-0.3489111108164374
-0.20586420143699402
-0.13881596015575054
-0.0348251713667362
-0.19360660180503775
0.03971605432152232
0.04250151798718432
-0.10988216522344715
-0.21738951839079956
0.0749507649878805
-0.12734761299126035
-0.0348251713667362
-0.06602047844408235
-0.009493999439963024
0.1914840864353641
-0.12734761299126035
0.1914840864353641
-0.04439223034055043
-0.08414212926377576
0.06509879217116932
-0.13390677894720077
0.06892051825968255
0.06509879217116932
-0.20586420143699402
-0.026731270440689472
0.0749507649878805
-0.0835663187101742
0.11246794724937023
-0.03562182337262136
0.08784772651584744
-0.11034088265549437
-0.09392623766345438
-0.039481363950775866
-0.17220722109069175
-0.2579504658892102
-0.06297564656985549
-0.0003113032185281882
-0.12843063618345815
-0.04333166716938152
-0.12734761299126035
-0.09846573763877878
-0.0175500988140904
-0.05670022774421892
-0.003086164797123032
-0.009493999439963024
0.03138592350752856
-0.3489111108164374
-0.44783730876903105
0.07052754524037977
0.053630313783941605
-0.02612824391457451
0.06892051825968255
0.18690676896530425
-0.3489111108164374
-0.08085454894669712
-0.04531020231518455
-0.08676722662210626
-0.07268315216312368
-0.06602047844408235
-0.10834359667477748
-0.10554879377402025
-0.1965759372136379
-0.146866107932144
-0.0003113032185281882
-0.030245578542659503
-0.44783730876903105
-0.1893517381636058
-0.039317258766243
-0.04439223034055043
-0.09392623766345438
-0.02544116190894036
-0.06297564656985549
-0.1324440590352763
0.04250151798718432
-0.04648921517076613
-0.08852131581312579
-0.10834359667477748
-0.03562182337262136
-0.014689626217465003
-0.06297564656985549
-0.08852131581312579
0.04250151798718432
-0.10760539865843492
-0.11774391279536613
0.06378113615518688
0.02587360518496587
-0.12489977161188194
0.026547123708018636
-0.08085454894669712
-0.10760539865843492
0.029556596183049923
-0.028707992504002824
-0.030245578542659503
0.03967802454516988
-0.07147184980694041
-0.16552616912910476
-0.19418157079876108
-0.1893517381636058
-0.2579504658892102
-0.0175500988140904
-0.09392623766345438
0.021436981084362917
-0.19360660180503775
0.026547123708018636
-0.02612824391457451
0.1914840864353641
-0.3489111108164374
-0.09846573763877878
-0.07268315216312368
-0.04531020231518455
0.009760507873476293
-0.19360660180503775
-0.146866107932144
0.013785197256815429
-0.04531020231518455
0.07318400570323684
0.17558949923205042
-0.1347532190342021
-0.08085454894669712
0.029556596183049923
-0.1093492458861487
0.029556596183049923
-0.0175500988140904
0.17558949923205042
-0.02300262383152444
-0.2579504658892102
-0.014965203505822042
-0.24270264200834615
-0.2579504658892102
-0.1893517381636058
-0.08414212926377576
-0.003086164797123032
-0.0348251713667362
-0.026731270440689472
-0.05670022774421892
0.006098345610815323
-0.1324440590352763
0.07318400570323684
-0.009493999439963024
-0.07879719854374026
-0.1969882613927356
0.08784772651584744
0.021436981084362917
-0.04068122153483101
-0.07667412147880186
