-0.005884379547045138
0.009129654000594095
-0.04880875373994965
-0.0037381317083099363
-0.007960670959373804
-0.04880875373994965
0.005927180845984448
-0.02172061052969816
0.0009322962639773283
-0.008923672289283355
-0.024730844796233057
0.006403183847932141
-0.00951673136891222
-0.0239986694904925
-0.02172061052969816
-0.04880875373994965
0.009129654000594095
-0.02060521600919904
-0.031212948210087552
-0.02060521600919904
-0.003622844698219121
-0.019341134077153727
-0.00195084924159006
-0.00195084924159006
-0.02172061052969816
-0.003622844698219121
-0.019341134077153727
0.06504787723940864
0.06504787723940864
-0.005884379547045138
-0.00951673136891222
-0.031212948210087552
0.010451692157915872
-0.02310171114567173
-0.007960670959373804
-0.02060521600919904
-0.01000185287637447
0.009129654000594095
-0.005884379547045138
-0.0239986694904925
-0.02310171114567173
-0.007298482100017175
-0.02310171114567173
-0.0239986694904925
0.010451692157915872
-0.005884379547045138
-0.01978329481723968
-0.007960670959373804
0.0047042102941935605
-0.0239986694904925
-0.003622844698219121
0.006403183847932141
-0.01000185287637447
-0.007298482100017175
0.010451692157915872
0.048350646979093116
-0.0239986694904925
0.006403183847932141
-0.02060521600919904
-0.01547647615009275
-0.0037381317083099363
-0.02310171114567173
0.0047042102941935605
-0.01547647615009275
-0.02310171114567173
0.010451692157915872
-0.0037381317083099363
-0.01547647615009275
-0.02060521600919904
0.0047042102941935605
-0.007960670959373804
-0.0037381317083099363
0.0009322962639773283
0.006403183847932141
0.0047042102941935605
-0.04880875373994965
0.0047042102941935605
0.048350646979093116
-0.01978329481723968
-0.0037381317083099363
0.005927180845984448
-0.04880875373994965
-0.02310171114567173
0.0009322962639773283
-0.01978329481723968
-0.031212948210087552
-0.0039785157752609
-0.0039785157752609
0.006403183847932141
-0.024730844796233057
0.0009322962639773283
0.010451692157915872
-0.0239986694904925
-0.003622844698219121
-0.02310171114567173
-0.008923672289283355
-0.04880875373994965
0.06504787723940864
0.048350646979093116
-0.04880875373994965
-0.008923672289283355
-0.008923672289283355
-0.0037381317083099363
-0.019341134077153727
-0.024730844796233057
-0.02060521600919904
-0.031212948210087552
-0.01978329481723968
0.06504787723940864
0.006403183847932141
-0.024730844796233057
-0.0037381317083099363
-0.02060521600919904
0.006403183847932141
-0.003622844698219121
0.048350646979093116
-0.02310171114567173
-0.0039785157752609
-0.0039785157752609
-0.003622844698219121
-0.024730844796233057
-0.008923672289283355
0.048350646979093116
0.06504787723940864
-0.0037381317083099363
-0.00951673136891222
0.006403183847932141
-0.02310171114567173
-0.031212948210087552
-0.01978329481723968
-0.01547647615009275
-0.007298482100017175
-0.00951673136891222
0.010451692157915872
-0.01978329481723968
-0.0039785157752609
0.010451692157915872
-0.008923672289283355
0.006403183847932141
0.0047042102941935605
0.0009322962639773283
-0.0037381317083099363
-0.0239986694904925
0.009129654000594095
-0.02060521600919904
0.0047042102941935605
0.06504787723940864
0.0009322962639773283
-0.008923672289283355
-0.019341134077153727
0.0047042102941935605
0.006403183847932141
-0.02060521600919904
-0.01547647615009275
-0.0039785157752609
-0.0039785157752609
-0.005884379547045138
-0.0039785157752609
-0.02172061052969816
-0.00951673136891222
-0.04880875373994965
-0.02310171114567173
-0.0037381317083099363
0.005927180845984448
-0.005884379547045138
0.0047042102941935605
-0.031212948210087552
0.0009322962639773283
0.0009322962639773283
-0.00951673136891222
-0.00951673136891222
-0.0039785157752609
-0.0037381317083099363
0.06504787723940864
-0.031212948210087552
0.0009322962639773283
-0.005884379547045138
-0.031212948210087552
0.010451692157915872
-0.031212948210087552
0.0009322962639773283
-0.003622844698219121
-0.02060521600919904
-0.031212948210087552
-0.019341134077153727
-0.02172061052969816
-0.00951673136891222
-0.019341134077153727
-0.02310171114567173
-0.0039785157752609
-0.0239986694904925
-0.019341134077153727
-0.024730844796233057
-0.02172061052969816
-0.0239986694904925
-0.007960670959373804
-0.003622844698219121
-0.019341134077153727
0.009129654000594095
-0.00951673136891222
-0.02060521600919904
-0.0037381317083099363
0.009129654000594095
0.009129654000594095
-0.008923672289283355
-0.04880875373994965
0.06504787723940864
-0.008923672289283355
0.006403183847932141
0.009129654000594095
-0.04880875373994965
0.06504787723940864
-0.0239986694904925
0.009129654000594095
-0.005884379547045138
-0.01000185287637447
-0.031212948210087552
0.048350646979093116
0.006403183847932141
-0.008923672289283355
-0.019341134077153727
0.048350646979093116
-0.02310171114567173
-0.01978329481723968
-0.02172061052969816
0.010451692157915872
0.048350646979093116
0.005927180845984448
0.0047042102941935605
-0.0239986694904925
0.0047042102941935605
-0.01000185287637447
-0.005884379547045138
0.048350646979093116
0.0047042102941935605
-0.031212948210087552
0.048350646979093116
0.048350646979093116
-0.031212948210087552
-0.01000185287637447
-0.02310171114567173
0.06504787723940864
-0.02060521600919904
0.010451692157915872
-0.04880875373994965
-0.003622844698219121
-0.00195084924159006
-0.0037381317083099363
-0.008923672289283355
0.06504787723940864
-0.02310171114567173
-0.0239986694904925
-0.0239986694904925
-0.0039785157752609
-0.01000185287637447
-0.00195084924159006
0.0047042102941935605
-0.02172061052969816
-0.0037381317083099363
-0.007960670959373804
-0.003622844698219121
-0.019341134077153727
-0.019341134077153727
-0.003622844698219121
-0.008923672289283355
-0.00195084924159006
-0.005884379547045138
-0.01978329481723968
0.0009322962639773283
-0.008923672289283355
-0.031212948210087552
-0.02060521600919904
-0.00195084924159006
-0.0037381317083099363
0.005927180845984448
0.048350646979093116
-0.0239986694904925
0.010451692157915872
0.010451692157915872
-0.007960670959373804
-0.01978329481723968
-0.00951673136891222
-0.00951673136891222
-0.005884379547045138
0.048350646979093116
-0.0039785157752609
-0.008923672289283355
-0.04880875373994965
-0.02172061052969816
0.009129654000594095
-0.0037381317083099363
-0.00951673136891222
-0.031212948210087552
-0.02060521600919904
0.0047042102941935605
0.048350646979093116
-0.0239986694904925
0.006403183847932141
-0.0239986694904925
0.0009322962639773283
0.0009322962639773283
-0.024730844796233057
-0.005884379547045138
-0.0037381317083099363
-0.024730844796233057
-0.0039785157752609
-0.0037381317083099363
0.006403183847932141
0.06504787723940864
-0.003622844698219121
0.005927180845984448
0.048350646979093116
-0.01547647615009275
-0.007298482100017175
-0.005884379547045138
-0.02060521600919904
-0.0039785157752609
0.009129654000594095
-0.0239986694904925
-0.04880875373994965
0.006403183847932141
-0.02310171114567173
-0.01000185287637447
-0.007960670959373804
0.06504787723940864
-0.01978329481723968
0.006403183847932141
-0.01547647615009275
-0.0039785157752609
-0.005884379547045138
-0.02310171114567173
-0.02310171114567173
-0.019341134077153727
0.009129654000594095
0.010451692157915872
0.010451692157915872
0.005927180845984448
-0.01978329481723968
-0.0039785157752609
-0.00195084924159006
-0.04880875373994965
-0.04880875373994965
-0.007960670959373804
-0.0037381317083099363
-0.0239986694904925
0.0009322962639773283
0.0009322962639773283
0.048350646979093116
-0.02172061052969816
-0.031212948210087552
-0.005884379547045138
-0.00951673136891222
0.009129654000594095
-0.007298482100017175
-0.019341134077153727
-0.003622844698219121
0.009129654000594095
-0.007960670959373804
-0.008923672289283355
-0.0037381317083099363
-0.01000185287637447
-0.01978329481723968
-0.02310171114567173
-0.003622844698219121
-0.04880875373994965
-0.024730844796233057
-0.019341134077153727
-0.005884379547045138
-0.024730844796233057
0.0009322962639773283
0.006403183847932141
-0.02310171114567173
0.0009322962639773283
-0.003622844698219121
0.006403183847932141
0.006403183847932141
-0.02172061052969816
-0.007298482100017175
-0.02310171114567173
-0.007298482100017175
-0.02060521600919904
-0.0239986694904925
0.0047042102941935605
-0.003622844698219121
-0.007960670959373804
0.009129654000594095
-0.003622844698219121
0.0009322962639773283
-0.00195084924159006
0.048350646979093116
0.010451692157915872
-0.007960670959373804
-0.02060521600919904
-0.02172061052969816
-0.005884379547045138
0.0009322962639773283
-0.008923672289283355
0.006403183847932141
-0.00951673136891222
0.0047042102941935605
-0.01978329481723968
-0.0239986694904925
0.010451692157915872
-0.005884379547045138
0.0009322962639773283
0.005927180845984448
0.010451692157915872
-0.031212948210087552
0.009129654000594095
0.006403183847932141
-0.024730844796233057
0.0009322962639773283
-0.02310171114567173
0.06504787723940864
-0.01000185287637447
-0.024730844796233057
-0.0037381317083099363
-0.00951673136891222
-0.0037381317083099363
-0.007960670959373804
0.010451692157915872
-0.01000185287637447
-0.003622844698219121
-0.04880875373994965
-0.02310171114567173
-0.01547647615009275
-0.019341134077153727
-0.02060521600919904
0.0047042102941935605
0.010451692157915872
0.06504787723940864
-0.0037381317083099363
0.006403183847932141
0.048350646979093116
0.010451692157915872
-0.02060521600919904
-0.00951673136891222
-0.04880875373994965
-0.031212948210087552
-0.008923672289283355
-0.031212948210087552
0.06504787723940864
-0.0239986694904925
0.048350646979093116
0.0009322962639773283
-0.0239986694904925
0.06504787723940864
-0.04880875373994965
-0.005884379547045138
0.010451692157915872
0.0009322962639773283
-0.0239986694904925
-0.02060521600919904
-0.02310171114567173
-0.0239986694904925
-0.0037381317083099363
-0.007960670959373804
-0.02172061052969816
-0.007960670959373804
0.006403183847932141
-0.0039785157752609
-0.04880875373994965
-0.007960670959373804
-0.01547647615009275
0.06504787723940864
-0.02310171114567173
0.005927180845984448
-0.00951673136891222
-0.007960670959373804
-0.0039785157752609
-0.01000185287637447
-0.00195084924159006
-0.04880875373994965
0.005927180845984448
-0.007960670959373804
-0.00195084924159006
-0.019341134077153727
0.009129654000594095
-0.008923672289283355
-0.01000185287637447
0.0009322962639773283
-0.003622844698219121
0.0009322962639773283
-0.007960670959373804
-0.01547647615009275
0.010451692157915872
0.005927180845984448
-0.007960670959373804
-0.04880875373994965
-0.01000185287637447
0.06504787723940864
-0.02060521600919904
-0.005884379547045138
-0.0037381317083099363
0.009129654000594095
-0.04880875373994965
0.0009322962639773283
-0.0037381317083099363
-0.02172061052969816
-0.02172061052969816
-0.01000185287637447
-0.01000185287637447
-0.00951673136891222
-0.019341134077153727
-0.0039785157752609
-0.0039785157752609
-0.019341134077153727
0.006403183847932141
-0.003622844698219121
-0.031212948210087552
-0.01547647615009275
-0.008923672289283355
0.048350646979093116
-0.0239986694904925
0.005927180845984448
0.06504787723940864
-0.024730844796233057
0.006403183847932141
0.005927180845984448
-0.031212948210087552
0.048350646979093116
-0.01978329481723968
-0.008923672289283355
-0.003622844698219121
0.010451692157915872
-0.01547647615009275
-0.01547647615009275
0.0047042102941935605
-0.01978329481723968
-0.02310171114567173
0.009129654000594095
-0.0037381317083099363
-0.024730844796233057
0.010451692157915872
-0.01547647615009275
-0.01000185287637447
-0.007960670959373804
-0.00951673136891222
0.006403183847932141
-0.04880875373994965
-0.01978329481723968
0.048350646979093116
-0.007298482100017175
-0.0037381317083099363
0.006403183847932141
-0.00195084924159006
-0.003622844698219121
0.009129654000594095
0.0047042102941935605
-0.01000185287637447
0.005927180845984448
-0.02310171114567173
-0.019341134077153727
-0.0037381317083099363
-0.00951673136891222
-0.005884379547045138
-0.019341134077153727
-0.02310171114567173
-0.007298482100017175
-0.0239986694904925
-0.0239986694904925
-0.01000185287637447
-0.005884379547045138
-0.003622844698219121
0.005927180845984448
0.0047042102941935605
-0.02172061052969816
-0.007298482100017175
-0.0039785157752609
-0.01547647615009275
-0.02060521600919904
-0.00195084924159006
-0.008923672289283355
-0.04880875373994965
0.006403183847932141
-0.031212948210087552
-0.031212948210087552
-0.01547647615009275
0.009129654000594095
-0.024730844796233057
-0.005884379547045138
-0.007298482100017175
0.0009322962639773283
-0.02060521600919904
-0.02172061052969816
0.048350646979093116
-0.04880875373994965
-0.007960670959373804
0.06504787723940864
-0.00951673136891222
-0.02310171114567173
0.005927180845984448
-0.019341134077153727
-0.008923672289283355
-0.031212948210087552
0.06504787723940864
-0.02172061052969816
-0.005884379547045138
-0.031212948210087552
-0.00951673136891222
-0.00951673136891222
-0.007298482100017175
-0.01000185287637447
0.005927180845984448
-0.01000185287637447
-0.01000185287637447
-0.0037381317083099363
-0.007298482100017175
-0.00195084924159006
0.0047042102941935605
-0.024730844796233057
-0.031212948210087552
0.010451692157915872
-0.02172061052969816
0.048350646979093116
0.0047042102941935605
0.010451692157915872
0.006403183847932141
-0.007960670959373804
0.009129654000594095
-0.0039785157752609
-0.0039785157752609
0.0009322962639773283
-0.00195084924159006
-0.04880875373994965
0.06504787723940864
-0.007960670959373804
0.009129654000594095
-0.005884379547045138
0.009129654000594095
-0.0039785157752609
-0.031212948210087552
0.006403183847932141
-0.005884379547045138
-0.01547647615009275
-0.00195084924159006
-0.01978329481723968
0.0009322962639773283
-0.00195084924159006
0.0009322962639773283
0.006403183847932141
-0.01978329481723968
0.010451692157915872
-0.01000185287637447
-0.005884379547045138
0.006403183847932141
-0.02172061052969816
0.006403183847932141
-0.0039785157752609
-0.031212948210087552
-0.00195084924159006
0.0009322962639773283
-0.01978329481723968
-0.007960670959373804
-0.003622844698219121
0.048350646979093116
-0.01000185287637447
-0.01978329481723968
0.048350646979093116
-0.02310171114567173
-0.024730844796233057
-0.01000185287637447
-0.02060521600919904
-0.02172061052969816
0.010451692157915872
-0.02060521600919904
0.0009322962639773283
-0.0037381317083099363
0.0047042102941935605
-0.0039785157752609
-0.031212948210087552
-0.019341134077153727
-0.007960670959373804
-0.02172061052969816
-0.007960670959373804
0.0047042102941935605
0.0047042102941935605
0.006403183847932141
0.009129654000594095
-0.01978329481723968
-0.01978329481723968
-0.02060521600919904
0.06504787723940864
-0.031212948210087552
-0.024730844796233057
-0.00951673136891222
-0.007960670959373804
-0.031212948210087552
-0.0037381317083099363
-0.0039785157752609
0.06504787723940864
0.010451692157915872
0.048350646979093116
-0.00195084924159006
0.010451692157915872
-0.007960670959373804
-0.04880875373994965
-0.01000185287637447
-0.005884379547045138
0.0009322962639773283
0.0009322962639773283
-0.02172061052969816
0.010451692157915872
-0.008923672289283355
-0.024730844796233057
-0.00195084924159006
-0.02060521600919904
-0.00195084924159006
-0.02172061052969816
-0.02310171114567173
0.006403183847932141
-0.02060521600919904
0.006403183847932141
-0.0039785157752609
-0.0239986694904925
-0.0039785157752609
-0.00195084924159006
-0.008923672289283355
-0.0039785157752609
-0.02060521600919904
0.006403183847932141
-0.031212948210087552
-0.0239986694904925
-0.0039785157752609
-0.008923672289283355
-0.01000185287637447
-0.00951673136891222
-0.00195084924159006
-0.007960670959373804
-0.0037381317083099363
-0.019341134077153727
-0.007298482100017175
-0.024730844796233057
-0.04880875373994965
0.0047042102941935605
-0.0239986694904925
-0.003622844698219121
0.06504787723940864
-0.01547647615009275
-0.02310171114567173
0.0047042102941935605
-0.0037381317083099363
0.006403183847932141
-0.0239986694904925
-0.031212948210087552
0.0009322962639773283
-0.00195084924159006
0.005927180845984448
-0.04880875373994965
-0.008923672289283355
-0.02172061052969816
-0.02172061052969816
-0.01000185287637447
-0.01547647615009275
-0.019341134077153727
0.048350646979093116
0.0009322962639773283
-0.01978329481723968
-0.02310171114567173
-0.0037381317083099363
-0.00195084924159006
-0.005884379547045138
-0.031212948210087552
0.005927180845984448
-0.0039785157752609
-0.04880875373994965
0.005927180845984448
-0.007298482100017175
-0.0037381317083099363
-0.0037381317083099363
0.010451692157915872
0.009129654000594095
-0.0037381317083099363
-0.01000185287637447
-0.01000185287637447
-0.005884379547045138
-0.01000185287637447
0.06504787723940864
-0.00951673136891222
0.0009322962639773283
-0.0037381317083099363
-0.04880875373994965
-0.02060521600919904
-0.024730844796233057
0.0009322962639773283
-0.01978329481723968
-0.00195084924159006
-0.01000185287637447
-0.003622844698219121
-0.007960670959373804
-0.031212948210087552
-0.003622844698219121
0.048350646979093116
0.005927180845984448
-0.00951673136891222
0.06504787723940864
0.005927180845984448
-0.00195084924159006
-0.024730844796233057
-0.00951673136891222
-0.02310171114567173
-0.0039785157752609
-0.01978329481723968
-0.031212948210087552
-0.0039785157752609
-0.00195084924159006
0.005927180845984448
-0.003622844698219121
0.006403183847932141
-0.024730844796233057
-0.02060521600919904
-0.04880875373994965
-0.00195084924159006
0.005927180845984448
-0.00951673136891222
0.005927180845984448
-0.019341134077153727
-0.008923672289283355
-0.008923672289283355
-0.0039785157752609
-0.02310171114567173
-0.024730844796233057
-0.02310171114567173
-0.0037381317083099363
-0.02060521600919904
0.006403183847932141
-0.0239986694904925
-0.00951673136891222
-0.01547647615009275
-0.01547647615009275
-0.0239986694904925
-0.007298482100017175
0.06504787723940864
0.0009322962639773283
-0.007298482100017175
-0.01978329481723968
-0.008923672289283355
-0.007298482100017175
-0.007960670959373804
0.0009322962639773283
-0.02310171114567173
-0.019341134077153727
-0.003622844698219121
-0.0039785157752609
0.06504787723940864
-0.00195084924159006
-0.008923672289283355
-0.005884379547045138
-0.031212948210087552
0.009129654000594095
0.006403183847932141
0.0047042102941935605
-0.00951673136891222
-0.008923672289283355
-0.0239986694904925
-0.0037381317083099363
0.010451692157915872
0.010451692157915872
-0.0039785157752609
0.010451692157915872
0.0047042102941935605
-0.01978329481723968
-0.024730844796233057
0.006403183847932141
-0.031212948210087552
-0.0039785157752609
-0.007960670959373804
-0.005884379547045138
-0.00195084924159006
-0.0037381317083099363
-0.0039785157752609
-0.0039785157752609
-0.007298482100017175
-0.04880875373994965
0.0047042102941935605
-0.00195084924159006
-0.003622844698219121
-0.01547647615009275
-0.0037381317083099363
0.005927180845984448
-0.04880875373994965
-0.01000185287637447
-0.01978329481723968
0.048350646979093116
-0.02060521600919904
-0.007298482100017175
-0.0037381317083099363
-0.00195084924159006
0.0047042102941935605
-0.007298482100017175
-0.024730844796233057
0.009129654000594095
-0.02172061052969816
-0.019341134077153727
0.009129654000594095
-0.024730844796233057
-0.02172061052969816
-0.007298482100017175
0.06504787723940864
-0.00951673136891222
-0.00951673136891222
-0.02310171114567173
0.048350646979093116
-0.005884379547045138
-0.0039785157752609
-0.003622844698219121
-0.0037381317083099363
-0.01547647615009275
0.0047042102941935605
-0.0239986694904925
0.0047042102941935605
-0.024730844796233057
-0.01547647615009275
-0.007298482100017175
-0.005884379547045138
-0.00195084924159006
0.006403183847932141
0.009129654000594095
-0.00195084924159006
0.0047042102941935605
-0.019341134077153727
-0.04880875373994965
0.009129654000594095
-0.007960670959373804
-0.007960670959373804
-0.0239986694904925
0.0047042102941935605
-0.01978329481723968
-0.01547647615009275
-0.00195084924159006
-0.04880875373994965
-0.01547647615009275
0.009129654000594095
-0.019341134077153727
-0.04880875373994965
0.009129654000594095
-0.008923672289283355
-0.003622844698219121
0.048350646979093116
0.005927180845984448
-0.01978329481723968
-0.01000185287637447
-0.02310171114567173
0.06504787723940864
-0.02172061052969816
-0.031212948210087552
0.0009322962639773283
0.005927180845984448
0.006403183847932141
-0.019341134077153727
-0.024730844796233057
-0.02172061052969816
-0.005884379547045138
0.048350646979093116
0.005927180845984448
-0.024730844796233057
0.010451692157915872
-0.0039785157752609
-0.00195084924159006
-0.031212948210087552
-0.024730844796233057
-0.0039785157752609
-0.01978329481723968
-0.031212948210087552
-0.01000185287637447
-0.02060521600919904
0.005927180845984448
0.005927180845984448
-0.0037381317083099363
-0.01000185287637447
0.06504787723940864
-0.01000185287637447
-0.0039785157752609
0.0047042102941935605
-0.019341134077153727
-0.019341134077153727
0.006403183847932141
-0.0037381317083099363
-0.01000185287637447
-0.005884379547045138
0.048350646979093116
-0.02060521600919904
-0.01000185287637447
-0.031212948210087552
-0.005884379547045138
-0.019341134077153727
-0.024730844796233057
-0.008923672289283355
-0.0239986694904925
0.06504787723940864
-0.02172061052969816
-0.031212948210087552
0.048350646979093116
0.048350646979093116
0.048350646979093116
-0.007298482100017175
0.009129654000594095
-0.02310171114567173
0.0009322962639773283
-0.01547647615009275
