-0.03154201004646603
-0.008592317649690116
-0.009654509820986784
-0.017753886737189258
-0.03769012263112335
-0.022305727455299827
-0.018805880976262904
-0.028133913262142114
-0.008625209465349526
-0.027246421802523017
-0.028133913262142114
-0.08386842956938835
-0.025306396978072448
-0.04507867678990192
-0.021644151704980418
0.013163029669376393
-0.04507867678990192
-0.008592317649690116
-0.026455811028019496
-0.015184370453830068
0.011153009440050328
-0.02044753535414587
-0.0637342245732078
0.011196076775487234
-0.06380507093501173
-0.03445251348116664
-0.016252072992037778
-0.009747534076034077
-0.023953545909951614
-0.028534802159916273
-0.03898750135915447
-0.029411087763161328
-0.03812875535065318
0.017058469668937305
0.0023448643839959846
-0.04851902127152026
-0.014528062856754549
-0.05129113848884853
-0.02327568668768352
-0.006560586212326292
-0.011334264151193065
-0.030135653765222724
-0.012356201061031266
0.026547973490774514
-0.014528062856754549
-0.012187608747184473
-0.017753886737189258
-0.012967706652628133
-0.05795500354753566
0.00026403100001103926
-0.009654509820986784
-0.01846474041800392
-0.05244497106656324
-0.04819988781212424
-0.04771420580517289
0.00026403100001103926
0.03926702173105024
-0.020921804255402555
-0.02824838802091216
-0.042193812713306696
-0.019300368881355355
-0.04249297903074957
0.0023448643839959846
-0.009747534076034077
-0.03517918073868754
0.003308650293664156
-0.04249297903074957
0.003308650293664156
-0.029578639826860136
-0.008625209465349526
0.013163029669376393
-0.03440262326044688
-0.04073969050195488
-0.0214470301770513
-0.02302021444011778
0.003316688598988249
-0.024856224261706358
-0.042968344004236915
0.003308650293664156
0.011196076775487234
-0.02824838802091216
-0.05109522614930477
-0.019180354796488292
0.00026403100001103926
-0.027942015629441496
-0.042968344004236915
-0.04077336005183105
-0.00125348307613286
-0.027942015629441496
-0.0637342245732078
-0.012019511442017398
0.004433394505789567
-0.02327568668768352
-0.034160075177849636
-0.027246421802523017
-0.006560586212326292
-0.03750111971679616
-0.018805880976262904
0.017058469668937305
0.006922848420223203
-0.01246227610003422
-0.021644151704980418
-0.03440262326044688
-0.027942015629441496
-0.015184370453830068
-0.042344550198896554
-0.03512226155126042
-0.00125348307613286
-0.026270334738273098
-0.05795500354753566
-0.04073969050195488
-0.024041761731028562
-0.06380507093501173
-0.02327568668768352
-0.029377095801498422
-0.027982344030548056
-0.05983216171935381
-0.03517918073868754
-0.01938437812464494
-0.0674106219580554
-0.012271545869441756
-0.03001258804982181
-0.03029045366762156
-0.028133913262142114
0.006922848420223203
-0.012356201061031266
-0.016788817803081592
-0.03045052138556687
-0.02044753535414587
-0.021644151704980418
-0.02824838802091216
0.026547973490774514
-0.03787776210211132
-0.02125599599017103
-0.017753886737189258
-0.04507867678990192
-0.03001258804982181
-0.0013587249927080624
-0.03029045366762156
-0.015184370453830068
0.006922848420223203
0.003308650293664156
-0.04841331046841173
-0.0637342245732078
-0.027982344030548056
-0.05129113848884853
0.02015612786629493
0.003308650293664156
-0.012271545869441756
-0.05129113848884853
-0.014528062856754549
-0.03909704647494444
-0.01562180858950934
-0.05983216171935381
0.020306165693689142
-0.009654509820986784
0.020306165693689142
-0.015184370453830068
-0.03271369600231834
-0.03702571172051327
-0.026710321504124692
0.021210872946359555
-0.03702571172051327
-0.029652509556303195
-0.03512226155126042
-0.042968344004236915
-0.042344550198896554
0.013163029669376393
-0.014528062856754549
-0.00125348307613286
-0.04969266155527777
-0.015491186774080167
-0.030135653765222724
-0.042968344004236915
-0.012187608747184473
-0.042968344004236915
-0.016252072992037778
-0.022305727455299827
-0.016788817803081592
-0.05795500354753566
-0.00012508703214113265
-0.026455811028019496
-0.027982344030548056
0.020306165693689142
-0.06380507093501173
-0.027942015629441496
0.0005429396730331426
-0.014528062856754549
0.004552821283553295
-0.04077336005183105
-0.03599271259253611
-0.02688146562174071
-0.028229410563940804
-0.021113719385431565
-0.029578639826860136
-0.030135653765222724
-0.017753886737189258
-0.05129113848884853
-0.030289233888375382
-0.024856224261706358
-0.02327568668768352
-0.012710207254072724
-0.0013587249927080624
-0.014528062856754549
-0.0160877155081903
0.0676199640125505
0.0023448643839959846
-0.01764539956826069
-0.026455811028019496
0.0676199640125505
-0.05129113848884853
-0.019300368881355355
-0.03154201004646603
-0.02125599599017103
-0.006560586212326292
0.00026403100001103926
0.0041543030144177585
-0.013517078256111053
-0.03812875535065318
-0.03769012263112335
-0.03750111971679616
-0.00125348307613286
-0.020113424127384427
-0.030135653765222724
-0.027942015629441496
-0.03638665718265796
-0.024041761731028562
-0.042344550198896554
-0.015491186774080167
-0.05244497106656324
-0.03812875535065318
0.004433394505789567
-0.030135653765222724
-0.012508879836464896
-0.022399696994917218
0.003316688598988249
-0.019180354796488292
0.006452581773992748
-0.0841364594373951
-0.03154201004646603
-0.012187608747184473
-0.03702571172051327
-0.0020175786607374638
-0.011334264151193065
-0.04369137256535408
-0.02327568668768352
-0.008625209465349526
-0.03787776210211132
-0.009747534076034077
0.004433394505789567
-0.0637342245732078
-0.03599271259253611
-0.03769012263112335
-0.029377095801498422
-0.00012508703214113265
0.011153009440050328
-0.062360557605326244
-0.0214470301770513
-0.01943620991077486
-0.021113719385431565
-0.04073969050195488
-0.06380507093501173
-0.04851902127152026
-0.014528062856754549
-0.012710207254072724
-0.04369137256535408
-0.062360557605326244
-0.05109522614930477
-0.025306396978072448
-0.025597588843056622
-0.006560586212326292
-0.02044753535414587
-0.00242239004133043
-0.030289233888375382
0.0005429396730331426
0.0005429396730331426
-0.03599271259253611
-0.034160075177849636
-0.04771420580517289
0.021210872946359555
-0.04625727538479062
-0.03001258804982181
-0.018805880976262904
-0.012508879836464896
-0.04841331046841173
-0.03440262326044688
-0.04077336005183105
-0.04861275194383684
-0.05795500354753566
-0.04507867678990192
0.011153009440050328
-0.013865276510233754
-0.03638665718265796
-0.03769012263112335
-0.04969266155527777
0.003316688598988249
0.003308650293664156
-0.0013587249927080624
0.006452581773992748
-0.0637342245732078
0.008495469270204628
-0.0020175786607374638
-0.019300368881355355
0.017058469668937305
-0.032244214525292456
-0.027942015629441496
-0.021113719385431565
-0.06380507093501173
-0.01846474041800392
-0.03440262326044688
-0.016252072992037778
-0.03512226155126042
-0.01943620991077486
-0.05983216171935381
-0.01764539956826069
-0.03909704647494444
-0.06380507093501173
-0.024041761731028562
-0.03599271259253611
-0.014528062856754549
-0.01764539956826069
-0.03909704647494444
-0.028133913262142114
-0.03750111971679616
-0.03702571172051327
-0.042344550198896554
-0.05244497106656324
-0.012632188405777149
-0.04771420580517289
-0.008782754005477688
0.0676199640125505
0.00026403100001103926
-0.03445251348116664
-0.0020175786607374638
-0.06256795470383299
-0.009747534076034077
-0.0841364594373951
-0.029411087763161328
-0.025306396978072448
-0.0674106219580554
-0.03638665718265796
0.011153009440050328
-0.06380507093501173
-0.04861275194383684
-0.0020175786607374638
-0.042193812713306696
-0.0013587249927080624
-0.03769012263112335
-0.0020175786607374638
-0.03898750135915447
-0.042193812713306696
-0.028229410563940804
0.026547973490774514
0.020306165693689142
-0.05795500354753566
-0.028133913262142114
-0.03909704647494444
-0.029652509556303195
-0.04625727538479062
-0.027246421802523017
-0.02327568668768352
-0.0674106219580554
-0.03512226155126042
-0.014528062856754549
-0.018846770201088745
0.02015612786629493
-0.011334264151193065
0.04207100828124168
0.003308650293664156
-0.019180354796488292
-0.015184370453830068
-0.02688146562174071
0.008495469270204628
-0.0674106219580554
-0.0003742218055554312
-0.028133913262142114
-0.029377095801498422
-0.024041761731028562
0.013163029669376393
-0.030289233888375382
-0.015184370453830068
0.008495469270204628
-0.01846474041800392
-0.027246421802523017
-0.019300368881355355
-0.034160075177849636
-0.011334264151193065
-0.0020175786607374638
-0.0020175786607374638
-0.04625727538479062
-0.00242239004133043
-0.02044753535414587
0.04207100828124168
-0.04851902127152026
-0.02824838802091216
-0.021644151704980418
-0.026710321504124692
0.011196076775487234
-0.028534802159916273
0.008495469270204628
-0.024041761731028562
-0.009747534076034077
0.02015612786629493
0.00026403100001103926
-0.025597588843056622
-0.021644151704980418
-0.020921804255402555
-0.011334264151193065
-0.04861275194383684
-0.018805880976262904
-0.042968344004236915
-0.0020175786607374638
-0.03898750135915447
0.04207100828124168
-0.0020175786607374638
-0.02327568668768352
-0.04851902127152026
-0.03812875535065318
-0.01562180858950934
-0.04625727538479062
-0.012271545869441756
-0.012271545869441756
0.0005429396730331426
-0.012356201061031266
-0.025597588843056622
0.0676199640125505
-0.029377095801498422
-0.012710207254072724
-0.024856224261706358
-0.03841921442118266
-0.015491186774080167
0.0676199640125505
0.02015612786629493
-0.029652509556303195
-0.05129113848884853
-0.05983216171935381
-0.027982344030548056
-0.03154201004646603
-0.08386842956938835
-0.029411087763161328
-0.03154201004646603
-0.024856224261706358
-0.04851902127152026
-0.03029045366762156
-0.021113719385431565
-0.0214470301770513
-0.01846474041800392
-0.012710207254072724
0.02015612786629493
0.004552821283553295
-0.021644151704980418
0.004433394505789567
-0.021807351449439308
-0.012967706652628133
-0.020921804255402555
-0.00012508703214113265
-0.02824838802091216
-0.011334264151193065
0.006922848420223203
0.004433394505789567
-0.004457852310872998
-0.022399696994917218
-0.004457852310872998
0.02015612786629493
-0.03440262326044688
-0.03445251348116664
-0.028229410563940804
0.003316688598988249
-0.05244497106656324
-0.021644151704980418
-0.012019511442017398
-0.03440262326044688
-0.012967706652628133
-0.013865276510233754
-0.04819988781212424
0.006922848420223203
-0.024856224261706358
-0.04507867678990192
-0.012710207254072724
-0.015491186774080167
-0.006560586212326292
-0.016252072992037778
-0.008625209465349526
-0.024041761731028562
0.0023448643839959846
-0.004457852310872998
-0.03001258804982181
-0.013865276510233754
0.04207100828124168
-0.027942015629441496
0.0023448643839959846
-0.017753886737189258
-0.029377095801498422
-0.04819988781212424
-0.027246421802523017
0.011153009440050328
-0.04771420580517289
-0.034160075177849636
-0.015184370453830068
-0.02044753535414587
-0.00242239004133043
-0.019300368881355355
0.011196076775487234
-0.03638665718265796
-0.029411087763161328
-0.04771420580517289
0.004552821283553295
-0.04819988781212424
-0.05983216171935381
-0.03638665718265796
0.00026403100001103926
0.011196076775487234
-0.034160075177849636
-0.05244497106656324
-0.02327568668768352
-0.06380507093501173
-0.04507867678990192
-0.029578639826860136
-0.009747534076034077
0.017058469668937305
0.003308650293664156
-0.04077336005183105
0.017058469668937305
-0.021807351449439308
-0.029652509556303195
-0.011334264151193065
-0.02666352813388244
-0.028229410563940804
-0.01943620991077486
-0.020113424127384427
-0.034160075177849636
0.0023448643839959846
0.021210872946359555
-0.04861275194383684
-0.03812875535065318
-0.03599271259253611
-0.019180354796488292
-0.05129113848884853
-0.029578639826860136
-0.03271369600231834
0.0005429396730331426
-0.02125599599017103
-0.0637342245732078
-0.026455811028019496
0.0041543030144177585
0.04207100828124168
-0.029377095801498422
0.017058469668937305
-0.05244497106656324
-0.027982344030548056
-0.0160877155081903
-0.03154201004646603
-0.024041761731028562
-0.023953545909951614
-0.04841331046841173
-0.012019511442017398
-0.042344550198896554
-0.03029045366762156
-0.03517918073868754
-0.04073969050195488
-0.03001258804982181
-0.015184370453830068
-0.0160877155081903
-0.04369137256535408
-0.03702571172051327
-0.0013587249927080624
-0.023953545909951614
-0.016011975565752012
-0.034160075177849636
-0.00242239004133043
-0.009747534076034077
-0.013517078256111053
-0.034160075177849636
0.00026403100001103926
-0.012271545869441756
0.003308650293664156
-0.020113424127384427
-0.029411087763161328
-0.006560586212326292
-0.034160075177849636
-0.020921804255402555
-0.012632188405777149
-0.03702571172051327
-0.04625727538479062
-0.06380507093501173
-0.02044753535414587
-0.00012508703214113265
-0.01562180858950934
-0.03512226155126042
-0.008592317649690116
-0.0013587249927080624
-0.03045052138556687
-0.03445251348116664
-0.032244214525292456
0.013163029669376393
-0.05129113848884853
-0.01562180858950934
-0.05983216171935381
-0.025597588843056622
-0.029578639826860136
-0.021644151704980418
-0.018805880976262904
0.0676199640125505
-0.012187608747184473
-0.009747534076034077
-0.016472687030852546
-0.004141342701845727
0.02015612786629493
-0.016788817803081592
-0.01246227610003422
-0.008782754005477688
-0.034160075177849636
-0.03638665718265796
-0.023953545909951614
-0.022305727455299827
-0.062360557605326244
-0.03812875535065318
-0.012508879836464896
-0.05129113848884853
-0.03001258804982181
-0.0637342245732078
0.006922848420223203
0.00026403100001103926
-0.009747534076034077
-0.03909704647494444
-0.01246227610003422
-0.04077336005183105
-0.025597588843056622
0.0005429396730331426
-0.04861275194383684
-0.021807351449439308
-0.05244497106656324
-0.012710207254072724
-0.023953545909951614
-0.04369137256535408
-0.019180354796488292
-0.028133913262142114
0.004552821283553295
-0.017753886737189258
-0.0013587249927080624
-0.03445251348116664
-0.020113424127384427
-0.02824838802091216
-0.00242239004133043
-0.012632188405777149
-0.026270334738273098
-0.03045052138556687
-0.00125348307613286
-0.01938437812464494
0.021210872946359555
-0.04861275194383684
-0.00125348307613286
-0.04625727538479062
-0.04249297903074957
-0.04771420580517289
-0.03750111971679616
-0.012508879836464896
0.004552821283553295
0.0676199640125505
0.017058469668937305
-0.0003742218055554312
-0.0841364594373951
0.026547973490774514
-0.009747534076034077
-0.03445251348116664
-0.04771420580517289
-0.014528062856754549
-0.018846770201088745
-0.02688146562174071
-0.021644151704980418
-0.018805880976262904
-0.029377095801498422
-0.03702571172051327
0.003308650293664156
-0.027942015629441496
-0.03001258804982181
0.03926702173105024
-0.03001258804982181
0.004433394505789567
-0.01562180858950934
-0.04851902127152026
-0.06380507093501173
-0.03445251348116664
-0.026270334738273098
-0.021113719385431565
-0.04969266155527777
-0.062360557605326244
-0.0841364594373951
0.026547973490774514
-0.06380507093501173
-0.03154201004646603
-0.03769012263112335
-0.018846770201088745
-0.01943620991077486
-0.024856224261706358
-0.00125348307613286
-0.025306396978072448
-0.021113719385431565
-0.0214470301770513
-0.014528062856754549
-0.026710321504124692
-0.012632188405777149
-0.03512226155126042
-0.026270334738273098
-0.021644151704980418
0.003308650293664156
-0.028229410563940804
-0.018805880976262904
-0.03702571172051327
-0.019338425006882706
-0.029411087763161328
-0.04861275194383684
-0.04861275194383684
-0.012271545869441756
-0.025597588843056622
-0.008782754005477688
-0.021807351449439308
0.017058469668937305
-0.0013587249927080624
0.004552821283553295
0.004433394505789567
-0.034160075177849636
-0.027942015629441496
-0.03154201004646603
-0.006311457880497843
-0.014528062856754549
-0.029652509556303195
0.0041543030144177585
-0.025597588843056622
-0.04819988781212424
0.026547973490774514
-0.030135653765222724
0.006452581773992748
-0.015184370453830068
-0.004141342701845727
-0.01764539956826069
-0.042968344004236915
0.0041543030144177585
-0.03812875535065318
-0.03599271259253611
-0.04819988781212424
-0.00242239004133043
-0.019338425006882706
-0.0637342245732078
0.0041543030144177585
-0.009747534076034077
-0.034160075177849636
-0.021644151704980418
-0.014528062856754549
-0.03750111971679616
-0.02666352813388244
-0.05983216171935381
-0.04969266155527777
-0.03599271259253611
-0.019338425006882706
-0.022305727455299827
-0.009654509820986784
-0.020113424127384427
-0.01938437812464494
-0.019300368881355355
0.004552821283553295
0.017058469668937305
-0.02302021444011778
-0.029578639826860136
-0.03440262326044688
-0.034160075177849636
-0.029652509556303195
-0.05109522614930477
-0.02044753535414587
-0.014528062856754549
-0.0674106219580554
-0.028133913262142114
-0.04819988781212424
-0.020113424127384427
-0.009747534076034077
-0.012356201061031266
0.011196076775487234
-0.04771420580517289
0.011196076775487234
-0.026270334738273098
-0.016011975565752012
0.0041543030144177585
-0.03440262326044688
-0.020113424127384427
-0.042193812713306696
-0.04249297903074957
-0.026270334738273098
-0.012356201061031266
-0.022305727455299827
-0.03512226155126042
-0.04819988781212424
0.004552821283553295
-0.026710321504124692
-0.030289233888375382
0.011153009440050328
-0.022305727455299827
-0.012710207254072724
-0.019180354796488292
-0.0003742218055554312
-0.032244214525292456
-0.05244497106656324
-0.0637342245732078
-0.05795500354753566
-0.032244214525292456
-0.04861275194383684
0.0676199640125505
-0.011334264151193065
-0.02824838802091216
-0.018846770201088745
-0.021113719385431565
-0.022399696994917218
-0.0160877155081903
-0.015184370453830068
-0.025306396978072448
0.0023448643839959846
0.00026403100001103926
-0.02824838802091216
-0.029652509556303195
-0.012019511442017398
-0.03841921442118266
-0.02824838802091216
-0.03517918073868754
-0.04861275194383684
-0.0841364594373951
0.004433394505789567
-0.04771420580517289
0.026547973490774514
-0.018805880976262904
-0.028133913262142114
-0.04625727538479062
0.026547973490774514
0.0023448643839959846
-0.05109522614930477
0.0005429396730331426
-0.019338425006882706
-0.017753886737189258
-0.011334264151193065
-0.015184370453830068
-0.06256795470383299
-0.05109522614930477
0.02015612786629493
-0.034160075177849636
0.006452581773992748
0.003316688598988249
-0.04969266155527777
-0.008782754005477688
-0.009654509820986784
-0.022305727455299827
-0.04841331046841173
-0.028229410563940804
0.003316688598988249
-0.02666352813388244
-0.04249297903074957
-0.05795500354753566
-0.05129113848884853
-0.030135653765222724
-0.04077336005183105
0.017058469668937305
-0.03599271259253611
0.0676199640125505
0.0005429396730331426
-0.01938437812464494
-0.018846770201088745
-0.05795500354753566
-0.034160075177849636
-0.021644151704980418
-0.02302021444011778
-0.01246227610003422
-0.017753886737189258
-0.04819988781212424
-0.04841331046841173
-0.03909704647494444
-0.027942015629441496
0.026547973490774514
-0.0674106219580554
0.006452581773992748
-0.026455811028019496
-0.018805880976262904
-0.026710321504124692
-0.008592317649690116
-0.029578639826860136
-0.08386842956938835
-0.015184370453830068
-0.0674106219580554
-0.01846474041800392
-0.015184370453830068
-0.05795500354753566
-0.015491186774080167
-0.02688146562174071
-0.026710321504124692
-0.01562180858950934
-0.042344550198896554
0.013163029669376393
-0.009747534076034077
0.008495469270204628
-0.024856224261706358
-0.013517078256111053
-0.03787776210211132
-0.0160877155081903
0.021210872946359555
-0.062360557605326244
-0.009654509820986784
-0.03812875535065318
-0.014528062856754549
-0.021113719385431565
0.006452581773992748
0.00026403100001103926
-0.028534802159916273
-0.030135653765222724
-0.026455811028019496
-0.006560586212326292
-0.015184370453830068
-0.026455811028019496
-0.028229410563940804
-0.026270334738273098
0.008495469270204628
-0.022399696994917218
-0.012019511442017398
0.004433394505789567
-0.015184370453830068
0.017058469668937305
-0.020921804255402555
-0.01764539956826069
0.011196076775487234
-0.028133913262142114
-0.05129113848884853
-0.03599271259253611
0.02015612786629493
-0.05109522614930477
-0.012710207254072724
-0.008592317649690116
0.004433394505789567
-0.0637342245732078
-0.012356201061031266
-0.01764539956826069
-0.03045052138556687
-0.015491186774080167
-0.015491186774080167
-0.013865276510233754
-0.012710207254072724
-0.0013587249927080624
-0.030135653765222724
-0.034160075177849636
-0.042344550198896554
0.008495469270204628
-0.009654509820986784
-0.03001258804982181
-0.032244214525292456
0.04207100828124168
-0.012356201061031266
-0.04851902127152026
-0.03001258804982181
-0.03702571172051327
-0.0003742218055554312
-0.05983216171935381
-0.012632188405777149
-0.028229410563940804
-0.04969266155527777
-0.06256795470383299
-0.0003742218055554312
-0.01764539956826069
-0.01246227610003422
0.04207100828124168
-0.012019511442017398
0.011153009440050328
-0.015184370453830068
-0.03271369600231834
-0.024041761731028562
-0.009747534076034077
-0.029411087763161328
-0.02824838802091216
-0.006311457880497843
-0.05795500354753566
-0.034160075177849636
-0.04077336005183105
-0.025597588843056622
0.04207100828124168
-0.0020175786607374638
-0.020113424127384427
-0.019338425006882706
-0.029578639826860136
-0.018846770201088745
-0.024041761731028562
-0.018805880976262904
-0.0160877155081903
-0.03898750135915447
-0.012356201061031266
-0.03029045366762156
-0.03517918073868754
-0.0013587249927080624
-0.017753886737189258
-0.019180354796488292
-0.026455811028019496
-0.016011975565752012
-0.04249297903074957
-0.023953545909951614
0.0041543030144177585
-0.024041761731028562
-0.03517918073868754
-0.019180354796488292
