-0.024915053637558887
0.0013781175678547657
-0.03244088888364788
-0.012199099168957162
-0.034844945732324044
-0.020419882081511617
-0.031014692945335938
-0.01356313404302864
-0.02106747765049294
-0.042060155180028334
-0.025389282783170757
-0.00784742637374031
0.00028933133750942426
-0.012974333188708213
-0.02131573358548006
-0.013764497040269908
-0.016263675139086792
-0.010553979391635214
-0.03711208143180447
-0.012079685432253339
-0.031687809121683536
-0.031018886613201437
-0.034844945732324044
-0.02241281512810399
-0.014024480362171934
-0.009857403951393595
-0.03580679784487105
-0.007368651722740739
0.004923303124501131
-0.024252942274621346
-0.020797181935755527
-0.026188483354667856
-0.027102309528521905
-0.03480787680279486
-0.02850734984997778
-0.028666272032847218
0.00028933133750942426
-0.03019335526993914
-0.014287945174113031
-0.009083377706682228
0.008201884451600671
-0.01221812926720361
0.011065303648060179
-0.009083377706682228
-0.0209183675766552
-0.03652898239089161
-0.001253354657877973
-0.013774694604848646
-0.003154911803118927
-0.03701612263250981
-0.00784742637374031
-0.017487618930198803
-0.013764497040269908
-0.0209183675766552
-0.0400770257615077
-0.0029835213220469757
-0.03402466188610408
-0.012974333188708213
-0.022084782467527746
-0.043010887640875614
-0.017357112377219198
-0.026599015671172954
-0.014024480362171934
-0.03474571601732142
-0.006866714305425651
-0.015996951420646863
0.01599426878603521
-0.04596046564776903
-0.01025116885652004
-0.021500902278567272
-0.02725979803842972
0.0030549850946330627
0.0035757522934706703
0.0006355391822152968
0.009212135406230048
-0.03508199639597691
-0.013692454538770375
-0.025389282783170757
-0.019869852454550155
-0.018594517518769352
0.01599426878603521
-0.05344146050099767
-0.003154911803118927
-0.012120800972402885
-0.024338761873995335
-0.03856386814671091
-0.02837153804217688
-0.017720021672999728
-0.04088145932519864
-0.008148912254550108
-0.022148659439758103
-0.017993876178750475
-0.045588155021767066
-0.03652898239089161
-0.0097058805446865
0.011703718989508947
0.0030549850946330627
-0.016869708855972994
-0.012199099168957162
-0.044527408768462715
-0.016218684234484672
-0.0024856288626633354
-0.026107719826152564
-0.031341681423993184
-0.015021906198046251
-0.0374780370529761
-0.025170971517476916
-0.017357112377219198
-0.05602697015741307
-0.043010887640875614
-0.02106747765049294
0.01599426878603521
-0.01498543240188992
-0.0065857611828888125
0.01599426878603521
-0.03994192565095493
-0.014747971952949357
-0.03711208143180447
-0.020615607202303432
-0.0017180152574702645
-0.03994192565095493
-0.0400770257615077
-0.025079517908876237
-0.02325274922562454
-0.03897730006931578
-0.020177707756102302
-0.0548858375955441
-0.02966179570087154
-0.00526845342343245
0.011509737675478724
-0.029002171531373945
-0.04596046564776903
-0.025389282783170757
-0.039312191511222644
-0.011402908935876924
-0.017487618930198803
-0.01012776448501461
-0.0031823437431751952
-0.05361821295268442
-0.02241281512810399
-0.028978215330139643
-0.013812423361986886
0.015252015013163063
-0.014747971952949357
-0.013419257658833504
-0.016895318412905758
-0.012618961271400659
-0.019991784538871623
-0.013419257658833504
-0.05344146050099767
-0.024915053637558887
-0.019304314901672323
-0.00539484380170757
-0.03254145859996269
-0.01025116885652004
-0.012199099168957162
0.0012264102112782525
-0.015932788088583724
-0.020797181935755527
0.012650151853185857
-0.0006360206130302976
-0.04169451066880029
-0.018594517518769352
0.0071106327253753895
-0.015348227209476054
-0.012974333188708213
-0.003154911803118927
0.004923303124501131
-0.013692631410127764
-0.03842182855639673
-0.015299084996043096
-0.00526845342343245
-0.027102309528521905
-0.021247361164436113
-0.0034219402728062147
-0.01225021083740925
-0.0164054480024376
-0.06873734334663163
0.00490952145661797
-0.007468646317001488
-0.034042342799295265
-0.0424814834522767
-0.016218684234484672
-0.058800817457818726
0.010696615366295808
-0.011950727482363921
-0.020419882081511617
-0.013692454538770375
-0.03994192565095493
-0.028978215330139643
-0.0001751053897172362
-0.030230148268903863
0.0006355391822152968
-0.026107719826152564
-0.01289638578543092
-0.017357112377219198
-0.0001751053897172362
-0.001253354657877973
-0.0491899646848856
-0.024519310246632644
-0.05602697015741307
-0.015932788088583724
0.0035757522934706703
0.011509737675478724
-0.03480787680279486
-0.03842182855639673
-0.016263675139086792
-0.021247361164436113
-0.03301972473438208
-0.04526873591764532
0.011509737675478724
-0.029364754366370416
-0.021735263462028098
0.0013781175678547657
0.0013590453950059376
-0.020467003625633133
-0.028666272032847218
0.0018146469633495553
-0.018594517518769352
-0.00784742637374031
-0.015348227209476054
-0.02966179570087154
-0.018164623287546727
-0.025389282783170757
-0.019991784538871623
0.008117493531573528
-0.03897730006931578
-0.020361712617464542
-0.02085759513460513
-0.014848624937577827
0.022437815289116814
-0.015021906198046251
-0.016895318412905758
-0.020531983293462664
-0.015996951420646863
-0.058800817457818726
-0.011485400200628515
-0.034042342799295265
-0.019869852454550155
-0.04432263339199018
-0.03842182855639673
-0.012607455450445266
-0.028666272032847218
-0.003154911803118927
-0.013419257658833504
-0.03850440095098619
-0.019222358331453488
-0.0349583731471006
-0.005779807079999473
-0.001365944193699764
-0.008690055986710413
0.0007645124258000578
-0.020797181935755527
-0.029002171531373945
0.022437815289116814
-0.013764497040269908
0.018839796652993467
-0.03487635814602311
-0.031755217020959556
-0.0548858375955441
-0.03981443592944876
-0.03726721843124055
-0.025079517908876237
-0.031755217020959556
-0.02325274922562454
-0.04169451066880029
-0.027202498929565812
-0.01289638578543092
-0.025840954973713203
-0.007368651722740739
-0.03692119164106077
-0.014747971952949357
-0.026188483354667856
0.007208597429353819
0.0012264102112782525
-0.019991784538871623
-0.03652898239089161
-0.05881589527074808
-0.013419257658833504
-0.030330786988478686
-0.018164623287546727
-0.012079685432253339
-0.014848624937577827
-0.012197991966311498
-0.02106747765049294
-0.00025540234732460143
-0.04574256328316227
-0.005423368708984798
-0.015518133638766925
-0.019222358331453488
-0.013774694604848646
-0.027202498929565812
-0.03474571601732142
-0.015021906198046251
-0.0209183675766552
-0.005755657181267568
-0.015044587419032373
0.004923303124501131
-0.04596046564776903
-0.03397249917111438
0.012785177341014314
-0.00539484380170757
-0.026599015671172954
-0.013692631410127764
-0.011485400200628515
-0.007312834415127187
-0.03635130734817098
0.0036351682472336696
-0.0009498106592193071
0.01599426878603521
-0.003154911803118927
0.017789183562095127
-0.02966179570087154
-0.012197991966311498
0.018839796652993467
-0.023266807954784866
-0.05881589527074808
-0.0019688520268426987
-0.013812423361986886
-0.03508199639597691
-0.012199099168957162
-0.020419882081511617
-0.017150569143316467
-0.03652898239089161
-0.008148912254550108
-0.013764497040269908
-0.009083377706682228
-0.03850440095098619
-0.021500902278567272
-0.0009498106592193071
-0.024915053637558887
-0.0010748050194858442
-0.001365944193699764
0.014885670669936435
-0.021247361164436113
-0.02850734984997778
-0.02725979803842972
0.0030549850946330627
0.01163466248733844
-0.035113412679191575
-0.0034219402728062147
-0.02966179570087154
-0.010009296303524868
-0.04574256328316227
-0.0008438035828862907
-0.039312191511222644
-0.012618961271400659
-0.06873734334663163
-0.016557400238996853
0.01163466248733844
-0.007312834415127187
-0.020141568969926013
-0.03457279547411261
-0.0031823437431751952
-0.016877360570850954
-0.015518133638766925
-0.005755657181267568
0.011703718989508947
-0.01356313404302864
-0.013419257658833504
-0.0024856288626633354
-0.016877360570850954
-0.012120800972402885
-0.031014692945335938
-0.039312191511222644
-0.013591836838787973
0.0036351682472336696
-0.020467003625633133
-0.03981443592944876
0.001617725308086067
-0.003154911803118927
-0.014372754720760805
-0.001365944193699764
-0.03711208143180447
-0.03981443592944876
0.0013781175678547657
0.012785177341014314
-0.012227087422340448
-0.007368651722740739
0.0071106327253753895
-0.02131573358548006
-0.02332321673137708
-0.02850734984997778
-0.011503561543117337
-0.00828928006639408
-0.03856386814671091
-0.03726721843124055
-0.016790600389975277
-0.007554621488536559
-0.045588155021767066
-0.025170971517476916
-0.030330786988478686
-0.007312834415127187
-0.0018669258211768882
-0.01479450665321015
-0.003154911803118927
-0.012742995150069306
-0.02802814466961904
-0.034844945732324044
-0.00828928006639408
-0.02604021483696019
-0.02725979803842972
-0.005755657181267568
-0.0060844323262827845
-0.02604021483696019
-0.026107719826152564
0.0018146469633495553
-0.03244088888364788
0.0013781175678547657
-0.024252942274621346
0.002470393488035713
-0.014024480362171934
-0.007255107540698642
-0.03176468520037014
-0.015348227209476054
-0.031341681423993184
-0.04526873591764532
-0.04169451066880029
0.015252015013163063
-0.024915053637558887
-0.006945146215652604
-0.01479450665321015
-0.008690055986710413
-0.031018886613201437
-0.012227087422340448
-0.03692119164106077
-0.014372754720760805
-0.010553979391635214
-0.018594517518769352
-0.02106747765049294
-0.01221812926720361
-0.04432263339199018
-0.01025116885652004
0.0030549850946330627
-0.03254145859996269
-0.044527408768462715
-0.00828928006639408
-0.005755657181267568
-0.035113412679191575
-0.007258333401812791
-0.020419882081511617
-0.03747833908934384
-0.019198774658669766
-0.0374780370529761
0.00437780333860226
0.008117493531573528
-0.013692454538770375
0.01163466248733844
-0.02241281512810399
-0.014287945174113031
-0.014747971952949357
-0.03490762930450112
-0.012607455450445266
-0.013692454538770375
-0.012607455450445266
-0.044527408768462715
-0.00828928006639408
-0.017993876178750475
-0.00828928006639408
-0.017720021672999728
0.007208597429353819
0.0013590453950059376
0.002470393488035713
-0.029364754366370416
-0.029364754366370416
-0.030230148268903863
-0.0010748050194858442
-0.031018886613201437
-0.03490762930450112
-0.031755217020959556
-0.05602697015741307
0.018839796652993467
-0.05361821295268442
-0.03652898239089161
-0.05582849135325034
-0.014848624937577827
-0.031755217020959556
-0.04526873591764532
0.00028933133750942426
-0.015299084996043096
-0.03842182855639673
0.009212135406230048
-0.045588155021767066
-0.034042342799295265
-0.0001751053897172362
0.00437780333860226
-0.010553979391635214
-0.04526873591764532
-0.0006360206130302976
-0.03280482919250521
0.01163466248733844
0.01163466248733844
-0.052806384746724555
-0.044527408768462715
-0.007468646317001488
-0.00539484380170757
-0.01479450665321015
-0.016038423209163606
-0.03897730006931578
-0.03019335526993914
-0.017336146045381928
-0.006782846846635375
-0.04526873591764532
-0.039312191511222644
-0.011503561543117337
0.0007645124258000578
-0.0031823437431751952
0.00490952145661797
-0.02131573358548006
-0.0006360206130302976
-0.020361712617464542
-0.019304314901672323
-0.05592616721243718
-0.020797181935755527
-0.024260346590720624
-0.004910579113640683
-0.016263675139086792
-0.008895292900226512
-0.015932788088583724
0.008201884451600671
-0.016557400238996853
-0.04432263339199018
0.018839796652993467
-0.014848624937577827
-0.012199099168957162
-0.0491899646848856
-0.0005028582726623235
0.008201884451600671
-0.020531983293462664
-0.04596046564776903
-0.009892539206809022
-0.016038423209163606
-0.0164054480024376
-0.020141568969926013
-0.006945146215652604
-0.012285074930416796
-0.017357112377219198
-0.008895292900226512
-0.007255107540698642
-0.007312834415127187
-0.02850734984997778
-0.03254145859996269
-0.018594517518769352
-0.020419882081511617
-0.019222358331453488
-0.012416934212049159
-0.02325274922562454
-0.024915053637558887
-0.0018669258211768882
-0.02241281512810399
-0.0005028582726623235
-0.04088145932519864
-0.045588155021767066
-0.02850734984997778
-0.0349583731471006
-0.004910579113640683
-0.008895292900226512
-0.020467003625633133
-0.030330786988478686
-0.014747971952949357
-0.02241281512810399
-0.03254145859996269
-0.0001751053897172362
-0.034844945732324044
-0.02131573358548006
-0.003154911803118927
-0.016557400238996853
-0.042060155180028334
-0.03856386814671091
0.011703718989508947
-0.03019335526993914
-0.012618961271400659
0.011703718989508947
-0.03280482919250521
-0.024252942274621346
-0.044527408768462715
-0.03021240104109376
0.0007645124258000578
0.00046693542579225315
-0.03254145859996269
-0.0424814834522767
-0.01498543240188992
-0.02802814466961904
0.007208597429353819
-0.001365944193699764
0.0013784914834320391
-0.005423368708984798
-0.029002171531373945
-0.0038629652596641533
-0.03897730006931578
-0.018800556122198404
-0.03701612263250981
-0.03850440095098619
-0.01289638578543092
-0.0038629652596641533
-0.05344146050099767
-0.019869852454550155
-0.031018886613201437
0.0030549850946330627
-0.026188483354667856
-0.03747833908934384
-0.013692631410127764
-0.010553979391635214
-0.02131573358548006
-0.03842182855639673
-0.010480932243367973
0.0030549850946330627
-0.034042342799295265
-0.037083878160794365
-0.03480787680279486
-0.019304314901672323
-0.010553979391635214
0.0071106327253753895
-0.024519310246632644
-0.021247361164436113
-0.022227595346803578
-0.00526845342343245
-0.016869708855972994
-0.011402908935876924
-0.0164054480024376
-0.010480932243367973
-0.015044587419032373
-0.0209183675766552
0.0001261813401010059
-0.02837153804217688
-0.028002046118081943
0.014885670669936435
-0.007258333401812791
-0.03254145859996269
-0.03474571601732142
-0.014747971952949357
-0.029364754366370416
-0.03019335526993914
-0.00025540234732460143
-0.04650847224505118
-0.03039303380497881
-0.0034219402728062147
-0.011950727482363921
0.014885670669936435
-0.025079517908876237
-0.020615607202303432
-0.008041469888885672
-0.0209183675766552
-0.035113412679191575
-0.020419882081511617
-0.011485400200628515
0.0013590453950059376
-0.012285074930416796
-0.015348227209476054
0.0001261813401010059
-0.008148912254550108
-0.019222358331453488
0.010696615366295808
-0.011503561543117337
-0.01356313404302864
-0.03301972473438208
-0.025079517908876237
0.0013590453950059376
-0.020467003625633133
-0.029002171531373945
-0.013692454538770375
-0.01498543240188992
-0.016263675139086792
0.011065303648060179
-0.010009296303524868
-0.031018886613201437
-0.015021906198046251
-0.03856386814671091
-0.0024856288626633354
-0.016869708855972994
-0.02519135515821431
-0.014287945174113031
-0.058800817457818726
-0.02966179570087154
0.008117493531573528
0.012650151853185857
-0.050135697241449506
-0.03254145859996269
-0.02837153804217688
-0.03635130734817098
0.006256687911196071
-0.03301972473438208
-0.006866714305425651
-0.016263675139086792
-0.007468646317001488
-0.014747971952949357
-0.03856386814671091
0.0013781175678547657
0.012650151853185857
-0.005779807079999473
-0.03850440095098619
-0.03280482919250521
-0.02131573358548006
0.0030549850946330627
-0.037083878160794365
-0.023266807954784866
0.015252015013163063
-0.012227087422340448
-0.016877360570850954
0.0001261813401010059
-0.007258333401812791
-0.02332321673137708
-0.009892539206809022
-0.025836562691231302
-0.027102309528521905
-0.019991784538871623
0.002470393488035713
-0.014024480362171934
-0.020797181935755527
-0.03402466188610408
-0.02850734984997778
-0.04574256328316227
-0.0349583731471006
-0.030230148268903863
-0.031755217020959556
0.011703718989508947
-0.01199294420483693
-0.026107719826152564
-0.025840954973713203
-0.011503561543117337
0.002410397150364851
-0.021247361164436113
-0.013692454538770375
-0.0018669258211768882
-0.010009296303524868
-0.013692631410127764
-0.012607455450445266
-0.03692119164106077
-0.013419257658833504
-0.0164054480024376
-0.006949988154394031
-0.0164054480024376
-0.00539484380170757
-0.015849567861203073
0.00437780333860226
-0.0024856288626633354
-0.0097058805446865
-0.003154911803118927
-0.011503561543117337
-0.014455604260599251
-0.00784742637374031
-0.031014692945335938
-0.03457279547411261
-0.03635130734817098
-0.026107719826152564
-0.003154911803118927
-0.026599015671172954
-0.011950727482363921
0.00046693542579225315
0.0006355391822152968
-0.05361821295268442
-0.031014692945335938
-0.008041469888885672
-0.013591836838787973
-0.014455604260599251
-0.012416934212049159
-0.04088145932519864
-0.013692454538770375
-0.010009296303524868
0.00490952145661797
-0.045588155021767066
-0.02802814466961904
0.01599426878603521
-0.01225021083740925
-0.03490762930450112
-0.050135697241449506
-0.015465504332126134
0.007507015696033585
0.0001261813401010059
-0.03254145859996269
-0.021247361164436113
-0.006866714305425651
-0.008148912254550108
-0.026188483354667856
-0.03490762930450112
-0.008895292900226512
-0.014451068021160626
0.022437815289116814
-0.03580679784487105
-0.021247361164436113
-0.018594517518769352
-0.02519135515821431
-0.03981443592944876
-0.026188483354667856
-0.025170971517476916
0.0013784914834320391
-0.008895292900226512
-0.012742995150069306
-0.0097058805446865
-0.02324567037927865
0.008117493531573528
-0.03856386814671091
0.014885670669936435
-0.016869708855972994
-0.0006360206130302976
-0.005872999170461735
-0.031341681423993184
-0.00784742637374031
-0.03021240104109376
0.008117493531573528
-0.020467003625633133
-0.03457279547411261
-0.02324567037927865
-0.015996951420646863
-0.04650847224505118
-0.0349583731471006
0.011703718989508947
-0.029002171531373945
-0.039312191511222644
0.014885670669936435
-0.024252942274621346
-0.013812423361986886
-0.015154035222346804
-0.03726721843124055
-0.008895292900226512
-0.009892539206809022
-0.025079517908876237
-0.016218684234484672
-0.02241281512810399
-0.00025540234732460143
-0.022227595346803578
-0.01154180581802479
-0.028002046118081943
-0.026188483354667856
0.0035757522934706703
-0.02604021483696019
-0.00784742637374031
-0.014455604260599251
-0.015996951420646863
-0.013591836838787973
-0.008895292900226512
-0.0349583731471006
-0.0001751053897172362
-0.05602697015741307
-0.013764497040269908
-0.015996951420646863
0.018839796652993467
0.00490952145661797
-0.005423368708984798
-0.0017180152574702645
-0.009857403951393595
-0.004975997409169375
-0.02131573358548006
-0.05344146050099767
-0.03244088888364788
-0.009857403951393595
-0.021500902278567272
-0.04088145932519864
-0.02802814466961904
-0.031755217020959556
-0.044527408768462715
-0.028978215330139643
-0.006778130518934904
-0.031014692945335938
-0.03487635814602311
-0.028978215330139643
-0.031018886613201437
-0.024252942274621346
-0.019304314901672323
-0.021068612620583363
-0.028978215330139643
-0.0029835213220469757
-0.02802814466961904
0.002410397150364851
-0.02850734984997778
-0.026107719826152564
-0.020797181935755527
-0.010009296303524868
-0.012227087422340448
-0.035113412679191575
-0.026107719826152564
-0.001253354657877973
0.0030549850946330627
0.011282550538803683
-0.031687809121683536
-0.017487618930198803
-0.03850440095098619
-0.025079517908876237
-0.031687809121683536
-0.017150569143316467
-0.04526873591764532
0.014885670669936435
-0.025170971517476916
-0.0097058805446865
-0.012416934212049159
-0.001253354657877973
-0.03580679784487105
-0.0031823437431751952
-0.02085759513460513
-0.01479450665321015
0.017789183562095127
-0.050135697241449506
-0.0097058805446865
-0.043010887640875614
-0.015996951420646863
-0.03480787680279486
-0.006866714305425651
-0.0031823437431751952
-0.016869708855972994
-0.03021240104109376
-0.012079685432253339
-0.05881589527074808
-0.020177707756102302
-0.012285074930416796
-0.03244088888364788
-0.031018886613201437
-0.03301972473438208
-0.012618961271400659
-0.024338761873995335
-0.0010748050194858442
-0.03244088888364788
-0.03254145859996269
-0.013692454538770375
-0.01012776448501461
0.016765146245898428
-0.017357112377219198
-0.0038629652596641533
-0.008895292900226512
-0.03480787680279486
-0.0034219402728062147
0.0013781175678547657
-0.020361712617464542
-0.013419257658833504
-0.017150569143316467
-0.014451068021160626
-0.03176468520037014
-0.0017180152574702645
-0.03580679784487105
0.002410397150364851
-0.042060155180028334
-0.018594517518769352
-0.021735263462028098
-0.03176468520037014
-0.01221812926720361
-0.018594517518769352
-0.03244088888364788
-0.02725979803842972
-0.014848624937577827
-0.008690055986710413
-0.03474571601732142
-0.015849567861203073
0.0071106327253753895
-0.025389282783170757
-0.05361821295268442
0.0013784914834320391
-0.008126053934599123
-0.03397249917111438
-0.03487635814602311
-0.018988992051384285
-0.0019688520268426987
0.01599426878603521
-0.0038629652596641533
-0.043010887640875614
-0.012079685432253339
-0.012742995150069306
-0.009083377706682228
-0.020797181935755527
0.007208597429353819
-0.010553979391635214
-0.031341681423993184
-0.031014692945335938
-0.015518133638766925
-0.014747971952949357
-0.009083377706682228
-0.018594517518769352
-0.019869852454550155
0.0007645124258000578
-0.014455604260599251
-0.017336146045381928
-0.00539484380170757
-0.020615607202303432
-0.0331097058871047
-0.02241281512810399
-0.03301972473438208
0.007507015696033585
-0.021247361164436113
-0.02106747765049294
-0.014287945174113031
-0.031687809121683536
-0.04169451066880029
-0.022084782467527746
-0.03981443592944876
0.010696615366295808
-0.020141568969926013
0.018839796652993467
-0.06873734334663163
-0.03254145859996269
0.0071106327253753895
-0.0164054480024376
-0.009857403951393595
-0.05881589527074808
0.00490952145661797
-0.016218684234484672
-0.05881589527074808
0.00437780333860226
-0.0209183675766552
-0.025079517908876237
-0.017487618930198803
-0.015299084996043096
-0.005872999170461735
