-0.009953271992785236
0.008107930065508058
-0.00023865920851540986
-0.030609076938153068
-0.02129704554545349
-0.0077089653614353
0.011905990452206826
-0.015074064515488888
-0.03023711893269006
0.045303251212955246
-0.00023865920851540986
-0.011783366419849086
-0.005015939696841079
0.002218151681696508
-0.011134321944680496
-0.03686012486871742
-0.02943492228299868
-0.04102087044225135
0.002218151681696508
-0.025944952158155257
-0.018427721234553895
0.009902221144033092
-0.011783366419849086
0.08226312578643534
-0.015074064515488888
-0.021980148139014527
0.005981792112728608
0.030348900508082574
-0.025335541951570145
0.004322914150057145
0.029820769289257306
-0.018427721234553895
-0.021980148139014527
0.01328175284366914
0.01328175284366914
-0.03918538236352318
-0.03918538236352318
-0.03686012486871742
-0.027135159396551655
-0.016889002557996243
0.01328175284366914
-0.052011469297488254
-0.03970010548822728
-0.00023865920851540986
-0.03916128234374149
-0.03686012486871742
0.004322914150057145
0.07459418277968599
-0.025335541951570145
-0.03676603471995888
0.003139098037290646
-0.002574226961676618
-0.0191438165140584
0.051422659290122776
-0.027611750653585728
-0.05442880075943548
-0.0191438165140584
-0.02104808285168011
-0.03023711893269006
0.03290770179183365
-0.0077089653614353
-0.027611750653585728
-0.0191438165140584
-0.025944952158155257
-0.0344683934136338
-0.05442880075943548
-0.016889002557996243
-0.03023711893269006
0.04130789111462382
-0.025335541951570145
-0.039184610683435234
0.004322914150057145
-0.03916128234374149
-0.03701298798224976
-0.015074064515488888
-0.009953271992785236
-0.03686012486871742
0.008107930065508058
-0.006544310627802946
0.009902221144033092
-0.027611750653585728
-0.016889002557996243
-0.012485620751741955
0.018506919866467842
0.07459418277968599
0.029820769289257306
-0.00023865920851540986
0.01328175284366914
-0.08332906564343158
0.018506919866467842
0.03290770179183365
-0.02129704554545349
0.051422659290122776
-0.03916128234374149
-0.021980148139014527
-0.005015939696841079
0.03290770179183365
0.008107930065508058
-0.04936999672038315
0.0051784237083745705
-0.08332906564343158
-0.007060095012593788
-0.018427721234553895
-0.02182710638847135
-0.011783366419849086
-0.015074064515488888
-0.0147753562676227
-0.00023865920851540986
-0.0077089653614353
0.009902221144033092
0.005981792112728608
0.009902221144033092
0.03290770179183365
-0.018427721234553895
0.008721980521558882
-0.052011469297488254
-0.02129704554545349
-0.03023711893269006
-0.03970010548822728
-0.011568615131179027
-0.052011469297488254
-0.027611750653585728
-0.030357867990274883
-0.011568615131179027
-0.0147753562676227
-0.011134321944680496
-0.027135159396551655
-0.005015939696841079
0.008721980521558882
-0.0344683934136338
-0.027611750653585728
-0.027135159396551655
-0.009953271992785236
-0.002574226961676618
-0.005754541957634052
-0.03918538236352318
0.008107930065508058
-0.0191438165140584
-0.011783366419849086
-0.018427721234553895
0.002218151681696508
-0.05442880075943548
-0.02104808285168011
-0.018427721234553895
-0.030609076938153068
-0.04102087044225135
-0.011783366419849086
-0.018427721234553895
0.08226312578643534
-0.025944952158155257
0.002218151681696508
-0.031221351009396426
0.04130789111462382
-0.04102087044225135
-0.021980148139014527
0.045303251212955246
0.01328175284366914
0.029820769289257306
-0.03916128234374149
-0.021980148139014527
-0.018250218308774088
-0.005015939696841079
-0.03916128234374149
-0.03676603471995888
-0.02182710638847135
-0.011568615131179027
-0.03916128234374149
-0.022981911179983973
-0.007060095012593788
0.045303251212955246
-0.05442880075943548
0.01328175284366914
-0.011783366419849086
-0.004079159739216311
-0.0147753562676227
-0.004079159739216311
0.004322914150057145
-0.031221351009396426
-0.031221351009396426
-0.018250218308774088
-0.011783366419849086
-0.08332906564343158
-0.0077089653614353
-0.005754541957634052
0.005981792112728608
-0.025335541951570145
-0.022981911179983973
-0.004079159739216311
0.03290770179183365
0.011905990452206826
-0.011505679562675375
0.030348900508082574
0.008107930065508058
-0.005015939696841079
-0.0147753562676227
-0.02943492228299868
-0.03676603471995888
-0.021980148139014527
-0.025335541951570145
0.051422659290122776
-0.0077089653614353
0.005981792112728608
0.045303251212955246
-0.011568615131179027
-0.04102087044225135
-0.02943492228299868
0.005981792112728608
-0.04102087044225135
0.045303251212955246
-0.03918538236352318
0.003139098037290646
-0.027611750653585728
0.008721980521558882
-0.03686012486871742
0.008107930065508058
-0.03918538236352318
0.009902221144033092
-0.0191438165140584
-0.0007337980794296901
-0.02182710638847135
0.051422659290122776
-0.0077089653614353
-0.00023865920851540986
-0.03686012486871742
0.03290770179183365
-0.005015939696841079
-0.012485620751741955
-0.021980148139014527
0.002644765773901008
-0.005015939696841079
-0.027135159396551655
0.07459418277968599
-0.011134321944680496
0.008107930065508058
0.009902221144033092
0.009902221144033092
0.07459418277968599
0.051422659290122776
0.004322914150057145
-0.011505679562675375
-0.018250218308774088
0.011905990452206826
-0.027135159396551655
0.029820769289257306
-0.08332906564343158
-0.00023865920851540986
-0.0344683934136338
-0.009953271992785236
-0.052011469297488254
0.045303251212955246
-0.006544310627802946
0.009902221144033092
-0.004079159739216311
0.08226312578643534
-0.025335541951570145
-0.016889002557996243
-0.027135159396551655
-0.012485620751741955
-0.030609076938153068
-0.0147753562676227
-0.002574226961676618
-0.03676603471995888
-0.0344683934136338
0.008107930065508058
-0.005015939696841079
-0.007060095012593788
-0.018250218308774088
-0.039184610683435234
-0.0007337980794296901
-0.027135159396551655
-0.025944952158155257
-0.027135159396551655
-0.025335541951570145
-0.005015939696841079
0.01328175284366914
-0.022981911179983973
-0.018250218308774088
-0.03686012486871742
-0.011783366419849086
-0.03701298798224976
-0.03918538236352318
-0.030357867990274883
0.0051784237083745705
-0.0344683934136338
0.0051784237083745705
-0.004079159739216311
-0.02104808285168011
-0.0191438165140584
0.011905990452206826
-0.0344683934136338
-0.021980148139014527
-0.05442880075943548
-0.030357867990274883
-0.0344683934136338
0.002644765773901008
0.01328175284366914
-0.039184610683435234
-0.016889002557996243
-0.04936999672038315
-0.009953271992785236
-0.03592436035444291
-0.016889002557996243
-0.02182710638847135
0.008721980521558882
-0.03023711893269006
-0.002574226961676618
-0.0147753562676227
0.030348900508082574
0.029820769289257306
-0.006544310627802946
-0.0007337980794296901
-0.03970010548822728
-0.018427721234553895
-0.011134321944680496
-0.018250218308774088
-0.027135159396551655
0.08226312578643534
-0.039184610683435234
-0.016889002557996243
-0.0007337980794296901
-0.05442880075943548
-0.0077089653614353
-0.03918538236352318
-0.015074064515488888
0.018506919866467842
0.08226312578643534
-0.015074064515488888
0.004322914150057145
0.08226312578643534
-0.002574226961676618
-0.018250218308774088
-0.0147753562676227
-0.030357867990274883
-0.02943492228299868
-0.018250218308774088
-0.08332906564343158
0.002644765773901008
-0.03686012486871742
-0.0147753562676227
-0.030609076938153068
-0.025335541951570145
0.009902221144033092
0.018506919866467842
-0.02104808285168011
-0.00023865920851540986
-0.018427721234553895
-0.0007337980794296901
-0.039184610683435234
-0.03592436035444291
-0.03592436035444291
-0.021980148139014527
0.01328175284366914
-0.025335541951570145
-0.004079159739216311
0.008721980521558882
-0.052011469297488254
-0.011505679562675375
-0.03970010548822728
0.008107930065508058
-0.027135159396551655
0.07459418277968599
0.07459418277968599
-0.08332906564343158
-0.002574226961676618
-0.025944952158155257
-0.027135159396551655
-0.027135159396551655
0.07459418277968599
-0.03023711893269006
-0.031221351009396426
0.011905990452206826
-0.05442880075943548
-0.031221351009396426
-0.04102087044225135
-0.011505679562675375
-0.011783366419849086
-0.03592436035444291
-0.006544310627802946
-0.025335541951570145
-0.009953271992785236
-0.052011469297488254
-0.0077089653614353
-0.005754541957634052
-0.0191438165140584
-0.02104808285168011
0.04130789111462382
0.030348900508082574
-0.03592436035444291
-0.0007337980794296901
-0.03592436035444291
-0.011568615131179027
-0.027611750653585728
0.009902221144033092
0.07459418277968599
0.004322914150057145
-0.030357867990274883
0.002644765773901008
-0.011783366419849086
-0.03916128234374149
-0.018250218308774088
-0.011505679562675375
-0.027135159396551655
-0.012485620751741955
-0.03023711893269006
-0.022981911179983973
0.01328175284366914
0.004322914150057145
0.004322914150057145
-0.018250218308774088
0.04130789111462382
-0.03592436035444291
-0.03918538236352318
0.04130789111462382
0.030348900508082574
-0.0191438165140584
-0.03592436035444291
-0.011783366419849086
-0.0147753562676227
0.01328175284366914
-0.018250218308774088
-0.03592436035444291
-0.03592436035444291
-0.030357867990274883
-0.015074064515488888
-0.030609076938153068
-0.002574226961676618
-0.011134321944680496
0.045303251212955246
0.029820769289257306
0.005981792112728608
-0.007060095012593788
-0.03970010548822728
-0.03592436035444291
0.004322914150057145
0.04130789111462382
-0.012485620751741955
-0.011783366419849086
0.005981792112728608
0.002218151681696508
-0.08332906564343158
-0.03592436035444291
-0.011568615131179027
-0.03592436035444291
-0.02182710638847135
-0.011134321944680496
-0.030357867990274883
-0.011134321944680496
-0.030357867990274883
-0.021980148139014527
-0.021980148139014527
0.003139098037290646
0.08226312578643534
-0.03676603471995888
0.002644765773901008
0.030348900508082574
-0.02129704554545349
-0.039184610683435234
-0.007060095012593788
-0.02129704554545349
-0.012485620751741955
0.004322914150057145
-0.005015939696841079
-0.027611750653585728
0.008107930065508058
-0.052011469297488254
-0.03918538236352318
-0.007060095012593788
-0.011134321944680496
0.051422659290122776
-0.0191438165140584
-0.039184610683435234
-0.012485620751741955
-0.012485620751741955
0.005981792112728608
-0.04936999672038315
-0.0191438165140584
0.002218151681696508
-0.006544310627802946
0.045303251212955246
-0.0077089653614353
0.04130789111462382
0.003139098037290646
0.003139098037290646
-0.012485620751741955
-0.018250218308774088
-0.05442880075943548
0.005981792112728608
-0.08332906564343158
-0.031221351009396426
-0.031221351009396426
-0.0191438165140584
0.018506919866467842
0.03290770179183365
-0.009953271992785236
-0.02104808285168011
-0.0077089653614353
0.07459418277968599
-0.007060095012593788
0.009902221144033092
-0.039184610683435234
-0.02182710638847135
0.08226312578643534
0.07459418277968599
-0.052011469297488254
-0.02182710638847135
-0.03676603471995888
-0.005754541957634052
0.003139098037290646
0.018506919866467842
-0.04936999672038315
-0.004079159739216311
0.008107930065508058
0.030348900508082574
-0.02104808285168011
-0.011783366419849086
-0.018250218308774088
-0.016889002557996243
0.03290770179183365
-0.015074064515488888
0.01328175284366914
0.004322914150057145
-0.007060095012593788
-0.02104808285168011
0.08226312578643534
-0.052011469297488254
-0.025335541951570145
-0.012485620751741955
-0.02104808285168011
0.008107930065508058
-0.02104808285168011
-0.011783366419849086
-0.018250218308774088
-0.03918538236352318
-0.05442880075943548
-0.03701298798224976
0.009902221144033092
-0.03676603471995888
-0.0147753562676227
-0.04936999672038315
0.004322914150057145
-0.002574226961676618
-0.03970010548822728
0.0051784237083745705
-0.018250218308774088
0.005981792112728608
-0.02182710638847135
0.002218151681696508
-0.030357867990274883
-0.002574226961676618
0.01328175284366914
-0.005015939696841079
-0.03676603471995888
0.08226312578643534
-0.03686012486871742
-0.0147753562676227
-0.009953271992785236
-0.03701298798224976
0.051422659290122776
0.030348900508082574
-0.0191438165140584
-0.05442880075943548
-0.025944952158155257
-0.0147753562676227
-0.03023711893269006
-0.004079159739216311
-0.03686012486871742
-0.031221351009396426
-0.0191438165140584
0.011905990452206826
0.051422659290122776
-0.004079159739216311
-0.005015939696841079
-0.025944952158155257
-0.025944952158155257
-0.016889002557996243
-0.0007337980794296901
0.07459418277968599
0.003139098037290646
-0.03023711893269006
-0.036992512454283
-0.018250218308774088
0.004322914150057145
-0.015074064515488888
-0.03918538236352318
-0.018250218308774088
-0.04936999672038315
-0.011783366419849086
-0.021980148139014527
0.004322914150057145
-0.04936999672038315
0.0051784237083745705
-0.052011469297488254
-0.02943492228299868
-0.018250218308774088
-0.018250218308774088
-0.03701298798224976
0.002218151681696508
-0.04102087044225135
-0.030357867990274883
-0.007060095012593788
-0.006544310627802946
-0.011134321944680496
-0.011505679562675375
0.03290770179183365
-0.0007337980794296901
-0.016889002557996243
-0.02943492228299868
-0.031221351009396426
-0.025335541951570145
-0.005015939696841079
-0.007060095012593788
-0.011134321944680496
-0.025944952158155257
0.008107930065508058
-0.03676603471995888
0.005981792112728608
0.002218151681696508
0.03290770179183365
-0.08332906564343158
-0.009953271992785236
-0.025944952158155257
0.029820769289257306
0.011905990452206826
-0.012485620751741955
0.045303251212955246
-0.018250218308774088
0.029820769289257306
-0.015074064515488888
-0.005754541957634052
-0.011505679562675375
-0.018250218308774088
-0.02104808285168011
-0.03023711893269006
-0.0007337980794296901
-0.030357867990274883
0.002644765773901008
-0.005015939696841079
0.0051784237083745705
0.03290770179183365
-0.0077089653614353
-0.011783366419849086
0.003139098037290646
0.07459418277968599
-0.005754541957634052
-0.0147753562676227
0.08226312578643534
-0.04936999672038315
-0.05442880075943548
0.004322914150057145
-0.039184610683435234
-0.0147753562676227
-0.03023711893269006
-0.016889002557996243
0.01328175284366914
-0.012485620751741955
0.008107930065508058
-0.0007337980794296901
0.0051784237083745705
0.045303251212955246
-0.015074064515488888
-0.04102087044225135
-0.03676603471995888
-0.02943492228299868
-0.030357867990274883
-0.022981911179983973
-0.03916128234374149
0.002644765773901008
-0.012485620751741955
0.003139098037290646
0.04130789111462382
-0.04936999672038315
-0.027611750653585728
-0.04936999672038315
-0.004079159739216311
-0.027135159396551655
0.005981792112728608
-0.08332906564343158
0.030348900508082574
-0.021980148139014527
-0.004079159739216311
-0.018427721234553895
-0.08332906564343158
-0.011134321944680496
-0.011134321944680496
-0.011568615131179027
0.051422659290122776
-0.04936999672038315
-0.00023865920851540986
-0.0007337980794296901
-0.027611750653585728
-0.00023865920851540986
-0.03918538236352318
-0.03970010548822728
-0.03916128234374149
-0.007060095012593788
-0.0077089653614353
-0.027135159396551655
-0.04102087044225135
-0.011505679562675375
0.005981792112728608
-0.08332906564343158
-0.036992512454283
-0.052011469297488254
-0.018427721234553895
-0.021980148139014527
-0.011505679562675375
-0.04936999672038315
-0.0007337980794296901
-0.012485620751741955
-0.018250218308774088
-0.03023711893269006
-0.004079159739216311
-0.031221351009396426
0.0051784237083745705
-0.030609076938153068
0.002218151681696508
-0.027135159396551655
0.004322914150057145
-0.03701298798224976
-0.02104808285168011
-0.027611750653585728
-0.0344683934136338
-0.039184610683435234
0.011905990452206826
-0.027135159396551655
-0.03701298798224976
-0.005754541957634052
-0.030357867990274883
-0.002574226961676618
-0.02104808285168011
0.030348900508082574
-0.015074064515488888
-0.011568615131179027
-0.036992512454283
-0.03701298798224976
0.029820769289257306
-0.018250218308774088
0.005981792112728608
-0.027135159396551655
0.04130789111462382
0.051422659290122776
0.029820769289257306
0.008107930065508058
-0.00023865920851540986
-0.002574226961676618
-0.016889002557996243
-0.002574226961676618
-0.036992512454283
-0.004079159739216311
0.0051784237083745705
-0.08332906564343158
0.01328175284366914
-0.018427721234553895
-0.012485620751741955
-0.022981911179983973
-0.03676603471995888
-0.02182710638847135
-0.018250218308774088
0.004322914150057145
0.029820769289257306
-0.05442880075943548
-0.007060095012593788
-0.025335541951570145
-0.027135159396551655
-0.02104808285168011
0.030348900508082574
0.0051784237083745705
-0.03676603471995888
-0.02129704554545349
-0.004079159739216311
-0.03676603471995888
-0.036992512454283
-0.03701298798224976
-0.03676603471995888
0.0051784237083745705
0.005981792112728608
-0.00023865920851540986
0.051422659290122776
-0.03916128234374149
-0.0147753562676227
-0.011505679562675375
-0.02104808285168011
-0.012485620751741955
-0.03918538236352318
-0.039184610683435234
0.01328175284366914
0.04130789111462382
-0.031221351009396426
-0.025335541951570145
-0.05442880075943548
-0.025335541951570145
-0.015074064515488888
0.045303251212955246
-0.025944952158155257
-0.0077089653614353
-0.011783366419849086
0.045303251212955246
0.004322914150057145
-0.031221351009396426
-0.02129704554545349
0.045303251212955246
-0.005015939696841079
-0.027611750653585728
-0.08332906564343158
-0.030357867990274883
-0.027611750653585728
-0.0147753562676227
0.051422659290122776
-0.04102087044225135
-0.004079159739216311
-0.05442880075943548
0.004322914150057145
-0.03916128234374149
0.08226312578643534
-0.036992512454283
0.008107930065508058
-0.04936999672038315
-0.006544310627802946
-0.05442880075943548
-0.012485620751741955
-0.018250218308774088
-0.005754541957634052
-0.011568615131179027
-0.039184610683435234
-0.00023865920851540986
0.04130789111462382
-0.011505679562675375
-0.011568615131179027
-0.03686012486871742
0.0051784237083745705
-0.0344683934136338
-0.03916128234374149
-0.005015939696841079
-0.0344683934136338
-0.0147753562676227
-0.02129704554545349
0.005981792112728608
-0.002574226961676618
0.08226312578643534
-0.018250218308774088
0.005981792112728608
-0.022981911179983973
-0.005754541957634052
0.008107930065508058
-0.02104808285168011
-0.03686012486871742
-0.02943492228299868
0.07459418277968599
-0.08332906564343158
-0.004079159739216311
-0.027611750653585728
-0.031221351009396426
-0.039184610683435234
-0.08332906564343158
0.03290770179183365
-0.03676603471995888
0.051422659290122776
-0.03023711893269006
0.002644765773901008
-0.04936999672038315
-0.011134321944680496
0.011905990452206826
-0.03592436035444291
-0.007060095012593788
-0.03918538236352318
-0.03701298798224976
0.008721980521558882
-0.025944952158155257
-0.0007337980794296901
-0.018427721234553895
-0.0344683934136338
0.030348900508082574
0.018506919866467842
-0.030357867990274883
-0.0191438165140584
-0.027135159396551655
-0.039184610683435234
-0.011783366419849086
-0.03970010548822728
-0.0344683934136338
0.018506919866467842
-0.03592436035444291
-0.02182710638847135
-0.031221351009396426
-0.02943492228299868
0.002218151681696508
-0.027135159396551655
-0.005015939696841079
-0.002574226961676618
-0.012485620751741955
-0.05442880075943548
-0.039184610683435234
-0.022981911179983973
0.03290770179183365
-0.027135159396551655
-0.02943492228299868
0.018506919866467842
-0.039184610683435234
-0.0007337980794296901
-0.0344683934136338
-0.018250218308774088
0.011905990452206826
-0.03592436035444291
-0.025335541951570145
-0.011134321944680496
-0.03916128234374149
0.04130789111462382
0.008107930065508058
-0.04102087044225135
-0.00023865920851540986
-0.006544310627802946
0.04130789111462382
-0.027135159396551655
0.002644765773901008
-0.005754541957634052
-0.031221351009396426
0.0051784237083745705
-0.00023865920851540986
-0.04102087044225135
-0.052011469297488254
0.045303251212955246
-0.030609076938153068
-0.018250218308774088
-0.0147753562676227
-0.031221351009396426
0.08226312578643534
-0.03592436035444291
0.0051784237083745705
-0.030609076938153068
-0.036992512454283
-0.03676603471995888
-0.08332906564343158
-0.08332906564343158
-0.025944952158155257
-0.011568615131179027
0.051422659290122776
-0.005015939696841079
-0.04102087044225135
-0.0007337980794296901
-0.03918538236352318
0.008107930065508058
0.01328175284366914
-0.022981911179983973
-0.036992512454283
-0.03916128234374149
-0.03023711893269006
0.002644765773901008
-0.03701298798224976
0.029820769289257306
-0.005015939696841079
-0.027611750653585728
0.01328175284366914
-0.009953271992785236
-0.02943492228299868
-0.0007337980794296901
0.051422659290122776
-0.08332906564343158
-0.00023865920851540986
0.0051784237083745705
0.051422659290122776
-0.02182710638847135
-0.03592436035444291
-0.03592436035444291
-0.025944952158155257
-0.031221351009396426
-0.004079159739216311
-0.03592436035444291
-0.02182710638847135
-0.02943492228299868
0.008107930065508058
-0.011505679562675375
-0.03916128234374149
0.004322914150057145
0.018506919866467842
-0.011783366419849086
-0.030357867990274883
-0.030609076938153068
-0.007060095012593788
-0.006544310627802946
0.07459418277968599
-0.05442880075943548
-0.011783366419849086
-0.0007337980794296901
-0.030357867990274883
-0.04102087044225135
-0.03592436035444291
-0.039184610683435234
-0.015074064515488888
-0.011505679562675375
-0.03970010548822728
0.07459418277968599
-0.022981911179983973
-0.030609076938153068
-0.052011469297488254
-0.05442880075943548
-0.02129704554545349
-0.0147753562676227
0.01328175284366914
-0.039184610683435234
-0.005754541957634052
