-0.0018305199255786368
0.008130934219199701
-0.007969428823933242
-0.030078431370733995
-0.016214426201755505
-0.0060137270750935095
-0.011534801036541373
-0.030078431370733995
-0.012655240540767429
-0.039738577824072883
-0.007969428823933242
0.004491416812957301
-0.002583434249750117
-0.007969428823933242
-0.011020612163664971
-0.0031925127339947203
-0.030078431370733995
-0.007969428823933242
-0.0031925127339947203
-0.009939754561073733
-0.039738577824072883
-0.009939754561073733
-0.012655240540767429
0.008130934219199701
-0.009939754561073733
-0.002583434249750117
-0.00791591029124671
-0.0042954374173339045
-0.034365544062650334
-0.010731138872532011
-0.03218112929652501
-0.011534801036541373
-0.004209617750822852
-0.0042954374173339045
0.017822605584633316
-0.039738577824072883
0.004491416812957301
0.008130934219199701
-0.030078431370733995
-0.0042954374173339045
-0.039738577824072883
0.008130934219199701
-0.013959738035374817
-0.00791591029124671
-0.030078431370733995
-0.016214426201755505
0.0026866491080079747
0.011711634626004512
0.0026866491080079747
-0.0054421391589224676
-0.012388143140601833
-0.013959738035374817
-0.03218112929652501
-0.001262365751426522
0.017822605584633316
-0.001262365751426522
-0.011534801036541373
-0.013959738035374817
0.004491416812957301
-0.016214426201755505
-0.0042954374173339045
-0.009939754561073733
-0.034365544062650334
-0.009939754561073733
-0.013959738035374817
-0.015407295386255368
-0.011534801036541373
-0.0031925127339947203
-0.039738577824072883
0.0026866491080079747
-0.011020612163664971
-0.012388143140601833
-0.0018305199255786368
-0.039738577824072883
-0.011534801036541373
-0.0031925127339947203
-0.012388143140601833
-0.0031925127339947203
-0.039738577824072883
-0.030078431370733995
0.007385352643821401
-0.004209617750822852
-0.016214426201755505
-0.030078431370733995
-0.01304017180917192
-0.0060137270750935095
-0.015407295386255368
-0.01304017180917192
0.007385352643821401
-0.010731138872532011
0.0026866491080079747
-0.004209617750822852
-0.001262365751426522
-0.009939754561073733
-0.0042954374173339045
0.0015007025108111451
-0.009939754561073733
-0.03218112929652501
-0.0042954374173339045
-0.007969428823933242
0.011711634626004512
-0.016214426201755505
-0.01304017180917192
-0.01304017180917192
-0.0008331463707340985
-0.01158360266792596
-0.001262365751426522
-0.0042954374173339045
-0.00791591029124671
0.017822605584633316
-0.0018305199255786368
-0.007969428823933242
0.011711634626004512
0.0015007025108111451
-0.0042954374173339045
-0.0042954374173339045
-0.01158360266792596
-0.039738577824072883
-0.011534801036541373
-0.012793421503861771
-0.011020612163664971
-0.012388143140601833
-0.01158360266792596
-0.01304017180917192
-0.013959738035374817
-0.011020612163664971
-0.007969428823933242
0.0015007025108111451
-0.002254605251340902
-0.034365544062650334
-0.0054421391589224676
-0.034365544062650334
-0.016214426201755505
-0.0042954374173339045
-0.00791591029124671
-0.004209617750822852
-0.00791591029124671
-0.013959738035374817
-0.03011815808562636
0.007385352643821401
-0.007969428823933242
0.007385352643821401
-0.007969428823933242
-0.012388143140601833
-0.0042954374173339045
-0.013959738035374817
0.007385352643821401
-0.0042954374173339045
0.008130934219199701
-0.0054421391589224676
-0.00791591029124671
-0.004209617750822852
-0.03218112929652501
0.0015007025108111451
-0.016214426201755505
-0.030078431370733995
-0.030078431370733995
-0.0054421391589224676
0.017822605584633316
0.0026866491080079747
-0.002583434249750117
0.017822605584633316
0.0015007025108111451
-0.012655240540767429
-0.009939754561073733
0.004491416812957301
-0.0054421391589224676
0.008130934219199701
-0.03218112929652501
-0.0060137270750935095
0.008130934219199701
-0.03011815808562636
-0.010731138872532011
-0.011020612163664971
-0.0054421391589224676
-0.0060137270750935095
-0.0008331463707340985
-0.03218112929652501
-0.012655240540767429
-0.011020612163664971
-0.013959738035374817
-0.010731138872532011
-0.002583434249750117
-0.015407295386255368
0.008130934219199701
0.004491416812957301
-0.012793421503861771
0.007385352643821401
-0.0018305199255786368
-0.034365544062650334
-0.002583434249750117
-0.007969428823933242
0.011711634626004512
-0.00791591029124671
-0.007969428823933242
-0.0054421391589224676
-0.03011815808562636
-0.011020612163664971
0.007385352643821401
0.004491416812957301
0.0026866491080079747
-0.016214426201755505
-0.030078431370733995
-0.03011815808562636
-0.00791591029124671
-0.002583434249750117
-0.011020612163664971
-0.00791591029124671
-0.009939754561073733
-0.011020612163664971
-0.0031925127339947203
-0.0054421391589224676
-0.015407295386255368
-0.00791591029124671
0.011711634626004512
-0.03218112929652501
-0.0018305199255786368
-0.004209617750822852
-0.03218112929652501
-0.013959738035374817
-0.011534801036541373
-0.011534801036541373
-0.01304017180917192
-0.0031925127339947203
0.0015007025108111451
-0.002583434249750117
-0.0054421391589224676
-0.007969428823933242
0.007385352643821401
-0.03011815808562636
-0.0008331463707340985
-0.0008331463707340985
-0.009939754561073733
0.008130934219199701
-0.013959738035374817
0.008130934219199701
-0.034365544062650334
-0.039738577824072883
-0.03218112929652501
-0.01158360266792596
-0.001262365751426522
-0.0018305199255786368
-0.016214426201755505
-0.007969428823933242
0.011711634626004512
-0.007969428823933242
-0.007969428823933242
-0.015407295386255368
-0.0031925127339947203
0.0015007025108111451
0.0026866491080079747
0.017822605584633316
0.004491416812957301
-0.0031925127339947203
-0.011020612163664971
-0.001262365751426522
0.007385352643821401
-0.030078431370733995
-0.012793421503861771
-0.0008331463707340985
-0.012793421503861771
-0.002583434249750117
-0.013959738035374817
-0.01304017180917192
-0.010731138872532011
-0.01158360266792596
0.0026866491080079747
-0.002583434249750117
-0.011534801036541373
-0.01158360266792596
0.004491416812957301
-0.010731138872532011
-0.0008331463707340985
-0.010731138872532011
-0.009939754561073733
0.007385352643821401
-0.0008331463707340985
-0.009939754561073733
-0.011534801036541373
-0.009939754561073733
-0.002254605251340902
-0.01304017180917192
-0.011534801036541373
-0.0031925127339947203
-0.0054421391589224676
-0.03218112929652501
-0.013959738035374817
-0.030078431370733995
-0.013959738035374817
-0.00791591029124671
-0.001262365751426522
-0.007969428823933242
0.008130934219199701
0.0015007025108111451
-0.012655240540767429
-0.015407295386255368
0.008130934219199701
-0.00791591029124671
-0.0008331463707340985
-0.030078431370733995
-0.012793421503861771
-0.0031925127339947203
0.004491416812957301
-0.03011815808562636
-0.00791591029124671
-0.0008331463707340985
-0.012655240540767429
-0.039738577824072883
-0.011534801036541373
-0.030078431370733995
0.008130934219199701
-0.00791591029124671
-0.012655240540767429
-0.0008331463707340985
0.017822605584633316
-0.0008331463707340985
-0.0054421391589224676
0.011711634626004512
-0.039738577824072883
-0.012388143140601833
-0.004209617750822852
-0.01158360266792596
-0.0031925127339947203
0.017822605584633316
-0.0018305199255786368
-0.039738577824072883
-0.0008331463707340985
-0.012388143140601833
-0.002583434249750117
0.0015007025108111451
-0.030078431370733995
-0.0031925127339947203
-0.01158360266792596
-0.012388143140601833
-0.01158360266792596
-0.012655240540767429
0.011711634626004512
-0.0042954374173339045
-0.0008331463707340985
-0.011534801036541373
-0.0008331463707340985
-0.013959738035374817
-0.010731138872532011
0.011711634626004512
-0.0054421391589224676
0.011711634626004512
-0.0054421391589224676
-0.009939754561073733
-0.009939754561073733
-0.0018305199255786368
-0.012793421503861771
0.007385352643821401
-0.034365544062650334
-0.03218112929652501
0.004491416812957301
-0.002254605251340902
-0.03011815808562636
-0.004209617750822852
-0.002254605251340902
0.0015007025108111451
0.007385352643821401
0.0015007025108111451
-0.0042954374173339045
-0.016214426201755505
-0.0054421391589224676
-0.01304017180917192
-0.01158360266792596
-0.011020612163664971
-0.030078431370733995
-0.0054421391589224676
-0.004209617750822852
0.011711634626004512
-0.034365544062650334
-0.039738577824072883
-0.039738577824072883
-0.03011815808562636
0.0015007025108111451
0.0015007025108111451
-0.012388143140601833
0.008130934219199701
-0.0060137270750935095
-0.0031925127339947203
-0.0031925127339947203
-0.0042954374173339045
-0.012793421503861771
-0.039738577824072883
-0.012655240540767429
-0.012655240540767429
0.0026866491080079747
0.008130934219199701
-0.0060137270750935095
0.0015007025108111451
-0.03218112929652501
-0.0008331463707340985
-0.012793421503861771
-0.00791591029124671
-0.002254605251340902
-0.039738577824072883
0.004491416812957301
-0.012388143140601833
0.011711634626004512
-0.03218112929652501
-0.0054421391589224676
-0.013959738035374817
-0.001262365751426522
-0.002583434249750117
0.0026866491080079747
-0.004209617750822852
-0.01304017180917192
-0.03011815808562636
0.0015007025108111451
-0.016214426201755505
-0.010731138872532011
-0.01158360266792596
-0.010731138872532011
-0.034365544062650334
-0.015407295386255368
-0.0060137270750935095
-0.016214426201755505
0.004491416812957301
-0.002583434249750117
-0.030078431370733995
-0.011020612163664971
-0.03218112929652501
-0.00791591029124671
-0.011020612163664971
-0.0008331463707340985
-0.001262365751426522
-0.00791591029124671
0.008130934219199701
0.017822605584633316
-0.03218112929652501
-0.004209617750822852
-0.002583434249750117
-0.01158360266792596
-0.011020612163664971
-0.013959738035374817
0.0015007025108111451
-0.002583434249750117
-0.016214426201755505
-0.002583434249750117
-0.030078431370733995
0.017822605584633316
-0.00791591029124671
-0.030078431370733995
0.008130934219199701
-0.0054421391589224676
-0.010731138872532011
0.004491416812957301
-0.013959738035374817
-0.01304017180917192
-0.034365544062650334
-0.002583434249750117
-0.0060137270750935095
-0.012655240540767429
-0.03011815808562636
-0.002254605251340902
-0.0018305199255786368
-0.00791591029124671
-0.012388143140601833
-0.002254605251340902
-0.010731138872532011
-0.002583434249750117
-0.012388143140601833
-0.0054421391589224676
-0.0018305199255786368
0.008130934219199701
-0.0042954374173339045
-0.034365544062650334
0.0026866491080079747
-0.0008331463707340985
-0.00791591029124671
-0.004209617750822852
0.0026866491080079747
-0.012388143140601833
-0.012793421503861771
0.004491416812957301
-0.0042954374173339045
0.004491416812957301
-0.0054421391589224676
-0.039738577824072883
-0.011020612163664971
-0.015407295386255368
-0.004209617750822852
0.017822605584633316
-0.009939754561073733
-0.0042954374173339045
-0.01304017180917192
-0.015407295386255368
-0.011020612163664971
0.007385352643821401
-0.015407295386255368
-0.012655240540767429
-0.00791591029124671
-0.002583434249750117
-0.030078431370733995
-0.00791591029124671
-0.0060137270750935095
-0.030078431370733995
-0.009939754561073733
-0.0060137270750935095
-0.01158360266792596
-0.016214426201755505
-0.00791591029124671
-0.00791591029124671
-0.0031925127339947203
-0.0054421391589224676
-0.004209617750822852
-0.010731138872532011
-0.012793421503861771
0.011711634626004512
-0.001262365751426522
-0.001262365751426522
0.007385352643821401
-0.0042954374173339045
-0.011020612163664971
-0.01158360266792596
-0.012793421503861771
-0.013959738035374817
-0.0042954374173339045
-0.004209617750822852
0.011711634626004512
-0.016214426201755505
-0.034365544062650334
-0.012388143140601833
-0.001262365751426522
-0.012388143140601833
0.011711634626004512
-0.012793421503861771
0.007385352643821401
-0.002583434249750117
0.008130934219199701
-0.01304017180917192
0.017822605584633316
0.0015007025108111451
-0.039738577824072883
-0.00791591029124671
-0.039738577824072883
-0.001262365751426522
-0.00791591029124671
-0.002583434249750117
-0.015407295386255368
0.007385352643821401
-0.0054421391589224676
-0.03218112929652501
-0.0042954374173339045
-0.015407295386255368
-0.001262365751426522
0.0026866491080079747
-0.030078431370733995
-0.002583434249750117
-0.016214426201755505
-0.0060137270750935095
0.004491416812957301
-0.03011815808562636
-0.015407295386255368
-0.011020612163664971
0.008130934219199701
-0.0031925127339947203
-0.0031925127339947203
0.0015007025108111451
-0.016214426201755505
0.007385352643821401
-0.012793421503861771
-0.039738577824072883
0.008130934219199701
-0.0031925127339947203
-0.034365544062650334
-0.0054421391589224676
-0.013959738035374817
-0.0054421391589224676
-0.034365544062650334
-0.011020612163664971
0.0026866491080079747
-0.03218112929652501
0.0015007025108111451
0.007385352643821401
-0.010731138872532011
-0.0060137270750935095
-0.010731138872532011
-0.002583434249750117
-0.03218112929652501
-0.0060137270750935095
-0.012793421503861771
-0.03218112929652501
-0.011020612163664971
-0.007969428823933242
-0.009939754561073733
-0.010731138872532011
-0.012388143140601833
0.011711634626004512
0.004491416812957301
-0.01158360266792596
-0.0018305199255786368
-0.009939754561073733
-0.015407295386255368
-0.015407295386255368
-0.011534801036541373
-0.007969428823933242
0.011711634626004512
-0.015407295386255368
0.008130934219199701
0.011711634626004512
0.011711634626004512
0.008130934219199701
-0.011534801036541373
-0.012793421503861771
-0.0060137270750935095
-0.034365544062650334
0.007385352643821401
-0.010731138872532011
-0.0054421391589224676
-0.030078431370733995
-0.0018305199255786368
0.007385352643821401
-0.004209617750822852
0.0026866491080079747
-0.034365544062650334
-0.010731138872532011
-0.007969428823933242
-0.01158360266792596
-0.0031925127339947203
-0.001262365751426522
0.008130934219199701
-0.0008331463707340985
-0.012388143140601833
-0.002254605251340902
0.011711634626004512
-0.0054421391589224676
-0.039738577824072883
-0.012655240540767429
-0.01158360266792596
-0.007969428823933242
-0.009939754561073733
-0.001262365751426522
-0.0060137270750935095
0.007385352643821401
0.0015007025108111451
0.008130934219199701
-0.00791591029124671
-0.015407295386255368
-0.009939754561073733
-0.0054421391589224676
-0.0031925127339947203
-0.007969428823933242
0.007385352643821401
-0.002583434249750117
-0.034365544062650334
-0.03011815808562636
-0.009939754561073733
0.017822605584633316
-0.007969428823933242
-0.0042954374173339045
-0.0054421391589224676
-0.002583434249750117
0.004491416812957301
-0.011534801036541373
-0.012655240540767429
-0.002583434249750117
-0.00791591029124671
-0.01304017180917192
-0.012388143140601833
-0.016214426201755505
-0.007969428823933242
0.0026866491080079747
-0.03011815808562636
-0.016214426201755505
-0.011020612163664971
-0.012655240540767429
0.011711634626004512
0.008130934219199701
-0.007969428823933242
0.0015007025108111451
-0.034365544062650334
-0.03218112929652501
-0.012655240540767429
-0.010731138872532011
-0.00791591029124671
-0.011534801036541373
0.004491416812957301
-0.004209617750822852
-0.013959738035374817
0.0026866491080079747
-0.007969428823933242
-0.0031925127339947203
-0.002583434249750117
0.004491416812957301
-0.034365544062650334
-0.002583434249750117
-0.0018305199255786368
0.017822605584633316
-0.002254605251340902
-0.011020612163664971
0.017822605584633316
-0.015407295386255368
-0.034365544062650334
-0.012655240540767429
-0.03218112929652501
-0.034365544062650334
-0.012388143140601833
-0.009939754561073733
-0.0018305199255786368
-0.001262365751426522
-0.002583434249750117
0.0015007025108111451
-0.030078431370733995
-0.01158360266792596
-0.00791591029124671
-0.03011815808562636
-0.039738577824072883
0.008130934219199701
-0.013959738035374817
0.004491416812957301
-0.011534801036541373
-0.013959738035374817
0.007385352643821401
-0.012655240540767429
-0.039738577824072883
-0.034365544062650334
-0.0060137270750935095
0.0026866491080079747
-0.030078431370733995
-0.039738577824072883
-0.012793421503861771
-0.002254605251340902
-0.009939754561073733
-0.039738577824072883
-0.0042954374173339045
-0.0060137270750935095
-0.010731138872532011
0.008130934219199701
-0.011020612163664971
-0.0054421391589224676
0.011711634626004512
-0.0031925127339947203
-0.0054421391589224676
-0.0060137270750935095
-0.0031925127339947203
-0.0042954374173339045
0.004491416812957301
-0.012655240540767429
-0.016214426201755505
-0.0060137270750935095
-0.012655240540767429
-0.012793421503861771
0.004491416812957301
-0.03011815808562636
0.0015007025108111451
-0.00791591029124671
-0.012655240540767429
-0.011534801036541373
-0.0008331463707340985
-0.002254605251340902
-0.0060137270750935095
-0.03011815808562636
0.0026866491080079747
-0.001262365751426522
-0.011534801036541373
-0.004209617750822852
-0.002254605251340902
-0.01304017180917192
-0.039738577824072883
-0.03011815808562636
-0.011534801036541373
-0.012793421503861771
-0.0042954374173339045
0.007385352643821401
-0.002254605251340902
-0.012388143140601833
0.007385352643821401
-0.011534801036541373
-0.00791591029124671
-0.012388143140601833
-0.016214426201755505
0.0026866491080079747
-0.002583434249750117
-0.004209617750822852
-0.010731138872532011
0.011711634626004512
-0.03011815808562636
-0.03011815808562636
-0.012388143140601833
0.011711634626004512
-0.01158360266792596
-0.001262365751426522
-0.034365544062650334
-0.01304017180917192
-0.015407295386255368
-0.03218112929652501
-0.039738577824072883
-0.011534801036541373
0.0015007025108111451
-0.0060137270750935095
-0.01158360266792596
0.011711634626004512
0.017822605584633316
-0.002583434249750117
-0.0008331463707340985
-0.004209617750822852
-0.030078431370733995
0.0026866491080079747
0.007385352643821401
-0.007969428823933242
0.0026866491080079747
0.004491416812957301
-0.0054421391589224676
-0.0054421391589224676
-0.007969428823933242
-0.034365544062650334
-0.03011815808562636
-0.030078431370733995
-0.0018305199255786368
-0.012388143140601833
-0.016214426201755505
-0.012388143140601833
-0.002254605251340902
-0.0008331463707340985
-0.010731138872532011
-0.0060137270750935095
0.008130934219199701
-0.007969428823933242
0.017822605584633316
-0.0031925127339947203
-0.0042954374173339045
-0.009939754561073733
-0.012655240540767429
0.0015007025108111451
0.004491416812957301
-0.03011815808562636
-0.001262365751426522
0.008130934219199701
-0.0018305199255786368
-0.007969428823933242
0.0015007025108111451
0.0015007025108111451
-0.011534801036541373
-0.03011815808562636
-0.011534801036541373
-0.011534801036541373
0.007385352643821401
-0.00791591029124671
0.017822605584633316
-0.0008331463707340985
-0.015407295386255368
-0.013959738035374817
-0.039738577824072883
-0.0018305199255786368
0.011711634626004512
-0.015407295386255368
-0.016214426201755505
-0.016214426201755505
-0.0031925127339947203
-0.002254605251340902
-0.0060137270750935095
-0.012793421503861771
-0.012655240540767429
-0.007969428823933242
-0.03218112929652501
-0.0008331463707340985
-0.0031925127339947203
-0.002583434249750117
-0.01158360266792596
-0.011020612163664971
-0.039738577824072883
-0.011534801036541373
-0.00791591029124671
-0.002254605251340902
-0.0008331463707340985
-0.012655240540767429
-0.034365544062650334
0.011711634626004512
0.011711634626004512
-0.011534801036541373
-0.0042954374173339045
-0.0018305199255786368
-0.0042954374173339045
-0.0031925127339947203
0.007385352643821401
-0.030078431370733995
-0.016214426201755505
0.008130934219199701
-0.012388143140601833
-0.012655240540767429
-0.0018305199255786368
-0.015407295386255368
-0.015407295386255368
-0.002583434249750117
-0.03218112929652501
-0.0042954374173339045
0.008130934219199701
-0.011020612163664971
0.007385352643821401
0.011711634626004512
-0.039738577824072883
-0.012655240540767429
-0.011534801036541373
-0.0018305199255786368
-0.010731138872532011
-0.013959738035374817
-0.0008331463707340985
-0.0008331463707340985
-0.0042954374173339045
-0.002583434249750117
-0.002254605251340902
-0.016214426201755505
-0.016214426201755505
-0.0008331463707340985
-0.00791591029124671
-0.010731138872532011
-0.016214426201755505
-0.0042954374173339045
-0.016214426201755505
-0.001262365751426522
-0.0008331463707340985
-0.0060137270750935095
-0.030078431370733995
-0.0054421391589224676
-0.004209617750822852
-0.012793421503861771
0.004491416812957301
-0.030078431370733995
0.007385352643821401
-0.002583434249750117
-0.0054421391589224676
0.008130934219199701
-0.0031925127339947203
-0.0008331463707340985
-0.03011815808562636
-0.0060137270750935095
-0.001262365751426522
-0.0018305199255786368
-0.0018305199255786368
-0.011534801036541373
-0.009939754561073733
-0.0031925127339947203
-0.01158360266792596
0.004491416812957301
-0.002254605251340902
-0.0008331463707340985
0.008130934219199701
-0.03011815808562636
-0.002254605251340902
0.017822605584633316
-0.039738577824072883
-0.03218112929652501
0.007385352643821401
-0.011534801036541373
-0.007969428823933242
-0.011534801036541373
-0.0031925127339947203
-0.013959738035374817
-0.034365544062650334
-0.011020612163664971
-0.012655240540767429
0.008130934219199701
-0.034365544062650334
0.011711634626004512
-0.013959738035374817
0.0015007025108111451
0.004491416812957301
-0.016214426201755505
-0.01158360266792596
-0.011020612163664971
-0.03011815808562636
-0.004209617750822852
-0.002583434249750117
-0.0042954374173339045
-0.0060137270750935095
-0.03011815808562636
-0.002254605251340902
-0.010731138872532011
-0.010731138872532011
0.004491416812957301
0.007385352643821401
-0.002583434249750117
-0.01304017180917192
-0.01304017180917192
0.017822605584633316
-0.012388143140601833
-0.012793421503861771
0.017822605584633316
-0.01158360266792596
-0.001262365751426522
0.017822605584633316
-0.012388143140601833
-0.004209617750822852
-0.016214426201755505
-0.012793421503861771
-0.001262365751426522
0.008130934219199701
-0.03218112929652501
-0.011020612163664971
-0.002583434249750117
-0.030078431370733995
-0.010731138872532011
-0.0054421391589224676
-0.039738577824072883
-0.039738577824072883
-0.012388143140601833
-0.015407295386255368
