-0.013238648124926566
-0.00949240370665646
0.010482112613172324
-0.0029014614596918667
-0.014010719735214144
0.0006848916989629522
-0.032447467064997286
-0.01870392604956386
0.003937361261358747
-0.0007014081466142853
-0.03022770313042752
0.0007407042096683096
-0.004502054042452521
-0.01870392604956386
-0.0007014081466142853
0.008736231250011566
-0.00939189065916833
-0.044895204536175994
0.0009033141567326054
-0.014010719735214144
-0.03627855910642359
-0.027315265276706257
-0.013295374414680287
-0.008525692620371162
-0.015350630331977451
-0.01231165726316914
0.001094455635139782
0.001094455635139782
-0.017500089584496524
-0.011324209915705557
-0.014010719735214144
-0.02195221154592734
-0.011324209915705557
-0.03678496117054329
-0.0159676720478025
0.010346449917192297
-0.0020733561240197365
-0.01314148555937622
-0.01314148555937622
-0.009995365575220915
-0.003841342627891228
0.0007627146373594736
-0.003384097947911674
-0.013295374414680287
-0.022142889176305313
-0.030867953886695117
0.009671355961815615
-0.03678496117054329
-0.004582567387613513
0.00994178265864866
-0.0026857862777744045
-0.02934800281600816
-0.007880955330834277
-0.011103088625683126
-0.056951653800690914
0.0013619754235461767
-0.008525692620371162
-0.009842542753623233
-0.01314148555937622
-0.017500089584496524
-0.015350630331977451
-0.009995365575220915
-0.03022770313042752
0.002026606434608614
0.015684452658914636
-0.01382810420005329
-0.02535038634131357
-0.013238648124926566
-0.02195221154592734
-0.010744313959151527
-0.024303784583816868
-0.015675075108441357
0.0035288726757640903
-0.03627855910642359
-0.01629244170467571
-0.0072515105801309035
-0.00949240370665646
-0.004109643787920619
-0.0061691935609780495
-0.0163388196191833
0.0028259726831478733
-0.02717581244991949
-0.024530554546990442
-0.017963109804884726
0.010650696137192358
-0.032447467064997286
-0.0061691935609780495
0.004323958540443296
-0.010744313959151527
-0.011200585631136782
0.009671355961815615
0.00760038027711653
-0.02195221154592734
-0.017963109804884726
-0.0009850449584259343
-0.0159676720478025
-0.010023361767302164
-0.02195221154592734
-0.01629244170467571
-0.01650073319748522
0.002026606434608614
-0.011200585631136782
0.01530798714400269
-0.017971781920850693
-0.008525692620371162
-0.03627855910642359
-0.019403542245307104
-0.00599559329277415
-0.005893027935645991
0.0007407042096683096
-0.032447467064997286
-0.011990122030918733
-0.012049205913576756
-0.010023361767302164
-0.008318093641587278
0.0013619754235461767
-0.0114328019907918
-0.008404738304623275
-0.01047789887472253
-0.011324209915705557
-0.01314148555937622
0.0007627146373594736
-0.004757786514465155
0.009671355961815615
-0.027315265276706257
-0.044895204536175994
0.003702677314285756
-0.001211099911063979
0.024881635052256764
-0.0114328019907918
0.006276460258636752
-0.024530554546990442
-0.0034168749246938634
-0.024580383498245494
0.00760038027711653
-0.005782935495702903
0.0009033141567326054
-0.004757786514465155
-0.02717581244991949
0.0009033141567326054
0.010482112613172324
-0.00922718040358432
-0.00599559329277415
-0.010871053927074485
0.0045723564030217155
-0.015113735964576158
-0.012049205913576756
0.002026606434608614
-0.02928812697894826
-0.027330480238248342
-0.0014680321874105358
-0.01604151520087397
-0.00939189065916833
0.002026606434608614
0.015027790598352499
-0.00949240370665646
-0.011554303233780094
-0.008318093641587278
0.002026606434608614
0.003937361261358747
-0.03678496117054329
-0.024580383498245494
-0.012895866916822932
-0.013295374414680287
-0.005893027935645991
-0.007966045709067988
-0.005782935495702903
0.0013619754235461767
0.03379868493182886
0.004323958540443296
-0.03117177492510384
0.015027790598352499
0.00028855729856025063
0.024881635052256764
-0.001211099911063979
0.010482112613172324
0.006276460258636752
-0.007880955330834277
-0.010023361767302164
-0.011324209915705557
0.0013619754235461767
-0.008318093641587278
-0.0009850449584259343
0.024881635052256764
0.03379868493182886
-0.0114328019907918
0.006507683541520997
-0.009995365575220915
-0.008404738304623275
-0.03627855910642359
-0.01231165726316914
0.010482112613172324
-0.007880955330834277
-0.004502054042452521
-0.018762115851047013
-0.0061990952191836235
-0.005893027935645991
-0.010744313959151527
-0.02563092200635732
-0.024966222138548114
0.006276460258636752
-0.03678496117054329
-0.014010719735214144
-0.0009850449584259343
0.006507683541520997
-0.00922718040358432
-0.004109643787920619
-0.02376119893025519
0.00028855729856025063
-0.0020733561240197365
-0.0007014081466142853
0.009285596181415848
-0.003841342627891228
-0.032447467064997286
-0.017963109804884726
-0.0020733561240197365
0.00867183800603057
-0.01047789887472253
0.009172480453478776
-0.03117177492510384
0.00760038027711653
-0.007880955330834277
-0.004582567387613513
-0.009842542753623233
-0.011714397462541737
-0.032447467064997286
-0.00939189065916833
0.010482112613172324
-0.0029014614596918667
-0.007880955330834277
-0.0159676720478025
0.003702677314285756
-0.01231165726316914
0.009285596181415848
-0.009594537384491536
-0.003384097947911674
0.015684452658914636
-0.0114328019907918
0.0028259726831478733
-0.013770401616153286
-0.03022770313042752
0.00028855729856025063
-0.00949240370665646
-0.029621525283359023
0.03379868493182886
-0.009842542753623233
-0.004109643787920619
-0.004502054042452521
-0.01010232341491647
-0.007966045709067988
-0.013005690744755055
-0.010023361767302164
-0.011554303233780094
-0.005893027935645991
0.004323958540443296
0.00029932049784444877
-0.0061990952191836235
0.010346449917192297
-0.030867953886695117
-0.01314148555937622
-0.00886357277865519
-0.0014680321874105358
-0.01803642783594231
-0.024530554546990442
-0.001211099911063979
-0.011714397462541737
-0.008404738304623275
0.009172480453478776
-0.009842542753623233
0.004323958540443296
-0.017971781920850693
-0.01870392604956386
0.001094455635139782
0.0009033141567326054
-0.01870392604956386
-0.024580383498245494
0.0007407042096683096
0.008736231250011566
-0.004582567387613513
-0.011714397462541737
-0.018136197649343846
-0.00939189065916833
-0.011324209915705557
-0.00599559329277415
0.010346449917192297
-0.014749396869148359
-0.01382810420005329
-0.011471471160851546
-0.03192418262347889
-0.011554303233780094
-0.001102171594907761
-0.00922718040358432
-0.0072515105801309035
-0.025184193278713695
-0.017963109804884726
0.009172480453478776
-0.015113735964576158
0.0045723564030217155
-0.013005690744755055
-0.020044659302633536
-0.012427922815347374
-0.01506712754991111
-0.008404738304623275
-0.030867953886695117
-0.007966045709067988
-0.00949240370665646
-0.0020733561240197365
-0.008404738304623275
0.0007407042096683096
-0.006448082181724181
-0.007966045709067988
-0.01870392604956386
0.003937361261358747
-0.009995365575220915
-0.0061691935609780495
-0.024530554546990442
0.038417625188275066
-0.01047789887472253
-0.015145779355367261
0.0007407042096683096
-0.01803642783594231
0.00028855729856025063
-0.024580383498245494
0.002026606434608614
0.003937361261358747
0.0007627146373594736
0.009172480453478776
-0.024580383498245494
-0.001102171594907761
-0.011471471160851546
-0.013295374414680287
-0.018095153211434827
-0.02535038634131357
0.002184585985485909
-0.0027287747923186068
-0.02333197143597335
-0.0159676720478025
-0.001211099911063979
0.0045723564030217155
-0.024303784583816868
-0.0163388196191833
-0.01870392604956386
0.003702677314285756
-0.01860144744178496
-0.014749396869148359
-0.02376119893025519
-0.013770401616153286
-0.01231165726316914
-0.027315265276706257
-0.009995365575220915
-0.056951653800690914
-0.012049205913576756
-0.007956895912773425
-0.030867953886695117
-0.018762115851047013
-0.01314148555937622
-0.011554303233780094
-0.004582567387613513
-0.03627855910642359
-0.00949240370665646
0.006276460258636752
0.00867183800603057
0.009671355961815615
-0.0026857862777744045
-0.014749396869148359
-0.032447467064997286
-0.01382810420005329
0.00760038027711653
-0.0009850449584259343
-0.008318093641587278
-0.009842542753623233
-0.010023361767302164
-0.00886357277865519
-0.03627855910642359
-0.014010719735214144
-0.009842542753623233
0.03379868493182886
-0.011554303233780094
-0.022673462652885158
-0.007966045709067988
0.010650696137192358
-0.012427922815347374
-0.010744313959151527
-0.03022770313042752
0.0007407042096683096
-0.03117177492510384
0.010650696137192358
-0.01314148555937622
-0.004502054042452521
-0.001211099911063979
-0.032447467064997286
-0.015350630331977451
0.0028259726831478733
-0.021629042718969288
0.006276460258636752
0.002026606434608614
0.010346449917192297
-0.01382810420005329
-0.020044659302633536
-0.02928812697894826
-0.001102171594907761
0.024881635052256764
-0.024530554546990442
0.0009033141567326054
0.015684452658914636
-0.001102171594907761
-0.024966222138548114
0.010482112613172324
-0.011103088625683126
0.015684452658914636
-0.012895866916822932
-0.011554303233780094
-0.017963109804884726
-0.003841342627891228
-0.009842542753623233
-0.0034168749246938634
-0.007956895912773425
0.009172480453478776
-0.02563092200635732
-0.017963109804884726
-0.008318093641587278
0.0007627146373594736
0.00029932049784444877
-0.012427922815347374
-0.017971781920850693
-0.01870392604956386
-0.010871053927074485
-0.011554303233780094
-0.020044659302633536
-0.011324209915705557
-0.027315265276706257
-0.02376119893025519
0.038417625188275066
-0.02934800281600816
-0.022142889176305313
0.004323958540443296
-0.009842542753623233
-0.01010232341491647
-0.03627855910642359
-0.056951653800690914
-0.030867953886695117
0.0045723564030217155
-0.02928812697894826
-0.01870392604956386
-0.0061990952191836235
-0.020044659302633536
0.015027790598352499
-0.011471471160851546
-0.011200585631136782
0.004733549522657229
-0.008404738304623275
-0.02563092200635732
-0.00922718040358432
-0.013238648124926566
-0.008318093641587278
-0.01314148555937622
-0.0009850449584259343
-0.0072515105801309035
-0.012895866916822932
-0.024530554546990442
-0.02535038634131357
-0.024123323137952492
-0.009995365575220915
-0.008525692620371162
-0.001102171594907761
-0.0026857862777744045
-0.029621525283359023
-0.0159676720478025
-0.013005690744755055
-0.015675075108441357
-0.024303784583816868
0.004323958540443296
-0.0159676720478025
-0.010810171135621662
-0.01047789887472253
-0.029621525283359023
0.024881635052256764
-0.0009850449584259343
0.00760038027711653
-0.004582567387613513
-0.0026857862777744045
-0.0007014081466142853
-0.0020733561240197365
0.006276460258636752
-0.0007014081466142853
0.003937361261358747
-0.03627855910642359
-0.021629042718969288
0.010346449917192297
-0.027315265276706257
-0.021629042718969288
-0.029621525283359023
-0.013005690744755055
-0.011103088625683126
-0.013770401616153286
-0.017971781920850693
-0.02928812697894826
-0.0061990952191836235
-0.024303784583816868
-0.044895204536175994
0.008736231250011566
-0.007880955330834277
0.009172480453478776
-0.00939189065916833
0.0006848916989629522
-0.0027287747923186068
-0.056951653800690914
-0.02195221154592734
-0.03117177492510384
-0.003841342627891228
-0.03022770313042752
0.004733549522657229
-0.012427922815347374
-0.015675075108441357
0.01530798714400269
0.0009033141567326054
-0.012530907179582275
-0.003841342627891228
-0.013238648124926566
-0.0009850449584259343
-0.02934800281600816
0.00029932049784444877
-0.010744313959151527
0.024881635052256764
-0.008525692620371162
-0.022142889176305313
-0.003384097947911674
-0.024530554546990442
-0.010744313959151527
0.0028259726831478733
0.0007407042096683096
-0.009594537384491536
-0.02376119893025519
-0.001102171594907761
-0.02563092200635732
-0.02195221154592734
0.008736231250011566
-0.010810171135621662
0.015027790598352499
-0.02563092200635732
0.015027790598352499
-0.011324209915705557
-0.0020733561240197365
-0.027315265276706257
-0.01870392604956386
-0.015145779355367261
-0.0034168749246938634
-0.01506712754991111
-0.01604151520087397
-0.018136197649343846
-0.022673462652885158
0.015027790598352499
-0.0061990952191836235
-0.009594537384491536
0.0045723564030217155
-0.007956895912773425
-0.010744313959151527
-0.0061691935609780495
-0.022673462652885158
-0.027130975969073077
-0.011714397462541737
-0.0061691935609780495
-0.02928812697894826
-0.0163388196191833
-0.012895866916822932
0.004733549522657229
-0.01231165726316914
0.006276460258636752
-0.012427922815347374
0.015684452658914636
-0.0026857862777744045
-0.056951653800690914
-0.014749396869148359
0.009671355961815615
0.010346449917192297
-0.01870392604956386
-0.0061691935609780495
-0.011103088625683126
-0.014010719735214144
-0.0114328019907918
-0.011714397462541737
-0.024966222138548114
0.00029932049784444877
-0.015145779355367261
-0.00949240370665646
-0.024303784583816868
0.004733549522657229
-0.01382810420005329
-0.030867953886695117
-0.011990122030918733
-0.010810171135621662
-0.008318093641587278
-0.03192418262347889
0.009285596181415848
-0.015350630331977451
-0.019403542245307104
-0.0007014081466142853
-0.014749396869148359
0.0009033141567326054
-0.007966045709067988
-0.004502054042452521
-0.017971781920850693
0.010346449917192297
-0.009594537384491536
-0.012530907179582275
-0.01860144744178496
-0.017963109804884726
-0.0009850449584259343
-0.021629042718969288
-0.015350630331977451
0.001094455635139782
-0.019403542245307104
-0.011103088625683126
-0.014749396869148359
0.015027790598352499
-0.01314148555937622
-0.02928812697894826
-0.030867953886695117
-0.03022770313042752
-0.024123323137952492
0.015027790598352499
0.009285596181415848
-0.03022770313042752
-0.003841342627891228
0.0007627146373594736
0.00994178265864866
-0.011990122030918733
-0.02535038634131357
0.024881635052256764
-0.02535038634131357
-0.011103088625683126
-0.027330480238248342
-0.0159676720478025
-0.004109643787920619
0.00867183800603057
-0.0159676720478025
-0.008404738304623275
-0.0114328019907918
-0.022673462652885158
-0.014010719735214144
-0.027315265276706257
-0.003841342627891228
-0.011714397462541737
-0.010023361767302164
-0.013295374414680287
0.01530798714400269
-0.022673462652885158
-0.013238648124926566
-0.022673462652885158
-0.004582567387613513
-0.007966045709067988
0.00029932049784444877
-0.024580383498245494
-0.013005690744755055
-0.030867953886695117
-0.02535038634131357
-0.024303784583816868
-0.0061691935609780495
-0.005782935495702903
-0.003841342627891228
0.0035288726757640903
-0.027130975969073077
0.038417625188275066
0.010650696137192358
-0.02717581244991949
-0.010871053927074485
-0.011324209915705557
0.01530798714400269
-0.0009850449584259343
-0.03022770313042752
0.004323958540443296
-0.018136197649343846
0.004733549522657229
0.001094455635139782
-0.003841342627891228
-0.032447467064997286
-0.011554303233780094
-0.02195221154592734
-0.025184193278713695
-0.013005690744755055
-0.011554303233780094
-0.03022770313042752
-0.001102171594907761
-0.01047789887472253
-0.017963109804884726
-0.012427922815347374
-0.010744313959151527
-0.00922718040358432
0.010482112613172324
-0.0027287747923186068
0.00760038027711653
0.015684452658914636
-0.011714397462541737
-0.02333197143597335
0.01530798714400269
-0.0061691935609780495
-0.01010232341491647
-0.00949240370665646
-0.014010719735214144
-0.013295374414680287
-0.022142889176305313
-0.0027287747923186068
-0.012895866916822932
0.01530798714400269
-0.01629244170467571
-0.009842542753623233
-0.01604151520087397
-0.007956895912773425
-0.011471471160851546
-0.011200585631136782
-0.01047789887472253
-0.013238648124926566
-0.0159676720478025
0.0013619754235461767
-0.015675075108441357
0.003702677314285756
0.004733549522657229
-0.0020733561240197365
-0.01860144744178496
0.008736231250011566
-0.012895866916822932
-0.02928812697894826
0.038417625188275066
0.00760038027711653
-0.01382810420005329
-0.024580383498245494
-0.013770401616153286
-0.004757786514465155
-0.0034168749246938634
-0.018095153211434827
-0.010871053927074485
-0.015145779355367261
-0.024303784583816868
-0.03117177492510384
-0.003841342627891228
0.003702677314285756
-0.004757786514465155
0.0045723564030217155
-0.03627855910642359
-0.01803642783594231
-0.012427922815347374
-0.017971781920850693
0.002184585985485909
0.004323958540443296
-0.005782935495702903
-0.005782935495702903
0.038417625188275066
-0.01231165726316914
-0.024530554546990442
0.00867183800603057
-0.0014680321874105358
-0.015350630331977451
-0.0026857862777744045
-0.01629244170467571
-0.01314148555937622
-0.01870392604956386
-0.027130975969073077
0.03379868493182886
0.00029932049784444877
-0.021629042718969288
-0.013770401616153286
-0.005893027935645991
-0.01010232341491647
0.00760038027711653
-0.010023361767302164
-0.01604151520087397
0.015027790598352499
0.001094455635139782
-0.011471471160851546
-0.02928812697894826
-0.015113735964576158
0.0013619754235461767
-0.001102171594907761
-0.056951653800690914
-0.020044659302633536
-0.0061691935609780495
-0.010871053927074485
-0.024303784583816868
-0.008525692620371162
-0.01870392604956386
-0.0114328019907918
-0.018095153211434827
-0.011990122030918733
-0.025184193278713695
0.0007627146373594736
-0.024303784583816868
-0.00949240370665646
0.038417625188275066
-0.003841342627891228
-0.025184193278713695
0.0007627146373594736
-0.0007014081466142853
0.015684452658914636
-0.0159676720478025
-0.014010719735214144
-0.022142889176305313
-0.001211099911063979
-0.024530554546990442
-0.01650073319748522
-0.011554303233780094
-0.010744313959151527
-0.044895204536175994
0.0013619754235461767
-0.0072515105801309035
0.008736231250011566
-0.011200585631136782
0.0006848916989629522
-0.03627855910642359
-0.03192418262347889
-0.01010232341491647
-0.013770401616153286
-0.024303784583816868
0.03379868493182886
0.0013619754235461767
-0.02376119893025519
0.001094455635139782
0.00760038027711653
0.0013619754235461767
-0.00939189065916833
-0.02376119893025519
-0.02717581244991949
-0.012530907179582275
-0.02535038634131357
0.00029932049784444877
-0.0007014081466142853
0.0007627146373594736
-0.008404738304623275
-0.0014680321874105358
0.006276460258636752
0.004733549522657229
-0.03192418262347889
-0.0114328019907918
-0.003841342627891228
0.002026606434608614
-0.024123323137952492
-0.015675075108441357
-0.0029014614596918667
0.015027790598352499
-0.007956895912773425
-0.011103088625683126
0.010650696137192358
-0.015113735964576158
-0.03192418262347889
-0.006448082181724181
-0.0007014081466142853
-0.01382810420005329
-0.00949240370665646
-0.027315265276706257
0.004323958540443296
-0.011103088625683126
-0.015113735964576158
-0.008525692620371162
0.006276460258636752
-0.001102171594907761
-0.01231165726316914
-0.015675075108441357
0.0013619754235461767
0.0013619754235461767
-0.0014680321874105358
0.002184585985485909
-0.017971781920850693
-0.0029014614596918667
-0.03117177492510384
-0.009594537384491536
0.010346449917192297
-0.004109643787920619
-0.0061990952191836235
0.009172480453478776
-0.015113735964576158
-0.00949240370665646
0.008736231250011566
-0.024123323137952492
-0.010744313959151527
-0.01803642783594231
0.010346449917192297
0.0007407042096683096
-0.015675075108441357
0.03379868493182886
-0.0026857862777744045
-0.022673462652885158
0.0013619754235461767
-0.00939189065916833
-0.0029014614596918667
0.0013619754235461767
0.004733549522657229
-0.03117177492510384
-0.0027287747923186068
0.00994178265864866
-0.0014680321874105358
0.009285596181415848
0.009285596181415848
-0.005782935495702903
0.0009033141567326054
-0.01803642783594231
-0.011554303233780094
-0.01382810420005329
-0.018136197649343846
-0.03678496117054329
-0.013295374414680287
-0.011554303233780094
-0.024123323137952492
-0.008404738304623275
-0.03022770313042752
-0.011990122030918733
-0.030867953886695117
-0.01047789887472253
0.003937361261358747
0.0006848916989629522
-0.01047789887472253
-0.018136197649343846
-0.03117177492510384
-0.019403542245307104
-0.010871053927074485
-0.0034168749246938634
-0.008525692620371162
-0.024123323137952492
0.0035288726757640903
0.010346449917192297
-0.012895866916822932
0.006507683541520997
-0.02934800281600816
0.0007407042096683096
-0.024580383498245494
-0.009594537384491536
-0.015675075108441357
-0.014749396869148359
-0.012895866916822932
0.00028855729856025063
-0.009842542753623233
0.00028855729856025063
-0.024123323137952492
-0.01870392604956386
-0.044895204536175994
-0.02717581244991949
-0.01604151520087397
-0.022142889176305313
0.010346449917192297
-0.0163388196191833
-0.01870392604956386
-0.02934800281600816
-0.005893027935645991
-0.003384097947911674
-0.014749396869148359
-0.018136197649343846
-0.021629042718969288
-0.013295374414680287
-0.012427922815347374
-0.0020733561240197365
-0.00949240370665646
-0.02195221154592734
0.00028855729856025063
-0.015350630331977451
-0.005893027935645991
-0.0029014614596918667
-0.0061691935609780495
-0.02195221154592734
-0.0009850449584259343
-0.01382810420005329
-0.003384097947911674
0.006276460258636752
-0.013770401616153286
-0.024530554546990442
-0.01231165726316914
-0.011103088625683126
-0.017971781920850693
0.002184585985485909
-0.001102171594907761
-0.0061990952191836235
-0.01010232341491647
0.0006848916989629522
-0.024530554546990442
0.0035288726757640903
-0.003384097947911674
-0.011990122030918733
-0.01010232341491647
-0.010744313959151527
-0.0061990952191836235
-0.01231165726316914
-0.022142889176305313
0.004733549522657229
-0.024303784583816868
-0.021629042718969288
-0.011324209915705557
0.008736231250011566
-0.056951653800690914
0.015027790598352499
-0.027130975969073077
-0.056951653800690914
0.006507683541520997
-0.008404738304623275
-0.015675075108441357
-0.012049205913576756
-0.02717581244991949
-0.018095153211434827
-0.02333197143597335
-0.01231165726316914
-0.02195221154592734
0.00867183800603057
0.03379868493182886
-0.0027287747923186068
