-0.009770419484174479
-0.010295716389281926
-0.0203947331018095
-0.0203947331018095
-0.0030533857030627417
0.02161251970220495
-0.018942065968074684
0.00219579399601576
-0.00917117383096841
-0.00604510657408323
-0.018314272917627303
-0.0008359149105008688
0.005076551282314296
-0.019786889252538183
-0.0252700255920171
-0.01699339081705121
0.015463697023788876
0.014901418252148186
1.251007327215522e-06
-0.006232907269140529
0.005786880184320257
-0.01699339081705121
-0.02479782176383602
-0.0030533857030627417
-0.01597846450532055
-0.014521608104530454
0.014393985521756213
1.251007327215522e-06
-0.00604510657408323
-0.0016789814980389627
0.0011936095841412497
-0.005858953555986517
-0.017944679914665165
-0.011729348404746796
-0.0033472959982235773
0.004851795452647929
-0.030387557872705362
-0.013514464622341517
-0.009217033679419107
0.006256007707749342
-0.01045413446949974
-0.01597846450532055
-0.019786889252538183
-0.010398990511348207
-0.01759434196139186
-0.0022885863588045893
-0.01520464799995582
-0.01739962732670819
-0.005858953555986517
-0.010950825485117732
0.00219579399601576
-0.010295716389281926
-0.01520464799995582
-0.011434548267926977
-0.002414938097371249
-0.006397509697427207
-0.016189634923161347
-0.03778258002105633
-0.03174813666061287
0.015463697023788876
-0.0023249596888091193
-0.016883045924458485
-0.042631305731716425
-0.0017405234421015105
-0.03778258002105633
-0.011215788528438731
-0.011106846018136154
-0.04137749007963391
-0.005660412016017942
-0.022047482546720953
-0.004369529203333894
0.0082475432015868
-0.010301142175630709
-0.018942065968074684
-0.01582396138612062
-0.0028716596567342724
-0.013347569261549865
-0.0016789814980389627
0.003434725652646086
0.016607086300076002
-0.004620472331378934
-0.0010508652292267277
-0.0019821924188158755
-0.007265162909886119
-0.014468455297923764
0.0082475432015868
0.0035441954923268928
0.008488915602782315
0.0051354209825291725
-0.03138465077363492
-0.011729348404746796
-0.009677311352302511
0.003434369058786479
-0.016849768453028584
0.015042929486977032
0.014901418252148186
0.004080210062793633
-0.008557473181500238
-0.022214517530268933
-0.01122594658605443
-0.029496907293456415
0.0022800018868655934
-0.016883045924458485
-0.026192222044488903
-0.006232907269140529
0.005237750680380737
-0.009020361699183525
-0.013290568033349333
-0.0009208442337198722
-0.0010508652292267277
-0.022432009768426044
0.0027984705076947664
-0.002414938097371249
-0.008395832967139107
-0.014008467688393648
-0.009574662493817844
-0.004369529203333894
0.020818226180819365
-0.011512898211950796
0.006027873295698
-0.01804048590158754
-0.01316788589269716
-0.0095236737328538
-0.026192222044488903
-0.019453338009209176
-0.019642957082263594
-0.012861932200480942
0.006027873295698
-0.004098756597908973
-0.01045413446949974
-0.01122594658605443
-0.00031434261598278844
1.251007327215522e-06
-0.015211895679376919
-0.0008359149105008688
-0.004642132310716787
-0.021564302915936938
-0.014521608104530454
-0.010674889836862081
-0.008356098250604623
-0.006359831898104966
-0.01597846450532055
-0.0354837948926883
-0.015211895679376919
-0.022214517530268933
0.029903659192495224
-0.010301142175630709
-0.0028313481868169196
-0.022432009768426044
-0.019846353469873797
0.005625214188278047
-0.01560728572268254
0.005237750680380737
-0.004642132310716787
-0.01739962732670819
0.0021049417939370775
-0.012861932200480942
0.0051354209825291725
-0.0008277589273893184
0.0027984705076947664
-0.018314272917627303
-0.016815130280417995
-0.03172155324359685
0.003434369058786479
-0.01759434196139186
-0.0030533857030627417
-0.020145149369652497
0.0051354209825291725
-0.011434548267926977
-0.024203277196933454
0.004851795452647929
-0.001534780096394182
-0.022361835379625362
-0.011434548267926977
-0.01043437752319725
0.00020957557168132946
-0.0252700255920171
-0.02733662444392303
-0.016119438992263466
-0.00894793379545946
-0.022361835379625362
0.009332492744628476
-0.01122594658605443
-0.01050388147701191
-0.009770419484174479
-0.009823646385055586
0.006027873295698
-0.018997418037743456
-0.02479782176383602
-0.01759434196139186
-0.017939608178696075
0.015042929486977032
-0.004535355537250477
-0.00811372164899435
-0.00527419514705058
-0.010295716389281926
-0.014521608104530454
-0.013036317557418848
-0.009770419484174479
0.020818226180819365
0.003434369058786479
-0.010950825485117732
-0.011645054209557505
-0.0008359149105008688
-0.004642132310716787
-0.019978318316599707
-0.0016789814980389627
-0.004505506445626619
-0.01122594658605443
-0.018314272917627303
-0.01176401503308285
-0.014852180823797453
-0.03138465077363492
-0.019453338009209176
-0.0019821924188158755
-0.010065111438708389
-0.030387557872705362
-0.011388479971963744
-0.03414326710900727
-0.00604510657408323
-0.019681048101859645
-0.044200195567615626
-0.014468455297923764
0.010930087463499872
0.006027873295698
0.010745307973397088
-0.01045413446949974
-0.011215788528438731
-0.026192222044488903
-0.00604510657408323
-0.014468455297923764
-0.0203947331018095
-0.009677311352302511
0.0022800018868655934
0.014901418252148186
0.0033636536349653475
-0.018942065968074684
0.03189343806120294
-0.02479782176383602
-0.03172155324359685
-0.0016789814980389627
-0.004642132310716787
-0.01045413446949974
-0.012638361802570006
0.0028545120894530175
-0.0015772997395797613
-0.018314272917627303
0.01734819694976498
-0.006397509697427207
-0.035570640726919206
-0.0203947331018095
-0.010497079498749633
0.006677058169302638
-0.01699339081705121
-0.026129679262926715
-0.013036317557418848
-0.002414938097371249
0.008898316058057574
-0.012861932200480942
-0.0028386163889541787
0.020818226180819365
-0.022214517530268933
-0.009574662493817844
-0.011053898041831097
-0.029255706849524676
0.009332492744628476
0.004851795452647929
-0.0023249596888091193
-0.00604510657408323
-0.02479782176383602
-0.01499260145917918
-0.020012093787906193
-0.007714474188210077
-0.011729348404746796
-0.014521608104530454
-0.012636988456599624
-0.011434548267926977
-0.00527419514705058
-0.0009208442337198722
-0.020012093787906193
0.0022664763890848155
-0.022047482546720953
-0.00917117383096841
-0.014977587921709216
-0.00811372164899435
-0.0252700255920171
-0.01582396138612062
-0.0095236737328538
-0.013738865201268819
-0.03414326710900727
-0.016216100543368035
0.010930087463499872
-0.022047482546720953
0.0051354209825291725
0.0006830205167935092
-0.016815130280417995
-0.019681048101859645
-0.013514464622341517
0.0022664763890848155
-0.011786491724560236
-0.024203277196933454
-0.009574662493817844
-0.008395832967139107
0.0028545120894530175
0.0035441954923268928
-0.017298846729108287
-0.029496907293456415
-0.0009208442337198722
-0.012476300662568121
-0.020145149369652497
-0.009874533625206712
0.005786880184320257
-0.0203947331018095
0.005237750680380737
-0.012861932200480942
-0.01911455963362006
-0.014521608104530454
-0.017939608178696075
-0.009874533625206712
-0.005858953555986517
-0.026192222044488903
-0.01560728572268254
-0.0008277589273893184
-0.03138465077363492
-0.01560728572268254
0.0022664763890848155
-0.00917117383096841
-0.00527419514705058
-0.00894793379545946
-0.007265162909886119
-0.019978318316599707
-0.020145149369652497
-0.03172155324359685
-0.012638361802570006
-0.01582396138612062
-0.008557473181500238
-0.024338219138255724
-0.004535355537250477
-0.0095236737328538
-0.004520260635560393
-0.01683489822454265
-0.004369529203333894
-0.010295716389281926
-0.01159943155485496
-0.0071788231000318595
-0.00604510657408323
-0.00811372164899435
-0.016079671591008583
-0.04137749007963391
-0.004620472331378934
-0.009677311352302511
-0.01911455963362006
-0.0036327982869708573
-0.0354837948926883
-0.009823646385055586
-0.019453338009209176
-0.008356098250604623
0.006677058169302638
-0.0008359149105008688
-0.008557473181500238
-0.014977587921709216
0.0005510443093739386
-0.001534780096394182
-0.042631305731716425
0.007017225073521025
-0.009823646385055586
-0.0028386163889541787
-0.01678699993578191
-0.007784477119571371
-0.01043437752319725
-0.009574662493817844
-0.011388479971963744
-0.0252700255920171
-0.011645054209557505
-0.010674889836862081
-0.024203277196933454
-0.01176401503308285
-0.012636988456599624
-0.020145149369652497
-0.0028313481868169196
-0.044200195567615626
0.006436505395495588
-0.020145149369652497
-0.010093307869907168
0.004851795452647929
0.006913030792868895
-0.010674889836862081
0.005625214188278047
0.0021049417939370775
0.0022800018868655934
-0.01597846450532055
-0.019786889252538183
-0.0015772997395797613
0.006913030792868895
0.0051354209825291725
-0.025062396287008487
-0.0019821924188158755
-0.01176401503308285
-0.011434548267926977
-0.0030533857030627417
0.0014094425301160664
-0.013036317557418848
-0.0036327982869708573
0.0051354209825291725
-0.004520260635560393
-0.009266811189790497
0.0006830205167935092
0.01734819694976498
-0.013036317557418848
0.01734819694976498
-0.014852180823797453
0.005786880184320257
-0.03138465077363492
-0.0016789814980389627
0.006256007707749342
-0.004620472331378934
-0.016216100543368035
-0.018997418037743456
0.005076551282314296
-0.019681048101859645
-0.012054168004387309
-0.005039517571556667
-0.00031434261598278844
0.01734819694976498
-0.012638361802570006
-0.025062396287008487
-0.018942065968074684
0.015042929486977032
-0.010674889836862081
-0.0033472959982235773
-0.00031434261598278844
0.0034752830885994928
-0.004356915997050235
-0.004369529203333894
-0.0033472959982235773
-0.03172155324359685
-0.0010361653078459726
0.003434369058786479
-0.013347569261549865
0.009332492744628476
0.006677058169302638
-0.019786889252538183
0.008488915602782315
0.005237750680380737
-0.0008359149105008688
-0.022361835379625362
-0.017944679914665165
-0.0009208442337198722
-0.009677311352302511
-0.0010508652292267277
-0.002414938097371249
-0.013290568033349333
-0.0008277589273893184
-0.009217033679419107
-0.0016789814980389627
-0.009058059708691606
-0.0033472959982235773
-0.011215788528438731
-0.00894793379545946
-0.019642957082263594
-0.019937683936601565
-0.004356915997050235
-0.02733662444392303
-0.019681048101859645
-0.011645054209557505
0.006256007707749342
-0.006232907269140529
-0.01582396138612062
0.006677058169302638
0.0027984705076947664
0.014901418252148186
-0.016005080698047385
0.0006830205167935092
0.020818226180819365
-0.021564302915936938
-0.01911455963362006
0.00219579399601576
-0.020173227928140247
0.0002446817887546848
-0.015591420232279385
-0.009217033679419107
-0.019846353469873797
-0.03778258002105633
0.00424593823079016
-0.009874533625206712
-0.0010361653078459726
-0.0010508652292267277
-0.011512898211950796
-0.009695382191877806
-0.001534780096394182
1.251007327215522e-06
-0.004620472331378934
0.006913030792868895
0.029903659192495224
-0.017944679914665165
-0.019978318316599707
-0.0008277589273893184
0.006913030792868895
-0.025062396287008487
-0.01043437752319725
-0.010065111438708389
-0.017939608178696075
0.007017225073521025
0.016607086300076002
-0.009770419484174479
-0.009574662493817844
-0.01043437752319725
-0.01560728572268254
-0.0252700255920171
-0.019846353469873797
-0.014468455297923764
-0.019453338009209176
-0.02136138916368118
-0.011146737906798385
0.00424593823079016
-0.00894793379545946
-0.0010508652292267277
-0.014521608104530454
0.01734819694976498
-0.022214517530268933
-0.006359831898104966
-0.03172155324359685
0.014901418252148186
-0.011215788528438731
-0.021564302915936938
-0.008356098250604623
-0.01499260145917918
0.01734819694976498
-0.015591420232279385
0.0082475432015868
-0.008356098250604623
-0.009823646385055586
-0.010950825485117732
-0.027193456069562607
-0.016005080698047385
-0.0023249596888091193
-0.024203277196933454
-0.0023249596888091193
-0.00894793379545946
-0.007714474188210077
-0.001738070030724819
-0.022047482546720953
-0.005163119741960849
-0.009020361699183525
-0.022047482546720953
-0.03414326710900727
-0.01699339081705121
-0.019937683936601565
-0.00031434261598278844
-0.009266811189790497
-0.019642957082263594
-0.03138465077363492
-0.011786491724560236
-0.009823646385055586
-0.004356915997050235
-0.0030533857030627417
0.0014094425301160664
0.0011936095841412497
-0.01804048590158754
-0.016189634923161347
0.0005510443093739386
-0.00031434261598278844
-0.0028386163889541787
-0.00031434261598278844
-0.004535355537250477
-0.029496907293456415
1.251007327215522e-06
-0.011645054209557505
-0.01520464799995582
-0.011512898211950796
-0.00917117383096841
-0.0028716596567342724
0.014901418252148186
0.00020957557168132946
-0.0023249596888091193
-0.01582396138612062
-0.0033472959982235773
-0.021163103031349773
-0.009217033679419107
-0.02479782176383602
-0.009823646385055586
-0.03601826277186199
-0.010093307869907168
-0.00811372164899435
0.0034752830885994928
-0.030387557872705362
-0.015211895679376919
-0.009437081559546322
-0.004505506445626619
-0.002414938097371249
-0.014852180823797453
0.0005510443093739386
-0.009574662493817844
-0.008356098250604623
0.010930087463499872
-0.005039517571556667
-0.009266811189790497
0.006677058169302638
-0.010377414662222745
-0.03842177024954369
-0.02136138916368118
-0.009823646385055586
-0.022432009768426044
-0.01122594658605443
-0.0036327982869708573
-0.006359831898104966
-0.022445547212085755
-0.00917117383096841
-0.035570640726919206
-0.009217033679419107
-0.01122594658605443
-0.008356098250604623
-0.026129679262926715
-0.011434548267926977
-0.009058059708691606
-0.013514464622341517
-0.009266811189790497
-0.009770419484174479
-0.008023797637222625
-0.0203947331018095
-0.0008359149105008688
-0.010674889836862081
0.008898316058057574
-0.016119438992263466
-0.04137749007963391
-0.008395832967139107
-0.01759434196139186
-0.022361835379625362
-0.004356915997050235
-0.00811372164899435
-0.005660412016017942
0.0005510443093739386
-0.017298846729108287
-0.0033472959982235773
0.010745307973397088
-0.006232907269140529
-0.014468455297923764
-0.019642957082263594
-0.0028716596567342724
0.0033636536349653475
-0.016189634923161347
-0.026129679262926715
-0.01176401503308285
0.0051354209825291725
-0.044200195567615626
-0.04137749007963391
-0.006359831898104966
0.009332492744628476
0.0005510443093739386
0.005891150728368743
0.006027873295698
-0.012054168004387309
0.015042929486977032
-0.006397509697427207
-0.010497079498749633
-0.02479782176383602
-0.013514464622341517
0.0035441954923268928
-0.0028386163889541787
-0.022047482546720953
0.0026029044999730387
-0.008023797637222625
-0.014977587921709216
-0.010377414662222745
0.003434725652646086
0.006677058169302638
0.005786880184320257
0.016607086300076002
-0.004520260635560393
-0.01045413446949974
0.009332492744628476
-0.03172155324359685
-0.030387557872705362
-0.008395832967139107
-0.01911455963362006
0.0027984705076947664
-0.0030533857030627417
-0.01520464799995582
-0.007265162909886119
-0.02069097785028172
-0.018997418037743456
-0.03174813666061287
-0.004505506445626619
-0.016883045924458485
-0.020145149369652497
0.006256007707749342
-0.01582396138612062
-0.0354837948926883
-0.009266811189790497
-0.009823646385055586
-0.002414938097371249
-0.026129679262926715
0.0021049417939370775
-0.03842177024954369
0.003434725652646086
-0.02069097785028172
-0.018942065968074684
-0.026192222044488903
-0.010398990511348207
-0.0008359149105008688
-0.019978318316599707
-0.01043437752319725
-0.016079671591008583
-0.011106846018136154
-0.00811372164899435
0.010930087463499872
-0.020012093787906193
-0.021163103031349773
-0.012861932200480942
-0.016883045924458485
0.003434369058786479
-0.021163103031349773
-0.030387557872705362
-0.017944679914665165
-0.011512898211950796
0.008488915602782315
-0.021564302915936938
0.004851795452647929
-0.01911455963362006
-0.009020361699183525
-0.019282912138915136
-0.0042130328950924
-0.019846353469873797
0.00219579399601576
-0.009266811189790497
-0.0009208442337198722
0.005891150728368743
-0.011786491724560236
-0.022214517530268933
-0.0016789814980389627
0.0034752830885994928
-0.004098756597908973
-0.010093307869907168
-0.009217033679419107
-0.03778258002105633
-0.011645054209557505
-0.01560728572268254
-0.019282912138915136
-0.0203947331018095
-0.007265162909886119
-0.008263007702309425
0.010745307973397088
-0.002414938097371249
-0.008395832967139107
-0.01804048590158754
-0.012054168004387309
-0.020145149369652497
0.01734819694976498
-0.02136138916368118
-0.006397509697427207
-0.03172155324359685
0.02161251970220495
0.0026029044999730387
0.0051354209825291725
-0.011434548267926977
-0.009677311352302511
-0.018314272917627303
-0.0033472959982235773
-0.042631305731716425
-0.008557473181500238
-0.004505506445626619
-0.01582396138612062
-0.012636988456599624
-0.0016789814980389627
-0.004535355537250477
-0.019937683936601565
-0.03174813666061287
-0.016005080698047385
-0.022445547212085755
-0.010950825485117732
-0.007714474188210077
-0.01582396138612062
0.0011936095841412497
-0.006232907269140529
-0.030387557872705362
0.0022800018868655934
-0.009823646385055586
-0.022445547212085755
-0.010950825485117732
-0.01045413446949974
-0.009874533625206712
-0.019786889252538183
-0.0203947331018095
-0.022361835379625362
-0.022047482546720953
-0.019642957082263594
-0.044200195567615626
-0.019786889252538183
-0.010301142175630709
0.004851795452647929
-0.0003440299733105496
-0.01122594658605443
-0.010674889836862081
-0.024338219138255724
0.0026029044999730387
-0.029255706849524676
-0.006359831898104966
-0.004520260635560393
-0.009217033679419107
-0.019453338009209176
-0.014008467688393648
-0.010497079498749633
-0.0071788231000318595
-0.026192222044488903
-0.007784477119571371
0.0002446817887546848
-0.014468455297923764
0.010745307973397088
-0.007265162909886119
-0.03778258002105633
0.00020957557168132946
-0.0015772997395797613
-0.01582396138612062
-0.029311471697253396
-0.004098756597908973
-0.004642132310716787
0.0026029044999730387
-0.004642132310716787
-0.0019821924188158755
-0.02136138916368118
-0.008395832967139107
0.0026029044999730387
-0.021564302915936938
-0.01159943155485496
-0.0019821924188158755
-0.009437081559546322
0.007017225073521025
-0.0023249596888091193
-0.011645054209557505
-0.009874533625206712
-0.004369529203333894
-0.010950825485117732
-0.01699339081705121
-0.0042130328950924
0.0082475432015868
0.0028545120894530175
0.005237750680380737
0.006677058169302638
-0.016216100543368035
0.0002446817887546848
-0.009266811189790497
-0.019937683936601565
-0.009823646385055586
-0.01739962732670819
-0.042631305731716425
-0.01499260145917918
-0.014977587921709216
-0.01045413446949974
-0.009058059708691606
0.005065608745526627
0.01734819694976498
0.015042929486977032
0.003434369058786479
-0.00894793379545946
0.003434369058786479
-0.009266811189790497
-0.0015772997395797613
-0.015211895679376919
0.02161251970220495
-0.01043437752319725
0.03189343806120294
0.0002446817887546848
0.014393985521756213
-0.009874533625206712
0.0027984705076947664
-0.006232907269140529
-0.03138465077363492
-0.016079671591008583
-0.014468455297923764
0.010930087463499872
-0.00894793379545946
0.02161251970220495
-0.01176401503308285
-0.012636988456599624
-0.03778258002105633
-0.0028716596567342724
0.005237750680380737
-0.01911455963362006
-0.011434548267926977
0.008488915602782315
-0.014977587921709216
0.0026029044999730387
-0.01759434196139186
0.0026029044999730387
-0.0042130328950924
-0.011106846018136154
-0.019978318316599707
0.005065608745526627
-0.010093307869907168
-0.01678699993578191
-0.0354837948926883
-0.025062396287008487
-0.0030533857030627417
-0.0008277589273893184
-0.012476300662568121
-0.005163119741960849
-0.019282912138915136
-0.012638361802570006
-0.010295716389281926
-0.0010361653078459726
0.02161251970220495
-0.00527419514705058
-0.006232907269140529
0.003434369058786479
-0.004520260635560393
-0.0015772997395797613
-0.01499260145917918
-0.010674889836862081
-0.010398990511348207
-0.019282912138915136
0.00020957557168132946
-0.0008277589273893184
-0.01597846450532055
0.00020957557168132946
-0.014977587921709216
-0.004098756597908973
-0.0009208442337198722
-0.00031434261598278844
0.0026029044999730387
-0.01159943155485496
0.005065608745526627
0.0026029044999730387
0.006677058169302638
-0.004369529203333894
-0.011146737906798385
-0.0354837948926883
-0.04137749007963391
-0.027193456069562607
-0.0042130328950924
-0.015591420232279385
-0.015591420232279385
-0.010065111438708389
-0.026129679262926715
-0.021163103031349773
-0.001534780096394182
0.03189343806120294
-0.010398990511348207
-0.01122594658605443
-0.020173227928140247
0.0082475432015868
0.0027984705076947664
-0.0095236737328538
-0.03842177024954369
-0.005039517571556667
-0.00811372164899435
-0.008884717544326959
-0.016189634923161347
-0.01122594658605443
-0.01499260145917918
-0.01699339081705121
-0.008356098250604623
-0.00604510657408323
-0.016005080698047385
0.014901418252148186
-0.013514464622341517
-0.005858953555986517
-0.0071788231000318595
-0.011512898211950796
-0.01043437752319725
-0.013514464622341517
-0.005039517571556667
-0.0354837948926883
0.00424593823079016
-0.004505506445626619
-0.018997418037743456
-0.0010361653078459726
-0.012636988456599624
-0.014468455297923764
-0.03842177024954369
-0.01499260145917918
-0.03601826277186199
-0.0008277589273893184
0.009332492744628476
-0.013108765273943388
-0.019282912138915136
-0.011388479971963744
-0.01597846450532055
-0.019282912138915136
-0.035570640726919206
-0.01520464799995582
-0.025062396287008487
-0.014977587921709216
-0.01176401503308285
-0.0010508652292267277
0.009332492744628476
-0.0015772997395797613
-0.0022885863588045893
0.0014094425301160664
0.006027873295698
-0.0022885863588045893
-0.01499260145917918
-0.0016789814980389627
-0.011053898041831097
-0.024338219138255724
-0.009266811189790497
-0.009437081559546322
-0.012054168004387309
-0.0010361653078459726
-0.044200195567615626
-0.0008277589273893184
