0.03332485443365941
-0.0257865716464566
-0.01806007441227163
-0.04080325864796692
-0.0323765130481555
0.02997477682029637
-0.02292193093925999
-0.03326085607520504
-0.00305936846052913
0.032084658005835286
0.02325285610415984
-0.06713089458219336
-0.09573292796731746
0.030073043029565486
0.024657307877037783
-0.04352367668682221
-0.03413206460283813
-0.02292193093925999
-0.017154094298964213
0.01618564830083898
-0.0017269149886666748
-0.049232525933935505
-0.008581389108975268
-0.04312103416776827
-0.026301033674377493
-0.00305936846052913
0.03937163539046523
0.02325285610415984
-0.008226607115748026
-0.02562669436433897
-0.0323765130481555
-0.024609376543695997
0.012419203504137492
0.0011274418847767283
0.027215755572773056
-0.029848878107877605
0.010835911489815706
0.006568680650984244
-0.025055226096144335
0.0038809632045355416
-0.04080325864796692
-0.007680114307224965
0.0342589666928775
-0.04080325864796692
0.026112169130355984
-0.024609376543695997
-0.06713089458219336
-0.06320499334421995
-0.09573292796731746
-0.007680114307224965
-0.029848878107877605
0.02994944512378863
-0.01840402700830448
-0.024609376543695997
-0.0372235920419305
-0.010722495725413755
0.010835911489815706
-0.020596638001502736
-0.06713089458219336
0.0038809632045355416
-0.07267101212934843
0.005979983448599911
0.02325285610415984
-0.01840402700830448
0.06549438689996277
0.027215755572773056
-0.0323765130481555
0.02325285610415984
-0.026301033674377493
-0.04312103416776827
-0.0323765130481555
0.011132391209292911
0.032084658005835286
-0.07515695634460574
0.06569385977387174
-0.014139540731229099
0.02997477682029637
-0.008808521269611612
0.03332485443365941
0.0011274418847767283
0.0038809632045355416
0.026112169130355984
-0.02413440980606001
-0.03413206460283813
-0.049232525933935505
0.07566406900608776
-0.008808521269611612
-0.01690525342357413
0.02905529700966533
-0.03499226911086334
-0.024609376543695997
-0.04080325864796692
-0.026301033674377493
0.041993689622964174
-0.02413440980606001
-0.02562669436433897
-0.04352367668682221
-0.049232525933935505
0.00833021344991
-0.017154094298964213
0.02994944512378863
-0.049232525933935505
-0.04352367668682221
-0.008581389108975268
-0.01631618539720034
-0.037839243586496395
-0.06320499334421995
-0.0257865716464566
0.024346942842071454
-0.049232525933935505
-0.01840402700830448
0.041993689622964174
0.06569385977387174
-0.020596638001502736
-0.02466345594452227
-0.007680114307224965
0.006568680650984244
-0.06320499334421995
0.00833021344991
-0.06105004631967847
-0.06713089458219336
0.052649202828798154
-0.02562669436433897
0.027215755572773056
0.03332485443365941
-0.06713089458219336
-0.04352367668682221
-0.06349566389939543
0.011132391209292911
0.00833021344991
0.07266150156040879
0.06569385977387174
-0.03499226911086334
-0.0017269149886666748
-0.008581389108975268
0.010835911489815706
-0.04080325864796692
-0.07267101212934843
-0.024609376543695997
-0.06349566389939543
-0.03499226911086334
-0.026301033674377493
-0.00305936846052913
-0.026301033674377493
-0.01806007441227163
-0.01806007441227163
0.032084658005835286
-0.02562669436433897
-0.008226607115748026
0.026112169130355984
-0.07267101212934843
-0.026301033674377493
0.09463486987569522
-0.0323765130481555
-0.06320499334421995
0.022514408737378092
-0.02562669436433897
-0.04080325864796692
0.06549438689996277
0.006568680650984244
0.010835911489815706
-0.02292193093925999
-0.01840402700830448
0.005979983448599911
-0.010722495725413755
0.07566406900608776
-0.009056734994291759
-0.029848878107877605
0.0011274418847767283
0.07566406900608776
-0.03535523261912597
-0.020596638001502736
-0.07515695634460574
-0.049232525933935505
-0.029848878107877605
0.07566406900608776
-0.04352367668682221
-0.04146115009532997
0.0011274418847767283
-0.02331420359018374
0.026112169130355984
-0.020596638001502736
-0.07267101212934843
-0.09573292796731746
0.010835911489815706
-0.04312103416776827
-0.02466345594452227
-0.04080325864796692
0.022514408737378092
0.03937163539046523
0.06569385977387174
-0.01631618539720034
-0.02562669436433897
-0.037839243586496395
0.024657307877037783
0.02325285610415984
0.032084658005835286
0.011132391209292911
-0.029848878107877605
0.026112169130355984
-0.0022158483441636003
-0.050597213191230846
0.06549438689996277
-0.024609376543695997
-0.06320499334421995
-0.026301033674377493
0.02994944512378863
-0.050597213191230846
-0.07515695634460574
0.024346942842071454
-0.009056734994291759
0.022514408737378092
-0.03499226911086334
-0.06105004631967847
-0.07515695634460574
-0.00305936846052913
-0.037839243586496395
-0.01690525342357413
0.02997477682029637
0.02994944512378863
0.030073043029565486
-0.06349566389939543
0.0342589666928775
0.00833021344991
0.06569385977387174
0.024526959302715604
-0.06320499334421995
-0.01840402700830448
-0.049232525933935505
0.011132391209292911
-0.0017269149886666748
0.011132391209292911
-0.07515695634460574
-0.06349566389939543
-0.07267101212934843
-0.02413440980606001
-0.02331420359018374
0.09463486987569522
0.024346942842071454
-0.020596638001502736
-0.0323765130481555
-0.03413206460283813
0.09463486987569522
-0.029848878107877605
-0.014139540731229099
-0.03413206460283813
0.024526959302715604
0.052649202828798154
-0.008226607115748026
-0.01840402700830448
-0.06105004631967847
0.006568680650984244
-0.02413440980606001
-0.04146115009532997
-0.00305936846052913
0.032084658005835286
-0.029848878107877605
-0.008226607115748026
-0.01631618539720034
-0.010722495725413755
-0.017154094298964213
-0.01806007441227163
-0.037839243586496395
0.07566406900608776
0.00833021344991
-0.06349566389939543
-0.06713089458219336
0.0011274418847767283
-0.03535523261912597
-0.06349566389939543
-0.0257865716464566
0.03332485443365941
0.00833021344991
-0.06349566389939543
0.07266150156040879
-0.04352367668682221
-0.06713089458219336
0.0038809632045355416
-0.09573292796731746
0.03332485443365941
-0.03499226911086334
-0.007680114307224965
-0.026301033674377493
-0.024609376543695997
0.022514408737378092
-0.03499226911086334
0.02905529700966533
-0.06105004631967847
0.022514408737378092
-0.02292193093925999
0.0342589666928775
-0.03413206460283813
0.022514408737378092
-0.025055226096144335
0.030073043029565486
-0.02466345594452227
-0.07267101212934843
-0.007680114307224965
0.0011274418847767283
-0.026301033674377493
0.00833021344991
-0.0372235920419305
-0.02466345594452227
0.024526959302715604
-0.0372235920419305
-0.04080325864796692
0.0038809632045355416
0.032084658005835286
0.0038809632045355416
0.02905529700966533
0.00833021344991
0.006568680650984244
0.02994944512378863
-0.049232525933935505
-0.017154094298964213
-0.0017269149886666748
0.010835911489815706
-0.025055226096144335
-0.0372235920419305
-0.07515695634460574
0.041993689622964174
0.018507154202416807
-0.008581389108975268
-0.037839243586496395
-0.06105004631967847
0.024526959302715604
0.027215755572773056
-0.02292193093925999
-0.03499226911086334
0.010835911489815706
-0.009056734994291759
-0.049232525933935505
-0.0017269149886666748
-0.00305936846052913
-0.007680114307224965
-0.03413206460283813
0.03332485443365941
0.027215755572773056
-0.0017269149886666748
0.03332485443365941
-0.007680114307224965
-0.01806007441227163
0.005979983448599911
-0.029848878107877605
-0.02413440980606001
-0.02562669436433897
-0.037839243586496395
-0.01806007441227163
0.011132391209292911
0.07566406900608776
-0.01840402700830448
-0.03326085607520504
0.0342589666928775
-0.009056734994291759
-0.049232525933935505
-0.06320499334421995
-0.02562669436433897
-0.07515695634460574
-0.06105004631967847
-0.0022158483441636003
-0.03499226911086334
-0.008808521269611612
-0.06105004631967847
-0.008226607115748026
0.06549438689996277
0.052649202828798154
-0.037839243586496395
0.011132391209292911
0.011132391209292911
0.06549438689996277
0.024657307877037783
-0.009056734994291759
-0.04080325864796692
0.018507154202416807
-0.02466345594452227
0.02905529700966533
0.041993689622964174
-0.00305936846052913
-0.008226607115748026
-0.024609376543695997
0.02994944512378863
-0.06320499334421995
-0.04146115009532997
-0.02466345594452227
-0.01631618539720034
-0.02466345594452227
0.09463486987569522
-0.007680114307224965
0.02325285610415984
0.011132391209292911
-0.0372235920419305
0.07266150156040879
0.010835911489815706
0.026112169130355984
-0.008226607115748026
-0.0022158483441636003
-0.0257865716464566
0.024526959302715604
-0.010722495725413755
-0.02292193093925999
-0.04146115009532997
-0.037839243586496395
-0.06105004631967847
0.030073043029565486
0.02905529700966533
-0.04312103416776827
-0.03326085607520504
-0.008226607115748026
-0.04352367668682221
-0.008226607115748026
-0.02466345594452227
0.010835911489815706
-0.06105004631967847
-0.026301033674377493
-0.025055226096144335
0.02905529700966533
-0.02562669436433897
0.006568680650984244
0.00833021344991
0.03937163539046523
-0.01806007441227163
-0.014139540731229099
-0.07267101212934843
0.02997477682029637
-0.04146115009532997
0.02997477682029637
-0.0372235920419305
-0.03535523261912597
0.07566406900608776
0.041993689622964174
-0.04146115009532997
-0.03499226911086334
0.0011274418847767283
-0.014139540731229099
0.032084658005835286
-0.04146115009532997
-0.008808521269611612
-0.026301033674377493
-0.04312103416776827
0.026112169130355984
-0.01690525342357413
-0.01631618539720034
0.012419203504137492
0.026112169130355984
0.0342589666928775
-0.02413440980606001
-0.020596638001502736
0.032084658005835286
-0.010722495725413755
0.024526959302715604
-0.008581389108975268
-0.024609376543695997
0.02325285610415984
-0.03326085607520504
-0.0323765130481555
-0.06349566389939543
0.052649202828798154
0.02905529700966533
-0.008226607115748026
0.07266150156040879
-0.04312103416776827
0.026112169130355984
-0.03326085607520504
0.0011274418847767283
-0.049232525933935505
0.006568680650984244
-0.01806007441227163
0.06569385977387174
-0.050597213191230846
0.07266150156040879
0.06569385977387174
-0.04080325864796692
0.07266150156040879
-0.010722495725413755
0.02905529700966533
0.024526959302715604
-0.014139540731229099
0.027215755572773056
0.02905529700966533
0.02994944512378863
-0.008808521269611612
-0.00305936846052913
-0.02562669436433897
0.024526959302715604
-0.0257865716464566
0.010835911489815706
0.011132391209292911
-0.050597213191230846
-0.03535523261912597
-0.06320499334421995
-0.06349566389939543
-0.03326085607520504
-0.04312103416776827
0.012419203504137492
0.012419203504137492
-0.03499226911086334
-0.026301033674377493
0.010835911489815706
-0.0372235920419305
0.032084658005835286
-0.02413440980606001
0.09463486987569522
0.018507154202416807
-0.0323765130481555
-0.037839243586496395
-0.008226607115748026
0.06549438689996277
0.06549438689996277
0.02994944512378863
-0.010722495725413755
-0.04352367668682221
-0.008226607115748026
-0.008226607115748026
0.06549438689996277
-0.020596638001502736
0.0038809632045355416
0.041993689622964174
0.0011274418847767283
0.0038809632045355416
0.03332485443365941
0.018507154202416807
0.00833021344991
-0.02331420359018374
0.012419203504137492
0.02325285610415984
0.010835911489815706
-0.01840402700830448
-0.01631618539720034
0.09463486987569522
-0.049232525933935505
-0.017154094298964213
0.07566406900608776
-0.03535523261912597
-0.09573292796731746
-0.008581389108975268
0.012419203504137492
-0.03326085607520504
0.012419203504137492
-0.03413206460283813
-0.029848878107877605
0.011132391209292911
0.06549438689996277
-0.04080325864796692
-0.014139540731229099
-0.008808521269611612
0.00833021344991
0.022514408737378092
0.02905529700966533
0.018507154202416807
-0.008226607115748026
0.032084658005835286
-0.0022158483441636003
-0.020596638001502736
-0.025055226096144335
-0.026301033674377493
-0.04080325864796692
-0.04080325864796692
0.02905529700966533
-0.09573292796731746
0.012419203504137492
-0.01806007441227163
-0.02331420359018374
-0.09573292796731746
-0.008581389108975268
0.07566406900608776
0.012419203504137492
0.00833021344991
0.024526959302715604
-0.026301033674377493
0.02905529700966533
0.012419203504137492
-0.07267101212934843
0.012419203504137492
-0.014139540731229099
0.06569385977387174
-0.0257865716464566
-0.010722495725413755
0.052649202828798154
-0.007680114307224965
-0.024609376543695997
-0.0017269149886666748
0.030073043029565486
-0.07267101212934843
-0.0323765130481555
0.012419203504137492
-0.04080325864796692
-0.09573292796731746
-0.0022158483441636003
0.00833021344991
-0.0017269149886666748
-0.06713089458219336
0.02994944512378863
-0.02466345594452227
0.012419203504137492
-0.03413206460283813
0.012419203504137492
0.0342589666928775
0.052649202828798154
-0.014139540731229099
0.052649202828798154
-0.014139540731229099
-0.03499226911086334
-0.03499226911086334
0.005979983448599911
0.07266150156040879
-0.00305936846052913
-0.02331420359018374
-0.02292193093925999
-0.008808521269611612
-0.008581389108975268
0.024346942842071454
-0.04312103416776827
0.030073043029565486
0.024346942842071454
-0.0022158483441636003
-0.04080325864796692
-0.06105004631967847
-0.029848878107877605
-0.037839243586496395
-0.01840402700830448
0.09463486987569522
-0.01806007441227163
0.030073043029565486
0.052649202828798154
-0.009056734994291759
0.07566406900608776
-0.04312103416776827
-0.0022158483441636003
-0.0022158483441636003
-0.0017269149886666748
0.032084658005835286
-0.01690525342357413
0.07566406900608776
-0.06713089458219336
-0.02466345594452227
0.02325285610415984
-0.007680114307224965
-0.049232525933935505
0.032084658005835286
-0.09573292796731746
0.005979983448599911
0.005979983448599911
-0.0022158483441636003
0.024657307877037783
-0.02331420359018374
0.02905529700966533
0.0011274418847767283
-0.0017269149886666748
0.02994944512378863
0.0038809632045355416
0.0038809632045355416
0.07566406900608776
-0.050597213191230846
-0.07515695634460574
-0.01631618539720034
-0.03535523261912597
-0.049232525933935505
0.06549438689996277
0.030073043029565486
0.011132391209292911
-0.04312103416776827
0.006568680650984244
0.0342589666928775
0.07266150156040879
0.06549438689996277
0.09463486987569522
0.0342589666928775
-0.02292193093925999
-0.017154094298964213
0.005979983448599911
-0.050597213191230846
-0.01690525342357413
-0.0372235920419305
-0.037839243586496395
-0.008581389108975268
-0.03535523261912597
0.00833021344991
0.02905529700966533
0.026112169130355984
0.024657307877037783
-0.07515695634460574
0.06569385977387174
-0.026301033674377493
-0.04080325864796692
-0.07267101212934843
0.030073043029565486
-0.03535523261912597
0.07266150156040879
0.09463486987569522
0.010835911489815706
-0.0022158483441636003
-0.03535523261912597
-0.037839243586496395
-0.03535523261912597
0.00833021344991
-0.07267101212934843
0.02905529700966533
-0.01806007441227163
0.032084658005835286
0.0011274418847767283
0.03937163539046523
0.011132391209292911
-0.02292193093925999
0.024526959302715604
-0.01690525342357413
-0.04080325864796692
-0.010722495725413755
-0.0323765130481555
0.02997477682029637
0.02905529700966533
-0.0017269149886666748
0.0342589666928775
-0.06713089458219336
-0.014139540731229099
-0.00305936846052913
-0.010722495725413755
-0.026301033674377493
-0.06105004631967847
-0.02292193093925999
0.024657307877037783
0.07266150156040879
-0.02562669436433897
-0.02331420359018374
0.024526959302715604
-0.01631618539720034
0.03937163539046523
-0.009056734994291759
-0.008581389108975268
-0.02466345594452227
0.07566406900608776
0.0011274418847767283
-0.04352367668682221
0.024526959302715604
-0.020596638001502736
-0.0372235920419305
-0.02562669436433897
0.0038809632045355416
0.07566406900608776
0.041993689622964174
-0.009056734994291759
-0.0372235920419305
-0.06105004631967847
-0.01840402700830448
-0.04352367668682221
-0.04352367668682221
0.026112169130355984
-0.03326085607520504
0.06549438689996277
0.005979983448599911
-0.020596638001502736
0.01618564830083898
0.02905529700966533
-0.04080325864796692
0.06569385977387174
-0.01806007441227163
0.02905529700966533
-0.01690525342357413
0.00833021344991
-0.03499226911086334
-0.04080325864796692
-0.01690525342357413
0.02997477682029637
0.09463486987569522
0.027215755572773056
0.006568680650984244
0.02905529700966533
0.02905529700966533
0.03937163539046523
-0.06713089458219336
0.03332485443365941
-0.014139540731229099
0.030073043029565486
0.02325285610415984
0.052649202828798154
0.018507154202416807
-0.07515695634460574
-0.03326085607520504
-0.02466345594452227
0.026112169130355984
0.027215755572773056
-0.02331420359018374
0.0038809632045355416
0.010835911489815706
-0.06105004631967847
0.030073043029565486
0.052649202828798154
-0.04352367668682221
-0.037839243586496395
-0.02292193093925999
-0.0017269149886666748
-0.06713089458219336
-0.07515695634460574
0.02994944512378863
-0.02331420359018374
-0.01631618539720034
-0.04352367668682221
0.032084658005835286
-0.024609376543695997
-0.01840402700830448
0.041993689622964174
-0.0022158483441636003
-0.007680114307224965
0.02905529700966533
-0.024609376543695997
0.06569385977387174
-0.017154094298964213
0.018507154202416807
0.02905529700966533
-0.03535523261912597
-0.020596638001502736
-0.03326085607520504
-0.014139540731229099
-0.008808521269611612
-0.06105004631967847
0.02997477682029637
-0.07515695634460574
-0.049232525933935505
0.00833021344991
0.005979983448599911
0.06549438689996277
-0.017154094298964213
0.006568680650984244
0.024526959302715604
0.07266150156040879
-0.01690525342357413
0.0011274418847767283
-0.04080325864796692
-0.04312103416776827
0.024526959302715604
-0.020596638001502736
0.026112169130355984
-0.026301033674377493
-0.0022158483441636003
-0.037839243586496395
-0.03326085607520504
-0.02331420359018374
0.02997477682029637
-0.007680114307224965
0.032084658005835286
0.06569385977387174
0.03332485443365941
-0.02292193093925999
0.027215755572773056
-0.014139540731229099
-0.025055226096144335
0.022514408737378092
-0.008808521269611612
-0.0022158483441636003
0.005979983448599911
-0.09573292796731746
-0.01690525342357413
-0.029848878107877605
-0.01690525342357413
-0.02331420359018374
-0.0372235920419305
-0.008226607115748026
-0.0017269149886666748
0.02994944512378863
-0.008581389108975268
-0.00305936846052913
-0.03499226911086334
-0.0372235920419305
-0.06349566389939543
0.02994944512378863
0.032084658005835286
0.052649202828798154
0.052649202828798154
0.032084658005835286
-0.03413206460283813
-0.02331420359018374
-0.009056734994291759
-0.01690525342357413
-0.06320499334421995
-0.03326085607520504
-0.029848878107877605
-0.06320499334421995
-0.01806007441227163
-0.0323765130481555
0.022514408737378092
0.030073043029565486
-0.049232525933935505
-0.008226607115748026
0.03332485443365941
0.018507154202416807
0.032084658005835286
0.024657307877037783
-0.0017269149886666748
0.02994944512378863
0.01618564830083898
0.09463486987569522
-0.06349566389939543
-0.03499226911086334
0.018507154202416807
-0.01690525342357413
-0.03326085607520504
-0.0022158483441636003
0.032084658005835286
0.02905529700966533
-0.020596638001502736
-0.0372235920419305
0.0038809632045355416
0.02997477682029637
-0.0257865716464566
-0.06713089458219336
-0.008226607115748026
-0.04080325864796692
0.03937163539046523
-0.03535523261912597
-0.029848878107877605
-0.04146115009532997
-0.04312103416776827
0.041993689622964174
-0.008226607115748026
-0.02466345594452227
0.03937163539046523
-0.017154094298964213
-0.014139540731229099
-0.010722495725413755
-0.03535523261912597
-0.008581389108975268
0.06569385977387174
-0.03413206460283813
0.01618564830083898
0.03937163539046523
-0.024609376543695997
0.02905529700966533
-0.01840402700830448
-0.0017269149886666748
0.006568680650984244
-0.008226607115748026
-0.09573292796731746
-0.009056734994291759
-0.024609376543695997
-0.037839243586496395
-0.06320499334421995
-0.010722495725413755
0.026112169130355984
-0.010722495725413755
0.01618564830083898
-0.0372235920419305
0.02997477682029637
0.02994944512378863
-0.026301033674377493
-0.06349566389939543
-0.0022158483441636003
-0.025055226096144335
-0.02292193093925999
0.0342589666928775
0.02905529700966533
-0.04080325864796692
-0.024609376543695997
0.0011274418847767283
0.030073043029565486
0.010835911489815706
-0.008226607115748026
-0.03535523261912597
-0.008581389108975268
0.02997477682029637
-0.02292193093925999
-0.00305936846052913
-0.07267101212934843
0.024346942842071454
-0.07267101212934843
-0.0372235920419305
-0.02292193093925999
0.01618564830083898
0.03937163539046523
-0.02292193093925999
0.02997477682029637
-0.0017269149886666748
-0.06320499334421995
-0.009056734994291759
0.022514408737378092
-0.00305936846052913
0.024526959302715604
0.018507154202416807
-0.03535523261912597
-0.0022158483441636003
-0.01806007441227163
-0.04312103416776827
-0.026301033674377493
-0.09573292796731746
0.0038809632045355416
0.010835911489815706
0.0011274418847767283
0.010835911489815706
0.06569385977387174
-0.007680114307224965
-0.04352367668682221
-0.049232525933935505
0.00833021344991
-0.007680114307224965
-0.02331420359018374
-0.04080325864796692
0.0038809632045355416
0.024346942842071454
-0.007680114307224965
-0.06105004631967847
0.032084658005835286
-0.029848878107877605
