0.05032767978640317
0.07420052041688355
-0.02649397360429774
-0.02190360161331316
-0.03230876713652385
-0.02072095243874899
-0.02988042568595229
-0.040272702248024414
-0.1276212794424858
0.015770181413054207
0.01760296056325723
-0.0460872405676034
-0.010627865142278939
0.016207314880116827
-0.012670654058824511
-0.0653359644335778
-0.03936935041694806
-0.002480369280073891
-0.02100709065335725
-0.042263137792497574
-0.044455679086291645
-0.021647328227315004
-0.0017236778552031818
-0.11924318760200807
-0.01386968892279431
0.011024308917186502
-0.007346969013715987
-0.0256980664850707
0.01760296056325723
0.01615896230046545
-0.017286090454634542
-0.01574135759258171
0.012398591460179803
-0.10740108291119357
-0.011021929505218233
0.0196220186948692
-0.038035458559461756
-0.10740108291119357
-0.013319706700301666
-0.021647328227315004
-0.054560818827141956
0.09897501471797593
-8.16889243029317e-05
-0.1088692984764015
-0.08706938257867326
-0.0023259930398617634
0.01944974226973242
-8.16889243029317e-05
-0.044455679086291645
-0.009964027244858545
-0.02190360161331316
0.01615896230046545
0.056152492876957956
-0.018641459634521646
-0.09869714678467428
-0.01386968892279431
-0.02438616261108901
0.04290181701384085
-0.017286090454634542
0.0008496203489474099
-0.05436000765993946
0.03101061939590356
0.0004206575619324032
-0.03841163115023539
-0.018220672024782943
0.014596844630396623
0.03101061939590356
0.010477299854703751
-0.023456720239773774
-0.010938628455760695
0.014596844630396623
-0.031416919127298125
-0.021647328227315004
-0.006403427623355038
-0.06333956871906626
-0.10740108291119357
0.032727676440872835
-0.02100709065335725
0.007909283991437508
-0.006403427623355038
0.012398591460179803
-0.001339367414079604
-0.046096449746647075
-0.1088692984764015
0.01676390189783583
-0.040272702248024414
-0.0020066343275226767
-0.021647328227315004
0.0008496203489474099
-0.04425509070209153
-0.012670654058824511
-0.0460872405676034
-0.004506374867081404
-0.02177971438636349
0.03562260293500305
-0.039267583589599725
-0.10740108291119357
-0.03936935041694806
-0.042263137792497574
-0.03230876713652385
-0.05436000765993946
-0.040272702248024414
-0.04486959874395878
0.0008496203489474099
0.00443836149803692
-0.0460257287523074
0.006590684337151989
-0.04671073437508992
-0.03368842653342171
0.007909283991437508
-0.015206368890913268
-0.05577375710291646
0.012398591460179803
-0.044455679086291645
-0.031416919127298125
-0.03841163115023539
-0.03676986569248418
-0.07820268999551423
-0.0653359644335778
-0.1478190826737254
0.03101061939590356
-0.0256980664850707
-0.0447626790224418
-0.02649397360429774
-0.01368407435820098
-0.042622708420994755
-0.02072095243874899
-0.039267583589599725
-0.02649397360429774
-0.12705569578539438
0.019406039661672612
-0.0447626790224418
0.0004206575619324032
-0.01574135759258171
-0.0017236778552031818
-0.0256980664850707
-0.0850665128503009
-0.023434042335021502
-0.01386968892279431
-0.0850665128503009
-0.03908241489754487
-0.09869714678467428
0.04290181701384085
-0.012670654058824511
-0.09869714678467428
-0.0447626790224418
-0.01368407435820098
-0.010938628455760695
-0.010627865142278939
0.01676390189783583
-0.05436000765993946
-0.04486959874395878
-0.02072095243874899
0.039949708062959645
0.008953511188365706
-0.03065576710844373
-0.07032472877368205
-0.024994796277357186
-0.03936935041694806
-0.047432745406592036
0.01944974226973242
-0.06333956871906626
-0.04671073437508992
-0.1088692984764015
-0.042622708420994755
-0.0838896468702483
-0.018220672024782943
-0.08684432837035622
-0.06333956871906626
-0.05577375710291646
-0.02177971438636349
-0.046096449746647075
-0.08706938257867326
0.0004206575619324032
-0.1478190826737254
0.03562260293500305
0.009684821876220181
-0.03841163115023539
-0.08706938257867326
-0.018641459634521646
-0.0023259930398617634
-0.0460872405676034
0.03101061939590356
0.007909283991437508
-0.047432745406592036
0.008953511188365706
-0.12705569578539438
0.00443836149803692
0.007909283991437508
0.00443836149803692
-0.04425509070209153
-0.023434042335021502
-0.012670654058824511
-0.040272702248024414
-0.01899790235020485
0.032727676440872835
-0.11598917811419865
-0.06000682101398508
0.08213890665269954
-0.054560818827141956
0.00443836149803692
-0.04486959874395878
-0.03230876713652385
-0.02100709065335725
-0.08706938257867326
0.08935151824558221
-0.054560818827141956
0.014312143256016497
-0.013792561923071498
0.08935151824558221
-0.05436000765993946
-0.02988042568595229
-0.031416919127298125
-0.04671073437508992
0.016207314880116827
-0.01386968892279431
-0.1088692984764015
0.014596844630396623
-0.0256980664850707
-0.03936935041694806
0.01760296056325723
-0.007346969013715987
0.04290181701384085
-0.040272702248024414
0.08935151824558221
-0.010938628455760695
-0.038035458559461756
-0.08134702005866815
-0.013792561923071498
0.010477299854703751
-0.046096449746647075
-0.01899790235020485
-0.11924318760200807
-0.02072095243874899
-0.04671073437508992
-0.017286090454634542
-0.042263137792497574
-0.011240226058151575
-0.12705569578539438
0.012398591460179803
-0.012465899661622613
0.020387254550665465
0.056152492876957956
-0.08209660922174332
-0.0850665128503009
0.01760296056325723
-0.018220672024782943
0.09897501471797593
-0.009964027244858545
0.01676390189783583
0.04290181701384085
-0.08684432837035622
0.015770181413054207
-0.006403427623355038
-0.09869714678467428
0.056152492876957956
-0.08209660922174332
-0.010938628455760695
0.01760296056325723
0.00443836149803692
-0.044455679086291645
-0.05436000765993946
-0.042263137792497574
-0.07820268999551423
0.00443836149803692
0.020387254550665465
-0.06333956871906626
-0.001339367414079604
-0.06518360556143137
-0.011240226058151575
-0.03676986569248418
0.0004206575619324032
-0.03676986569248418
-0.010938628455760695
-0.03046397678923181
-0.02649397360429774
0.0058192093247341195
0.011024308917186502
-0.02649397360429774
-0.03368842653342171
-0.08134702005866815
-0.054560818827141956
-0.038035458559461756
-0.012670654058824511
-0.06333956871906626
-0.013792561923071498
-0.011021929505218233
0.018243483056687288
-0.0838896468702483
-0.054560818827141956
-0.05577375710291646
-0.054560818827141956
-0.0017236778552031818
0.09897501471797593
-0.046096449746647075
-0.05732922063376795
-0.01368407435820098
-0.042263137792497574
-0.03676986569248418
-0.02072095243874899
0.08935151824558221
-0.04219141969235934
-0.06333956871906626
0.014312143256016497
-0.004506374867081404
-8.16889243029317e-05
-0.09086914507936704
-0.0020066343275226767
-0.04425509070209153
-0.0838896468702483
-0.039267583589599725
0.08213890665269954
-0.04671073437508992
-0.06333956871906626
0.01615896230046545
-0.021647328227315004
-0.047432745406592036
0.06471246269071013
-0.01368407435820098
-0.021647328227315004
0.03101061939590356
0.019406039661672612
-0.006403427623355038
-0.1088692984764015
-0.08706938257867326
-0.015206368890913268
-0.023456720239773774
-0.01574135759258171
0.014596844630396623
-0.013792561923071498
0.07420052041688355
-0.0838896468702483
0.08935151824558221
-0.11924318760200807
-0.038035458559461756
0.018243483056687288
0.03562260293500305
-0.031416919127298125
-0.0838896468702483
-0.06932859095067008
-0.10740108291119357
-0.06000682101398508
-0.02100709065335725
-0.0460257287523074
0.006590684337151989
0.019406039661672612
-0.05577375710291646
-0.02649397360429774
-0.04277508721131816
-0.042622708420994755
-0.1276212794424858
-0.04671073437508992
-0.023434042335021502
0.015770181413054207
0.008953511188365706
-0.031416919127298125
-0.05436000765993946
-0.004506374867081404
-0.01574135759258171
-0.017286090454634542
-0.05732922063376795
-0.010627865142278939
-0.03729526454975508
0.032727676440872835
-0.05016654153997439
-0.0020066343275226767
-0.01899790235020485
-0.02072095243874899
0.01944974226973242
-0.06333956871906626
-0.1276212794424858
-0.03729526454975508
-0.03230876713652385
-0.03796327617329642
-0.1088692984764015
0.01676390189783583
0.05032767978640317
-0.039267583589599725
-0.04219141969235934
-0.04219141969235934
-0.004506374867081404
0.016207314880116827
-0.03841163115023539
0.011024308917186502
-0.011208487286312237
0.056152492876957956
-0.0256980664850707
-0.06932859095067008
-0.044455679086291645
-0.040272702248024414
0.014312143256016497
-0.013319706700301666
-0.046096449746647075
-0.09869714678467428
-0.010627865142278939
0.0008225664474025482
-0.01574135759258171
-0.011021929505218233
-0.06000682101398508
0.00443836149803692
-0.0460257287523074
-0.05436000765993946
-0.04277508721131816
0.03101061939590356
-0.03936935041694806
0.0008496203489474099
0.08935151824558221
-0.0020066343275226767
-0.02072095243874899
-0.1478190826737254
-0.040272702248024414
-0.08134702005866815
-0.05016654153997439
-0.011240226058151575
0.06471246269071013
-0.001339367414079604
-0.02072095243874899
-0.11924318760200807
-0.004506374867081404
-0.06333956871906626
0.06471246269071013
-0.001339367414079604
-0.0850665128503009
0.014596844630396623
-0.02649397360429774
-0.038035458559461756
0.03562260293500305
-0.02190360161331316
-0.03841163115023539
0.05114890173027381
-0.021647328227315004
-0.08706938257867326
0.039949708062959645
-0.04277508721131816
0.008953511188365706
0.006590684337151989
-0.024994796277357186
-0.012465899661622613
-0.010627865142278939
-0.02072095243874899
-0.013319706700301666
-0.04277508721131816
-0.0460872405676034
-0.01574135759258171
-0.04277508721131816
-0.07032472877368205
-0.0460872405676034
-0.09086914507936704
-0.08684432837035622
-0.03676986569248418
-0.046096449746647075
-0.0850665128503009
-0.001339367414079604
-0.03368842653342171
-0.011208487286312237
-0.01386968892279431
-0.04671073437508992
-0.012465899661622613
-0.08134702005866815
-0.06333956871906626
-0.02438616261108901
-0.07820268999551423
-0.042622708420994755
0.0680689458095117
0.00443836149803692
-0.02100709065335725
-0.010938628455760695
-8.16889243029317e-05
-0.012465899661622613
-0.031961742554506754
-0.0850665128503009
-0.017286090454634542
-0.11924318760200807
-0.012670654058824511
-0.039267583589599725
-0.010938628455760695
-0.1478190826737254
-0.01386968892279431
0.03101061939590356
0.016207314880116827
-0.042622708420994755
-0.04277508721131816
-0.04277508721131816
-0.011208487286312237
0.05032767978640317
0.01676390189783583
0.0680689458095117
0.01944974226973242
0.04290181701384085
0.0058192093247341195
-0.04486959874395878
-0.11924318760200807
0.008953511188365706
-0.07820268999551423
-0.08706938257867326
-0.03796327617329642
0.04290181701384085
-0.0023259930398617634
-0.042622708420994755
-0.013319706700301666
-0.0256980664850707
-0.054560818827141956
-0.04277508721131816
-0.07032472877368205
0.0680689458095117
-0.04277508721131816
-0.04671073437508992
0.01944974226973242
-0.06518360556143137
-0.011208487286312237
0.020387254550665465
0.020387254550665465
-0.04219141969235934
-0.018220672024782943
-0.03796327617329642
-0.021647328227315004
-0.017286090454634542
0.08213890665269954
0.01932559244966109
0.018243483056687288
-0.021647328227315004
-0.07820268999551423
-0.03368842653342171
-0.011240226058151575
-0.042263137792497574
0.019406039661672612
-0.03908241489754487
-0.024994796277357186
0.019406039661672612
0.08213890665269954
0.01944974226973242
-0.08209660922174332
-0.0020066343275226767
0.032727676440872835
-0.1478190826737254
-0.07820268999551423
0.04290181701384085
-0.031416919127298125
0.0022851728334879976
-0.02177971438636349
-0.0023259930398617634
-0.05732922063376795
-0.042622708420994755
0.01760296056325723
-0.031416919127298125
-0.013410534704313025
-0.10740108291119357
-0.013410534704313025
-0.07820268999551423
-0.040272702248024414
0.039949708062959645
-0.09086914507936704
-0.06000682101398508
0.03562260293500305
0.04290181701384085
-0.02988042568595229
-0.040272702248024414
-0.02177971438636349
0.0008225664474025482
0.009684821876220181
0.01760296056325723
0.08213890665269954
-0.09869714678467428
0.018243483056687288
-0.1088692984764015
-0.023434042335021502
-0.11924318760200807
-0.047432745406592036
-0.013410534704313025
0.056152492876957956
0.0008225664474025482
0.0680689458095117
0.08935151824558221
-0.047432745406592036
-0.017286090454634542
0.009684821876220181
-0.01386968892279431
-0.010627865142278939
-0.03841163115023539
0.016207314880116827
-0.010938628455760695
0.01676390189783583
0.05032767978640317
0.03101061939590356
-0.04486959874395878
-0.024994796277357186
-0.03841163115023539
0.009684821876220181
-0.011240226058151575
-0.08706938257867326
-0.04486959874395878
0.016207314880116827
0.03562260293500305
-0.04671073437508992
-0.02072095243874899
-0.09869714678467428
-0.04425509070209153
0.008953511188365706
-0.03936935041694806
0.00443836149803692
0.014312143256016497
-0.03936935041694806
0.0022851728334879976
-0.03368842653342171
-0.042622708420994755
-0.002480369280073891
-0.09086914507936704
-0.05016654153997439
0.07420052041688355
0.016207314880116827
-0.047432745406592036
0.011024308917186502
-0.013319706700301666
-0.004506374867081404
-0.02100709065335725
-0.04425509070209153
-0.03046397678923181
-0.04219141969235934
-0.006403427623355038
-0.05436000765993946
-0.01368407435820098
-0.015206368890913268
0.0680689458095117
-0.017286090454634542
-0.03936935041694806
0.03562260293500305
-0.042263137792497574
0.01615896230046545
0.019406039661672612
-0.11924318760200807
-0.03065576710844373
-0.044455679086291645
-0.02988042568595229
-0.038035458559461756
-0.08209660922174332
-0.12705569578539438
-0.01899790235020485
0.056152492876957956
-0.010938628455760695
0.01615896230046545
-0.1276212794424858
-0.02649397360429774
-0.03065576710844373
-0.018620545772260976
0.016207314880116827
0.05032767978640317
0.008953511188365706
-0.023456720239773774
0.016207314880116827
-0.08706938257867326
0.020387254550665465
0.00443836149803692
0.07420052041688355
-0.024994796277357186
-0.1088692984764015
0.016207314880116827
-0.0023259930398617634
-0.02190360161331316
-0.02649397360429774
-0.011208487286312237
-0.02072095243874899
0.01676390189783583
-0.05732922063376795
-0.06518360556143137
-0.08134702005866815
-0.0447626790224418
-0.009964027244858545
0.039949708062959645
0.0008496203489474099
-0.012670654058824511
-0.06518360556143137
-0.011240226058151575
-0.03796327617329642
-0.04425509070209153
0.04290181701384085
-0.0256980664850707
-0.021647328227315004
-0.05577375710291646
0.008953511188365706
-0.0653359644335778
-0.07820268999551423
0.09897501471797593
-0.007346969013715987
0.05114890173027381
0.016207314880116827
-0.03065576710844373
-0.0017236778552031818
-0.03729526454975508
-0.06932859095067008
0.056152492876957956
-0.05436000765993946
0.01760296056325723
-0.08706938257867326
0.008953511188365706
-0.001339367414079604
-0.007346969013715987
0.014312143256016497
-0.03796327617329642
-0.04219141969235934
-0.013319706700301666
0.0022851728334879976
0.03562260293500305
-0.03065576710844373
-0.1276212794424858
-0.02100709065335725
-0.0850665128503009
0.039949708062959645
0.07420052041688355
0.05032767978640317
-0.02190360161331316
0.010477299854703751
-0.009964027244858545
-0.013792561923071498
0.012398591460179803
0.011024308917186502
-0.013319706700301666
-0.013792561923071498
-0.011208487286312237
0.007909283991437508
-0.03841163115023539
0.014596844630396623
-0.06932859095067008
-0.021647328227315004
-0.03936935041694806
-0.031961742554506754
0.006590684337151989
-0.08684432837035622
0.008953511188365706
0.039949708062959645
-0.03841163115023539
-0.06333956871906626
-0.02438616261108901
-8.16889243029317e-05
0.04290181701384085
-0.0256980664850707
-0.017286090454634542
-0.02649397360429774
0.00443836149803692
0.08935151824558221
0.056152492876957956
-0.018641459634521646
0.056152492876957956
-0.031416919127298125
-0.06518360556143137
0.01944974226973242
-0.02072095243874899
0.039949708062959645
0.010477299854703751
-0.0020066343275226767
-0.011021929505218233
-0.03729526454975508
0.006590684337151989
-0.08684432837035622
-0.02072095243874899
0.019406039661672612
-0.01574135759258171
-0.02438616261108901
-0.05016654153997439
0.08213890665269954
-0.013792561923071498
-0.0020066343275226767
0.032727676440872835
-0.06333956871906626
0.0058192093247341195
-0.02190360161331316
-0.08134702005866815
0.010477299854703751
0.04290181701384085
0.00443836149803692
-0.09086914507936704
-0.0256980664850707
-0.02649397360429774
-0.024994796277357186
-0.013319706700301666
-0.013319706700301666
0.020387254550665465
-0.03796327617329642
0.05114890173027381
0.0022851728334879976
-0.03936935041694806
-0.031416919127298125
0.016207314880116827
0.08935151824558221
0.019406039661672612
0.0196220186948692
-0.06333956871906626
-0.03368842653342171
-0.015206368890913268
-0.03796327617329642
0.009684821876220181
-0.08684432837035622
-0.0838896468702483
-0.0460257287523074
-0.010938628455760695
0.06471246269071013
-0.054560818827141956
-0.015206368890913268
-0.004506374867081404
0.009684821876220181
0.05032767978640317
-0.05436000765993946
-0.015206368890913268
0.008953511188365706
0.016207314880116827
0.04290181701384085
-0.06333956871906626
0.014596844630396623
-0.002480369280073891
-0.011240226058151575
-0.011021929505218233
-0.004506374867081404
-0.0017236778552031818
0.0004206575619324032
0.07420052041688355
0.012398591460179803
0.03101061939590356
-0.03936935041694806
-0.11598917811419865
-0.04425509070209153
-0.040272702248024414
0.016207314880116827
-0.03368842653342171
-0.03230876713652385
0.01676390189783583
-0.06333956871906626
-0.012465899661622613
-0.0850665128503009
0.009684821876220181
0.07420052041688355
0.008953511188365706
-0.018220672024782943
-0.04486959874395878
-0.03841163115023539
-0.04486959874395878
0.010477299854703751
-0.018620545772260976
-0.015206368890913268
-0.040272702248024414
0.07420052041688355
-0.0460872405676034
0.007909283991437508
0.010477299854703751
-0.018220672024782943
-0.0017236778552031818
-0.08134702005866815
0.009684821876220181
0.0058192093247341195
-0.039267583589599725
-0.010627865142278939
-0.0017236778552031818
-0.02100709065335725
-0.031961742554506754
0.0008496203489474099
0.03562260293500305
-0.05436000765993946
-0.046096449746647075
0.0008496203489474099
-0.013319706700301666
-0.021647328227315004
-0.042622708420994755
-0.02438616261108901
-0.0020066343275226767
-0.10740108291119357
0.01615896230046545
-0.010938628455760695
-0.047432745406592036
-0.08706938257867326
-0.03368842653342171
-0.02988042568595229
0.01932559244966109
-0.12705569578539438
-0.013319706700301666
0.006590684337151989
-0.031416919127298125
-0.03841163115023539
-0.08684432837035622
-0.0256980664850707
-0.0850665128503009
-0.011208487286312237
-0.08684432837035622
-0.047432745406592036
-0.03230876713652385
-0.04219141969235934
-0.042622708420994755
-0.010938628455760695
-0.03230876713652385
-0.07820268999551423
0.016207314880116827
-0.0460257287523074
-0.06000682101398508
-0.011021929505218233
0.05114890173027381
0.0004206575619324032
-0.0017236778552031818
-0.044455679086291645
-0.09086914507936704
-0.06000682101398508
-0.002480369280073891
0.007909283991437508
-0.046096449746647075
-0.0838896468702483
0.014312143256016497
-0.03936935041694806
-0.004506374867081404
-0.021647328227315004
-0.04219141969235934
0.012398591460179803
-0.02438616261108901
-0.046096449746647075
0.016207314880116827
0.04290181701384085
-0.11598917811419865
-0.007346969013715987
0.009684821876220181
-0.044455679086291645
-0.001339367414079604
0.08935151824558221
-0.08684432837035622
-0.012465899661622613
-0.0460257287523074
-0.01368407435820098
-0.0256980664850707
0.0058192093247341195
-0.0447626790224418
-0.04425509070209153
-0.03908241489754487
-0.010938628455760695
-0.012465899661622613
-0.1478190826737254
-0.010938628455760695
-0.046096449746647075
0.018243483056687288
-8.16889243029317e-05
0.0058192093247341195
-0.06518360556143137
-0.038035458559461756
-0.012670654058824511
0.008953511188365706
0.08213890665269954
-0.023456720239773774
0.015770181413054207
0.01615896230046545
0.011024308917186502
-0.03729526454975508
0.0004206575619324032
-0.06333956871906626
-0.0020066343275226767
-0.0460257287523074
-0.08706938257867326
-0.0838896468702483
-0.01368407435820098
-0.1088692984764015
-0.010938628455760695
-0.01368407435820098
-0.09086914507936704
0.010477299854703751
-0.10740108291119357
-0.02988042568595229
-0.031416919127298125
-0.010938628455760695
-0.03936935041694806
-0.0023259930398617634
0.06471246269071013
-0.04486959874395878
-0.0850665128503009
-0.004506374867081404
-0.07820268999551423
-0.03230876713652385
-0.0447626790224418
-0.031416919127298125
-0.05436000765993946
-0.018220672024782943
0.06471246269071013
-0.009964027244858545
0.018243483056687288
0.018243483056687288
0.0008225664474025482
-0.0838896468702483
0.016207314880116827
-0.038035458559461756
0.0004206575619324032
0.056152492876957956
0.0008496203489474099
0.0680689458095117
-0.018220672024782943
0.01944974226973242
0.056152492876957956
-0.02649397360429774
-0.031961742554506754
-0.011240226058151575
-0.02190360161331316
-0.09086914507936704
-0.011021929505218233
-0.031961742554506754
0.06471246269071013
-0.007346969013715987
0.0680689458095117
-0.02988042568595229
-0.010627865142278939
-0.010938628455760695
