-0.021118651856258108
-0.02828680046736297
-0.11826884559727052
-0.05474642160925051
-0.03338546994027732
-0.023269589777523383
-0.030458411245392628
-0.055562774681755175
-0.05145008029506152
-0.006479859941064664
-0.017850044988222936
0.027912823483475038
-0.04697839851275306
-0.01637933262200683
-0.05145008029506152
0.029562829861712048
-0.017850044988222936
-0.014451352463821973
-0.06654476834274835
-0.027169161510838532
-0.00902359196698039
-0.017144791189077586
-0.023269589777523383
0.030013623348787034
-0.043170510725233
-0.03601897564469982
-0.02530551897923779
-0.07882460690787545
-0.020566392948156185
0.017353290347611988
-0.030116366184730813
-0.014201565804691988
-0.014201565804691988
-0.04894878921557937
0.002552267464666614
-0.01264512510417044
-0.023269589777523383
-0.018160690973035017
-0.01264512510417044
-0.040175565407497
-0.015576794139253891
0.00920396841539332
-0.0036781138796568185
-0.04654886281484309
-0.030544526537577023
-0.037338289886001984
-0.037338289886001984
-0.024724993311146228
-0.0432805810749639
-0.04130728679248354
0.06165174713050543
0.009079594107438948
-0.03601897564469982
-0.08488140408590879
-0.02845426468913264
-0.0184870894944246
-0.040175565407497
-0.057020515040751014
-0.00030415963994852475
0.008282754134075993
-0.03445057037608515
0.033973537831073194
0.01680088899006662
-0.056238879676339025
-0.07102767973751563
0.005518617525169142
0.029562829861712048
-0.07882460690787545
-0.04105953197300626
-0.037338289886001984
-0.04894878921557937
-0.020566392948156185
-0.0432805810749639
0.027912823483475038
0.03318152815269459
-0.16063059050683853
-0.052865581220610754
-0.023771526508512057
-0.007252653561363906
-0.02828680046736297
-0.018160690973035017
-0.037752150094139264
-0.02135110226497559
-0.07893062817791142
-0.005596828790394751
0.030013623348787034
-0.024355044539885223
-0.010025622948179196
-0.11826884559727052
-0.007029753585088444
-0.03936110316372957
0.008113953206037276
-0.010613244695378414
-0.03445057037608515
0.00920396841539332
-0.09884574064793608
-0.0012724511942331263
-0.06126882340905374
-0.018553464805506466
-0.055562774681755175
0.00857417272640307
-0.03936110316372957
0.0655193452240724
-0.037752150094139264
0.04389754274243544
-0.0184870894944246
-0.02179862103395202
0.008462786806329387
-0.018160690973035017
-0.06126882340905374
0.0071842724797370324
-0.0036781138796568185
-0.014676963684620077
-0.018160690973035017
-0.024355044539885223
-0.07190062998037075
0.03318152815269459
0.04389754274243544
0.0034571821074625172
0.00920396841539332
-0.018524030321300327
-0.07882460690787545
0.029562829861712048
0.030013623348787034
-0.0099881740979605
-0.017585548456751286
0.0653996585921994
-0.06037750491159921
-0.04697839851275306
-0.055562774681755175
-0.03661574154028093
-0.025615390637487585
-0.014676963684620077
0.02693891368053978
0.005518617525169142
-0.02837555644844562
-0.016243437068811685
-0.012331834697917222
-0.01264512510417044
-0.037338289886001984
0.06165174713050543
0.0034551022314065366
0.029562829861712048
-0.0184870894944246
-0.043170510725233
-0.00902359196698039
-0.039413472721572654
-0.08994552506158855
-0.010291734776630802
-0.02837555644844562
-0.0959443509040977
-0.0012724511942331263
0.020832334862692755
-0.03063214971162743
-0.02179862103395202
-0.04745931639556087
-0.017144791189077586
0.0034551022314065366
-0.09884574064793608
-0.017144791189077586
0.010254625160282678
-0.05474642160925051
-0.028775297646498343
0.0653996585921994
-0.07466432144376263
-0.0038295963156086492
-0.0632048553998627
-0.025615390637487585
0.03318152815269459
-0.021748707568884536
-0.007417531446046835
-0.016583187365767287
-0.015738620353388754
-0.008575545028228897
0.008462786806329387
-0.009837277455584851
-0.027169161510838532
0.03318152815269459
-0.05764751328239559
-0.11826884559727052
-0.04590649907424676
-0.05497421777600529
0.02693891368053978
-0.026959685807128448
0.03318152815269459
-0.006479859941064664
-0.040175565407497
-0.03063214971162743
-0.08449217733577734
-0.015738620353388754
-0.03601897564469982
-0.06037750491159921
-0.0432526922248118
-0.04745931639556087
0.005518617525169142
-0.003249056385791139
-0.036460550236856445
0.0655193452240724
-0.06804644000758932
-0.05764751328239559
-0.06750937513669897
-0.010291734776630802
-0.08994552506158855
-0.05474642160925051
-0.0959443509040977
0.01680088899006662
-0.014676963684620077
-0.01264512510417044
0.005518617525169142
0.02693891368053978
0.0071842724797370324
-0.06654476834274835
-0.010291734776630802
-0.013100964499400736
-0.036460550236856445
-0.02837555644844562
0.015929914813326045
-0.015576794139253891
-0.0432805810749639
-0.016243437068811685
0.029562829861712048
0.030013623348787034
-0.030116366184730813
-0.05474642160925051
0.01680088899006662
-0.01637933262200683
-0.05877817489533757
-0.05390719250435299
-0.06037750491159921
-0.015576794139253891
-0.037752150094139264
-0.038196354248480925
-0.028089039596686852
-0.0959443509040977
-0.040175565407497
-0.023269589777523383
0.0071842724797370324
0.015929914813326045
-0.01966423938141857
0.002552267464666614
-0.028775297646498343
-0.007029753585088444
0.003072465263453355
-0.06750937513669897
-0.030544526537577023
0.00857417272640307
-0.017850044988222936
-0.09156723790383221
-0.04130728679248354
-0.055562774681755175
-0.06126882340905374
-0.030544526537577023
-0.03734275871150053
-0.012331834697917222
0.020949893402619078
-0.06804644000758932
-0.02179862103395202
0.01680088899006662
-0.057020515040751014
-0.04105953197300626
-0.04791005886210731
-0.07030503744451357
-0.055562774681755175
-0.01879975699346583
-0.027169161510838532
-0.05474642160925051
-0.03338546994027732
0.01680088899006662
-0.0036781138796568185
-0.039413472721572654
-0.030116366184730813
-0.09156723790383221
-0.07218575975648116
0.009079594107438948
-0.052865581220610754
-0.02837555644844562
-0.010613244695378414
-0.034370564443618
0.027912823483475038
-0.06750937513669897
-0.11826884559727052
0.0013606922055634783
-0.036460550236856445
-0.04105953197300626
-0.007029753585088444
0.002552267464666614
-0.01637933262200683
-0.018910176465618555
-0.01623406982621248
-0.0190362539842669
-0.0432526922248118
-0.029320085352454173
-0.014676963684620077
-0.04590649907424676
0.017353290347611988
-0.06037750491159921
0.0655193452240724
0.029562829861712048
0.008462786806329387
-0.08169880153533476
-0.05390719250435299
-0.04654886281484309
-0.02845426468913264
-0.037338289886001984
0.005611693961671515
-0.016583187365767287
-0.03153257263831896
-0.024724993311146228
-0.0012724511942331263
-0.08994552506158855
-0.07030503744451357
-0.016243437068811685
0.020949893402619078
-0.04105953197300626
0.0655193452240724
-0.018524030321300327
-0.05145008029506152
-0.026959685807128448
-0.014201565804691988
-0.017144791189077586
-0.05145008029506152
-0.03063214971162743
-0.04697839851275306
-0.014451352463821973
-0.057020515040751014
-0.07030503744451357
-0.022111125248466836
-0.024724993311146228
-0.027169161510838532
-0.01264512510417044
-0.16063059050683853
0.0653996585921994
-0.04654886281484309
-0.07189635366614079
-0.023771526508512057
-0.022823772495815308
-0.01582240540493955
-0.04590649907424676
0.03910057378204436
-0.028775297646498343
-0.010025622948179196
-0.16050243123212452
-0.06126882340905374
0.020949893402619078
-0.0632048553998627
-0.0038295963156086492
0.002552267464666614
-0.029320085352454173
-0.01966423938141857
-0.010014303488906815
0.0233077263808745
-0.13415566520717126
0.017353290347611988
-0.016243437068811685
-0.02845426468913264
-0.0432526922248118
-0.11826884559727052
-0.030544526537577023
-0.016243437068811685
-0.01623406982621248
-0.04697839851275306
-0.013217845290432429
-0.10787965184552002
-0.0432526922248118
-0.01966423938141857
-0.05145008029506152
-0.006479859941064664
-0.0432805810749639
-0.03936110316372957
-0.0012724511942331263
0.045107386897560386
-0.012331834697917222
0.010254625160282678
0.047095208458506926
0.00920396841539332
-0.04697839851275306
0.017353290347611988
-0.03153257263831896
-0.06750937513669897
-0.03063214971162743
0.03318152815269459
-0.006479859941064664
0.06165174713050543
0.002552267464666614
0.020949893402619078
-0.03063214971162743
0.03910057378204436
-0.022823772495815308
-0.03601897564469982
-0.003140258650491473
-0.007252653561363906
-0.00805731186383248
-0.1545810689846344
-0.05443928459921182
-0.0036781138796568185
-0.015576794139253891
-0.08994552506158855
-0.0038295963156086492
-0.02135110226497559
0.008113953206037276
-0.05145008029506152
-0.039413472721572654
-0.05625615452994653
0.022824051032067146
-0.07189635366614079
0.003072465263453355
-0.034370564443618
-0.015576794139253891
-0.017585548456751286
-0.030116366184730813
-0.05497421777600529
-0.043170510725233
-0.0432805810749639
-0.07102767973751563
-0.025615390637487585
0.015890318780234766
-0.02845426468913264
-0.05877817489533757
-0.037338289886001984
-0.04590649907424676
-0.057020515040751014
-0.024724993311146228
0.030013623348787034
-0.11826884559727052
-0.0959443509040977
-0.03734275871150053
-0.0184870894944246
0.008282754134075993
-0.07189635366614079
-0.055562774681755175
-0.023771526508512057
-0.02179862103395202
-0.02530551897923779
0.0071842724797370324
0.02693891368053978
-0.04105953197300626
-0.014676963684620077
0.005611693961671515
-0.07862266065840268
0.030013623348787034
-0.023269589777523383
-0.04105953197300626
-0.036460550236856445
0.00920396841539332
-0.04590649907424676
-0.0014871522554037381
-0.0432526922248118
-0.018553464805506466
0.0233077263808745
-0.013217845290432429
-0.037752150094139264
0.027912823483475038
-0.04697839851275306
-0.06804644000758932
-0.018553464805506466
-0.037338289886001984
-0.01637933262200683
-0.08994552506158855
-0.055562774681755175
-0.020566392948156185
-0.010613244695378414
-0.06711780306503129
-0.0959443509040977
0.03318152815269459
-0.04791005886210731
-0.05497421777600529
-0.04654886281484309
-0.023771526508512057
-0.010014303488906815
-0.021748707568884536
-0.05497421777600529
0.03910057378204436
-0.010291734776630802
-0.0012724511942331263
-0.017144791189077586
-0.052865581220610754
0.03910057378204436
-0.028089039596686852
-0.05474642160925051
-0.056238879676339025
-0.052865581220610754
-0.08449217733577734
-0.04590649907424676
-0.06126882340905374
-0.04130728679248354
-0.04105953197300626
0.020832334862692755
-0.01623406982621248
0.015890318780234766
0.008462786806329387
0.020949893402619078
-0.013217845290432429
-0.038196354248480925
-0.06126882340905374
0.02693891368053978
0.06165174713050543
-0.08169880153533476
0.0233077263808745
-0.018524030321300327
-0.05145008029506152
-0.07466432144376263
-0.04590649907424676
-0.010014303488906815
-0.01264512510417044
-0.043170510725233
0.003072465263453355
-0.021118651856258108
0.045107386897560386
0.033973537831073194
-0.01966423938141857
-0.08488140408590879
0.0655193452240724
-0.04105953197300626
-0.0190362539842669
0.00920396841539332
0.030013623348787034
-0.01966423938141857
-0.07102767973751563
-0.024724993311146228
-0.02845426468913264
-0.0038295963156086492
-0.01623406982621248
-0.021748707568884536
-0.05145008029506152
0.00920396841539332
-0.05390719250435299
-0.010014303488906815
-0.05764751328239559
-0.022823772495815308
0.04389754274243544
-0.037676090835216294
-0.016243437068811685
-0.038196354248480925
-0.028775297646498343
-0.02828680046736297
0.02693891368053978
-0.037338289886001984
0.0071842724797370324
-0.010025622948179196
-0.08449217733577734
-0.0012724511942331263
-0.007252653561363906
-0.01966423938141857
-0.01623406982621248
-0.05576461495978449
-0.03445057037608515
-0.003249056385791139
-0.0432805810749639
-0.013217845290432429
-0.07882460690787545
0.03910057378204436
0.008282754134075993
-0.03445057037608515
0.0013606922055634783
-0.0036781138796568185
-0.029320085352454173
-0.07893062817791142
-0.02135110226497559
-0.07862266065840268
0.029562829861712048
0.0655193452240724
-0.0036781138796568185
-0.05497421777600529
-0.049650916707184765
-0.012331834697917222
0.0013606922055634783
-0.010291734776630802
0.0071842724797370324
-0.02179862103395202
-0.017585548456751286
-0.057020515040751014
0.008282754134075993
-0.017850044988222936
-0.030544526537577023
-0.0959443509040977
-0.06654476834274835
-0.013217845290432429
-0.017850044988222936
-0.006479859941064664
0.030013623348787034
-0.06711780306503129
-0.04654886281484309
-0.043170510725233
-0.06711780306503129
0.0013606922055634783
-0.029320085352454173
-0.056238879676339025
-0.034370564443618
-0.018524030321300327
-0.021748707568884536
-0.05390719250435299
-0.02135110226497559
-0.00902359196698039
0.008462786806329387
-0.07862266065840268
-0.014451352463821973
0.01680088899006662
0.020949893402619078
-0.027169161510838532
-0.030458411245392628
-0.01966423938141857
-0.1545810689846344
0.022824051032067146
-0.07102767973751563
-0.06654476834274835
-0.018160690973035017
-0.06804644000758932
-0.04130728679248354
0.027912823483475038
-0.037676090835216294
0.0233077263808745
-0.07893062817791142
0.0034571821074625172
-0.017144791189077586
0.016144295947303204
-0.04130728679248354
-0.02828680046736297
-0.16063059050683853
0.0071842724797370324
0.033973537831073194
-0.08169880153533476
-0.037752150094139264
-0.010291734776630802
-0.07882460690787545
-0.08488140408590879
0.009079594107438948
-0.0012724511942331263
-0.015738620353388754
-0.037752150094139264
-0.010613244695378414
-0.04791005886210731
-0.024724993311146228
-0.04697839851275306
0.017353290347611988
-0.015738620353388754
-0.05497421777600529
-0.07218575975648116
0.003072465263453355
0.03910057378204436
-0.038196354248480925
-0.018160690973035017
-0.05497421777600529
-0.014451352463821973
-0.008575545028228897
-0.049650916707184765
-0.05764751328239559
-0.038196354248480925
-0.05764751328239559
-0.01264512510417044
-0.030544526537577023
-0.043170510725233
-0.05145008029506152
0.047095208458506926
0.022824051032067146
0.029562829861712048
0.020832334862692755
-0.13415566520717126
-0.009837277455584851
-0.022111125248466836
-0.0014871522554037381
-0.05764751328239559
-0.05390719250435299
-0.07218575975648116
-0.0038295963156086492
0.015890318780234766
-0.037752150094139264
-0.03936110316372957
-0.0014871522554037381
-0.032339557251038514
-0.07030503744451357
-0.03936110316372957
-0.021748707568884536
0.008113953206037276
-0.08449217733577734
-0.037676090835216294
0.017353290347611988
-0.030116366184730813
-0.0959443509040977
0.0233077263808745
-0.052865581220610754
0.008282754134075993
-0.07102767973751563
-0.07189635366614079
-0.0184870894944246
-0.04654886281484309
0.010254625160282678
-0.05145008029506152
-0.03936110316372957
-0.056238879676339025
-0.023269589777523383
-0.02837555644844562
-0.07030503744451357
-0.028089039596686852
-0.08169880153533476
0.047095208458506926
-0.11826884559727052
-0.02135110226497559
-0.037676090835216294
-0.023771526508512057
-0.02845426468913264
-0.03661574154028093
-0.049650916707184765
0.02693891368053978
-0.06654476834274835
0.002552267464666614
-0.026959685807128448
-0.01582240540493955
-0.09156723790383221
0.010254625160282678
-0.020566392948156185
-0.0099881740979605
-0.017850044988222936
-0.07189635366614079
-0.013100964499400736
-0.017144791189077586
-0.0432526922248118
0.022824051032067146
-0.015738620353388754
-0.01637933262200683
-0.018524030321300327
-0.04654886281484309
-0.015738620353388754
-0.07218575975648116
-0.021118651856258108
0.016144295947303204
-0.05625615452994653
-0.06126882340905374
0.0071842724797370324
-0.06711780306503129
-0.020566392948156185
-0.014201565804691988
0.00857417272640307
-0.0099881740979605
-0.056238879676339025
-0.07189635366614079
-0.013217845290432429
-0.05764751328239559
-0.037338289886001984
-0.021748707568884536
-0.02845426468913264
0.027912823483475038
-0.05576461495978449
-0.05764751328239559
-0.09156723790383221
-0.015576794139253891
0.027912823483475038
-0.04130728679248354
0.06165174713050543
-0.00030415963994852475
-0.03661574154028093
-0.007252653561363906
-0.010291734776630802
-0.007252653561363906
-0.056238879676339025
-0.003249056385791139
-0.007417531446046835
-0.0036781138796568185
-0.007029753585088444
-0.03734275871150053
-0.0036781138796568185
-0.016243437068811685
-0.02837555644844562
-0.0014871522554037381
-0.008575545028228897
-0.023269589777523383
-0.043170510725233
-0.04130728679248354
-0.07030503744451357
-0.014676963684620077
-0.03601897564469982
0.0034571821074625172
-0.0014871522554037381
-0.02828680046736297
-0.0014871522554037381
0.008462786806329387
-0.057020515040751014
-0.0432526922248118
-0.08169880153533476
-0.03063214971162743
-0.029320085352454173
-0.02845426468913264
-0.007252653561363906
-0.02135110226497559
-0.03936110316372957
-0.04745931639556087
0.010254625160282678
-0.01623406982621248
-0.04130728679248354
-0.005596828790394751
-0.032339557251038514
0.045107386897560386
-0.018553464805506466
-0.09884574064793608
-0.07466432144376263
-0.01264512510417044
0.0034571821074625172
0.0071842724797370324
0.027912823483475038
0.0655193452240724
-0.022111125248466836
-0.008575545028228897
-0.037676090835216294
-0.018910176465618555
-0.014201565804691988
-0.04130728679248354
-0.055562774681755175
-0.04590649907424676
-0.018160690973035017
-0.16050243123212452
-0.029320085352454173
0.010254625160282678
-0.04590649907424676
0.027912823483475038
0.03910057378204436
-0.012331834697917222
-0.008575545028228897
-0.06126882340905374
0.0233077263808745
-0.037752150094139264
-0.028775297646498343
-0.05474642160925051
-0.1545810689846344
-0.02179862103395202
-0.052865581220610754
-0.07030503744451357
-0.05443928459921182
0.0034571821074625172
-0.03936110316372957
-0.0190362539842669
-0.11826884559727052
-0.023269589777523383
-0.03601897564469982
-0.05497421777600529
-0.08488140408590879
-0.1545810689846344
-0.08449217733577734
0.0034571821074625172
-0.024355044539885223
-0.04105953197300626
-0.009837277455584851
0.015890318780234766
-0.022823772495815308
0.04389754274243544
-0.01623406982621248
-0.012331834697917222
-0.017585548456751286
-0.02828680046736297
-0.0036781138796568185
0.005518617525169142
-0.07893062817791142
-0.039413472721572654
-0.037676090835216294
-0.030544526537577023
-0.05625615452994653
-0.014451352463821973
0.00920396841539332
-0.08449217733577734
-0.021748707568884536
0.045107386897560386
-0.02179862103395202
-0.06654476834274835
-0.023771526508512057
-0.03063214971162743
-0.034370564443618
0.0034551022314065366
0.020832334862692755
-0.003140258650491473
-0.07466432144376263
0.047095208458506926
-0.02135110226497559
-0.06804644000758932
-0.008575545028228897
-0.04130728679248354
-0.04791005886210731
-0.018910176465618555
-0.039413472721572654
0.0034551022314065366
-0.0038295963156086492
0.030013623348787034
-0.03153257263831896
0.0233077263808745
-0.018524030321300327
-0.00805731186383248
0.0655193452240724
-0.03445057037608515
-0.04745931639556087
-0.04745931639556087
0.045107386897560386
-0.030116366184730813
-0.0012724511942331263
-0.06654476834274835
-0.03734275871150053
-0.016583187365767287
-0.020566392948156185
0.002552267464666614
-0.008575545028228897
0.008282754134075993
-0.024355044539885223
-0.037338289886001984
-0.05145008029506152
-0.032339557251038514
-0.036460550236856445
0.010254625160282678
-0.08169880153533476
-0.06711780306503129
-0.034370564443618
-0.06037750491159921
-0.0190362539842669
-0.02179862103395202
-0.014676963684620077
-0.009837277455584851
-0.05764751328239559
-0.014201565804691988
-0.022823772495815308
-0.021748707568884536
-0.0632048553998627
0.005518617525169142
-0.05497421777600529
0.03910057378204436
-0.07102767973751563
-0.010014303488906815
-0.03936110316372957
-0.07466432144376263
-0.02135110226497559
-0.07882460690787545
-0.05145008029506152
0.008462786806329387
-0.02837555644844562
-0.003140258650491473
-0.03661574154028093
-0.16050243123212452
0.06165174713050543
-0.003249056385791139
-0.02135110226497559
-0.11826884559727052
0.045107386897560386
-0.024724993311146228
-0.04130728679248354
-0.16050243123212452
0.06165174713050543
0.00920396841539332
-0.017850044988222936
0.017353290347611988
-0.052865581220610754
-0.0036781138796568185
-0.023269589777523383
-0.08488140408590879
0.017353290347611988
-0.08994552506158855
-0.0012724511942331263
-0.07190062998037075
-0.04590649907424676
-0.037752150094139264
-0.00902359196698039
0.005518617525169142
-0.010025622948179196
-0.014451352463821973
0.010254625160282678
-0.02530551897923779
0.04389754274243544
-0.030458411245392628
0.030013623348787034
-0.16063059050683853
-0.01582240540493955
-0.0190362539842669
-0.034370564443618
-0.02135110226497559
-0.036460550236856445
0.005518617525169142
0.003072465263453355
-0.014201565804691988
-0.02179862103395202
0.005518617525169142
-0.027169161510838532
0.003072465263453355
-0.09884574064793608
0.016144295947303204
-0.007252653561363906
-0.08169880153533476
-0.017850044988222936
0.06165174713050543
-0.016243437068811685
-0.016583187365767287
-0.015576794139253891
-0.0959443509040977
-0.037676090835216294
0.029562829861712048
-0.01582240540493955
-0.008575545028228897
-0.02837555644844562
-0.04130728679248354
0.03318152815269459
-0.05576461495978449
-0.07893062817791142
0.00920396841539332
-0.03338546994027732
-0.05764751328239559
0.015890318780234766
-0.056238879676339025
-0.008575545028228897
