-0.023684874223740354
-0.023523868235955824
0.012599549984726847
-0.007442414913349827
-0.004557905521926172
-0.02307947459996082
-0.007863955633688604
0.006316893520269791
-0.006223007234111092
-0.023444732566324754
-0.01591969016790953
0.006260031211884819
-0.008281340833415312
0.00044377522922951204
-0.013809337212788054
-0.021131376916413
-4.861839238895373e-05
-0.019111167521458944
-0.013597522984360915
-0.004790847056129799
-0.002349253889486758
0.005351413022970924
-0.023444732566324754
-0.015549457288497593
-0.009119040358696328
-0.004361683816853879
0.013004851941557052
-0.0012800698537960723
-0.015130203996555793
-0.02032240392576807
-0.01434615335610236
-0.023684874223740354
-0.021298799189553377
0.006847697380753759
-0.048192739540434286
-0.007863955633688604
-5.590784238517341e-05
-0.019111167521458944
0.017575333754342292
-0.01769040837993276
-0.006348923881160872
-0.00935713995840851
0.0049066839921113525
-0.0016851240985639878
-0.005796164134186377
-0.01622392524660747
-0.021698818731169627
-0.045877766542946445
-0.005704214532655409
-0.0020554491615096307
-0.0095638297366032
-0.019111167521458944
-0.01769040837993276
-0.01229697795899244
-0.023523868235955824
-0.014040606873903723
-0.020574832767977703
-0.0054385237819958715
-0.008200039640788482
-0.01843589033453934
0.005565768355621891
-0.021752412852798685
-0.10266520572134259
-0.003325373503747792
-0.04330462690626007
0.011692003873346369
-0.02225581369849849
-0.025754243266413516
-0.0014975046790891902
-0.009148824329121612
-0.011252180329003499
-0.011525400136306593
-0.017123164806746843
0.006316893520269791
0.006260031211884819
-0.006223007234111092
-0.004053874118566044
-0.015970873255750393
0.00069891493670935
-0.008281340833415312
0.005351413022970924
-0.018816295565718715
0.005565768355621891
-0.023444732566324754
-0.0141279122873945
-0.04298316354379012
-0.025634730390469422
-0.021131376916413
-0.018112245343143145
-0.027805952804306165
0.011692003873346369
-0.05985462816429617
-0.03489432228039998
-0.013852723935067493
-0.02225581369849849
-0.0020554491615096307
0.007930132686554459
-0.0141279122873945
-0.005379726512378952
0.011581152750898641
-0.028571220472429156
-0.010670279335666666
-0.00040881330996758806
-0.012008647584446596
-0.018916083368556158
-0.0209708987445456
-0.004557905521926172
-0.011617635176053489
-0.011525400136306593
-0.010361024992947061
-0.01591969016790953
-0.0011659735260289
-0.011252180329003499
-0.021752412852798685
-0.01682599903762509
-0.016048424747607527
0.0007911056395356128
0.0049066839921113525
-0.0057429647458320104
-0.004790847056129799
-0.027805952804306165
-0.029411308683846234
-0.01778925215177792
-0.009250236711771376
0.005662302575084281
0.00014483245411477664
0.022042360262730636
-0.0026120749405948054
-0.028571220472429156
-0.024167722682783468
0.005565768355621891
0.008076628930956412
-0.017388379172775584
-0.026559201244799536
-0.02091646719028442
-0.000110585212700133
-0.014040606873903723
0.006316893520269791
-0.005796164134186377
-0.015383205274733696
-0.021131376916413
0.0004724829011340933
-0.013209662202454281
-0.01682599903762509
-0.02856082337596002
-0.011802734155698727
0.017575333754342292
-0.021971183259009368
-0.008153435090513278
-0.009119040358696328
-0.04330462690626007
-0.010699096357727495
-0.01096085454882419
-0.0048536896525358895
-0.0011659735260289
-0.015383205274733696
-0.04414561557673463
-0.0040826972872825456
-0.0015742531790666435
-0.01381496104454143
-0.0020133309669329896
-0.0040826972872825456
-0.0095638297366032
0.0018078767507301108
-0.0012320879038356582
0.0465709982876782
-0.013814591913162292
-0.002449192742954579
-0.004533109613472692
-0.023684874223740354
-0.018561391164183632
-0.0019075858397442247
-0.01749536501352435
-0.009968071254363891
-0.005796164134186377
-0.0484761077976909
0.011581152750898641
-0.0332707705639457
-0.01525342695117674
-0.011617635176053489
-0.0011659735260289
-0.0054385237819958715
-0.048192739540434286
-0.011695460682281196
-0.008692641373717797
0.005103964821519448
-0.018361759190100763
-0.009968071254363891
-0.014040606873903723
-0.006283518903692821
0.005376618627513604
-0.014040606873903723
-0.012033892374911368
-0.009119040358696328
-0.009344084382914997
-0.014199065657895082
-0.0010409462261661312
-0.006705725391932075
0.012599549984726847
-0.021971183259009368
0.0004724829011340933
0.013004851941557052
-0.012639005636736554
-0.010138768874534847
-0.0011659735260289
-0.0095638297366032
-0.027442444136120434
-0.01749536501352435
-0.011566000830426642
-0.009968071254363891
-0.013001172077920335
-0.01682599903762509
-0.005772111476532319
-0.010916362070814043
0.006847697380753759
-0.025634730390469422
-0.002349253889486758
-0.011695460682281196
-0.0059260950459486955
-0.02741911146674292
0.00311197598053326
0.0043072999970361
-0.0019075858397442247
-0.002908979876569022
-0.027805952804306165
-0.01810798084797935
-0.016091003308839943
-0.02856082337596002
-0.002617275159448319
-0.008281340833415312
-0.01682599903762509
-0.018112245343143145
-0.02225581369849849
-0.024727914068778244
-0.010189147699129595
-0.005573269192704177
-0.007243245392146431
0.00069891493670935
0.006847697380753759
0.006316893520269791
-0.011802734155698727
0.007930132686554459
0.008076628930956412
0.005565768355621891
-0.014040606873903723
-0.004361683816853879
-0.0019355303687732296
-0.0402019981486158
-0.021698818731169627
0.00044377522922951204
-0.04330462690626007
-0.0183072747243347
-0.0022830725407410094
-0.015549457288497593
-0.004361683816853879
-0.016048424747607527
-0.018561391164183632
0.0006840827171713295
-0.0018803713608685445
-0.02032240392576807
0.0004724829011340933
-0.011525400136306593
-0.0484761077976909
0.005351413022970924
-0.009119040358696328
-0.0020133309669329896
-0.01195772057795452
-0.0484761077976909
-0.0048536896525358895
-0.005742429863221747
0.04781782428541775
-0.010765144881041038
-0.005796164134186377
-0.10266520572134259
-0.011617635176053489
-0.012008647584446596
0.012023752190763657
-0.016091003308839943
-0.006348923881160872
-0.011369641336254583
-0.013297838629497856
-0.010815839759763605
-0.03673662036495576
-0.012639005636736554
-0.00028606474550095463
0.005103964821519448
-0.004361683816853879
-0.006549565325443617
-0.02648075554449928
-0.008692641373717797
-0.00895196815357469
0.006260031211884819
0.04606122218441357
-0.018701687742473203
-0.017050624979705907
-0.013104301187267216
-0.021939136646942303
-0.015383205274733696
-0.006866174460895601
-0.002908979876569022
-0.008153435090513278
-0.008777038454787032
-0.011695460682281196
0.0015965746790870855
-0.004361683816853879
-0.03489432228039998
-0.013852723935067493
0.0006840827171713295
-0.01749536501352435
-0.0054385237819958715
-0.032307910994555135
-0.006283518903692821
-0.027442444136120434
0.011581152750898641
-0.004053874118566044
0.00044377522922951204
-0.009119040358696328
-0.023691965669683433
-0.017050624979705907
-0.0765455071922308
-0.009083383326056812
-0.02739496019498729
-0.01843589033453934
-0.0016672207263768975
-0.013814591913162292
-0.02739496019498729
-0.0057429647458320104
-0.003937648758021138
-0.018361759190100763
-0.01195772057795452
-0.0059260950459486955
0.00014483245411477664
-0.018701687742473203
-0.021131376916413
-0.015383205274733696
-0.0057429647458320104
-0.01622392524660747
-0.01087992867901611
-0.0018803713608685445
-0.013104301187267216
-0.03295729939409362
0.005351413022970924
0.00069891493670935
-0.007243245392146431
-0.013852723935067493
-0.04363310781424747
-0.019111167521458944
-0.0012320879038356582
-0.011525400136306593
-0.015549457288497593
0.005468644207878833
-0.04414561557673463
-0.010072004224601501
-0.011369641336254583
0.0031123858576872464
-0.005688064040614954
-0.018112245343143145
-0.018561391164183632
0.04606122218441357
-0.0011540455134605187
-0.010765144881041038
-0.011525400136306593
-5.590784238517341e-05
-0.0059260950459486955
-0.008281340833415312
-0.026690864096378247
0.0018078767507301108
-0.05985462816429617
0.006847697380753759
-0.012259882775398547
0.018387295354789984
-0.010361024992947061
-0.002449192742954579
-0.026381938640034068
-0.003937648758021138
0.0043072999970361
-0.01810798084797935
-0.010072004224601501
-0.000110585212700133
0.005103964821519448
0.00027048710710811673
-0.0020133309669329896
-0.005379726512378952
-0.012008647584446596
0.003547098601599301
0.002762415654445455
-0.02412032120983429
0.00069891493670935
0.0006405542295117749
0.005351413022970924
-0.00895196815357469
-0.011525400136306593
-0.0183072747243347
-0.007956635159708864
-0.011525400136306593
-0.01769040837993276
-0.0402019981486158
-0.008153435090513278
0.012599549984726847
-0.0405111763759771
-0.01769040837993276
-0.01622392524660747
-0.029411308683846234
-0.0484761077976909
-0.023997884302006004
-0.013297838629497856
-0.026796834383647352
-0.05350088529785164
-0.005834793044823512
-0.010900944770643302
-0.004533109613472692
0.04606122218441357
-0.0040826972872825456
-0.0010409462261661312
-0.021131376916413
-0.0023927003991987502
-0.00935713995840851
-0.015572148957944737
-0.03489432228039998
-0.009250236711771376
-0.021298799189553377
-0.015491257246057976
-0.0402019981486158
-0.009145051615617258
-0.004418942299383235
-0.010699096357727495
-0.009145051615617258
-5.590784238517341e-05
-0.03673662036495576
0.01698044026411536
-0.04909261734900376
-0.013604162587226286
-0.015549457288497593
0.005103964821519448
-0.00888683913218734
-0.005573269192704177
-0.027442444136120434
-4.861839238895373e-05
-0.013209662202454281
-0.01434615335610236
-0.010765144881041038
0.007930132686554459
-0.023444732566324754
-0.013104301187267216
-0.0059260950459486955
-0.032307910994555135
-0.008084496848966082
-0.02856082337596002
-0.007837687215016317
-0.005834793044823512
-0.004053874118566044
-0.0019355303687732296
-0.010138768874534847
-0.01778925215177792
-0.029516048618323465
-0.04298316354379012
-0.004276377972708278
-0.0019075858397442247
-0.0034726382696064102
-0.018816295565718715
-0.0020133309669329896
-0.014040606873903723
-0.017388379172775584
-0.025754243266413516
-0.006549565325443617
-0.018561391164183632
-0.01769040837993276
-0.009250236711771376
-0.0048536896525358895
-0.03588744554503502
0.0031123858576872464
-0.010815839759763605
0.00069891493670935
-0.0048536896525358895
-0.018361759190100763
-0.005496050496061577
0.01273759341013224
0.0006405542295117749
-0.005573269192704177
-0.011369641336254583
-0.010900944770643302
0.00044377522922951204
-0.02856082337596002
-0.006866174460895601
-0.0019355303687732296
-0.020061721002262323
-0.04174536915230851
-0.010900944770643302
-0.00040881330996758806
-0.025634730390469422
-0.012639005636736554
-0.016122286100527475
-0.02307947459996082
-0.023691965669683433
-0.013001172077920335
-0.010765144881041038
-0.018701687742473203
-0.023444732566324754
-0.05350088529785164
0.004233892949083458
0.04606122218441357
-0.010699096357727495
-0.013985649278300006
-0.023997884302006004
-0.007442414913349827
-0.01229697795899244
-0.013333405136412261
0.003547098601599301
-0.004418942299383235
-0.006348923881160872
-0.0012320879038356582
-0.014040606873903723
-0.0095638297366032
-0.0034726382696064102
-0.0011540455134605187
-0.020542269973147294
-0.02856082337596002
-0.005742429863221747
-0.023691965669683433
-0.0059260950459486955
-0.009145051615617258
-0.020574832767977703
0.005376618627513604
-0.03331813436638858
-0.03896084233298566
-0.009344084382914997
-0.007496896413844486
-0.015130203996555793
-0.027442444136120434
-0.004533109613472692
-0.013333405136412261
-0.015383205274733696
-0.026559201244799536
-0.005796164134186377
-0.026796834383647352
-0.016595999673686336
-0.014199065657895082
-0.029411308683846234
-0.005796164134186377
-0.0484761077976909
-0.01434615335610236
-0.01591969016790953
-0.010815839759763605
-0.017123164806746843
-0.0054385237819958715
0.003931064852139927
-0.0402019981486158
0.011581152750898641
0.009885909586903536
-0.00888683913218734
-0.010699096357727495
-0.003937648758021138
-0.0209708987445456
-0.009145051615617258
-0.02091646719028442
0.004233892949083458
-0.008777038454787032
-0.01229697795899244
-0.0005297029866517883
-0.00895196815357469
-0.021698818731169627
-0.0036531559325751473
-0.016091003308839943
-0.010255078585429104
0.005376618627513604
-0.01195772057795452
-0.01591969016790953
-0.04363310781424747
0.003547098601599301
-0.0057429647458320104
-0.006223007234111092
-0.004790847056129799
-0.032307910994555135
0.00311197598053326
-0.006705725391932075
-0.04909261734900376
-0.007243245392146431
-0.008084496848966082
-0.0095638297366032
0.003978144024881564
-0.013809337212788054
-0.011566000830426642
-0.01682599903762509
-0.011525400136306593
-0.0059260950459486955
-0.024167722682783468
-0.05350088529785164
-0.0005297029866517883
-0.026559201244799536
-0.02741911146674292
-0.0209708987445456
-0.0012800698537960723
-0.021298799189553377
-0.018112245343143145
0.005103964821519448
-0.006549565325443617
-0.009148824329121612
-0.003937648758021138
0.018387295354789984
-0.015383205274733696
-0.02739496019498729
-0.020574832767977703
0.005468644207878833
-0.01682599903762509
-0.03673662036495576
-0.009344084382914997
-0.027805952804306165
-0.0019355303687732296
-0.009119040358696328
-0.04414561557673463
-0.010072004224601501
-0.003325373503747792
-0.011472208767639634
-0.010138768874534847
-0.05350088529785164
-0.010189147699129595
-0.0036531559325751473
-0.0006587807666917642
-0.0040826972872825456
-0.04298316354379012
-0.0022830725407410094
-0.003325373503747792
0.003978144024881564
0.006316893520269791
-0.00935713995840851
-0.00810784306494203
-0.010255078585429104
-0.006223007234111092
-0.01810798084797935
-0.008692641373717797
-0.009145051615617258
-0.005379726512378952
-0.00810784306494203
-0.008281340833415312
-0.02648075554449928
-0.0040826972872825456
0.022042360262730636
-0.011566000830426642
-0.02307947459996082
-0.016595999673686336
-0.0059260950459486955
-0.0016851240985639878
-0.009344084382914997
-0.008153435090513278
-0.016595999673686336
-0.012639005636736554
-0.006705725391932075
-0.010670279335666666
-0.0054385237819958715
0.007930132686554459
-0.021939136646942303
-0.04330462690626007
-0.009119040358696328
-0.013597522984360915
-0.008200039640788482
0.0018078767507301108
-0.014199065657895082
-0.013217778319187518
-0.004797188836268332
-0.026381938640034068
-0.02412032120983429
-0.02091646719028442
0.003978144024881564
-0.000967061746119134
-0.027109582829846535
-0.0059260950459486955
-0.015973632278703322
0.005565768355621891
-0.004361683816853879
-0.008200039640788482
-0.0073106115275610156
-0.04414561557673463
-0.006223007234111092
0.0049066839921113525
-0.0073106115275610156
-0.013001172077920335
-0.00028606474550095463
-0.012639005636736554
-0.006283518903692821
0.017575333754342292
-0.013852723935067493
-0.02225581369849849
-0.013088721300605868
-0.023444732566324754
-0.012008647584446596
-0.04174536915230851
-0.01434615335610236
-0.015491257246057976
-0.03673662036495576
-0.001943159415406516
-0.027109582829846535
-0.007496896413844486
0.0015965746790870855
-0.010670279335666666
0.003931064852139927
-0.0016851240985639878
-0.002908979876569022
-0.010765144881041038
-0.00895196815357469
-0.0016672207263768975
-0.020542269973147294
-0.015549457288497593
-0.010072004224601501
-0.013604162587226286
0.00027048710710811673
-0.008200039640788482
-0.006223007234111092
-0.011472208767639634
-0.005772111476532319
-0.006549565325443617
-0.045416157366113465
-0.01096085454882419
0.002762415654445455
-0.021752412852798685
-0.013985649278300006
-0.018561391164183632
-0.003325373503747792
-0.03489432228039998
-0.009083383326056812
-0.0402019981486158
-0.021971183259009368
-0.005742429863221747
-0.018561391164183632
-0.005742429863221747
0.00027048710710811673
-0.008200039640788482
-0.002449192742954579
-0.008200039640788482
0.006847697380753759
0.009885909586903536
-0.016122286100527475
0.017575333754342292
-0.00040881330996758806
-0.00040881330996758806
-0.03588744554503502
0.0015965746790870855
-0.021971183259009368
-0.005796164134186377
0.0006405542295117749
-0.026559201244799536
-0.015572148957944737
-0.003937648758021138
-0.0020554491615096307
-0.01229697795899244
-0.005796164134186377
-0.04174536915230851
-0.017050624979705907
-0.007837687215016317
-0.02856082337596002
-0.005688064040614954
-0.026381938640034068
-0.0034726382696064102
-0.0048536896525358895
-0.021752412852798685
-0.002908979876569022
-0.04174536915230851
-0.013209662202454281
-0.010815232833656725
-0.003325373503747792
-0.003325373503747792
0.013004851941557052
0.00027048710710811673
-0.0019075858397442247
-0.04909261734900376
-0.027109582829846535
-0.023997884302006004
-0.0765455071922308
0.008076628930956412
-0.028571220472429156
-0.04174536915230851
-0.0040826972872825456
-0.013597522984360915
-0.015130203996555793
-0.00935713995840851
-0.004276377972708278
-0.021939136646942303
-0.013209662202454281
-0.007442414913349827
0.01698044026411536
-0.002592311090289614
-0.027442444136120434
-0.023523868235955824
-0.05624359897571182
-0.006866174460895601
0.005662302575084281
-0.005573269192704177
-0.01843589033453934
-0.0022830725407410094
-0.020542269973147294
-0.026559201244799536
-0.01229697795899244
0.005103964821519448
-0.005496050496061577
-0.016048424747607527
-0.01843589033453934
-0.006348923881160872
-0.0015742531790666435
-0.029516048618323465
-0.001943159415406516
-0.045877766542946445
0.00069891493670935
0.005662302575084281
-0.02225581369849849
0.003978144024881564
-0.009119040358696328
-0.013604162587226286
-0.010765144881041038
-0.006549565325443617
0.005376618627513604
0.0465709982876782
-0.0484761077976909
-0.03673662036495576
-0.000967061746119134
-0.03489432228039998
-0.016048424747607527
-0.012259882775398547
-0.026381938640034068
-0.009119040358696328
-0.03331813436638858
-0.05624359897571182
0.005662302575084281
-0.02307947459996082
-0.02091646719028442
-0.0402019981486158
-0.03489432228039998
-0.013604162587226286
-0.0048536896525358895
-0.004361683816853879
-0.021939136646942303
-0.0059260950459486955
-0.0022830725407410094
0.006260031211884819
0.0018078767507301108
-0.01810798084797935
-0.0765455071922308
-0.01810798084797935
-0.010815232833656725
-0.006283518903692821
0.00027048710710811673
-0.007863955633688604
-0.015130203996555793
-0.023156520414944565
-0.013604162587226286
-0.018816295565718715
-0.0183072747243347
0.005565768355621891
0.009885909586903536
-0.009344084382914997
-0.018621985764576087
-0.016091003308839943
-0.004533109613472692
-0.015970873255750393
-0.023997884302006004
-0.021810510592391495
0.00014483245411477664
-0.020574832767977703
-0.010815839759763605
-0.015970873255750393
-5.590784238517341e-05
-0.0011540455134605187
0.0015965746790870855
-0.010072004224601501
0.011581152750898641
-0.045416157366113465
-0.008084496848966082
-0.002908979876569022
-0.021939136646942303
-0.02856082337596002
-0.004557905521926172
-0.010072004224601501
-0.0034726382696064102
0.00044377522922951204
0.01698044026411536
-0.002908979876569022
0.007930132686554459
0.01273759341013224
-0.0019355303687732296
0.0007911056395356128
-0.005834793044823512
-0.000110585212700133
-0.0010409462261661312
-0.029516048618323465
-0.004557905521926172
-0.004790847056129799
-0.0057429647458320104
-0.01381496104454143
-0.05985462816429617
-0.023684874223740354
-0.027805952804306165
-0.005772111476532319
-0.013604162587226286
-0.04363310781424747
-0.0402019981486158
-0.00040881330996758806
-0.0765455071922308
-0.021698818731169627
-0.010916362070814043
0.02027690109654915
-0.010138768874534847
-0.025754243266413516
-0.027805952804306165
-0.029411308683846234
0.012599549984726847
-0.002349253889486758
-0.0057429647458320104
-0.011472208767639634
-0.006549565325443617
-0.0095638297366032
-0.016122286100527475
-0.045877766542946445
-0.023444732566324754
-0.01381496104454143
0.018387295354789984
0.005376618627513604
-0.017388379172775584
-0.013597522984360915
-0.008692641373717797
-0.020061721002262323
-0.029411308683846234
-0.016122286100527475
-0.02307947459996082
-0.004533109613472692
-0.018561391164183632
-0.0183072747243347
-0.006866174460895601
-0.013814591913162292
-0.010189147699129595
0.0015965746790870855
0.003547098601599301
0.0018078767507301108
-0.005379726512378952
-0.000110585212700133
-0.002617275159448319
-0.009083383326056812
-0.014040606873903723
-0.05350088529785164
-0.013985649278300006
-4.861839238895373e-05
-0.027692588667819595
-0.013604162587226286
-0.05985462816429617
-0.013809337212788054
0.00033190136039898014
-0.020061721002262323
-0.019111167521458944
-0.006866174460895601
-0.0019075858397442247
-0.0402019981486158
0.0018078767507301108
-0.012639005636736554
-4.861839238895373e-05
-0.03896084233298566
-0.020574832767977703
-0.010815232833656725
-0.021939136646942303
-0.010072004224601501
-0.02741911146674292
-0.015491257246057976
-0.010670279335666666
-0.00810784306494203
-0.01381496104454143
-0.005772111476532319
-0.04330462690626007
-0.0015742531790666435
-0.004053874118566044
-0.010699096357727495
0.017575333754342292
-0.013852723935067493
-0.027442444136120434
-0.0018803713608685445
-0.009119040358696328
-0.0036531559325751473
-0.03331813436638858
-0.03588744554503502
-0.005796164134186377
-0.01810798084797935
0.004402622813181155
-0.017123164806746843
-0.013597522984360915
-0.010763778259944394
-0.0019355303687732296
-0.018561391164183632
-0.000967061746119134
-0.010189147699129595
-0.008084496848966082
-0.005742429863221747
0.003931064852139927
-0.009145051615617258
-0.029516048618323465
-0.0026120749405948054
-0.029516048618323465
-0.04909261734900376
0.013926428271153344
-0.021752412852798685
-0.005379726512378952
0.0043072999970361
-0.0059260950459486955
-0.013597522984360915
0.04781782428541775
-0.018701687742473203
