-0.019483057927807013
0.012945842980484498
-0.03137463995848465
-0.007886655222185244
0.021970021633333805
-0.010601420227196217
-0.05021105508769902
-0.01455200135581759
-0.020853986442599098
-0.009320856776766182
-0.002538647271865771
-0.10162853531188122
0.01880151846623961
-0.037513467115484776
0.002495781383194711
0.007126333468562624
-0.03125964778528218
-0.011810495733939531
-0.0073028525009947364
-0.004931832434237754
-0.06672225677274361
-0.07888868911985222
-0.02535565801928677
0.009942314190587689
0.0005416728651458615
-0.014653739788327019
-0.015031461922413634
-0.03712661811551567
-0.028939264573230716
-0.025022972436470264
-0.10162853531188122
0.01630831363040519
-0.012750489803333829
0.03512090580272141
-0.015031461922413634
-0.05323034464562491
-0.02475040825649997
-0.01455200135581759
-0.01612134455157303
-0.03698767232698131
-0.012939770500518673
0.021464456201405253
-0.008579033330390614
-0.008418280303274432
-0.032506172106009056
-0.013569681257197458
-0.11962894053084758
-0.012939770500518673
-0.05021105508769902
-0.004029453772567194
-0.02963389670155344
-0.027686741630506342
-0.0073028525009947364
-0.04436954199832684
-0.026274373015366493
-0.038593359661026304
-0.037513467115484776
-0.024068786213316946
-0.017160538844842674
0.03512090580272141
-0.015204422999248226
0.0323872460512479
-0.004931832434237754
0.037822846522293924
-0.00727660231841042
-0.019483057927807013
0.009561906266123929
0.07840989389213228
-0.015870635090557417
-0.015204422999248226
0.0675572299492852
-0.006819805931836746
-0.01214366475796516
-0.025935211784201016
-0.017849352357208196
0.0675572299492852
-0.029024015205465204
-0.003916833705712944
0.025533832082749463
-0.015077719198101497
-0.06410829686978413
-0.003273645809206004
-0.017849352357208196
-0.008881932628651504
-0.01455200135581759
-0.010829171349820409
-0.09554925398099129
-0.039233364601288886
-0.015031461922413634
-0.0030830508047348494
-0.020810319851171908
0.009561906266123929
-0.02354559960865729
-0.03137463995848465
-0.00595293960707257
-0.021019988342508934
0.014435787943490335
-0.008579033330390614
-0.009501631833059564
-0.09554925398099129
0.0005416728651458615
-0.019483057927807013
-0.0293216556443384
-0.0037814499481203475
0.021464456201405253
-0.044502424829575025
-0.028502757796832087
-0.02999293770655612
-0.01455200135581759
0.037822846522293924
-0.03943150196718569
0.021055023503349538
-0.02011514825120279
0.01630831363040519
-0.011032815984240656
-0.015225970319273047
-0.016494116018270243
-0.002658553890970762
-0.010456401825178457
-0.007420155804473075
-0.05818842379166707
0.006844627636142315
0.018519103114307333
-0.015031461922413634
-0.0019221526981167629
-0.02475040825649997
-0.012580613677039831
-0.10162853531188122
-0.007420155804473075
0.006844627636142315
-0.03696773412558162
-0.022073763486872875
-0.009320856776766182
-0.007886655222185244
-0.04427169577682557
-0.021641219040186444
-0.022245090099773136
-0.020810319851171908
-0.00727660231841042
-0.028502757796832087
-0.02475040825649997
-0.04835196396456414
-0.015775580289846297
-0.01837013949709927
0.037822846522293924
0.0027439294553212447
-0.0032615537353849573
-0.025622241623599364
-0.03696773412558162
0.05930643879930094
-0.007896662154432207
0.01538914489858989
-0.009501631833059564
-0.06672225677274361
-0.06055942346581073
0.03512090580272141
-0.022889454571870617
0.0005416728651458615
-0.05021105508769902
0.009942314190587689
-0.006381874810618508
0.0001553457653247199
-0.008881932628651504
-0.01214366475796516
-0.03753188296027883
-0.007420155804473075
-0.020810319851171908
0.00030815928020369674
-0.05624729309576647
-0.005632708593165485
0.022173648114055568
-0.008579033330390614
0.00966011291882256
0.0675572299492852
-0.021019988342508934
-0.03125964778528218
-0.05624729309576647
-0.007384305243508334
-0.019873898642594267
0.005350130626254552
-0.02005674848568997
0.025533832082749463
-0.013064698056180893
-0.025022972436470264
-0.08538802875074883
-0.010456401825178457
0.0060047832032433
0.018519103114307333
-0.019873898642594267
-0.015204422999248226
-0.01063534676629031
-0.03438746261028215
-0.007384305243508334
-0.017778971458257804
-0.006819805931836746
0.009942314190587689
-0.07888868911985222
-0.015775580289846297
-0.005766090481803733
-0.022594310093288657
-0.020853986442599098
-0.03125964778528218
-0.012115120340613085
-0.015870635090557417
-0.040563959168898364
0.0240969545207223
-0.03696773412558162
-0.037513467115484776
0.03512090580272141
-0.0028555385836834296
-0.008579033330390614
-0.02354559960865729
-0.040563959168898364
0.023439115646186785
-0.10162853531188122
-0.038593359661026304
0.0323872460512479
-0.02011514825120279
-0.038593359661026304
-0.007384305243508334
0.005350130626254552
-0.021019988342508934
-0.003273645809206004
-0.013325755913003428
-0.044502424829575025
-0.015870635090557417
-0.00727660231841042
-0.04835196396456414
-0.013064698056180893
-0.010601420227196217
0.00012872330533499665
-0.00595293960707257
-0.025022972436470264
-0.025551070364773002
-0.05286055814911313
0.014435787943490335
-0.044226851626692
-0.0019793075689431144
-0.007420155804473075
-0.002092364337207563
-0.012881559751282287
-0.013916553893743197
-0.022073763486872875
-0.0028555385836834296
-0.050401740502563123
-0.11962894053084758
-0.039233364601288886
0.01630831363040519
-0.032506172106009056
-0.007896662154432207
0.021464456201405253
-0.010601420227196217
-0.02005674848568997
0.012904868073364923
-0.025935211784201016
-0.0009949734502774233
0.008437198020543435
-0.039233364601288886
-0.022889454571870617
-0.07990685453724523
-0.017707970580822574
-0.029024015205465204
0.009942314190587689
-0.002658553890970762
0.025533832082749463
-0.0037814499481203475
-0.008418280303274432
-0.006819805931836746
-0.03943150196718569
0.00966011291882256
-0.015870635090557417
-0.027686741630506342
-0.05818842379166707
-0.16013724927836687
-0.015870635090557417
-0.013021713702002533
-0.01214366475796516
-0.07127637147221352
-0.008418280303274432
-0.026274373015366493
-0.017160538844842674
-0.009320856776766182
-0.013569681257197458
-0.04235226008303865
-0.01837013949709927
-0.07127637147221352
-0.015204422999248226
-0.011745530807365546
-0.011032815984240656
-0.03943150196718569
0.0675572299492852
0.07840989389213228
-0.009501631833059564
-0.050401740502563123
-0.015204422999248226
-0.025551070364773002
0.003733461003453829
-0.01063534676629031
0.0027439294553212447
-0.009501631833059564
0.0027439294553212447
0.021055023503349538
0.0240969545207223
-0.02011514825120279
-0.028502757796832087
-0.011705187236275259
-0.013916553893743197
0.0060047832032433
-0.0030830508047348494
-0.022656916155243522
-0.028724929808016025
-0.010014200402092052
-0.01612134455157303
0.0027439294553212447
-0.04835196396456414
-0.011745530807365546
-0.021641219040186444
-0.03137463995848465
-0.008418280303274432
-0.02590716025344641
-0.01612134455157303
-0.02287375328859397
-0.035573392609683674
-0.02590716025344641
-0.00727660231841042
0.03690358136426198
-0.019483057927807013
-0.016762384492574462
-0.008881932628651504
-0.007896662154432207
-0.04235226008303865
-0.04019092905061687
-0.037513467115484776
0.021464456201405253
-0.017849352357208196
-0.03125964778528218
-0.022073763486872875
-0.011810495733939531
-0.06672225677274361
0.007126333468562624
0.0323872460512479
0.006782507444803917
-0.028502757796832087
-0.015243715661494222
-0.02590716025344641
-0.012580613677039831
-0.003273645809206004
-0.012750489803333829
-0.010699725500025107
-0.035573392609683674
-0.015077719198101497
-0.0037814499481203475
-0.011705187236275259
0.01880151846623961
-0.013064698056180893
-0.007896662154432207
-0.004931832434237754
-0.007886655222185244
-0.10446072566853626
-0.01063534676629031
0.0005416728651458615
-0.0028555385836834296
-0.06355603172149185
-0.02214183593695388
-0.008326854306429547
0.002017739193660215
0.006782507444803917
-0.04436954199832684
-0.036267878720483926
0.020667003434021117
-0.040563959168898364
0.03690358136426198
-0.011810495733939531
-0.014653739788327019
-0.07628932914173563
-0.025935211784201016
-0.03698767232698131
-0.013916553893743197
-0.07127637147221352
-0.004029453772567194
-0.044502424829575025
0.0323872460512479
-0.07127637147221352
-0.011745530807365546
-0.029024015205465204
-0.015225970319273047
-0.02354559960865729
0.008437198020543435
0.004439356067562978
-0.09554925398099129
0.009942314190587689
-0.029024015205465204
-0.038593359661026304
0.025533832082749463
-0.04436954199832684
0.006844627636142315
0.01630831363040519
-0.01642284160631725
-0.011725543627013219
0.020667003434021117
-0.003273645809206004
-0.011810495733939531
-0.008579033330390614
0.0027439294553212447
-0.05021105508769902
-0.00727660231841042
-0.007886655222185244
-0.012580613677039831
-0.032506172106009056
0.00030815928020369674
0.0027439294553212447
0.002017739193660215
0.0050134976144823986
-0.032506172106009056
-0.039233364601288886
-0.0293216556443384
-0.024955065402054576
-0.10446072566853626
-0.03753188296027883
-0.006819805931836746
-0.03753188296027883
-0.003273645809206004
-0.005632708593165485
-0.004298064085704414
-0.019873898642594267
-0.07719177456484132
0.002495781383194711
-0.019873898642594267
-0.010456401825178457
0.01538914489858989
-0.010699725500025107
-0.01612134455157303
0.003733461003453829
-0.012750489803333829
-0.02011514825120279
-0.017778971458257804
-0.039233364601288886
-0.035573392609683674
0.07840989389213228
-0.031448820058813505
-0.03712661811551567
-0.0379405550387174
0.012904868073364923
-0.01612134455157303
-0.022889454571870617
-0.01612134455157303
-0.00595293960707257
-0.020853986442599098
-0.03698767232698131
-0.0037814499481203475
-0.02167809563088079
-0.014653739788327019
0.005350130626254552
-0.007886655222185244
-0.003916833705712944
-0.03753188296027883
-0.013064698056180893
-0.02590716025344641
0.0017116693634938087
0.006782507444803917
-0.020810319851171908
-0.039233364601288886
-0.07344400857640374
-0.013021713702002533
-0.02287375328859397
-0.016494116018270243
-0.012939770500518673
-0.05337859010473951
-0.02999293770655612
-0.06672225677274361
0.021055023503349538
0.012904868073364923
0.009942314190587689
-0.032506172106009056
0.018519103114307333
-0.010014200402092052
0.003733461003453829
-0.007896662154432207
-0.025773822004695912
-0.01642284160631725
-0.039233364601288886
-0.0073028525009947364
-0.01455200135581759
-0.050401740502563123
-0.0994850594691391
0.005350130626254552
-0.025622241623599364
0.006782507444803917
-0.01455200135581759
-0.032506172106009056
0.0675572299492852
-0.015243715661494222
-0.03438746261028215
0.003733461003453829
-0.09554925398099129
-0.003549759381664221
-0.03696773412558162
0.021464456201405253
-0.008418280303274432
-0.06055942346581073
-0.06410829686978413
-0.012881559751282287
-0.07888868911985222
0.009561906266123929
-0.017849352357208196
-0.035573392609683674
0.009784992201922351
0.012904868073364923
-0.022594310093288657
-0.02590716025344641
-0.0019221526981167629
0.01880151846623961
0.006844627636142315
-0.012750489803333829
-0.04427169577682557
-0.0379405550387174
-0.03943150196718569
-0.015204422999248226
-0.05818842379166707
-0.012881559751282287
-0.008881932628651504
0.012904868073364923
-0.01953249909278516
-0.015031461922413634
-0.028724929808016025
-0.03137463995848465
-0.0032615537353849573
0.05930643879930094
-0.020810319851171908
-0.03438746261028215
-0.005766090481803733
-0.022889454571870617
-0.019873898642594267
-0.015975637141956146
-0.003549759381664221
-0.02005674848568997
-0.009061410057431713
-0.007896662154432207
0.0240969545207223
0.004439356067562978
-0.025551070364773002
-0.02475040825649997
-0.008881932628651504
-0.00727660231841042
-0.016494116018270243
-0.07888868911985222
-0.0028555385836834296
-0.004931832434237754
0.07840989389213228
-0.02167809563088079
-0.013325755913003428
-0.01155703689117588
-0.0030830508047348494
-0.03929860131334697
-0.02999293770655612
-0.002538647271865771
-0.015870635090557417
-0.011705187236275259
-0.013064698056180893
-0.11962894053084758
0.003733461003453829
-0.039233364601288886
-0.06672225677274361
-0.017160538844842674
-0.025773822004695912
-0.009061410057431713
-0.01155703689117588
-0.021641219040186444
-0.10162853531188122
-0.0728216413644447
0.021464456201405253
-0.044502424829575025
-0.029024015205465204
-0.002092364337207563
-0.017286917285189808
0.018519103114307333
-0.05624729309576647
0.0017116693634938087
0.03512090580272141
-0.002538647271865771
-0.019483057927807013
0.0017116693634938087
-0.016494116018270243
-0.014653739788327019
-0.04019092905061687
-0.01214366475796516
-0.0028555385836834296
0.002495781383194711
0.001482558032086014
0.008038343963771826
-0.04436954199832684
-0.06355603172149185
0.003733461003453829
-0.03125964778528218
-0.01953249909278516
-0.017778971458257804
-0.05021105508769902
-0.028502757796832087
-0.02287375328859397
-0.05323034464562491
-0.013021713702002533
0.006782507444803917
-0.036267878720483926
-0.0037814499481203475
-0.038593359661026304
0.001482558032086014
-0.03696773412558162
-0.013325755913003428
0.0010177144770541471
-0.0019221526981167629
-0.06672225677274361
-0.07888868911985222
-0.03712661811551567
-0.028724929808016025
-0.015870635090557417
0.0027439294553212447
-0.01642284160631725
-0.0032615537353849573
-0.00727660231841042
-0.036372568076320506
-0.015975637141956146
-0.015204422999248226
0.0675572299492852
-0.022073763486872875
0.037822846522293924
-0.02590716025344641
-0.0009949734502774233
-0.010601420227196217
-0.02999293770655612
-0.013064698056180893
0.00966011291882256
-0.028502757796832087
-0.00595293960707257
-0.010699725500025107
-0.03929860131334697
-0.10446072566853626
-0.0994850594691391
-0.0293216556443384
-0.005632708593165485
-0.013064698056180893
-0.031448820058813505
0.01880151846623961
-0.016494116018270243
-0.009320856776766182
-0.039233364601288886
-0.0994850594691391
-0.0293216556443384
-0.02475040825649997
-0.040563959168898364
-0.04235226008303865
-0.03696773412558162
-0.017849352357208196
-0.019873898642594267
-0.012750489803333829
-0.05818842379166707
-0.04235226008303865
-0.02963389670155344
-0.01214366475796516
-0.03389428197666327
-0.01455200135581759
-0.008418280303274432
0.00012872330533499665
-0.015975637141956146
0.0001553457653247199
-0.025551070364773002
0.006782507444803917
0.01630831363040519
-0.02535565801928677
0.05930643879930094
-0.0019793075689431144
-0.10162853531188122
-0.017707970580822574
-0.008326854306429547
0.006844627636142315
-0.0019221526981167629
-0.013325755913003428
-0.036267878720483926
-0.003916833705712944
-0.01837013949709927
-0.013064698056180893
-0.05687302734094607
-0.05323034464562491
-0.015975637141956146
-0.011032815984240656
-0.01642284160631725
-0.07888868911985222
-0.015975637141956146
-0.044226851626692
-0.011032815984240656
-0.05337859010473951
0.008437198020543435
-0.03753188296027883
-0.0037814499481203475
-0.040563959168898364
-0.0293216556443384
0.01538914489858989
0.008038343963771826
0.0050134976144823986
-0.015775580289846297
-0.037513467115484776
-0.007896662154432207
0.0060047832032433
-0.008326854306429547
0.003733461003453829
-0.010699725500025107
-0.039233364601288886
-0.024068786213316946
-0.0009949734502774233
0.00030815928020369674
-0.02005674848568997
-0.02475040825649997
-0.015243715661494222
-0.005269332000144839
0.0027439294553212447
-0.03137463995848465
-0.019483057927807013
-0.003273645809206004
-0.019483057927807013
0.003733461003453829
-0.01837013949709927
-0.012939770500518673
-0.036372568076320506
-0.029024015205465204
-0.022245090099773136
-0.008326854306429547
-0.015260902908291735
-0.040563959168898364
-0.004931832434237754
0.01880151846623961
-0.02011514825120279
-0.002092364337207563
0.006844627636142315
0.018519103114307333
-0.003273645809206004
-0.036372568076320506
-0.03943150196718569
0.00966011291882256
-0.036267878720483926
-0.037513467115484776
-0.0028555385836834296
0.0675572299492852
-0.04019092905061687
-0.02005674848568997
-0.015975637141956146
0.009561906266123929
-0.015975637141956146
0.008038343963771826
-0.017286917285189808
-0.044502424829575025
-0.005269332000144839
-0.013021713702002533
-0.07990685453724523
-0.11962894053084758
-0.011745530807365546
0.07840989389213228
0.0323872460512479
-0.012115120340613085
-0.07719177456484132
0.001482558032086014
-0.04835196396456414
0.014435787943490335
0.03690358136426198
-0.036372568076320506
-0.021019988342508934
0.01880151846623961
-0.019483057927807013
-0.025551070364773002
-0.01837013949709927
0.00030815928020369674
-0.008418280303274432
-0.0728216413644447
0.001482558032086014
-0.003916833705712944
0.0323872460512479
-0.013569681257197458
-0.003916833705712944
-0.02005674848568997
-0.05323034464562491
-0.03125964778528218
-0.01612134455157303
-0.015975637141956146
-0.044226851626692
-0.005269332000144839
-0.015975637141956146
-0.007896662154432207
-0.011725543627013219
-0.11962894053084758
-0.012881559751282287
-0.024955065402054576
0.008038343963771826
0.002017739193660215
0.002017739193660215
-0.015225970319273047
0.0017116693634938087
-0.025935211784201016
-0.022245090099773136
-0.0728216413644447
-0.01455200135581759
-0.02214183593695388
0.0050134976144823986
-0.004931832434237754
-0.025022972436470264
-0.025773822004695912
-0.010014200402092052
-0.01279963092527025
-0.0379405550387174
-0.01455200135581759
0.00030815928020369674
0.01538914489858989
-0.032506172106009056
-0.007420155804473075
-0.10446072566853626
-0.007886655222185244
-0.03438746261028215
0.023439115646186785
-0.0019793075689431144
-0.014653739788327019
-0.029024015205465204
-0.03438746261028215
-0.010014200402092052
-0.11962894053084758
0.020667003434021117
-0.02999293770655612
-0.0030830508047348494
0.03690358136426198
0.00966011291882256
0.006844627636142315
-0.025773822004695912
0.00030815928020369674
-0.07344400857640374
0.0323872460512479
-0.008881932628651504
-0.09542467388978969
0.001482558032086014
-0.002658553890970762
-0.013569681257197458
0.001482558032086014
-0.025622241623599364
-0.02167809563088079
-0.011745530807365546
-0.02005674848568997
-0.03943150196718569
-0.011810495733939531
-0.008881932628651504
-0.01837013949709927
-0.017421133364556772
-0.015031461922413634
-0.017421133364556772
0.00030815928020369674
-0.028502757796832087
-0.006381874810618508
0.00012872330533499665
0.003733461003453829
-0.05337859010473951
-0.028724929808016025
0.03690358136426198
-0.05818842379166707
0.0323872460512479
-0.031448820058813505
-0.016762384492574462
-0.04235226008303865
-0.028502757796832087
-0.002658553890970762
-0.06672225677274361
0.0010177144770541471
-0.015775580289846297
-0.012580613677039831
-0.02535565801928677
-0.16013724927836687
-0.011810495733939531
-0.005632708593165485
-0.010014200402092052
-0.038593359661026304
-0.025773822004695912
-0.0379405550387174
0.021464456201405253
-0.011725543627013219
-0.017160538844842674
-0.005632708593165485
-0.00595293960707257
0.0240969545207223
0.01880151846623961
-0.02214183593695388
-0.017707970580822574
-0.050401740502563123
-0.017421133364556772
-0.04436954199832684
0.0010177144770541471
-0.005269332000144839
-0.005766090481803733
-0.02590716025344641
-0.050401740502563123
0.009942314190587689
-0.004931832434237754
-0.16013724927836687
-0.037513467115484776
-0.013325755913003428
-0.01214366475796516
-0.003549759381664221
-0.04019092905061687
-0.003273645809206004
-0.044502424829575025
-0.020810319851171908
-0.006381874810618508
-0.012580613677039831
-0.08538802875074883
-0.017286917285189808
0.0675572299492852
-0.019483057927807013
-0.04835196396456414
-0.003549759381664221
-0.012115120340613085
-0.0019221526981167629
-0.017160538844842674
-0.0019793075689431144
-0.01214366475796516
0.006782507444803917
-0.07344400857640374
-0.16013724927836687
-0.10446072566853626
-0.0019221526981167629
-0.008418280303274432
-0.04835196396456414
-0.04019092905061687
-0.029024015205465204
-0.0009949734502774233
-0.06672225677274361
-0.05818842379166707
0.08184513297781729
-0.007896662154432207
-0.013064698056180893
-0.038593359661026304
0.021055023503349538
-0.025551070364773002
-0.022073763486872875
0.0027439294553212447
-0.02287375328859397
-0.022073763486872875
-0.09542467388978969
0.01538914489858989
-0.02005674848568997
-0.07990685453724523
0.012945842980484498
-0.05337859010473951
-0.03929860131334697
0.009784992201922351
-0.04019092905061687
-0.07628932914173563
-0.010829171349820409
-0.011725543627013219
-0.027686741630506342
-0.050401740502563123
0.002495781383194711
-0.002538647271865771
-0.021019988342508934
-0.05323034464562491
-0.012881559751282287
-0.017778971458257804
-0.016494116018270243
-0.03137463995848465
-0.032506172106009056
0.021055023503349538
-0.037622624187878435
-0.004298064085704414
-0.08538802875074883
0.0017116693634938087
-0.09554925398099129
-0.037622624187878435
-0.00727660231841042
0.005350130626254552
-0.022245090099773136
-0.0028555385836834296
-0.02535565801928677
-0.06055942346581073
-0.005269332000144839
-0.010456401825178457
-0.004931832434237754
-0.025622241623599364
0.006844627636142315
-0.022073763486872875
-0.05818842379166707
-0.007886655222185244
-0.0073028525009947364
-0.03438746261028215
0.03690358136426198
-0.0028555385836834296
-0.014653739788327019
0.01880151846623961
-0.05286055814911313
0.028956081300475143
-0.05021105508769902
-0.016762384492574462
0.006844627636142315
-0.012750489803333829
0.020667003434021117
0.028956081300475143
-0.01063534676629031
0.01630831363040519
-0.011705187236275259
-0.009320856776766182
