-0.02883740349976023
-0.0926924012902251
-0.0026780589281718515
-0.017321983118790418
-0.01570979760326031
-0.005914146659479558
-0.006126917625041298
-0.031234193299440282
-0.0426256490029631
-0.009681526215392807
-0.015848058686316512
0.002947713145292756
-0.01643659432457505
-0.013270537849420148
-0.017804156213543653
-0.030058892746039553
-0.02192747027652702
-0.008305767452295798
-0.0053877063534078255
-0.03715060990296255
-0.04161453432703995
-0.0028351713145166294
-0.032429396707922935
-0.02900356116299548
-0.023459158067636758
-0.020807109372285294
-0.02068671975454731
-0.02366399661993122
-0.02679303477355906
-0.033957476597730185
-0.03824781008986446
-3.5067623043726015e-05
-0.031234193299440282
-0.005914146659479558
0.01810222677413956
-0.005259096070815779
-0.011650048870412056
-0.015887882917860294
-0.020546728836942682
-0.006335798352885909
-0.016053139133003932
-0.01707331763883209
-0.01795642498321231
-0.02802605669065946
-0.020913745657108674
-0.0033551056882147475
-0.025307286183235966
-0.003146554269369997
-0.01845338973199767
-0.003657558638687636
0.019441140597109396
-0.004813114601836476
-0.0053877063534078255
-0.03538560859683719
-0.03926403247919641
-0.001198097922052515
-0.01872119134919726
-0.02455256620616679
0.010638976909406793
0.018270051008540695
-0.06058822953536628
-0.001198097922052515
-0.013845722462680142
-0.022584812367161006
-0.03687196937956948
-0.014183454898059621
-0.014916854670414788
-0.023639731129715853
-0.001329531610511916
-0.006682766918192015
-0.014360298333463627
-0.008305767452295798
-0.0018921650133270807
-0.0028351713145166294
-0.022584812367161006
-0.01806991660458014
0.011825203362467751
-0.004507697644723325
-0.03715060990296255
-0.002267308291802659
-0.00284110552146009
-0.006431384381760452
-0.009587268800111235
-0.005172654434638963
-0.005259096070815779
-0.01753716044140479
-0.011314063502328655
0.006839910550752897
-0.06058822953536628
-0.01050580662591967
-0.02170446862356552
-0.027448315885730733
-0.04546977806821656
-0.03728573780000599
-0.014223222273420657
-0.012486449305122447
0.015730236516902685
-0.011229755033913602
-0.02170446862356552
-0.04515695531479855
-0.012001590356895617
-0.00016964119413262902
-0.013270537849420148
-0.013845722462680142
-0.026869302142778287
-0.013646937318933985
-0.017861255793822677
-0.01050580662591967
-0.03412506396492128
-0.028915946582911828
-0.006682766918192015
-0.04618554623573838
0.0005806121919453648
-0.0159731018305436
-0.004248758200484784
-0.0021724981297707256
-0.01696671772629339
-0.029880102328679322
0.0022953833196787455
-0.035628540927239744
-0.008826137266253626
-0.08968132738318446
-0.014916854670414788
-0.0020133215886671647
-0.047906262596524335
-0.012486449305122447
-0.02331866782189479
-0.09947621550315369
-0.01570979760326031
-0.03861175870691178
-0.02836054160558557
-0.05777621995993214
0.003637348936963502
0.001910535688484435
-0.025172547348548287
-0.036463644552725015
-0.004969854677292702
-0.01745905880491224
-0.009587268800111235
-0.029655402627278327
-0.02192747027652702
-0.018962565765287303
-0.006431384381760452
0.002947713145292756
-0.008642965562340316
-0.01050580662591967
-0.010967528479147757
-0.004783496551917322
-0.01050580662591967
-0.052279544679311674
-0.015980462078600294
-0.0029168745752131205
-0.053398542944622984
-0.02068671975454731
0.005780770612886927
-0.02327387891341346
-0.015980462078600294
-0.01806991660458014
-0.017804156213543653
-0.007361360265841489
-0.050643311324330115
-0.06091850760335215
-0.02892140672079919
-0.010916613943041293
-0.006806164092034915
-0.003592324031442434
0.01719851957861242
0.04167018900881003
-0.02802605669065946
-0.015887882917860294
-0.00637212992319069
-0.027448315885730733
-0.013270537849420148
-0.041524610997192624
-0.015129363549607736
-0.0018921650133270807
0.0038923512410285912
-0.017537164548904208
-0.006017785642505049
0.002222223361286849
-0.007103676579347753
-0.015887882917860294
0.01810222677413956
0.014997945086104546
-0.03570703865716398
-0.0046016235210206355
-0.0029168745752131205
-0.03654433027414943
-0.016013701785319433
-0.0381152788551278
0.0002722367084444801
-0.03654433027414943
-0.03412506396492128
-0.0926924012902251
0.004182917795718126
-0.001200541894728073
-0.09947621550315369
-0.022780384821174365
-0.04546977806821656
-0.01570979760326031
0.019768263073100457
-0.06058822953536628
-0.020807109372285294
-0.09760418852498115
-0.020913745657108674
-0.008804892241898706
-0.018409171534831827
-0.031234193299440282
0.015342468280479667
-0.039099692606149566
-0.013646937318933985
-0.04698109945584036
-0.019164754113720185
-0.04038411340930737
-0.013897261603871839
-0.03715060990296255
-0.018962565765287303
-0.0018040867547118378
-0.006682766918192015
-0.01707331763883209
-0.012133391488503195
-0.05139749018580551
-0.012302082769353366
0.01719851957861242
-0.003146554269369997
-0.0036481196288186543
0.0019492392080038415
-0.004571979415549843
0.004286408652555338
0.020073272827468448
-0.06592930393965428
-0.02170446862356552
-0.021441132068477507
0.00704786377558948
0.002083883988635038
-0.019900080023472492
-0.05777621995993214
-0.01394858081345355
-0.008942420775202112
0.006715166679865223
-0.006126917625041298
-0.00016964119413262902
-0.015980462078600294
0.014997945086104546
-0.0016950915046191359
-0.002691120483032787
-0.011229755033913602
0.001910535688484435
-0.03901260240116982
-0.02342829579492302
-0.009587268800111235
-0.0016950915046191359
-0.023639731129715853
-0.013065084390942517
-0.06431263790322293
-0.020499522271581368
-0.029655402627278327
-0.021473559341760776
-0.09760418852498115
0.015730236516902685
0.04167018900881003
-0.01845338973199767
-3.5067623043726015e-05
-0.05139749018580551
-0.02900356116299548
-0.0036481196288186543
0.007959213032690452
-0.008176411986352904
0.04167018900881003
-0.06697069646911892
-0.013208395867005127
-0.0026780589281718515
0.014256472063530524
0.0869154037520313
-0.004813114601836476
-0.014673268981499505
-0.013646937318933985
0.012378637202357233
-0.03867936509462646
0.00019875290025753322
-0.03867936509462646
-0.008305767452295798
-0.0027802370796252904
-0.019164754113720185
-0.007103676579347753
-0.003592324031442434
0.002412725340755552
-0.013270537849420148
0.0002722367084444801
-0.02329874482827442
-0.06091850760335215
0.019223484517524515
0.025917578761342788
-0.00646591277022205
-0.011988137057726703
-0.007103676579347753
-0.036463644552725015
-0.016013701785319433
-0.06587398212204847
0.006839910550752897
-0.01394858081345355
-0.018962565765287303
-0.010345290181273809
0.002083883988635038
-0.026869302142778287
-0.024010648830555394
-0.05139749018580551
0.013679562868391639
-0.004813114601836476
-0.006682766918192015
-0.03654433027414943
-0.0081195838010906
-0.044378404500205165
-0.04717184763014867
0.008819824975015931
-0.00932885303324594
-0.016463742763770488
-0.013485304034355296
-0.022324298927000975
-0.020913745657108674
-0.00637212992319069
-0.011988137057726703
-0.0028351713145166294
-0.05996725719268957
-0.09947621550315369
-0.02194428122978473
0.005876416983163361
-0.03597444562172801
-0.010916613943041293
-0.011580210149936241
-0.03687196937956948
-0.018372865229448417
-0.007361360265841489
-0.03597444562172801
-0.050643311324330115
0.015342468280479667
0.008710475788860987
-0.02342829579492302
0.008422450378061625
-0.006335798352885909
-0.002223916972138851
-0.017836680189322083
-0.0029168745752131205
-0.0033551056882147475
0.000645983818617729
-0.025873222128804003
0.014256760496315114
0.019768263073100457
0.0002722367084444801
-0.014916854670414788
0.0016576447286116597
-0.0012102260147573904
-0.02836054160558557
-0.03654433027414943
-0.022677694936214778
-0.0018040867547118378
0.002412725340755552
-0.02679303477355906
-0.00646591277022205
-0.0502306996827687
0.002947713145292756
-0.007778179643629784
-0.003657558638687636
-0.02836054160558557
-0.02536871717910265
-0.032429396707922935
-0.03837729856046723
-0.021744574002998444
-0.005293427029637203
-0.016053139133003932
-0.044378404500205165
-0.001329531610511916
0.008710475788860987
-0.01753716044140479
-0.036463644552725015
-0.022584812367161006
-0.007270773207929564
-0.014183454898059621
-0.015609181530414434
-0.01707331763883209
-0.027448315885730733
-0.12050686220357813
-0.006806164092034915
-0.005835937501047347
-0.001200541894728073
-3.5067623043726015e-05
-0.030058892746039553
-0.005172654434638963
-0.012133391488503195
-0.010345290181273809
-0.012589235070368065
-0.04176385033458736
0.0038923512410285912
-0.00701084502948234
-0.022324298927000975
-0.029729927940277873
-0.01050580662591967
-0.006682766918192015
-0.04868530413801202
-0.003592324031442434
-0.0502306996827687
-0.02194428122978473
-0.00589337397182579
0.0016576447286116597
-0.017903223697554767
-0.03570703865716398
-0.012001590356895617
-0.016781407891614752
-0.01570979760326031
-0.006126917625041298
-0.01126959858301002
-0.006580085179003369
-0.014916854670414788
0.0022953833196787455
-0.0028351713145166294
-0.001198097922052515
-0.0081195838010906
-0.03728573780000599
-0.029729927940277873
-0.0926924012902251
-0.05316025666199058
-0.00932885303324594
-0.0004337413413226344
-0.0036481196288186543
0.019441140597109396
-0.014223222273420657
-0.012486449305122447
0.009694091881871422
-0.0325186513191629
-0.013065084390942517
0.0019492392080038415
-0.003592324031442434
-0.004363223255648868
-0.02536871717910265
-0.009550209691183986
-0.041524610997192624
-0.0381152788551278
-0.004672702863978068
0.020073272827468448
-0.018962565765287303
-0.008413159066705807
0.009694091881871422
-0.012589235070368065
-0.0033894417492797836
0.014256760496315114
-0.002330947490373171
-0.006017785642505049
-0.015887882917860294
-0.015514546909482481
-0.005293427029637203
-3.5067623043726015e-05
-0.007270773207929564
-0.047906262596524335
-0.015848058686316512
-0.03654433027414943
0.003637348936963502
-0.015514546909482481
-0.04618554623573838
-0.0426256490029631
-0.012025444834244283
-0.008642965562340316
-0.041524610997192624
-0.03536903081978622
-0.00701084502948234
0.0869154037520313
-0.011580210149936241
-0.03134766651522512
-0.006682766918192015
0.01241029052027026
-0.00932885303324594
-0.02068671975454731
-0.011580210149936241
-0.0026780589281718515
-0.005835937501047347
0.014460102156509284
-0.006335798352885909
-0.004421446467098593
-0.03867936509462646
-0.04698109945584036
-0.04161453432703995
-0.021385918470514048
0.019441140597109396
-0.009681526215392807
-0.00046472614592783253
-0.01866231252279824
-0.004248758200484784
-0.018372865229448417
-0.06810422306218356
-0.014646676881527642
-0.08968132738318446
-0.01745905880491224
-0.022677694936214778
-0.012589235070368065
-0.006964531700528141
-0.024317315414052673
-0.006682766918192015
0.04150001297349004
-0.05640139523888259
-0.005914146659479558
-0.01866231252279824
-0.011281911699025544
-0.014223222273420657
0.014256760496315114
-0.007270773207929564
-0.009339766419676132
-0.011281911699025544
-0.018221460098100557
0.001910535688484435
-0.014673268981499505
-0.017321983118790418
-0.02170446862356552
-0.0026780589281718515
-0.01795642498321231
-0.04665336101265848
-0.005259096070815779
-0.01967372642206404
-0.09947621550315369
0.02239822350309896
-0.019164754113720185
-0.025172547348548287
-0.008176411986352904
-0.014183454898059621
0.015342468280479667
-0.010464690329061237
-0.015887882917860294
-0.0046016235210206355
-0.0926924012902251
-0.021473559341760776
-0.02970834199224198
-0.024317315414052673
-0.016463742763770488
-0.03824781008986446
0.0196539581092936
0.014460102156509284
-0.017836680189322083
-0.023653296192718394
0.01241029052027026
-0.030372109937714886
-0.023459158067636758
-0.013747071080936767
-0.013646937318933985
0.002947713145292756
0.010638976909406793
-0.024010648830555394
-0.04546977806821656
-0.012486449305122447
-0.022780384821174365
-0.03861175870691178
-0.01866231252279824
-0.007270773207929564
-0.0325186513191629
0.007268083961055487
-0.006126917625041298
-0.061800042457705956
0.001774727234937854
-0.004969854677292702
-0.01090834281436632
-0.02329874482827442
-0.00016964119413262902
0.00019875290025753322
0.009694091881871422
0.01810222677413956
-0.0018040867547118378
-0.006806164092034915
-0.03926403247919641
-0.0029168745752131205
0.0002584711878142216
0.013679562868391639
-0.00016964119413262902
-0.0016205451923550572
0.013679562868391639
-0.03861175870691178
-0.004672702863978068
-0.06058822953536628
-0.007103676579347753
-0.01866231252279824
-0.008826137266253626
-0.010464690329061237
-0.01866231252279824
-0.09947621550315369
-0.01696671772629339
-0.025873222128804003
0.014256472063530524
-0.04665336101265848
-0.06697069646911892
-0.06697069646911892
-0.002691120483032787
-0.05316025666199058
-0.001477028433872686
-0.03824781008986446
0.0002584711878142216
-0.03597444562172801
-0.029655402627278327
-0.023653296192718394
-0.02194428122978473
0.002222223361286849
-0.014916854670414788
-0.05156777352966087
-0.00646591277022205
-0.03597444562172801
-0.008176411986352904
-0.0027802370796252904
-0.0053877063534078255
-0.012302082769353366
-0.05139749018580551
-0.002267308291802659
-0.04515695531479855
-0.08968132738318446
0.002083883988635038
-0.0016950915046191359
-0.002267308291802659
-0.05996725719268957
-0.01090834281436632
-0.06592930393965428
-0.022324298927000975
0.0038923512410285912
-0.008642965562340316
-0.023459158067636758
-0.008176411986352904
-0.018409171534831827
-0.003657558638687636
0.017102173421186473
0.009694091881871422
-0.02192747027652702
-0.0016205451923550572
0.009694091881871422
0.002671251974329181
-0.03861175870691178
0.00704786377558948
-0.001200541894728073
-0.024317315414052673
-0.012630905800243805
-0.06091850760335215
-0.03538560859683719
-0.07395157198354588
-0.010209400849179338
-0.008176411986352904
-0.041524610997192624
-0.00046472614592783253
-0.013485304034355296
-0.006017785642505049
-0.021441132068477507
-0.04161453432703995
-0.018409171534831827
0.019223484517524515
0.004182917795718126
-0.031234193299440282
-0.0017627423119963574
-0.020913745657108674
0.016041424503627402
-0.023936571422196292
-0.02900356116299548
-0.013311514164083426
-0.09760418852498115
-0.01872119134919726
-0.05996725719268957
-0.008413159066705807
-0.024010648830555394
-0.02194428122978473
-0.00646591277022205
-0.01570979760326031
-0.06431263790322293
-0.01074265409043895
-0.01872119134919726
-0.06587398212204847
-0.027448315885730733
-0.0018040867547118378
0.00596336261470358
-0.012630905800243805
0.004286408652555338
-0.0033894417492797836
-0.02970834199224198
-0.010464690329061237
0.013038824778738385
-0.039099692606149566
-0.009587268800111235
-0.023653296192718394
-0.013311514164083426
-0.01967372642206404
-0.012589235070368065
0.019441140597109396
-0.022780384821174365
-0.013646937318933985
-0.006126917625041298
-0.044378404500205165
-0.02247906114801568
-0.006580085179003369
-0.050643311324330115
-0.0926924012902251
-0.006964531700528141
0.01810222677413956
-0.01074265409043895
-0.029880102328679322
-0.08968132738318446
0.019441140597109396
-0.04717184763014867
-0.023936571422196292
-0.013311514164083426
0.0869154037520313
-0.022677694936214778
-0.0029168745752131205
0.01810222677413956
-0.022780384821174365
-0.0016950915046191359
-0.005914146659479558
-0.04161453432703995
-0.09947621550315369
-0.006682766918192015
-0.008413159066705807
-0.01643659432457505
-0.004248758200484784
-0.047906262596524335
-0.015887882917860294
-0.03538560859683719
-0.0381152788551278
-0.047906262596524335
0.017102173421186473
-0.01795642498321231
-0.03861175870691178
-0.015499294665432775
-0.013485304034355296
-0.012468638937916728
-0.0012102260147573904
-0.022780384821174365
-0.019900080023472492
-0.010967528479147757
-0.05640139523888259
-0.025873222128804003
-0.00932885303324594
-0.02581043874436578
-0.021744574002998444
-0.00637212992319069
-0.02678976331545196
-0.06091850760335215
-0.012948203612512374
-0.014360298333463627
-0.0081195838010906
-0.02342829579492302
-0.02678976331545196
-0.03412506396492128
-0.026869302142778287
-0.03824781008986446
-0.012486449305122447
-0.0033551056882147475
-0.061800042457705956
-0.012133391488503195
-0.023459158067636758
-0.020807109372285294
-0.04161453432703995
-0.05139749018580551
0.0005172113773843658
-0.002267308291802659
-0.012486449305122447
0.002083883988635038
-0.0018040867547118378
-0.026641131893393323
-0.01845338973199767
0.004182917795718126
-0.023459158067636758
-0.04698109945584036
-0.020499522271581368
-0.0036481196288186543
-0.037716879383862964
0.01719851957861242
-0.02331866782189479
-0.015129363549607736
0.004286408652555338
-0.021473559341760776
0.0005172113773843658
-0.015609181530414434
-0.022584812367161006
-0.0005381211562040388
-0.0021724981297707256
-0.007314109637940066
-0.0004337413413226344
0.007268083961055487
-0.006806164092034915
0.000645983818617729
-0.022780384821174365
-0.01753716044140479
-0.0029168745752131205
-0.06697069646911892
-0.03538560859683719
-0.015887882917860294
-0.007778179643629784
0.0036194615865971554
-0.005563875889283899
0.0019492392080038415
0.006715166679865223
-0.002223916972138851
-0.0004337413413226344
-0.007361360265841489
0.005780770612886927
-0.009295264815580592
-0.022584812367161006
-0.0325186513191629
-0.012025444834244283
-0.006126917625041298
-0.010345290181273809
0.014256472063530524
0.013038824778738385
-0.019164754113720185
-0.013845722462680142
-0.0005381211562040388
0.0022953833196787455
-0.044378404500205165
-0.008942420775202112
-0.00046472614592783253
-0.015848058686316512
-0.030372109937714886
0.007959213032690452
-0.007361360265841489
0.014256472063530524
0.0869154037520313
-0.016781407891614752
-0.00637212992319069
-0.00016964119413262902
-0.010967528479147757
-0.02900356116299548
0.018270051008540695
-0.004363223255648868
-0.03824781008986446
-0.009681526215392807
-0.036463644552725015
-0.004248758200484784
0.003637348936963502
-0.02455256620616679
-0.02331866782189479
-0.006784664747350584
-0.03926403247919641
-0.01394858081345355
-0.003592324031442434
-0.02329874482827442
-0.008804892241898706
0.014818869027836995
-0.022780384821174365
-0.0021724981297707256
-0.0017310288413224888
-0.04176385033458736
-0.02672899857246509
0.007959213032690452
-0.013065084390942517
-3.5067623043726015e-05
-0.011314063502328655
-0.02900356116299548
0.00704786377558948
-0.0029168745752131205
-0.004248758200484784
-0.0026780589281718515
-0.008804892241898706
0.008819824975015931
-0.016781407891614752
-0.0081195838010906
-0.004672702863978068
0.017102173421186473
-0.04161453432703995
-0.012486449305122447
-0.026641131893393323
-0.00589337397182579
-0.0046016235210206355
0.014460102156509284
-0.015514546909482481
-0.0005381211562040388
0.0005806121919453648
-0.0012102260147573904
0.007268083961055487
-0.021385918470514048
0.00596336261470358
-0.013897261603871839
-0.015118777050422536
-0.04038411340930737
-0.003146554269369997
-0.004672702863978068
0.0002722367084444801
-0.04665336101265848
-0.005259096070815779
-0.020913745657108674
-0.02802605669065946
-0.004507697644723325
0.019441140597109396
-0.004421446467098593
-0.02536871717910265
-0.04717184763014867
-0.002691120483032787
-0.03597444562172801
-0.047906262596524335
-0.01414982345214174
-0.016053139133003932
0.001910535688484435
-0.006806164092034915
0.008422450378061625
-0.00046472614592783253
-0.052279544679311674
-0.0023866110400574
-0.0036481196288186543
-0.041114675299072825
-0.00016964119413262902
-0.006964531700528141
-0.004363223255648868
-0.012133391488503195
0.013679562868391639
-0.017836680189322083
-0.03867936509462646
-0.015887882917860294
-0.03654433027414943
0.004286408652555338
-0.011656271971341857
0.004286408652555338
-0.001200541894728073
-0.019230534493256828
-0.01090834281436632
0.003637348936963502
-0.0020133215886671647
-0.006682766918192015
-0.00046472614592783253
-0.0191939412230998
-0.008305767452295798
-0.0426256490029631
-0.002330947490373171
-0.04176385033458736
-0.016053139133003932
0.001910535688484435
-0.006682766918192015
-0.002267308291802659
-0.005172654434638963
0.006715166679865223
-0.012468638937916728
-0.011229755033913602
0.002222223361286849
-0.04038411340930737
-0.0426256490029631
0.0038923512410285912
0.00019875290025753322
-0.009295264815580592
-0.03536903081978622
-0.0191939412230998
-0.02247906114801568
-0.029880102328679322
-0.00016964119413262902
-0.015887882917860294
-0.018221460098100557
-0.004363223255648868
-0.03867936509462646
-0.021441132068477507
-0.08968132738318446
-0.05640139523888259
-0.004672702863978068
-0.01050580662591967
-0.004571979415549843
0.0002584711878142216
0.014818869027836995
-0.01982540215723241
-0.007234499857254816
-0.020807109372285294
-0.0005381211562040388
-0.003657558638687636
-0.022780384821174365
-0.0036481196288186543
-0.039099692606149566
-0.002267308291802659
-0.011314063502328655
-0.010878373452539917
-0.0027802370796252904
0.0022953833196787455
-0.0033551056882147475
0.0002584711878142216
-0.013311514164083426
-0.0005225140374234942
-0.011988137057726703
-0.020546728836942682
-0.0036481196288186543
-0.013646937318933985
-0.006784664747350584
-0.011580210149936241
-0.007103676579347753
-0.0033551056882147475
-0.01745905880491224
-0.02581043874436578
-0.030058892746039553
-0.013311514164083426
0.04150001297349004
-0.006580085179003369
-0.0020133215886671647
-0.00693562158639066
-3.5067623043726015e-05
-0.05429554566910568
-0.02329874482827442
-0.004248758200484784
-0.0004337413413226344
-0.02331866782189479
-0.018409171534831827
-0.0326310136625917
-0.025172547348548287
-0.004421446467098593
-0.008305767452295798
-0.015499294665432775
-0.02329874482827442
0.0869154037520313
-0.002330947490373171
-0.030058892746039553
