-0.044938190017578115
-0.04499691619985629
-0.028305095639704667
0.004380788752103029
-0.05831400968167236
-0.005125682126880917
-0.05543440944761972
-0.019342923681463415
0.0068002092082807076
-0.09533118672281933
-0.007574920044012131
-0.004271650460460706
-0.03179195304019851
-0.04446669474030982
-0.004271650460460706
-0.09533118672281933
-0.000774808466827095
-0.005304218142147938
-0.01872752330137953
0.008014809536845207
-0.04499691619985629
-0.02640791284500652
-0.004271650460460706
-0.015531102638079705
-0.05543440944761972
-0.04499691619985629
-0.029900384038398474
0.0068002092082807076
-0.02387311480916481
0.00917909664488538
-0.01872752330137953
-0.05043120013167699
0.004380788752103029
-0.03179195304019851
-0.02387311480916481
-0.09533118672281933
-0.04446669474030982
-0.019342923681463415
-0.0470977412700432
-0.02708310724590218
-0.09533118672281933
-0.029900384038398474
-0.01870186375246108
-0.015531102638079705
-0.03179195304019851
-0.05043120013167699
0.004380788752103029
-0.06074519983106137
-0.000774808466827095
-0.07430289959857739
-0.07399127014539819
-0.05543440944761972
-0.01870186375246108
0.004380788752103029
-0.005125682126880917
0.008014809536845207
-0.06780023679163555
-0.004271650460460706
-0.005125682126880917
-0.03179195304019851
-0.034927603048528315
-0.04499691619985629
-0.03179195304019851
-0.01633260853173374
-0.004271650460460706
-0.005125682126880917
0.0068002092082807076
-0.02640791284500652
-0.019342923681463415
-0.01870186375246108
-0.04499691619985629
0.008014809536845207
-0.05543440944761972
0.0068002092082807076
-0.005125682126880917
-0.034927603048528315
-0.02335858270922848
-0.06074519983106137
-0.06780023679163555
-0.019342923681463415
-0.01633260853173374
-0.03727354192569182
-0.01872752330137953
-0.05043120013167699
-0.044938190017578115
-0.07399127014539819
0.0068002092082807076
-0.07430289959857739
-0.01295329551919996
-0.07399127014539819
-0.015531102638079705
0.004380788752103029
-0.000774808466827095
-0.028305095639704667
-0.04499691619985629
-0.007574920044012131
-0.029900384038398474
-0.03082347739991417
-0.004271650460460706
-0.054348641763400755
-0.09533118672281933
-0.000774808466827095
-0.022956377683931016
0.008014809536845207
-0.044938190017578115
-0.05043120013167699
-0.029900384038398474
-0.05543440944761972
-0.07430289959857739
-0.07430289959857739
-0.05831400968167236
-0.02387311480916481
-0.054348641763400755
-0.05043120013167699
-0.07430289959857739
-0.01633260853173374
-0.005304218142147938
-0.019342923681463415
-0.01872752330137953
-0.047365770010134006
-0.022956377683931016
-0.005125682126880917
0.008014809536845207
-0.015531102638079705
0.008014809536845207
-0.054348641763400755
-0.01633260853173374
0.00917909664488538
-0.005125682126880917
-0.06074519983106137
-0.04446669474030982
-0.03082347739991417
-0.06074519983106137
-0.01295329551919996
-0.02335858270922848
-0.04499691619985629
-0.09533118672281933
-0.02640791284500652
-0.028305095639704667
-0.028305095639704667
0.004380788752103029
-0.02387311480916481
-0.07399127014539819
-0.005304218142147938
-0.03082347739991417
-0.06780023679163555
-0.01872752330137953
-0.07430289959857739
-0.04499691619985629
-0.04446669474030982
-0.019342923681463415
-0.01870186375246108
-0.02708310724590218
-0.05043120013167699
-0.054348641763400755
-0.03179195304019851
-0.02335858270922848
0.0068002092082807076
-0.02708310724590218
-0.015531102638079705
-0.004271650460460706
-0.015531102638079705
-0.06074519983106137
-0.015531102638079705
-0.03082347739991417
-0.06074519983106137
-0.06074519983106137
-0.01633260853173374
-0.02335858270922848
-0.01870186375246108
-0.05543440944761972
-0.09533118672281933
-0.022956377683931016
-0.034927603048528315
-0.02640791284500652
-0.007574920044012131
-0.029900384038398474
-0.06780023679163555
-0.03727354192569182
-0.034927603048528315
-0.02335858270922848
-0.05831400968167236
-0.005304218142147938
-0.03727354192569182
-0.02335858270922848
-0.04446669474030982
-0.01870186375246108
-0.015531102638079705
-0.02387311480916481
-0.07430289959857739
-0.01872752330137953
-0.01295329551919996
-0.06780023679163555
-0.005125682126880917
-0.01870186375246108
-0.03179195304019851
-0.01872752330137953
-0.04499691619985629
-0.03727354192569182
-0.03179195304019851
-0.01295329551919996
0.00917909664488538
-0.01870186375246108
-0.000774808466827095
-0.007574920044012131
-0.01870186375246108
0.008014809536845207
-0.02708310724590218
-0.03179195304019851
-0.01870186375246108
-0.09533118672281933
-0.02708310724590218
0.004380788752103029
0.00917909664488538
0.004380788752103029
-0.01295329551919996
-0.005125682126880917
0.004380788752103029
-0.007574920044012131
-0.028305095639704667
-0.02387311480916481
-0.07399127014539819
-0.05043120013167699
-0.044938190017578115
-0.03727354192569182
-0.019342923681463415
-0.02387311480916481
-0.05543440944761972
0.00917909664488538
-0.000774808466827095
-0.005125682126880917
-0.03179195304019851
-0.02387311480916481
-0.02335858270922848
0.00917909664488538
-0.005125682126880917
-0.07430289959857739
-0.028305095639704667
-0.03179195304019851
-0.01872752330137953
-0.004271650460460706
-0.04446669474030982
-0.004271650460460706
-0.005304218142147938
-0.06074519983106137
-0.07430289959857739
-0.044938190017578115
-0.03082347739991417
-0.01633260853173374
-0.05543440944761972
-0.03082347739991417
-0.03727354192569182
-0.09533118672281933
-0.07430289959857739
-0.000774808466827095
-0.01872752330137953
-0.02387311480916481
0.004380788752103029
-0.02335858270922848
-0.0470977412700432
-0.07399127014539819
0.004380788752103029
-0.07430289959857739
-0.029900384038398474
-0.03727354192569182
-0.02708310724590218
0.00917909664488538
-0.004271650460460706
0.008014809536845207
-0.06074519983106137
-0.06780023679163555
0.00917909664488538
-0.03727354192569182
-0.02708310724590218
-0.0470977412700432
-0.06074519983106137
-0.02708310724590218
0.00917909664488538
-0.03179195304019851
0.0068002092082807076
-0.019342923681463415
-0.01872752330137953
-0.03179195304019851
-0.015531102638079705
-0.04499691619985629
-0.029900384038398474
-0.015531102638079705
0.0068002092082807076
-0.05043120013167699
-0.01633260853173374
-0.004271650460460706
-0.019342923681463415
-0.09533118672281933
-0.03082347739991417
0.004380788752103029
-0.02387311480916481
-0.054348641763400755
0.004380788752103029
-0.044938190017578115
-0.02387311480916481
-0.01870186375246108
-0.01633260853173374
-0.04446669474030982
-0.01872752330137953
-0.015531102638079705
-0.015531102638079705
-0.01633260853173374
-0.01633260853173374
-0.047365770010134006
-0.034927603048528315
-0.03082347739991417
-0.02387311480916481
-0.028305095639704667
-0.05543440944761972
-0.06780023679163555
-0.01870186375246108
-0.04446669474030982
-0.054348641763400755
-0.02387311480916481
-0.02387311480916481
-0.034927603048528315
0.00917909664488538
-0.03727354192569182
-0.022956377683931016
0.008014809536845207
-0.06074519983106137
-0.034927603048528315
-0.015531102638079705
-0.09533118672281933
-0.07430289959857739
0.008014809536845207
-0.01870186375246108
-0.054348641763400755
-0.02335858270922848
-0.02335858270922848
-0.02640791284500652
-0.07399127014539819
-0.005304218142147938
-0.07399127014539819
-0.01872752330137953
-0.02387311480916481
-0.028305095639704667
-0.019342923681463415
-0.028305095639704667
-0.07430289959857739
-0.0470977412700432
-0.05831400968167236
0.0068002092082807076
-0.01870186375246108
-0.09533118672281933
0.0068002092082807076
-0.09533118672281933
-0.01870186375246108
-0.06074519983106137
-0.02387311480916481
-0.07430289959857739
0.0068002092082807076
-0.02387311480916481
-0.01633260853173374
-0.005125682126880917
-0.005304218142147938
-0.028305095639704667
-0.019342923681463415
-0.044938190017578115
-0.054348641763400755
-0.01872752330137953
-0.03179195304019851
-0.03179195304019851
-0.005304218142147938
-0.05543440944761972
-0.004271650460460706
-0.02335858270922848
-0.007574920044012131
-0.05543440944761972
-0.054348641763400755
-0.01633260853173374
-0.01295329551919996
0.004380788752103029
-0.000774808466827095
-0.005304218142147938
-0.09533118672281933
-0.005125682126880917
-0.044938190017578115
-0.04499691619985629
-0.005125682126880917
-0.05831400968167236
-0.05043120013167699
0.008014809536845207
-0.005304218142147938
-0.04499691619985629
-0.047365770010134006
-0.044938190017578115
-0.01295329551919996
-0.0470977412700432
0.008014809536845207
-0.07430289959857739
-0.05043120013167699
-0.007574920044012131
-0.029900384038398474
-0.005125682126880917
-0.02335858270922848
-0.000774808466827095
-0.022956377683931016
-0.02335858270922848
0.0068002092082807076
-0.06780023679163555
-0.07399127014539819
-0.007574920044012131
-0.01870186375246108
-0.09533118672281933
-0.04446669474030982
-0.028305095639704667
-0.01870186375246108
-0.005304218142147938
-0.01633260853173374
-0.05831400968167236
0.008014809536845207
0.0068002092082807076
-0.000774808466827095
-0.004271650460460706
-0.01872752330137953
-0.03179195304019851
-0.05831400968167236
-0.02335858270922848
-0.028305095639704667
-0.007574920044012131
0.008014809536845207
-0.028305095639704667
0.004380788752103029
0.008014809536845207
-0.02335858270922848
-0.02708310724590218
-0.005304218142147938
-0.029900384038398474
-0.0470977412700432
-0.028305095639704667
-0.04446669474030982
-0.044938190017578115
-0.06780023679163555
-0.019342923681463415
-0.044938190017578115
-0.02335858270922848
-0.07430289959857739
-0.03727354192569182
-0.03727354192569182
-0.015531102638079705
-0.02708310724590218
-0.054348641763400755
-0.02335858270922848
-0.007574920044012131
-0.005304218142147938
-0.01870186375246108
0.0068002092082807076
-0.05831400968167236
-0.047365770010134006
-0.047365770010134006
0.004380788752103029
-0.005125682126880917
-0.07430289959857739
-0.005125682126880917
-0.07399127014539819
-0.09533118672281933
0.00917909664488538
-0.044938190017578115
-0.034927603048528315
-0.03082347739991417
-0.06780023679163555
-0.01872752330137953
-0.01870186375246108
-0.01633260853173374
-0.01633260853173374
-0.09533118672281933
-0.04446669474030982
-0.09533118672281933
-0.01870186375246108
-0.01870186375246108
-0.01633260853173374
-0.029900384038398474
-0.02708310724590218
-0.054348641763400755
-0.004271650460460706
-0.05543440944761972
-0.000774808466827095
-0.02708310724590218
0.008014809536845207
-0.03082347739991417
0.0068002092082807076
-0.03179195304019851
-0.022956377683931016
-0.047365770010134006
-0.022956377683931016
-0.09533118672281933
-0.007574920044012131
-0.07430289959857739
-0.015531102638079705
-0.05043120013167699
-0.034927603048528315
-0.004271650460460706
-0.007574920044012131
-0.02335858270922848
-0.03727354192569182
-0.034927603048528315
-0.09533118672281933
-0.000774808466827095
-0.05043120013167699
-0.047365770010134006
-0.05043120013167699
0.004380788752103029
0.0068002092082807076
-0.047365770010134006
0.004380788752103029
-0.03727354192569182
0.004380788752103029
-0.02640791284500652
-0.015531102638079705
-0.03727354192569182
-0.02708310724590218
-0.01633260853173374
-0.005304218142147938
-0.044938190017578115
-0.07430289959857739
-0.03179195304019851
-0.07430289959857739
-0.028305095639704667
-0.03082347739991417
-0.01870186375246108
-0.005125682126880917
-0.054348641763400755
-0.01295329551919996
-0.029900384038398474
-0.0470977412700432
-0.005125682126880917
-0.01633260853173374
-0.028305095639704667
-0.047365770010134006
-0.03179195304019851
-0.022956377683931016
-0.02708310724590218
-0.000774808466827095
-0.05831400968167236
-0.028305095639704667
-0.01633260853173374
-0.047365770010134006
-0.01295329551919996
0.00917909664488538
-0.03727354192569182
-0.03179195304019851
-0.02335858270922848
-0.005125682126880917
-0.028305095639704667
-0.01295329551919996
-0.047365770010134006
-0.05543440944761972
-0.047365770010134006
-0.005304218142147938
-0.0470977412700432
-0.04446669474030982
0.00917909664488538
-0.06074519983106137
-0.019342923681463415
-0.034927603048528315
-0.02708310724590218
-0.05543440944761972
-0.06780023679163555
0.00917909664488538
-0.047365770010134006
-0.06074519983106137
-0.007574920044012131
-0.054348641763400755
-0.03179195304019851
-0.02708310724590218
-0.034927603048528315
-0.06074519983106137
-0.034927603048528315
-0.01295329551919996
-0.04446669474030982
-0.02387311480916481
-0.047365770010134006
-0.03727354192569182
-0.0470977412700432
-0.047365770010134006
-0.07430289959857739
-0.05043120013167699
-0.04446669474030982
-0.005304218142147938
-0.04446669474030982
-0.005304218142147938
0.004380788752103029
0.004380788752103029
-0.01633260853173374
-0.06780023679163555
-0.022956377683931016
0.0068002092082807076
-0.07399127014539819
-0.044938190017578115
-0.000774808466827095
-0.02640791284500652
-0.05831400968167236
-0.019342923681463415
-0.02335858270922848
-0.02640791284500652
-0.054348641763400755
0.0068002092082807076
-0.054348641763400755
-0.02387311480916481
-0.01872752330137953
-0.005304218142147938
-0.015531102638079705
-0.034927603048528315
0.008014809536845207
-0.03179195304019851
-0.005304218142147938
-0.019342923681463415
-0.04446669474030982
-0.07399127014539819
0.00917909664488538
0.00917909664488538
-0.05831400968167236
-0.054348641763400755
-0.054348641763400755
-0.06074519983106137
-0.005125682126880917
-0.04499691619985629
-0.02708310724590218
-0.02708310724590218
-0.02387311480916481
-0.022956377683931016
0.00917909664488538
-0.01295329551919996
-0.01295329551919996
-0.004271650460460706
-0.005125682126880917
-0.04499691619985629
-0.054348641763400755
-0.044938190017578115
-0.047365770010134006
-0.022956377683931016
-0.028305095639704667
-0.02640791284500652
0.00917909664488538
-0.000774808466827095
-0.06074519983106137
-0.04446669474030982
-0.044938190017578115
-0.005304218142147938
-0.07430289959857739
-0.03082347739991417
-0.007574920044012131
-0.004271650460460706
-0.01633260853173374
-0.019342923681463415
-0.015531102638079705
-0.05831400968167236
-0.054348641763400755
-0.01872752330137953
-0.05043120013167699
-0.01633260853173374
-0.034927603048528315
-0.05043120013167699
-0.07399127014539819
-0.029900384038398474
-0.0470977412700432
-0.04499691619985629
-0.01872752330137953
-0.000774808466827095
-0.007574920044012131
-0.03179195304019851
-0.02335858270922848
0.008014809536845207
-0.044938190017578115
-0.028305095639704667
-0.01633260853173374
0.008014809536845207
-0.047365770010134006
-0.03082347739991417
-0.028305095639704667
-0.005125682126880917
-0.05543440944761972
-0.044938190017578115
-0.019342923681463415
-0.007574920044012131
-0.034927603048528315
0.008014809536845207
-0.07430289959857739
-0.054348641763400755
-0.007574920044012131
-0.01872752330137953
-0.007574920044012131
-0.03179195304019851
-0.0470977412700432
-0.05543440944761972
-0.028305095639704667
-0.03179195304019851
-0.005125682126880917
-0.005304218142147938
-0.05043120013167699
-0.000774808466827095
-0.07430289959857739
-0.09533118672281933
-0.015531102638079705
-0.07399127014539819
-0.007574920044012131
-0.02335858270922848
-0.04499691619985629
-0.01295329551919996
-0.05831400968167236
-0.02640791284500652
-0.06780023679163555
-0.028305095639704667
-0.06074519983106137
-0.02640791284500652
-0.05043120013167699
-0.007574920044012131
-0.06074519983106137
-0.005304218142147938
-0.06780023679163555
-0.005125682126880917
-0.02387311480916481
-0.07399127014539819
-0.004271650460460706
-0.047365770010134006
-0.028305095639704667
-0.019342923681463415
-0.004271650460460706
-0.06074519983106137
-0.022956377683931016
-0.02335858270922848
-0.0470977412700432
-0.000774808466827095
-0.02387311480916481
-0.02335858270922848
-0.000774808466827095
-0.09533118672281933
-0.005304218142147938
0.00917909664488538
-0.02335858270922848
0.008014809536845207
-0.029900384038398474
-0.019342923681463415
-0.05543440944761972
0.004380788752103029
-0.02387311480916481
-0.015531102638079705
-0.09533118672281933
-0.029900384038398474
-0.01633260853173374
-0.09533118672281933
0.008014809536845207
0.0068002092082807076
-0.01633260853173374
-0.029900384038398474
-0.01295329551919996
-0.028305095639704667
-0.007574920044012131
-0.03179195304019851
-0.028305095639704667
-0.04499691619985629
-0.03179195304019851
0.004380788752103029
-0.04499691619985629
-0.09533118672281933
-0.034927603048528315
-0.0470977412700432
-0.01872752330137953
-0.028305095639704667
-0.028305095639704667
-0.02708310724590218
-0.005304218142147938
-0.019342923681463415
-0.09533118672281933
-0.05043120013167699
-0.022956377683931016
-0.04446669474030982
-0.03082347739991417
-0.03082347739991417
0.0068002092082807076
-0.02387311480916481
0.008014809536845207
-0.0470977412700432
-0.034927603048528315
-0.022956377683931016
-0.07430289959857739
-0.02387311480916481
-0.019342923681463415
-0.04446669474030982
-0.09533118672281933
-0.01872752330137953
-0.07399127014539819
-0.06074519983106137
-0.03082347739991417
-0.06074519983106137
-0.04446669474030982
-0.022956377683931016
0.0068002092082807076
-0.007574920044012131
-0.09533118672281933
-0.005125682126880917
-0.015531102638079705
-0.05543440944761972
-0.054348641763400755
0.00917909664488538
-0.028305095639704667
0.00917909664488538
-0.03082347739991417
-0.028305095639704667
-0.007574920044012131
-0.029900384038398474
0.0068002092082807076
-0.005304218142147938
-0.044938190017578115
-0.02387311480916481
-0.029900384038398474
-0.03082347739991417
-0.004271650460460706
-0.03179195304019851
-0.007574920044012131
-0.01633260853173374
-0.01872752330137953
-0.02335858270922848
-0.04499691619985629
-0.000774808466827095
-0.05831400968167236
-0.02335858270922848
-0.029900384038398474
0.008014809536845207
-0.005125682126880917
-0.02708310724590218
-0.02708310724590218
-0.054348641763400755
-0.01872752330137953
0.0068002092082807076
-0.022956377683931016
-0.0470977412700432
-0.02335858270922848
-0.0470977412700432
0.00917909664488538
-0.005125682126880917
-0.02708310724590218
-0.07399127014539819
-0.0470977412700432
-0.09533118672281933
-0.005304218142147938
-0.07430289959857739
-0.005304218142147938
-0.07399127014539819
0.008014809536845207
-0.004271650460460706
-0.044938190017578115
-0.054348641763400755
0.0068002092082807076
-0.05043120013167699
-0.04499691619985629
-0.05043120013167699
-0.007574920044012131
-0.044938190017578115
-0.04499691619985629
-0.022956377683931016
-0.044938190017578115
0.008014809536845207
-0.01870186375246108
-0.0470977412700432
0.004380788752103029
-0.05043120013167699
-0.06074519983106137
-0.04446669474030982
-0.000774808466827095
-0.034927603048528315
-0.06780023679163555
0.004380788752103029
-0.029900384038398474
-0.029900384038398474
-0.03727354192569182
-0.01870186375246108
-0.04446669474030982
-0.029900384038398474
-0.005125682126880917
-0.04446669474030982
-0.04446669474030982
-0.005125682126880917
-0.03727354192569182
-0.09533118672281933
-0.022956377683931016
-0.04499691619985629
-0.07399127014539819
0.0068002092082807076
-0.05043120013167699
-0.09533118672281933
-0.005304218142147938
-0.03179195304019851
-0.06780023679163555
0.0068002092082807076
-0.019342923681463415
-0.004271650460460706
-0.07399127014539819
-0.05043120013167699
-0.01870186375246108
-0.034927603048528315
-0.02708310724590218
-0.03082347739991417
-0.005125682126880917
-0.047365770010134006
-0.06074519983106137
-0.02640791284500652
-0.04446669474030982
-0.005304218142147938
0.00917909664488538
-0.01295329551919996
-0.034927603048528315
-0.01870186375246108
0.004380788752103029
-0.03082347739991417
-0.04499691619985629
0.0068002092082807076
-0.054348641763400755
-0.005125682126880917
-0.028305095639704667
-0.029900384038398474
0.004380788752103029
-0.005304218142147938
-0.02708310724590218
-0.01870186375246108
0.0068002092082807076
-0.007574920044012131
-0.07399127014539819
-0.05831400968167236
0.004380788752103029
-0.01633260853173374
-0.05543440944761972
-0.01870186375246108
-0.02387311480916481
-0.005304218142147938
-0.007574920044012131
-0.000774808466827095
-0.03727354192569182
-0.01295329551919996
-0.007574920044012131
-0.028305095639704667
-0.015531102638079705
-0.06074519983106137
-0.01872752330137953
-0.01870186375246108
-0.09533118672281933
-0.09533118672281933
-0.004271650460460706
-0.05831400968167236
-0.01872752330137953
0.008014809536845207
-0.01295329551919996
-0.04446669474030982
-0.005125682126880917
-0.01870186375246108
-0.054348641763400755
-0.07399127014539819
-0.044938190017578115
-0.01295329551919996
-0.05043120013167699
-0.028305095639704667
-0.03727354192569182
-0.000774808466827095
-0.019342923681463415
-0.07430289959857739
-0.004271650460460706
-0.01870186375246108
-0.02708310724590218
-0.007574920044012131
-0.000774808466827095
-0.07399127014539819
-0.007574920044012131
-0.06780023679163555
-0.05543440944761972
-0.09533118672281933
-0.02640791284500652
0.008014809536845207
-0.05543440944761972
-0.029900384038398474
-0.07399127014539819
-0.01295329551919996
-0.044938190017578115
-0.07399127014539819
-0.06074519983106137
0.004380788752103029
-0.06780023679163555
-0.02335858270922848
-0.03082347739991417
-0.007574920044012131
-0.054348641763400755
-0.03179195304019851
-0.034927603048528315
-0.028305095639704667
-0.02335858270922848
-0.05831400968167236
0.00917909664488538
-0.005125682126880917
-0.07430289959857739
-0.000774808466827095
-0.03727354192569182
-0.07430289959857739
0.0068002092082807076
-0.01295329551919996
0.00917909664488538
