0.011965876848769173
-0.00819056925142635
-0.00315741726261249
-0.016669258061429163
0.01215180092551126
0.001615312983722511
-0.006693831281527262
-0.015589798615869878
0.001615312983722511
0.012445269358294198
-0.02203383000376835
-0.01265719965712036
-0.006693831281527262
-0.00315741726261249
0.005693181361648496
0.001549666454424874
-0.007088658098336254
-0.011944244051772777
-0.01288590093049045
0.01215180092551126
-0.018720850389057218
-0.016669258061429163
-0.01265719965712036
0.001549666454424874
-0.016976773298041682
-0.01265719965712036
-0.0058396157369534326
-0.015589798615869878
-0.011944244051772777
0.011965876848769173
0.015986450929041975
-0.00831692107823222
-0.01288590093049045
-0.00831692107823222
-0.006693831281527262
-0.01265719965712036
0.001615312983722511
0.011965876848769173
0.06672089095110686
-0.005095755429907069
-0.00315741726261249
0.01215180092551126
-0.01265719965712036
0.015986450929041975
-0.00831692107823222
-0.011944244051772777
-0.02203383000376835
-0.01265719965712036
-0.00315741726261249
-0.01288590093049045
-0.0058396157369534326
-0.007088658098336254
-0.0058396157369534326
0.015986450929041975
-0.016669258061429163
-0.02203383000376835
-0.016669258061429163
0.015986450929041975
0.001549666454424874
-0.01265719965712036
-0.016669258061429163
-0.00315741726261249
0.011965876848769173
-0.016669258061429163
-0.00831692107823222
-0.006693831281527262
0.005693181361648496
-0.006693831281527262
-0.011944244051772777
-0.02047524800491844
-0.006693831281527262
0.06672089095110686
0.015986450929041975
0.011965876848769173
-0.016976773298041682
-0.01288590093049045
-0.006693831281527262
-0.02047524800491844
0.012445269358294198
-0.016976773298041682
-0.006693831281527262
0.012445269358294198
-0.005095755429907069
-0.015589798615869878
-0.007088658098336254
0.001615312983722511
-0.006693831281527262
0.06672089095110686
-0.01265719965712036
-0.016976773298041682
-0.006693831281527262
0.015986450929041975
-0.00315741726261249
0.001549666454424874
-0.00831692107823222
-0.015589798615869878
-0.00831692107823222
0.005693181361648496
0.005693181361648496
-0.01288590093049045
-0.005095755429907069
-0.02047524800491844
-0.02047524800491844
-0.005095755429907069
-0.011944244051772777
0.001615312983722511
-0.0058396157369534326
0.06672089095110686
-0.007088658098336254
-0.02203383000376835
-0.016669258061429163
-0.016976773298041682
0.015986450929041975
-0.011944244051772777
-0.016976773298041682
-0.0058396157369534326
-0.02203383000376835
-0.018720850389057218
-0.007088658098336254
0.001615312983722511
-0.01265719965712036
0.06672089095110686
0.06672089095110686
0.01215180092551126
-0.018720850389057218
0.011965876848769173
-0.015589798615869878
-0.00831692107823222
-0.01265719965712036
0.06672089095110686
-0.006693831281527262
-0.01288590093049045
-0.011944244051772777
-0.018720850389057218
-0.02203383000376835
-0.00819056925142635
-0.00831692107823222
-0.011944244051772777
0.012445269358294198
0.001615312983722511
-0.015589798615869878
0.01215180092551126
-0.016976773298041682
0.011965876848769173
-0.005095755429907069
-0.00831692107823222
-0.01288590093049045
0.001549666454424874
-0.005095755429907069
0.011965876848769173
-0.00819056925142635
-0.016669258061429163
-0.016669258061429163
0.001549666454424874
0.001615312983722511
-0.016976773298041682
0.01215180092551126
0.005693181361648496
-0.00819056925142635
-0.02047524800491844
0.06672089095110686
-0.00315741726261249
0.012445269358294198
-0.007088658098336254
-0.011944244051772777
-0.0058396157369534326
-0.0058396157369534326
0.06672089095110686
-0.015589798615869878
0.001549666454424874
-0.00819056925142635
-0.00315741726261249
0.005693181361648496
-0.02203383000376835
-0.006693831281527262
0.015986450929041975
-0.01288590093049045
0.011965876848769173
-0.016976773298041682
-0.005095755429907069
-0.007088658098336254
-0.0058396157369534326
0.015986450929041975
0.005693181361648496
0.001549666454424874
-0.0058396157369534326
-0.01288590093049045
-0.01288590093049045
-0.00819056925142635
-0.016976773298041682
-0.00831692107823222
-0.00819056925142635
0.012445269358294198
0.01215180092551126
-0.0058396157369534326
-0.01265719965712036
0.005693181361648496
-0.02203383000376835
0.01215180092551126
-0.01265719965712036
-0.011944244051772777
-0.006693831281527262
-0.015589798615869878
-0.02047524800491844
-0.02047524800491844
0.012445269358294198
0.015986450929041975
-0.006693831281527262
-0.015589798615869878
0.001549666454424874
-0.015589798615869878
-0.02047524800491844
-0.0058396157369534326
-0.011944244051772777
0.001549666454424874
0.06672089095110686
0.012445269358294198
-0.018720850389057218
0.012445269358294198
-0.011944244051772777
-0.018720850389057218
-0.01265719965712036
0.001549666454424874
-0.011944244051772777
0.005693181361648496
-0.011944244051772777
-0.02047524800491844
-0.0058396157369534326
0.012445269358294198
-0.018720850389057218
-0.006693831281527262
0.001615312983722511
-0.02203383000376835
-0.018720850389057218
-0.02203383000376835
0.011965876848769173
-0.00315741726261249
0.005693181361648496
-0.01265719965712036
-0.00315741726261249
-0.00831692107823222
0.01215180092551126
-0.02047524800491844
-0.0058396157369534326
-0.005095755429907069
-0.006693831281527262
0.005693181361648496
-0.006693831281527262
0.01215180092551126
0.01215180092551126
-0.011944244051772777
-0.015589798615869878
-0.018720850389057218
-0.018720850389057218
-0.00315741726261249
0.015986450929041975
-0.0058396157369534326
-0.01288590093049045
-0.006693831281527262
-0.0058396157369534326
-0.00831692107823222
-0.02047524800491844
0.015986450929041975
-0.01265719965712036
-0.02203383000376835
0.012445269358294198
-0.01265719965712036
-0.006693831281527262
0.001549666454424874
0.005693181361648496
-0.01265719965712036
-0.007088658098336254
0.012445269358294198
-0.00315741726261249
0.012445269358294198
0.005693181361648496
0.011965876848769173
-0.011944244051772777
-0.00315741726261249
-0.011944244051772777
-0.02047524800491844
-0.016669258061429163
-0.02047524800491844
0.012445269358294198
-0.007088658098336254
-0.02047524800491844
-0.00315741726261249
-0.011944244051772777
-0.0058396157369534326
-0.016669258061429163
-0.02047524800491844
-0.007088658098336254
-0.01288590093049045
0.012445269358294198
-0.006693831281527262
-0.00831692107823222
-0.005095755429907069
-0.00819056925142635
0.01215180092551126
-0.016669258061429163
0.001615312983722511
0.015986450929041975
0.06672089095110686
0.011965876848769173
0.01215180092551126
-0.00831692107823222
-0.011944244051772777
-0.016669258061429163
-0.0058396157369534326
0.012445269358294198
-0.016976773298041682
-0.007088658098336254
0.005693181361648496
0.005693181361648496
0.06672089095110686
-0.005095755429907069
-0.02203383000376835
-0.018720850389057218
0.011965876848769173
-0.00831692107823222
0.012445269358294198
0.001549666454424874
-0.0058396157369534326
-0.016976773298041682
-0.02047524800491844
-0.016976773298041682
-0.00819056925142635
-0.00831692107823222
-0.00831692107823222
-0.01265719965712036
-0.015589798615869878
-0.00831692107823222
0.001549666454424874
0.015986450929041975
-0.01288590093049045
-0.00831692107823222
-0.00315741726261249
-0.018720850389057218
0.012445269358294198
0.001615312983722511
-0.006693831281527262
-0.0058396157369534326
0.001615312983722511
-0.02203383000376835
-0.016976773298041682
-0.01288590093049045
0.015986450929041975
-0.016976773298041682
0.012445269358294198
-0.01288590093049045
0.011965876848769173
-0.02047524800491844
-0.018720850389057218
-0.0058396157369534326
-0.02047524800491844
0.012445269358294198
-0.016976773298041682
0.001615312983722511
-0.011944244051772777
-0.00315741726261249
0.012445269358294198
-0.016976773298041682
-0.01288590093049045
-0.016976773298041682
-0.005095755429907069
-0.007088658098336254
-0.007088658098336254
-0.02047524800491844
0.011965876848769173
0.011965876848769173
-0.00831692107823222
-0.00315741726261249
-0.011944244051772777
-0.016669258061429163
-0.01288590093049045
0.06672089095110686
0.06672089095110686
-0.016669258061429163
-0.00819056925142635
0.015986450929041975
-0.00819056925142635
-0.018720850389057218
-0.007088658098336254
-0.00819056925142635
-0.006693831281527262
0.011965876848769173
-0.005095755429907069
0.001615312983722511
-0.02047524800491844
0.015986450929041975
0.012445269358294198
-0.007088658098336254
0.001549666454424874
-0.0058396157369534326
-0.015589798615869878
-0.011944244051772777
0.01215180092551126
-0.01288590093049045
-0.007088658098336254
-0.016669258061429163
-0.00831692107823222
-0.01265719965712036
-0.01265719965712036
-0.02047524800491844
-0.01265719965712036
0.01215180092551126
-0.018720850389057218
-0.011944244051772777
-0.0058396157369534326
-0.02047524800491844
-0.006693831281527262
0.001549666454424874
0.012445269358294198
-0.00831692107823222
-0.02047524800491844
-0.02047524800491844
-0.00819056925142635
0.01215180092551126
0.012445269358294198
0.001615312983722511
0.06672089095110686
-0.00831692107823222
-0.016976773298041682
-0.018720850389057218
-0.02203383000376835
-0.00315741726261249
-0.00819056925142635
-0.00831692107823222
0.012445269358294198
0.01215180092551126
-0.00819056925142635
-0.015589798615869878
0.005693181361648496
-0.005095755429907069
-0.015589798615869878
0.005693181361648496
-0.00819056925142635
0.015986450929041975
-0.01288590093049045
-0.01288590093049045
0.011965876848769173
-0.02203383000376835
0.001549666454424874
-0.02047524800491844
0.001615312983722511
-0.00831692107823222
0.06672089095110686
0.01215180092551126
-0.016669258061429163
0.01215180092551126
0.06672089095110686
-0.00819056925142635
0.001549666454424874
0.012445269358294198
-0.011944244051772777
-0.015589798615869878
0.012445269358294198
0.01215180092551126
-0.005095755429907069
-0.015589798615869878
-0.006693831281527262
-0.006693831281527262
-0.016669258061429163
0.01215180092551126
-0.018720850389057218
0.06672089095110686
0.012445269358294198
0.06672089095110686
-0.015589798615869878
-0.005095755429907069
-0.015589798615869878
-0.007088658098336254
0.001615312983722511
-0.02203383000376835
-0.016976773298041682
-0.018720850389057218
0.011965876848769173
0.015986450929041975
0.005693181361648496
-0.0058396157369534326
-0.016976773298041682
-0.011944244051772777
-0.005095755429907069
0.005693181361648496
0.001549666454424874
-0.02203383000376835
-0.016976773298041682
-0.01265719965712036
-0.02047524800491844
0.012445269358294198
-0.0058396157369534326
-0.02047524800491844
-0.018720850389057218
-0.0058396157369534326
-0.00315741726261249
-0.016976773298041682
-0.016976773298041682
-0.00831692107823222
0.015986450929041975
-0.02047524800491844
0.01215180092551126
-0.005095755429907069
-0.005095755429907069
-0.011944244051772777
-0.00831692107823222
0.001549666454424874
-0.02203383000376835
-0.00315741726261249
-0.0058396157369534326
0.001549666454424874
-0.005095755429907069
-0.007088658098336254
-0.016669258061429163
0.015986450929041975
0.005693181361648496
-0.0058396157369534326
-0.02203383000376835
-0.02203383000376835
-0.02203383000376835
-0.00819056925142635
-0.015589798615869878
0.011965876848769173
0.06672089095110686
-0.02203383000376835
-0.01265719965712036
-0.005095755429907069
-0.015589798615869878
-0.02047524800491844
-0.01288590093049045
0.01215180092551126
-0.01265719965712036
-0.018720850389057218
0.06672089095110686
-0.005095755429907069
-0.018720850389057218
-0.015589798615869878
0.001615312983722511
-0.006693831281527262
0.01215180092551126
-0.018720850389057218
0.001549666454424874
-0.0058396157369534326
-0.016669258061429163
0.012445269358294198
0.012445269358294198
-0.00315741726261249
-0.007088658098336254
-0.016976773298041682
0.001549666454424874
-0.011944244051772777
-0.006693831281527262
0.001549666454424874
-0.006693831281527262
-0.011944244051772777
-0.00819056925142635
-0.006693831281527262
-0.00315741726261249
-0.007088658098336254
0.01215180092551126
0.001615312983722511
-0.00315741726261249
-0.00315741726261249
-0.00315741726261249
-0.00831692107823222
0.001615312983722511
-0.011944244051772777
-0.007088658098336254
-0.01265719965712036
-0.00831692107823222
0.011965876848769173
-0.018720850389057218
0.001549666454424874
-0.011944244051772777
0.06672089095110686
-0.01288590093049045
-0.02203383000376835
-0.01288590093049045
-0.00819056925142635
-0.016976773298041682
0.015986450929041975
-0.011944244051772777
-0.00315741726261249
-0.018720850389057218
-0.016976773298041682
0.015986450929041975
-0.01265719965712036
-0.01288590093049045
-0.007088658098336254
0.012445269358294198
-0.00819056925142635
-0.01265719965712036
0.005693181361648496
-0.016976773298041682
-0.00831692107823222
-0.01288590093049045
0.011965876848769173
-0.02047524800491844
-0.011944244051772777
0.06672089095110686
-0.016976773298041682
-0.00315741726261249
0.005693181361648496
0.005693181361648496
0.005693181361648496
-0.00315741726261249
0.001549666454424874
-0.01265719965712036
-0.007088658098336254
0.001549666454424874
0.001549666454424874
0.011965876848769173
-0.02047524800491844
-0.011944244051772777
0.012445269358294198
-0.011944244051772777
0.005693181361648496
0.01215180092551126
-0.016669258061429163
0.012445269358294198
-0.01265719965712036
-0.01288590093049045
0.01215180092551126
-0.016976773298041682
0.011965876848769173
-0.0058396157369534326
-0.018720850389057218
-0.018720850389057218
0.01215180092551126
0.012445269358294198
-0.015589798615869878
-0.01288590093049045
0.015986450929041975
-0.01288590093049045
-0.02203383000376835
0.012445269358294198
-0.015589798615869878
0.001549666454424874
0.011965876848769173
0.001615312983722511
0.001549666454424874
0.012445269358294198
0.015986450929041975
-0.0058396157369534326
0.005693181361648496
0.012445269358294198
-0.02203383000376835
-0.006693831281527262
0.06672089095110686
0.012445269358294198
-0.02047524800491844
-0.016976773298041682
0.001615312983722511
-0.01265719965712036
0.005693181361648496
0.06672089095110686
-0.016976773298041682
0.012445269358294198
0.01215180092551126
-0.005095755429907069
0.011965876848769173
0.011965876848769173
-0.011944244051772777
-0.005095755429907069
-0.01288590093049045
-0.00831692107823222
0.005693181361648496
-0.00819056925142635
-0.01265719965712036
-0.011944244051772777
-0.0058396157369534326
-0.00831692107823222
0.01215180092551126
-0.00819056925142635
-0.01288590093049045
-0.016669258061429163
-0.015589798615869878
-0.0058396157369534326
-0.018720850389057218
0.01215180092551126
-0.0058396157369534326
0.005693181361648496
0.001549666454424874
0.001549666454424874
-0.02203383000376835
-0.015589798615869878
-0.006693831281527262
0.06672089095110686
-0.011944244051772777
0.005693181361648496
-0.02203383000376835
-0.007088658098336254
-0.016669258061429163
-0.007088658098336254
0.012445269358294198
-0.02047524800491844
-0.005095755429907069
0.011965876848769173
-0.006693831281527262
-0.005095755429907069
-0.0058396157369534326
0.001549666454424874
-0.006693831281527262
-0.01265719965712036
-0.006693831281527262
-0.01288590093049045
-0.00831692107823222
0.001615312983722511
-0.015589798615869878
0.06672089095110686
-0.00819056925142635
-0.02203383000376835
0.012445269358294198
-0.015589798615869878
0.06672089095110686
0.005693181361648496
0.011965876848769173
-0.00315741726261249
0.01215180092551126
0.001549666454424874
-0.00315741726261249
-0.01265719965712036
0.001615312983722511
-0.02203383000376835
-0.005095755429907069
0.015986450929041975
-0.016669258061429163
0.012445269358294198
-0.018720850389057218
-0.006693831281527262
0.015986450929041975
0.005693181361648496
0.01215180092551126
-0.00819056925142635
-0.011944244051772777
0.001549666454424874
0.012445269358294198
0.015986450929041975
-0.00819056925142635
0.015986450929041975
0.015986450929041975
-0.016669258061429163
-0.011944244051772777
-0.016976773298041682
0.015986450929041975
-0.0058396157369534326
-0.011944244051772777
0.011965876848769173
0.012445269358294198
-0.01288590093049045
0.005693181361648496
0.06672089095110686
-0.0058396157369534326
-0.018720850389057218
-0.015589798615869878
0.012445269358294198
0.001549666454424874
-0.011944244051772777
-0.005095755429907069
-0.015589798615869878
-0.015589798615869878
-0.015589798615869878
-0.00819056925142635
0.001615312983722511
0.06672089095110686
-0.00831692107823222
-0.0058396157369534326
-0.01265719965712036
0.06672089095110686
0.01215180092551126
0.001549666454424874
-0.00819056925142635
0.001549666454424874
-0.016669258061429163
0.06672089095110686
0.012445269358294198
-0.011944244051772777
-0.005095755429907069
-0.0058396157369534326
-0.018720850389057218
-0.01265719965712036
-0.02047524800491844
0.06672089095110686
0.011965876848769173
-0.0058396157369534326
-0.01288590093049045
0.015986450929041975
0.01215180092551126
0.06672089095110686
0.012445269358294198
-0.0058396157369534326
0.012445269358294198
-0.016669258061429163
-0.016976773298041682
0.011965876848769173
-0.01265719965712036
0.012445269358294198
-0.00831692107823222
-0.007088658098336254
-0.016669258061429163
-0.00819056925142635
0.001549666454424874
0.005693181361648496
-0.011944244051772777
-0.016669258061429163
-0.00315741726261249
0.001549666454424874
-0.01265719965712036
-0.00315741726261249
-0.02203383000376835
-0.02047524800491844
0.01215180092551126
-0.016669258061429163
0.06672089095110686
0.001615312983722511
-0.0058396157369534326
0.01215180092551126
-0.005095755429907069
0.011965876848769173
-0.00315741726261249
-0.018720850389057218
-0.011944244051772777
-0.016976773298041682
0.005693181361648496
-0.01288590093049045
0.06672089095110686
-0.02047524800491844
-0.02203383000376835
0.011965876848769173
0.011965876848769173
0.015986450929041975
0.015986450929041975
-0.00819056925142635
0.005693181361648496
0.06672089095110686
-0.00315741726261249
-0.007088658098336254
0.01215180092551126
0.005693181361648496
-0.016669258061429163
0.001549666454424874
0.005693181361648496
-0.015589798615869878
-0.018720850389057218
-0.016976773298041682
0.001549666454424874
-0.015589798615869878
0.011965876848769173
0.012445269358294198
-0.007088658098336254
0.06672089095110686
0.06672089095110686
-0.00315741726261249
-0.011944244051772777
-0.016669258061429163
0.001549666454424874
0.001615312983722511
-0.02047524800491844
-0.011944244051772777
-0.00315741726261249
0.011965876848769173
-0.02047524800491844
-0.02203383000376835
-0.00819056925142635
-0.016669258061429163
0.015986450929041975
-0.00831692107823222
-0.00819056925142635
-0.00315741726261249
-0.00315741726261249
-0.00831692107823222
0.012445269358294198
-0.016669258061429163
-0.01265719965712036
0.001549666454424874
-0.006693831281527262
0.011965876848769173
-0.01265719965712036
0.011965876848769173
-0.01265719965712036
-0.01288590093049045
0.001615312983722511
-0.011944244051772777
0.001549666454424874
0.012445269358294198
-0.00315741726261249
0.001549666454424874
0.005693181361648496
-0.006693831281527262
-0.016669258061429163
-0.016669258061429163
-0.02047524800491844
0.001549666454424874
-0.015589798615869878
-0.01288590093049045
0.01215180092551126
0.06672089095110686
-0.016669258061429163
-0.01265719965712036
-0.016669258061429163
-0.02047524800491844
-0.01288590093049045
-0.018720850389057218
-0.02203383000376835
-0.015589798615869878
-0.02047524800491844
-0.00315741726261249
-0.00831692107823222
-0.007088658098336254
-0.00831692107823222
-0.01265719965712036
-0.00831692107823222
-0.0058396157369534326
-0.0058396157369534326
-0.02203383000376835
-0.00315741726261249
-0.005095755429907069
-0.00315741726261249
-0.016976773298041682
-0.0058396157369534326
-0.00315741726261249
-0.016669258061429163
-0.016669258061429163
0.06672089095110686
0.011965876848769173
0.015986450929041975
-0.005095755429907069
-0.00315741726261249
-0.018720850389057218
-0.02203383000376835
-0.01265719965712036
0.06672089095110686
-0.007088658098336254
-0.006693831281527262
0.015986450929041975
0.001549666454424874
0.015986450929041975
-0.018720850389057218
0.012445269358294198
0.001549666454424874
-0.011944244051772777
-0.00315741726261249
-0.005095755429907069
0.06672089095110686
-0.01288590093049045
-0.00819056925142635
-0.02047524800491844
0.005693181361648496
-0.016669258061429163
0.001549666454424874
0.06672089095110686
-0.016669258061429163
0.06672089095110686
-0.016669258061429163
0.06672089095110686
-0.015589798615869878
-0.02203383000376835
-0.01288590093049045
-0.02203383000376835
-0.018720850389057218
-0.006693831281527262
0.001615312983722511
-0.016976773298041682
0.011965876848769173
-0.005095755429907069
-0.005095755429907069
-0.0058396157369534326
-0.007088658098336254
-0.011944244051772777
-0.006693831281527262
0.011965876848769173
-0.00819056925142635
0.005693181361648496
-0.005095755429907069
-0.005095755429907069
-0.015589798615869878
-0.016669258061429163
-0.0058396157369534326
0.012445269358294198
-0.02047524800491844
0.015986450929041975
-0.01288590093049045
-0.00819056925142635
0.001549666454424874
-0.007088658098336254
0.06672089095110686
-0.00819056925142635
0.015986450929041975
0.001549666454424874
0.06672089095110686
-0.018720850389057218
0.01215180092551126
0.012445269358294198
-0.02047524800491844
0.012445269358294198
-0.006693831281527262
-0.00831692107823222
0.012445269358294198
-0.016669258061429163
0.01215180092551126
-0.005095755429907069
