-0.028097041493501805
-0.06071707802061805
-0.0019160829178275442
-0.012906265690508836
-0.020478874236915728
-0.0019160829178275442
-0.0352715544570545
-0.04709994584588138
-0.042593310505169235
-0.005791674633934983
-0.037825532366264465
-0.054803673847320905
-0.009060318032708164
-0.028051277783504365
-0.05743367851179245
-0.016451037674829715
-0.02703927760811202
-0.03428136605197065
-0.03878088360290076
-0.0181525480576813
-0.04630980214038715
-0.05331533908996368
-0.04062878000185737
-0.04136777547734941
-0.030526902222012302
-0.010656964948754294
-0.01493499642768958
-0.02729997244156657
-0.02070338335173219
-0.009783987155962544
-0.014937120972985914
-0.04136777547734941
-0.03521360089543681
-0.08881748647118033
-0.03496374139158455
-0.042797279535410744
-0.022641788201781032
-0.03671073038649855
-0.0280296079575066
-0.03999895352833964
-0.030439204781171354
-0.03706845307857081
-0.022641788201781032
-0.02280028569933396
-0.012969226743440709
-0.024599430512955094
-0.03070868110145243
-0.012034358624469154
-0.05331533908996368
-0.016451037674829715
-0.060325145726319196
-0.027221624644900355
-0.012034358624469154
-0.027221624644900355
0.006971851590169025
-0.027136460189684367
-0.020478874236915728
-0.0809570559846202
-0.03709554438148935
-0.0054040631552065305
-0.04686796079133509
-0.0567487117985489
-0.016638759759737744
-0.014022151186004042
-0.027221624644900355
-0.009060318032708164
-0.059882080435824755
0.001949078912746017
-0.022641788201781032
-0.02219417673816502
-0.014022151186004042
-0.008124486700670565
-0.02920771678251074
-0.02219417673816502
-0.054803673847320905
-0.03649999428064785
-0.026743152893613186
-0.010656964948754294
-0.06404687436580178
-0.03709006041586006
-0.01493499642768958
-0.04001534642150439
-0.042865748390904665
-0.04630980214038715
-0.07230490174813395
-0.04443004992428576
-0.012906265690508836
-0.0809570559846202
-0.02219417673816502
-0.042593310505169235
-0.043891322000885045
-0.03552787993716267
-0.02920771678251074
-0.020916430556031106
-0.042797279535410744
-0.03709554438148935
-0.023570479332383005
-0.028051277783504365
-0.010656964948754294
-0.0516220047630942
-0.029226322999091208
-0.007614232757236633
-0.060325145726319196
-0.07357793962428662
-0.020693713966940402
-0.010857470850146248
-0.04712726502781331
-0.015432599041204226
-0.028097041493501805
-0.07230490174813395
-0.009783987155962544
-0.010598838688817204
-0.020630923431627698
-0.037825532366264465
-0.012906265690508836
-0.014937120972985914
-0.04445848401085917
-0.03747365122527533
-0.08881748647118033
-0.0019160829178275442
-0.04712726502781331
-0.015432599041204226
-0.042593310505169235
-0.07230490174813395
-0.027221624644900355
-0.028272185082212395
-0.054803673847320905
-0.029226322999091208
-0.030526902222012302
-0.027196019739188053
-0.027221624644900355
-0.010857470850146248
-0.030526902222012302
-0.04136777547734941
0.012758240445664103
-0.013790252749378994
-0.007614232757236633
0.007123115671652622
-0.03671073038649855
0.007123115671652622
-0.042593310505169235
-0.05407847721913034
-0.007709451176968735
-0.06789312259496351
-0.01129872644521135
-0.007709451176968735
0.0024922069700833234
-0.03552787993716267
-0.014022151186004042
-0.043891322000885045
-0.020478874236915728
-0.04136777547734941
-0.02920771678251074
-0.01749405127533957
-0.053600713034174234
-0.02070338335173219
-0.014022151186004042
-0.03521360089543681
-0.014022151186004042
-0.025929072100755245
-0.010598838688817204
-0.042797279535410744
-0.04413917218381945
-0.04709994584588138
-0.029226322999091208
0.007123115671652622
-0.028051277783504365
-0.02219417673816502
-0.048376740293599195
-0.04136777547734941
-0.008124486700670565
-0.019237661572790478
-0.03718124741445711
-0.0914564120625961
-0.04371873735663822
0.006971851590169025
-0.02070338335173219
-0.08881748647118033
-0.030526902222012302
-0.031825853233290353
-0.016638759759737744
-0.010656964948754294
-0.04136777547734941
-0.031217507129846007
-0.030882784537538455
-0.05331533908996368
-0.0515822603331289
-0.04709994584588138
-0.030882784537538455
-0.030526902222012302
-0.03070868110145243
-0.02305168704841335
-0.03747365122527533
-0.01493499642768958
-0.022641788201781032
-0.02963876474895004
-0.03199075756353631
-0.022227275191355103
-0.04001534642150439
-0.02920771678251074
-0.021105527581392624
-0.02070338335173219
-0.02219417673816502
-0.023570479332383005
-0.043891322000885045
-0.053600713034174234
-0.03999895352833964
-0.026743152893613186
-0.02070338335173219
-0.03142780545472034
-0.02981711334315092
-0.0567487117985489
0.001949078912746017
-0.010613457489885349
-0.025559877080913316
-0.02305168704841335
-0.03521360089543681
-0.007709451176968735
-0.039615814489236754
-0.02729997244156657
-0.029883008125400973
-0.010656964948754294
-0.027136460189684367
-0.04445848401085917
-0.016451037674829715
-0.026743152893613186
-0.054803673847320905
-0.019237661572790478
-0.022227275191355103
-0.0516220047630942
-0.04413917218381945
-0.005791674633934983
-0.004143985197228894
-0.0054040631552065305
-0.02619809679355556
-0.04371873735663822
-0.03709554438148935
-0.028051277783504365
-0.04062878000185737
-0.04136777547734941
-0.029883008125400973
-0.004143985197228894
-0.059882080435824755
-0.013745653252640004
-0.01493499642768958
-0.037825532366264465
-0.025393340657735165
-0.031825853233290353
-0.048376740293599195
-0.048376740293599195
-0.019237661572790478
-0.06404687436580178
-0.03706845307857081
-0.01129872644521135
-0.019217521998102064
-0.04712726502781331
-0.042865748390904665
-0.03142780545472034
-0.028272185082212395
-0.0809570559846202
-0.008124486700670565
-0.021881411800967185
-0.042797279535410744
-0.0019160829178275442
-0.005791674633934983
-0.039299877310692725
-0.022227275191355103
-0.01749405127533957
-0.0567487117985489
-0.027221624644900355
-0.010613457489885349
-0.054803673847320905
-0.062217820319354133
-0.039615814489236754
-0.03070868110145243
-0.04630980214038715
-0.0391927574488457
-0.02219417673816502
-0.04371873735663822
-0.028051277783504365
-0.0280296079575066
-0.0809570559846202
-0.03552787993716267
-0.02619809679355556
-0.007614232757236633
-0.0515822603331289
0.012758240445664103
-0.028051277783504365
-0.023570479332383005
-0.019237661572790478
-0.04136777547734941
-0.0515822603331289
0.012758240445664103
-0.028097041493501805
-0.04001534642150439
-0.007709451176968735
-0.043891322000885045
-0.03999895352833964
-0.036303915580516516
-0.03706845307857081
-0.03608176316800246
-0.030882784537538455
-0.022641788201781032
-0.05743367851179245
-0.039615814489236754
-0.016451037674829715
-0.025559877080913316
-0.0181525480576813
-0.020693713966940402
-0.005791674633934983
-0.028051277783504365
-0.021881411800967185
-0.039615814489236754
-0.024599430512955094
-0.022227275191355103
-0.039615814489236754
-0.03878088360290076
-0.024599430512955094
-0.0914564120625961
-0.014937120972985914
0.007123115671652622
-0.042797279535410744
-0.028097041493501805
0.012758240445664103
0.0024922069700833234
-0.019217521998102064
-0.03709006041586006
-0.010656964948754294
-0.020693713966940402
-0.03552787993716267
-0.04136777547734941
-0.006127457688846432
-0.027196019739188053
-0.02729997244156657
-0.051511341904916845
-0.027221624644900355
0.001949078912746017
-0.042593310505169235
-0.03718124741445711
-0.062217820319354133
-0.020693713966940402
-0.027549995289506423
-0.028097041493501805
-0.0516220047630942
-0.023570479332383005
-0.020478874236915728
-0.031825853233290353
-0.042593310505169235
-0.062217820319354133
-0.0280296079575066
-0.03709006041586006
-0.03070868110145243
-0.06404687436580178
-0.02729997244156657
-0.039615814489236754
-0.039615814489236754
-0.019217521998102064
-0.025393340657735165
-0.037825532366264465
-0.051511341904916845
-0.04062878000185737
-0.012906265690508836
-0.06789312259496351
-0.009060318032708164
-0.03428136605197065
-0.062217820319354133
-0.023570479332383005
-0.016451037674829715
-0.027196019739188053
-0.022641788201781032
-0.013745653252640004
-0.012906265690508836
-0.012969226743440709
-0.02729997244156657
-0.021881411800967185
-0.042865748390904665
-0.014022151186004042
-0.039615814489236754
-0.03878088360290076
-0.051511341904916845
-0.039615814489236754
-0.010656964948754294
-0.04062878000185737
-0.013790252749378994
-0.019217521998102064
-0.010857470850146248
-0.010857470850146248
-0.048376740293599195
-0.009783987155962544
-0.013745653252640004
-0.030882784537538455
-0.0516220047630942
-0.016638759759737744
-0.013447503776456475
-0.053600713034174234
-0.030882784537538455
-0.027196019739188053
0.0024922069700833234
-0.030526902222012302
-0.007614232757236633
-0.029226322999091208
-0.02305168704841335
-0.06071707802061805
-0.0181525480576813
-0.02305168704841335
-0.016638759759737744
-0.04062878000185737
-0.015432599041204226
-0.04371873735663822
-0.0054040631552065305
-0.0280296079575066
-0.027196019739188053
-0.012906265690508836
-0.026743152893613186
-0.020237833667286504
-0.03496374139158455
-0.012969226743440709
-0.04413917218381945
-0.02729997244156657
-0.07230490174813395
-0.026743152893613186
-0.014603868919025997
-0.02981711334315092
-0.014603868919025997
-0.027196019739188053
-0.0809570559846202
-0.05743367851179245
-0.0914564120625961
-0.0567487117985489
-0.03999895352833964
-0.012906265690508836
-0.03649999428064785
-0.0809570559846202
-0.03496374139158455
-0.039299877310692725
-0.030439204781171354
-0.07230490174813395
-0.016638759759737744
-0.0019160829178275442
-0.053600713034174234
-0.01493499642768958
-0.027136460189684367
-0.023570479332383005
-0.05331533908996368
-0.014603868919025997
-0.04712726502781331
-0.039299877310692725
-0.051511341904916845
-0.02219417673816502
-0.05331533908996368
-0.08881748647118033
-0.0516220047630942
-0.030439204781171354
-0.03709006041586006
-0.005791674633934983
-0.03706845307857081
-0.06404687436580178
-0.042593310505169235
-0.037825532366264465
-0.025393340657735165
-0.03070868110145243
-0.009060318032708164
-0.0181525480576813
-0.03706845307857081
-0.030439204781171354
-0.007614232757236633
-0.022641788201781032
-0.009060318032708164
-0.06404687436580178
-0.03999895352833964
-0.010656964948754294
-0.028051277783504365
-0.0019160829178275442
0.006971851590169025
-0.016451037674829715
-0.04630980214038715
-0.027221624644900355
-0.008124486700670565
-0.04630980214038715
-0.020237833667286504
0.0024922069700833234
-0.02729997244156657
-0.034025822510250034
-0.0914564120625961
-0.02619809679355556
-0.021105527581392624
-0.06404687436580178
-0.05331533908996368
-0.01129872644521135
-0.021881411800967185
-0.019237661572790478
0.001949078912746017
-0.030526902222012302
0.006971851590169025
-0.05407847721913034
-0.048376740293599195
-0.03747365122527533
-0.054803673847320905
-0.04709994584588138
-0.02963876474895004
-0.051511341904916845
-0.0516220047630942
-0.04630980214038715
-0.03999895352833964
-0.029226322999091208
-0.031217507129846007
-0.02305168704841335
-0.023570479332383005
-0.02703927760811202
-0.028272185082212395
-0.03649999428064785
-0.043891322000885045
-0.015432599041204226
-0.060325145726319196
-0.03709554438148935
-0.04712726502781331
-0.042593310505169235
-0.031217507129846007
-0.029883008125400973
-0.007709451176968735
-0.02703927760811202
-0.009934539475593928
-0.06404687436580178
-0.025393340657735165
-0.016451037674829715
-0.03199075756353631
-0.06404687436580178
-0.022641788201781032
-0.010857470850146248
-0.027221624644900355
-0.021105527581392624
-0.0181525480576813
-0.01493499642768958
-0.06404687436580178
-0.012969226743440709
-0.036303915580516516
-0.007709451176968735
-0.019217521998102064
-0.028051277783504365
-0.037825532366264465
-0.04413917218381945
-0.013790252749378994
-0.03552787993716267
-0.0352715544570545
-0.020630923431627698
-0.05743367851179245
-0.0391927574488457
-0.020478874236915728
-0.030526902222012302
-0.013790252749378994
-0.007614232757236633
-0.013745653252640004
0.006971851590169025
-0.012906265690508836
-0.042865748390904665
-0.030882784537538455
-0.03521360089543681
-0.016451037674829715
-0.023886510318776415
-0.021559526426461233
-0.027196019739188053
-0.010598838688817204
-0.04443004992428576
-0.03608176316800246
-0.06404687436580178
-0.02703927760811202
-0.025929072100755245
-0.004143985197228894
-0.03142780545472034
-0.030526902222012302
-0.04712726502781331
-0.054803673847320905
-0.07230490174813395
-0.022641788201781032
-0.016451037674829715
0.012758240445664103
-0.04443004992428576
-0.008124486700670565
-0.013745653252640004
-0.048376740293599195
-0.021881411800967185
-0.020237833667286504
-0.03999895352833964
-0.02703927760811202
-0.029883008125400973
0.001949078912746017
-0.028097041493501805
-0.08881748647118033
-0.05743367851179245
-0.021105527581392624
-0.025393340657735165
-0.036303915580516516
-0.020916430556031106
-0.020630923431627698
-0.02920771678251074
-0.07357793962428662
-0.01129872644521135
-0.021881411800967185
-0.02920771678251074
-0.019217521998102064
-0.012034358624469154
-0.03706845307857081
-0.04001534642150439
-0.03142780545472034
-0.030882784537538455
-0.04630980214038715
-0.027549995289506423
-0.025559877080913316
-0.014937120972985914
-0.016451037674829715
-0.05743367851179245
-0.03706845307857081
-0.04136777547734941
-0.006127457688846432
-0.03718124741445711
-0.012906265690508836
-0.042865748390904665
-0.0516220047630942
-0.007709451176968735
-0.027221624644900355
-0.02219417673816502
-0.04712726502781331
-0.02280028569933396
-0.04712726502781331
-0.026743152893613186
-0.013790252749378994
-0.04062878000185737
-0.028051277783504365
-0.05743367851179245
-0.020916430556031106
-0.04371873735663822
-0.01749405127533957
-0.004143985197228894
-0.025559877080913316
-0.014937120972985914
-0.028051277783504365
-0.02305168704841335
-0.022227275191355103
-0.006127457688846432
-0.02619809679355556
-0.016638759759737744
-0.02920771678251074
-0.04371873735663822
-0.0054040631552065305
-0.04136777547734941
-0.06789312259496351
-0.036303915580516516
-0.03552787993716267
-0.020916430556031106
-0.012906265690508836
-0.027221624644900355
-0.0914564120625961
-0.042865748390904665
-0.007709451176968735
-0.0181525480576813
-0.021881411800967185
-0.021881411800967185
-0.010857470850146248
-0.013745653252640004
-0.03608176316800246
-0.020237833667286504
-0.04630980214038715
-0.026743152893613186
-0.06404687436580178
-0.02219417673816502
-0.02305168704841335
-0.0540319095601501
-0.04136777547734941
0.0024922069700833234
-0.02963876474895004
-0.013745653252640004
-0.030439204781171354
-0.014937120972985914
-0.02070338335173219
-0.010613457489885349
-0.042593310505169235
-0.021559526426461233
-0.0515822603331289
-0.014022151186004042
-0.02963876474895004
-0.019237661572790478
-0.030439204781171354
-0.025393340657735165
-0.054803673847320905
-0.02963876474895004
-0.016451037674829715
-0.06404687436580178
-0.012906265690508836
-0.04136777547734941
-0.04001534642150439
-0.034025822510250034
-0.007614232757236633
-0.01749405127533957
-0.019237661572790478
-0.025929072100755245
-0.03671073038649855
-0.021105527581392624
-0.07357793962428662
-0.03070868110145243
-0.04630980214038715
-0.04686796079133509
0.006971851590169025
-0.0809570559846202
-0.06404687436580178
0.0024922069700833234
-0.059882080435824755
-0.037825532366264465
-0.04136777547734941
-0.020693713966940402
-0.028097041493501805
-0.030439204781171354
-0.021105527581392624
-0.016451037674829715
-0.009783987155962544
-0.009060318032708164
-0.03706845307857081
-0.009060318032708164
-0.020916430556031106
-0.009934539475593928
-0.02963876474895004
-0.0809570559846202
-0.021105527581392624
-0.024599430512955094
-0.012034358624469154
-0.020916430556031106
-0.009783987155962544
-0.025929072100755245
-0.03552787993716267
-0.030439204781171354
-0.06789312259496351
-0.031825853233290353
-0.005791674633934983
-0.025929072100755245
0.001949078912746017
-0.027549995289506423
-0.0391927574488457
-0.03999895352833964
-0.054803673847320905
-0.042797279535410744
-0.0391927574488457
-0.021881411800967185
-0.030882784537538455
-0.02729997244156657
-0.006127457688846432
-0.04371873735663822
-0.02981711334315092
-0.031217507129846007
-0.042593310505169235
-0.05331533908996368
-0.022641788201781032
0.0024922069700833234
-0.03649999428064785
-0.013447503776456475
-0.060325145726319196
-0.021881411800967185
-0.025559877080913316
-0.026743152893613186
-0.03706845307857081
-0.014937120972985914
-0.042865748390904665
-0.028097041493501805
-0.019217521998102064
-0.014937120972985914
-0.05331533908996368
-0.059882080435824755
-0.048376740293599195
-0.08881748647118033
-0.02729997244156657
-0.042593310505169235
-0.059882080435824755
-0.027196019739188053
-0.06404687436580178
-0.010613457489885349
-0.0567487117985489
-0.01749405127533957
-0.03608176316800246
-0.03671073038649855
-0.025929072100755245
-0.028272185082212395
-0.0914564120625961
-0.0567487117985489
-0.034025822510250034
-0.012034358624469154
-0.042797279535410744
-0.030526902222012302
-0.02070338335173219
-0.008124486700670565
-0.04630980214038715
-0.019237661572790478
-0.030882784537538455
-0.048376740293599195
-0.07357793962428662
-0.006127457688846432
-0.042797279535410744
-0.06404687436580178
-0.012906265690508836
-0.04686796079133509
-0.04443004992428576
-0.08881748647118033
-0.030439204781171354
-0.028272185082212395
0.012758240445664103
-0.02219417673816502
-0.014937120972985914
-0.020693713966940402
-0.010613457489885349
-0.04709994584588138
-0.042865748390904665
-0.06789312259496351
-0.0352715544570545
0.006971851590169025
-0.06071707802061805
-0.042593310505169235
-0.020693713966940402
-0.0280296079575066
-0.042593310505169235
-0.042797279535410744
-0.053600713034174234
-0.03718124741445711
-0.06789312259496351
-0.013790252749378994
-0.043891322000885045
-0.020478874236915728
-0.016451037674829715
-0.062217820319354133
-0.016638759759737744
-0.03199075756353631
-0.04445848401085917
-0.031217507129846007
-0.01129872644521135
-0.004143985197228894
-0.03671073038649855
-0.04136777547734941
-0.04371873735663822
-0.010613457489885349
-0.022641788201781032
-0.03428136605197065
-0.02070338335173219
-0.04709994584588138
-0.01493499642768958
-0.042593310505169235
-0.04709994584588138
-0.0914564120625961
-0.020916430556031106
-0.062217820319354133
-0.02981711334315092
-0.03649999428064785
-0.026743152893613186
-0.042593310505169235
-0.04630980214038715
-0.012969226743440709
-0.0515822603331289
-0.009060318032708164
-0.028097041493501805
-0.030526902222012302
-0.019237661572790478
-0.027196019739188053
-0.059882080435824755
-0.0352715544570545
-0.026743152893613186
-0.054803673847320905
-0.009783987155962544
-0.0515822603331289
-0.020630923431627698
-0.053600713034174234
-0.053600713034174234
-0.039299877310692725
-0.02070338335173219
-0.06404687436580178
-0.043891322000885045
-0.062217820319354133
-0.03671073038649855
-0.04712726502781331
-0.0391927574488457
-0.051511341904916845
-0.009783987155962544
-0.04062878000185737
-0.04712726502781331
-0.007709451176968735
-0.027549995289506423
-0.007614232757236633
-0.036303915580516516
-0.0914564120625961
-0.01749405127533957
-0.027549995289506423
-0.0515822603331289
-0.04443004992428576
-0.051511341904916845
-0.03649999428064785
-0.005791674633934983
-0.042593310505169235
-0.05407847721913034
-0.023570479332383005
-0.016451037674829715
-0.0181525480576813
-0.0540319095601501
-0.042797279535410744
-0.06404687436580178
-0.008124486700670565
-0.013745653252640004
-0.051511341904916845
-0.039615814489236754
-0.021105527581392624
0.006971851590169025
-0.006127457688846432
-0.023570479332383005
-0.042865748390904665
-0.031217507129846007
-0.03878088360290076
-0.009783987155962544
-0.015432599041204226
-0.060325145726319196
-0.08881748647118033
0.001949078912746017
-0.04709994584588138
-0.009934539475593928
-0.012034358624469154
-0.02703927760811202
-0.02963876474895004
-0.023570479332383005
-0.060325145726319196
0.001949078912746017
-0.0567487117985489
-0.03706845307857081
-0.054803673847320905
-0.042865748390904665
-0.0280296079575066
-0.042797279535410744
-0.005791674633934983
-0.025929072100755245
-0.009783987155962544
-0.027136460189684367
-0.039615814489236754
-0.020916430556031106
-0.062217820319354133
-0.07357793962428662
-0.01129872644521135
-0.02219417673816502
-0.01493499642768958
-0.062217820319354133
-0.031825853233290353
-0.027136460189684367
-0.020630923431627698
-0.022227275191355103
-0.007614232757236633
-0.03552787993716267
-0.006127457688846432
-0.05407847721913034
0.0024922069700833234
-0.02981711334315092
-0.022641788201781032
-0.019217521998102064
-0.0540319095601501
-0.016638759759737744
-0.04413917218381945
0.012758240445664103
-0.059882080435824755
-0.03709006041586006
-0.016451037674829715
-0.01129872644521135
-0.026743152893613186
-0.039615814489236754
-0.025393340657735165
-0.03608176316800246
-0.03428136605197065
-0.009783987155962544
0.012758240445664103
-0.04686796079133509
-0.028097041493501805
-0.0540319095601501
-0.059882080435824755
0.001949078912746017
-0.03709554438148935
-0.04443004992428576
-0.04445848401085917
-0.020478874236915728
-0.0280296079575066
-0.03142780545472034
-0.030882784537538455
-0.03878088360290076
-0.03496374139158455
-0.042797279535410744
-0.014937120972985914
-0.021881411800967185
-0.028097041493501805
-0.019237661572790478
-0.025929072100755245
-0.023570479332383005
-0.006127457688846432
-0.029883008125400973
-0.026743152893613186
-0.04371873735663822
-0.013790252749378994
-0.03709554438148935
-0.054803673847320905
-0.027221624644900355
-0.027196019739188053
-0.0516220047630942
-0.06789312259496351
-0.013745653252640004
