-0.03708170009558823
-0.03422118851698135
0.03178340984049186
0.07625755059663476
-0.03768252773202969
-0.004123191567968508
-0.014731819632064855
-0.017667630029660854
-0.04772121801612451
-0.15153017010231276
-0.07478864586358071
-0.11545050954654582
-0.05848623040657047
-0.055816274337964746
-0.0585225794452542
0.038151782873578496
-0.004723532287022633
0.00012112701011279867
0.017231947112789057
-0.020277507412842243
-0.007621911071816274
-0.04792043646561544
-0.00191340802024886
0.014231559613483918
-0.019279300676279167
-0.012467722731008333
0.011529269336795505
0.13399485518025323
-0.013135487863048422
-0.03422118851698135
-0.019677970839404584
-0.0008638070591359578
-0.07478864586358071
0.0488442088813875
-0.009989912599327301
0.08117257839199761
0.012836266626141275
0.08117257839199761
-0.042270486746348264
0.007335923557261734
-0.004123191567968508
0.032550703648663935
-0.01512437975590866
-0.011347352153921927
-0.018818703943330708
-0.03768252773202969
0.002528612954940778
0.0042389347100239925
-0.04079164672317162
-0.013135487863048422
-0.11545050954654582
0.005986835100582757
-0.017667630029660854
0.0006086240671605006
0.02329134933910574
-0.006499305303137733
-0.055306365605655244
0.028272046218505445
0.0032788461159553813
0.00012112701011279867
-0.020277507412842243
-0.060287005495744145
-0.05136252283385192
0.0032788461159553813
-0.011048956230259992
0.011529269336795505
-0.040261612443335024
-0.08223441502324337
-0.03708170009558823
-0.08433198468520756
-0.055306365605655244
-0.04799751953024661
0.032550703648663935
-0.02836956265241134
-0.07478864586358071
-0.06487210145623856
-0.0378604986680006
-0.004723532287022633
-0.016065006218064247
0.017248463234806933
0.007335923557261734
0.011529269336795505
-0.03511468444432694
-0.112026463940057
0.009309962593603198
-0.11545050954654582
0.007335923557261734
0.005986835100582757
0.01452435907377107
-0.001340304341634597
-0.0008638070591359578
-0.02836956265241134
-0.03329914786302324
-0.020277507412842243
-0.011048956230259992
-0.006379623607466389
-0.04673243086035788
-0.019279300676279167
0.014231559613483918
-0.013135487863048422
-0.04079164672317162
-0.04021469459037804
-0.08223441502324337
-0.014794205884181027
0.13399485518025323
0.00012112701011279867
-0.11545050954654582
0.038151782873578496
-0.03708170009558823
-0.03511468444432694
-0.037426141003836656
0.009309962593603198
-0.03768252773202969
-0.00191340802024886
-0.001340304341634597
-0.03654246243484796
-0.017146538501835937
-0.045839258707601284
-0.05424328160201677
0.011529269336795505
0.07625755059663476
-0.0718871018633546
0.014231559613483918
-0.07478864586358071
0.002648477847516
0.014567956144897315
-0.028660254979310174
-0.03768252773202969
-0.06487210145623856
-0.12992003238296504
-0.03844431898845561
-0.04748977408863626
-0.001340304341634597
0.032550703648663935
-0.011048956230259992
-0.02836956265241134
-0.08555091492258046
0.0006086240671605006
-0.0378604986680006
-0.10902954673384488
-0.05751972399988903
-0.0718871018633546
-0.05136252283385192
-0.05751972399988903
-0.00013519727000551988
-0.04276312651305495
-0.055816274337964746
-0.018818703943330708
-0.04673243086035788
0.013630733388757208
-0.01327078109375011
0.13399485518025323
-0.05030301203503662
-0.04772121801612451
-0.04673243086035788
0.08316048211116396
-0.00191340802024886
0.030629723720078866
-0.037426141003836656
-0.06487210145623856
-0.0008638070591359578
0.08316048211116396
-0.009989912599327301
0.014567956144897315
0.0707717965250738
-0.03844431898845561
-0.01160924324665494
-0.016065006218064247
-0.08940568670550601
-0.020190009616676663
-0.017146538501835937
-0.028660254979310174
-0.0008638070591359578
-0.08408227882396807
0.02329134933910574
-0.01327078109375011
0.027699795481717644
-0.06378314025353758
-0.03768252773202969
-0.045839258707601284
-0.011347352153921927
-0.006379623607466389
-0.006379623607466389
-0.0008638070591359578
-0.031039829982572206
-0.006499305303137733
-0.05848623040657047
0.0006086240671605006
-0.05815497518620786
0.014567956144897315
-0.03844431898845561
-0.017667630029660854
0.00012112701011279867
0.01845817473434593
-0.10902954673384488
-0.05424328160201677
-0.017667630029660854
-0.00191340802024886
0.07625755059663476
-0.04398486236136833
-0.04799751953024661
-0.0008638070591359578
-0.0585225794452542
-0.05136252283385192
-0.08408227882396807
-0.0511355316047252
-0.01707526852574157
-0.04748977408863626
-0.03844431898845561
-0.04673243086035788
-0.019279300676279167
-0.04398486236136833
0.032550703648663935
-0.015470361326061772
-0.01512437975590866
-0.007621911071816274
-0.020277507412842243
-0.037426141003836656
-0.1054044181675651
-0.01327078109375011
0.0032788461159553813
-0.055776716601799975
0.009309962593603198
-0.045839258707601284
-0.00191340802024886
-0.03768252773202969
0.0488442088813875
-0.03511468444432694
-0.05424328160201677
-0.08555091492258046
-0.02867232948087755
-0.04748977408863626
-0.027349975799577677
-0.04398486236136833
-0.03768252773202969
-0.001340304341634597
-0.014794205884181027
0.027699795481717644
-0.19449327198879296
0.005986835100582757
-0.03422118851698135
-0.03654246243484796
0.014231559613483918
-0.04079164672317162
-0.03422118851698135
-0.01160924324665494
-0.04673243086035788
-0.020277507412842243
-0.047053026185407396
-0.02462459603197194
0.017248463234806933
0.00012112701011279867
0.005986835100582757
0.032550703648663935
0.014231559613483918
0.029931800770092432
-0.08223441502324337
0.013630733388757208
0.032550703648663935
-0.05848623040657047
-0.02462459603197194
-0.03511468444432694
-0.014794205884181027
0.01123676395877404
-0.05815497518620786
-0.047053026185407396
-0.01327078109375011
-0.006499305303137733
-0.03156589191177901
-0.0511355316047252
-0.08433198468520756
-0.08433198468520756
-0.01707526852574157
-0.06378314025353758
0.03178340984049186
-0.03768252773202969
0.007335923557261734
-0.03708170009558823
0.011529269336795505
-0.009989912599327301
-0.08433198468520756
0.0032788461159553813
-0.1054044181675651
-0.03422118851698135
-0.1054044181675651
-0.017146538501835937
-0.03329914786302324
-0.036259581679927426
-0.01327078109375011
-0.0585225794452542
-0.04021469459037804
-0.0378604986680006
-0.020277507412842243
-0.055816274337964746
-0.012467722731008333
-0.10902954673384488
-0.004123191567968508
-0.03708170009558823
-0.055306365605655244
-0.020190009616676663
-0.04673243086035788
-0.004723532287022633
0.030629723720078866
-0.020277507412842243
-0.112026463940057
-0.12992003238296504
-0.01160924324665494
-0.040261612443335024
-0.06378314025353758
0.01845817473434593
-0.014731819632064855
-0.04799751953024661
0.0488442088813875
-0.04748977408863626
-0.001340304341634597
0.0032788461159553813
-0.004198200513490208
-0.019677970839404584
-0.0511355316047252
0.02329134933910574
-0.04748977408863626
-0.04276312651305495
-0.04398486236136833
-0.012467722731008333
-0.006499305303137733
-0.047053026185407396
-0.047053026185407396
-0.009989912599327301
-0.05894634111222802
-0.12992003238296504
-0.014731819632064855
-0.031039829982572206
-0.05815497518620786
0.01845817473434593
-0.061935455145763374
0.009309962593603198
0.027699795481717644
0.028272046218505445
0.00012112701011279867
-0.04799751953024661
0.014231559613483918
-0.016065006218064247
0.017248463234806933
-0.19449327198879296
-0.112026463940057
-0.05030301203503662
-0.012467722731008333
0.017248463234806933
-0.027349975799577677
-0.08555091492258046
-0.04021469459037804
-0.15153017010231276
-0.11545050954654582
0.011529269336795505
-0.037426141003836656
-0.023511524489208985
0.0707717965250738
-0.015470361326061772
-0.03708170009558823
-0.011048956230259992
-0.03844431898845561
-0.004123191567968508
-0.023511524489208985
-0.04673243086035788
-0.03654246243484796
-0.036259581679927426
0.014567956144897315
-0.012467722731008333
-0.04799751953024661
-0.006379623607466389
-0.08940568670550601
-0.055776716601799975
-0.045839258707601284
-0.0718871018633546
-0.05751972399988903
-0.05815497518620786
-0.055776716601799975
0.0006086240671605006
-0.11545050954654582
-0.04021469459037804
-0.055816274337964746
-0.004123191567968508
-0.08111287790739559
-0.060287005495744145
-0.009989912599327301
-0.061935455145763374
-0.03708170009558823
-0.020190009616676663
-0.045839258707601284
-0.07478864586358071
0.13399485518025323
-0.037426141003836656
-0.027349975799577677
-0.04079164672317162
-0.019279300676279167
0.08117257839199761
-0.05894634111222802
-0.013135487863048422
-0.08537184480684304
0.027699795481717644
-0.09441106826072974
-0.05751972399988903
-0.01327078109375011
0.0006086240671605006
0.03178340984049186
0.011529269336795505
-0.036259581679927426
-0.017667630029660854
-0.017667630029660854
-0.03422118851698135
-0.00191340802024886
-0.04772121801612451
-0.047053026185407396
-0.061935455145763374
0.01123676395877404
-0.00013519727000551988
-0.03629239108879712
-0.018818703943330708
-0.08940568670550601
0.028272046218505445
-0.012467722731008333
-0.03654246243484796
-0.013135487863048422
-0.15153017010231276
0.01845817473434593
0.02329134933910574
-0.08433198468520756
-0.03654246243484796
-0.12992003238296504
-0.03422118851698135
-0.11545050954654582
0.009309962593603198
-0.08111287790739559
0.030629723720078866
0.030629723720078866
0.01845817473434593
0.01123676395877404
-0.055776716601799975
0.038151782873578496
-0.031039829982572206
-0.015470361326061772
-0.03422118851698135
-0.055306365605655244
-0.011048956230259992
0.01452435907377107
-0.017146538501835937
-0.00013519727000551988
0.030629723720078866
-0.020277507412842243
-0.11545050954654582
0.028272046218505445
-0.015470361326061772
0.017248463234806933
-0.0511355316047252
0.0006086240671605006
-0.0008638070591359578
-0.031039829982572206
0.07625755059663476
-0.047053026185407396
-0.036259581679927426
0.0006086240671605006
-0.055816274337964746
-0.09441106826072974
-0.017146538501835937
-0.055816274337964746
-0.05894634111222802
-0.055816274337964746
-0.017667630029660854
-0.19449327198879296
-0.036259581679927426
-0.013135487863048422
0.012836266626141275
-0.04021469459037804
-0.05815497518620786
0.0488442088813875
-0.19449327198879296
-0.04276312651305495
-0.028660254979310174
0.0707717965250738
0.014567956144897315
-0.112026463940057
0.08316048211116396
0.005986835100582757
-0.03844431898845561
-0.04772121801612451
-0.011347352153921927
0.013630733388757208
0.028272046218505445
-0.055776716601799975
-0.12992003238296504
-0.05424328160201677
-0.020190009616676663
-0.04079164672317162
-0.03156589191177901
-0.004198200513490208
0.017231947112789057
0.005986835100582757
-0.014794205884181027
-0.01160924324665494
-0.06378314025353758
0.002648477847516
-0.03422118851698135
-0.04792043646561544
-0.03654246243484796
-0.037426141003836656
-0.08408227882396807
-0.09441106826072974
-0.15153017010231276
-0.040261612443335024
-0.02462459603197194
-0.05424328160201677
0.011529269336795505
0.027699795481717644
-0.055816274337964746
-0.03708170009558823
-0.04021469459037804
-0.04079164672317162
0.02329134933910574
-0.0378604986680006
0.032550703648663935
-0.1054044181675651
-0.07478864586358071
0.038151782873578496
-0.04079164672317162
-0.03708170009558823
0.08117257839199761
-0.017146538501835937
-0.0378604986680006
-0.042270486746348264
-0.03511468444432694
0.08316048211116396
-0.03768252773202969
-0.011048956230259992
-0.012467722731008333
0.009309962593603198
-0.023511524489208985
-0.05848623040657047
-0.04079164672317162
-0.031039829982572206
-0.02462459603197194
-0.028660254979310174
-0.012467722731008333
-0.04398486236136833
-0.020277507412842243
0.027699795481717644
-0.01512437975590866
0.01845817473434593
-0.040261612443335024
-0.03629239108879712
-0.02836956265241134
-0.03156589191177901
0.009309962593603198
0.032550703648663935
-0.019677970839404584
-0.011347352153921927
-0.11545050954654582
-0.0585225794452542
-0.040261612443335024
0.011529269336795505
-0.047053026185407396
-0.03844431898845561
-0.11545050954654582
-0.03708170009558823
-0.013135487863048422
0.0032788461159553813
0.012836266626141275
0.032550703648663935
-0.02836956265241134
-0.0008638070591359578
-0.10902954673384488
-0.028660254979310174
-0.06378314025353758
-0.027349975799577677
0.08117257839199761
-0.00013519727000551988
-0.05030301203503662
-0.055816274337964746
0.08316048211116396
-0.03654246243484796
0.017248463234806933
-0.03422118851698135
0.0032788461159553813
-0.06378314025353758
-0.09441106826072974
-0.04748977408863626
-0.011048956230259992
-0.05751972399988903
-0.08408227882396807
0.0488442088813875
-0.09441106826072974
-0.04673243086035788
-0.006499305303137733
-0.012467722731008333
0.013630733388757208
-0.04673243086035788
-0.007621911071816274
0.0488442088813875
-0.05815497518620786
0.027699795481717644
-0.05136252283385192
0.011529269336795505
0.03178340984049186
-0.012467722731008333
-0.08555091492258046
-0.12992003238296504
0.017248463234806933
0.027699795481717644
-0.09441106826072974
-0.016065006218064247
-0.004198200513490208
-0.061935455145763374
-0.036259581679927426
0.009309962593603198
0.014231559613483918
0.011529269336795505
-0.03768252773202969
-0.03654246243484796
0.07625755059663476
-0.19449327198879296
-0.03629239108879712
0.002648477847516
-0.02836956265241134
-0.006379623607466389
-0.055776716601799975
-0.05030301203503662
0.027699795481717644
-0.00013519727000551988
0.002528612954940778
-0.045839258707601284
0.002648477847516
-0.031039829982572206
-0.03156589191177901
-0.0511355316047252
0.01452435907377107
0.017231947112789057
-0.08223441502324337
0.01123676395877404
-0.15153017010231276
-0.04772121801612451
0.017231947112789057
-0.04799751953024661
-0.012467722731008333
-0.014731819632064855
-0.020277507412842243
-0.04276312651305495
-0.04079164672317162
0.01123676395877404
0.017231947112789057
-0.017667630029660854
-0.04792043646561544
-0.03708170009558823
-0.15153017010231276
-0.03329914786302324
-0.04772121801612451
-0.040261612443335024
-0.112026463940057
-0.06487210145623856
-0.12992003238296504
0.08316048211116396
-0.055776716601799975
-0.02836956265241134
-0.020277507412842243
0.017248463234806933
0.029931800770092432
-0.08111287790739559
-0.00013519727000551988
-0.08408227882396807
-0.05894634111222802
-0.01512437975590866
-0.017667630029660854
-0.02836956265241134
0.029931800770092432
-0.03654246243484796
-0.007621911071816274
0.014231559613483918
-0.017146538501835937
-0.01327078109375011
-0.028660254979310174
-0.042270486746348264
-0.08537184480684304
-0.03768252773202969
0.011529269336795505
-0.03511468444432694
-0.009989912599327301
0.0006086240671605006
-0.05815497518620786
-0.011048956230259992
0.012836266626141275
0.01123676395877404
0.02329134933910574
-0.12992003238296504
0.0042389347100239925
0.00012112701011279867
0.07625755059663476
-0.03422118851698135
0.009309962593603198
-0.019279300676279167
-0.09441106826072974
-0.061935455145763374
0.038151782873578496
0.00012112701011279867
-0.04276312651305495
-0.112026463940057
-0.061935455145763374
0.002528612954940778
-0.004198200513490208
-0.012467722731008333
-0.08408227882396807
-0.011347352153921927
-0.05848623040657047
-0.04799751953024661
-0.08223441502324337
0.030629723720078866
0.014231559613483918
-0.04799751953024661
-0.112026463940057
-0.06378314025353758
-0.019677970839404584
-0.05030301203503662
-0.15153017010231276
-0.017146538501835937
-0.04276312651305495
-0.05751972399988903
0.002648477847516
-0.04748977408863626
-0.03511468444432694
-0.0378604986680006
0.029931800770092432
-0.014794205884181027
0.014567956144897315
-0.055816274337964746
0.038151782873578496
-0.060287005495744145
0.0032788461159553813
-0.01707526852574157
-0.08433198468520756
-0.017667630029660854
0.032550703648663935
-0.028660254979310174
-0.08940568670550601
-0.02867232948087755
0.009309962593603198
0.027699795481717644
-0.01707526852574157
-0.031039829982572206
-0.04079164672317162
0.012836266626141275
-0.027349975799577677
0.002648477847516
0.012836266626141275
-0.04276312651305495
-0.061935455145763374
-0.061935455145763374
-0.007621911071816274
-0.004198200513490208
-0.006379623607466389
0.0032788461159553813
0.08316048211116396
0.017248463234806933
-0.011347352153921927
-0.05424328160201677
-0.06487210145623856
-0.016065006218064247
-0.006379623607466389
-0.05848623040657047
-0.04021469459037804
-0.020277507412842243
0.08316048211116396
0.002648477847516
-0.08537184480684304
-0.036259581679927426
-0.1054044181675651
-0.020190009616676663
-0.016065006218064247
0.01123676395877404
-0.004198200513490208
-0.037426141003836656
0.0707717965250738
-0.020190009616676663
-0.08940568670550601
-0.04792043646561544
-0.02867232948087755
0.007335923557261734
-0.0585225794452542
0.03178340984049186
-0.031039829982572206
-0.019677970839404584
0.029931800770092432
-0.03629239108879712
-0.006379623607466389
-0.05424328160201677
0.002528612954940778
-0.03329914786302324
-0.05751972399988903
-0.05815497518620786
0.01123676395877404
0.03178340984049186
-0.042270486746348264
0.01452435907377107
-0.07478864586358071
-0.04673243086035788
-0.03511468444432694
-0.112026463940057
0.017231947112789057
-0.012467722731008333
-0.19449327198879296
0.032550703648663935
-0.04748977408863626
0.002528612954940778
-0.019279300676279167
0.0032788461159553813
-0.11545050954654582
-0.04772121801612451
-0.014731819632064855
0.0032788461159553813
-0.023511524489208985
-0.011048956230259992
-0.03844431898845561
0.032550703648663935
0.0032788461159553813
-0.10902954673384488
-0.03708170009558823
-0.11545050954654582
0.028272046218505445
-0.08111287790739559
-0.03844431898845561
-0.06378314025353758
0.01845817473434593
-0.03156589191177901
0.002528612954940778
-0.040261612443335024
-0.09441106826072974
-0.03422118851698135
-0.08555091492258046
0.014231559613483918
-0.0378604986680006
-0.004123191567968508
0.007335923557261734
-0.06378314025353758
-0.04021469459037804
-0.01160924324665494
-0.019677970839404584
-0.08408227882396807
0.014231559613483918
-0.08408227882396807
-0.045839258707601284
-0.08433198468520756
0.002648477847516
-0.055776716601799975
0.030629723720078866
-0.020190009616676663
0.014231559613483918
-0.112026463940057
-0.08555091492258046
-0.018818703943330708
-0.15153017010231276
-0.08940568670550601
-0.060287005495744145
-0.01512437975590866
-0.08408227882396807
0.017248463234806933
0.01845817473434593
-0.04772121801612451
-0.09441106826072974
0.032550703648663935
-0.055306365605655244
-0.01512437975590866
-0.02867232948087755
-0.004123191567968508
0.08316048211116396
-0.055306365605655244
0.08316048211116396
-0.019279300676279167
-0.03654246243484796
0.028272046218505445
-0.05815497518620786
0.029931800770092432
0.028272046218505445
-0.08940568670550601
-0.01160924324665494
0.032550703648663935
-0.03629239108879712
0.0488442088813875
-0.015470361326061772
0.038151782873578496
-0.04792043646561544
-0.04079164672317162
-0.017146538501835937
-0.07478864586358071
-0.112026463940057
-0.027349975799577677
-0.00013519727000551988
-0.055776716601799975
-0.018818703943330708
-0.055306365605655244
-0.04276312651305495
-0.007621911071816274
-0.02462459603197194
-0.001340304341634597
-0.004123191567968508
0.013630733388757208
-0.15153017010231276
-0.19449327198879296
0.030629723720078866
0.02329134933910574
-0.011347352153921927
0.029931800770092432
0.08117257839199761
-0.15153017010231276
-0.03511468444432694
-0.019677970839404584
-0.03768252773202969
-0.03156589191177901
-0.02867232948087755
-0.047053026185407396
-0.045839258707601284
-0.08537184480684304
-0.06378314025353758
-0.00013519727000551988
-0.013135487863048422
-0.19449327198879296
-0.08223441502324337
-0.01707526852574157
-0.019279300676279167
-0.04079164672317162
-0.011048956230259992
-0.027349975799577677
-0.05751972399988903
0.01845817473434593
-0.020190009616676663
-0.03844431898845561
-0.047053026185407396
-0.015470361326061772
-0.006379623607466389
-0.027349975799577677
-0.03844431898845561
0.01845817473434593
-0.04673243086035788
-0.0511355316047252
0.027699795481717644
0.01123676395877404
-0.05424328160201677
0.011529269336795505
-0.03511468444432694
-0.04673243086035788
0.012836266626141275
-0.012467722731008333
-0.013135487863048422
0.017231947112789057
-0.031039829982572206
-0.0718871018633546
-0.08433198468520756
-0.08223441502324337
-0.112026463940057
-0.007621911071816274
-0.04079164672317162
0.009309962593603198
-0.08408227882396807
0.011529269336795505
-0.011347352153921927
0.08316048211116396
-0.15153017010231276
-0.04276312651305495
-0.03156589191177901
-0.019677970839404584
0.0042389347100239925
-0.08408227882396807
-0.06378314025353758
0.005986835100582757
-0.019677970839404584
0.03178340984049186
0.07625755059663476
-0.0585225794452542
-0.03511468444432694
0.012836266626141275
-0.04748977408863626
0.012836266626141275
-0.007621911071816274
0.07625755059663476
-0.009989912599327301
-0.112026463940057
-0.006499305303137733
-0.1054044181675651
-0.112026463940057
-0.08223441502324337
-0.03654246243484796
-0.001340304341634597
-0.01512437975590866
-0.01160924324665494
-0.02462459603197194
0.002648477847516
-0.05751972399988903
0.03178340984049186
-0.004123191567968508
-0.03422118851698135
-0.08555091492258046
0.038151782873578496
0.009309962593603198
-0.017667630029660854
-0.03329914786302324
