0.02783449661567904
-0.052188113210851074
0.012474795383401053
0.00791646940702606
-0.0038559298594832364
-0.015553783366497757
0.021298629533448233
0.016411162280976502
0.0007899081708524932
0.008120488402235039
-0.01778488947302124
-0.034811347250536105
0.010006269707605197
-0.017984152970281064
-0.005972719431673105
-0.04964493412426814
-0.030448479321444726
-0.09331113946041762
-0.02928724899751762
-0.029829739899628564
0.005987365223400716
0.00462629610862484
0.02783449661567904
-0.01215773436368537
0.014594369706200481
-0.0331131010999061
0.004156896004475237
0.08783188639699233
0.01616850656583152
0.06548251809448734
0.007085850688596859
0.13666474790568361
-1.6008134129893597e-05
-0.014913702005432924
-0.06856703039063781
-0.08762943153539479
-0.011333906647907885
0.0721195222347636
0.04158839297863721
-0.009892080086183135
-0.08992814797448388
0.047050923739287015
-0.006140864798166313
0.025895425456268436
-0.04562099521316811
-0.026337518791762875
-0.013012200262158699
-0.009892080086183135
0.04140534292964918
0.007085850688596859
-0.02332630676605042
0.016411162280976502
0.05014587830217078
-0.009508812523708677
0.06548251809448734
-0.04562099521316811
0.13470405622331633
0.10361628072402737
-0.011544725233471264
0.06548251809448734
-0.08762943153539479
-0.10287441073059957
0.014594369706200481
-0.02332630676605042
-0.013918921067680407
-0.04631857515860232
-0.09331113946041762
-0.06856703039063781
0.06586230154098383
-0.0770940163658166
0.07306510732287504
-0.05025677821244761
0.05630013802076827
-0.013012200262158699
0.0010390687853229568
0.0011589258374617296
-0.011544725233471264
0.008203581196593828
-0.030448479321444726
-0.021636982222766398
-0.023196074629040525
-0.0296207922908044
0.04381381770764958
-0.029829739899628564
0.012474795383401053
-0.035672947946096455
0.016411162280976502
0.0020570970106677335
0.009733815640097721
0.04529888911462715
0.051640417687715254
-0.0401036660647303
-0.021636982222766398
-0.020578855870212083
0.025895425456268436
-0.02957693391540834
0.02513832667265758
0.05014587830217078
0.01653163852054706
-0.026952999848945
-0.035672947946096455
-0.006140864798166313
-0.026952999848945
0.02075805932584225
0.01541625829686662
-0.005179471497208028
0.07306510732287504
-0.008519905845616146
0.03247115404323296
-0.012987400150959437
0.0011589258374617296
0.014594369706200481
0.003291192090216943
-0.009966930857730144
0.1406690685701783
0.1902898691009148
-0.009508812523708677
-0.0018551284805517609
-0.044500257195766904
0.014594369706200481
-0.03176223898786891
0.0721195222347636
-0.017683038072331753
0.008203581196593828
0.014594369706200481
-0.002481367444520082
0.0007899081708524932
0.02513832667265758
-0.01452529789384753
0.1902898691009148
-0.0038559298594832364
-0.05025677821244761
-0.01840371043971693
0.01653163852054706
-0.030448479321444726
-0.05445985528978205
0.04140534292964918
-0.006134710366849007
-0.03176223898786891
-0.013474959047193312
-0.0401036660647303
0.051640417687715254
0.01541625829686662
-0.020578855870212083
-0.017984152970281064
-0.011544725233471264
0.04381381770764958
-0.030448479321444726
0.008203581196593828
0.13470405622331633
-0.0401036660647303
-0.05445985528978205
-0.021636982222766398
-0.02941132476995669
0.009460339805376253
0.02783449661567904
-0.023196074629040525
-0.06856703039063781
-0.038583294841252835
0.01541625829686662
-0.017984152970281064
0.003503774387304381
0.03861243127496571
0.03536740905111794
-0.05025677821244761
0.009460339805376253
0.007085850688596859
-0.0686231834823086
-0.053055141296883754
-0.020578855870212083
0.0007899081708524932
-0.04345799144246822
0.13470405622331633
-0.02941132476995669
-0.005179471497208028
0.04158839297863721
0.020919978456134154
-0.013474959047193312
-0.01309193624645712
0.007755271319812915
0.011222005102874466
-0.052188113210851074
-0.013012200262158699
-0.04562099521316811
-0.01309193624645712
0.02981263015936694
-0.0296207922908044
0.03534691417655098
-0.006134710366849007
0.05014587830217078
-0.017984152970281064
0.008120488402235039
-0.02928724899751762
-0.013929464208053749
-0.013012200262158699
-0.044500257195766904
0.01541625829686662
-0.06643741916209238
-0.017984152970281064
0.10361628072402737
0.04529888911462715
-0.038583294841252835
0.011222005102874466
-0.08090241624445654
0.00791646940702606
-0.0331131010999061
-0.021636982222766398
0.047050923739287015
0.2066915393640765
-0.01215773436368537
-0.013474959047193312
0.0721195222347636
0.024513355623540383
-0.05445985528978205
-0.02928724899751762
0.04158839297863721
0.003503774387304381
-0.06177272001529716
-0.0933158075786466
-0.01840371043971693
0.003074085820455599
-0.011544725233471264
-0.017683038072331753
-0.05025677821244761
0.04140534292964918
-0.009508812523708677
0.016827881370847612
0.03536740905111794
0.08164276297280312
0.021298629533448233
-0.029829739899628564
0.13842900375720146
0.1406690685701783
-0.00174241784472122
0.025895425456268436
0.051640417687715254
-0.013929464208053749
-0.023196074629040525
0.03534691417655098
-0.02928724899751762
0.04140534292964918
-0.04631857515860232
0.02603550782353326
-0.001430408479389616
-0.026952999848945
0.02603550782353326
0.02513832667265758
0.05630013802076827
0.055408876237720214
0.008120488402235039
-0.013929464208053749
0.07634504322251665
-0.044500257195766904
0.04381381770764958
0.07306510732287504
0.08164276297280312
0.043033810150745096
0.004156896004475237
-0.012901726344312903
0.014043669443509436
-0.017683038072331753
0.0841508436746098
-0.005179471497208028
-0.011333906647907885
-0.0475181462293204
-0.04562099521316811
0.03534691417655098
-0.012987400150959437
0.03247115404323296
0.003074085820455599
0.010730988998093252
-0.0707900087422696
0.023329261378723147
-0.023196074629040525
0.021298629533448233
-0.01840371043971693
0.0721195222347636
-0.01309193624645712
-0.023196074629040525
0.05630013802076827
-0.04863841652539688
-0.01840371043971693
0.02603550782353326
-0.002481367444520082
0.02783449661567904
-0.009892080086183135
0.025895425456268436
-0.008780182984430607
-0.0296207922908044
0.02075805932584225
-0.01412433943969703
0.05630013802076827
-0.00174241784472122
-0.013474959047193312
0.02513832667265758
0.014594369706200481
-0.002481367444520082
0.012474795383401053
0.03534691417655098
0.02513832667265758
0.0841508436746098
-0.012901726344312903
-0.0038559298594832364
-0.009490232632868271
0.08783188639699233
-0.031493088470264385
-0.05465592397198199
0.045827660820998345
0.10361628072402737
0.009460339805376253
0.051640417687715254
0.03247115404323296
0.13666474790568361
-0.08992814797448388
0.02603550782353326
0.04529888911462715
0.005369349505774509
-0.009835982407163968
0.043033810150745096
0.020919978456134154
0.2066915393640765
0.009460339805376253
-0.0770940163658166
-0.038583294841252835
0.0020570970106677335
0.02783449661567904
-0.04964493412426814
0.0011589258374617296
-0.06438875173107914
0.021298629533448233
0.03861243127496571
-0.029829739899628564
-0.017683038072331753
0.008120488402235039
-0.06856703039063781
0.0721195222347636
-0.020578855870212083
0.02981263015936694
0.016411162280976502
-0.034811347250536105
0.043033810150745096
-0.013012200262158699
0.004156896004475237
0.05014587830217078
0.13470405622331633
0.008203581196593828
-0.02928724899751762
-0.011544725233471264
0.13842900375720146
-0.06856703039063781
-0.04345799144246822
-0.02928724899751762
-0.05445985528978205
-0.017683038072331753
0.00030061280080659916
-0.01840371043971693
-0.026337518791762875
-0.0707900087422696
0.007085850688596859
-0.01215773436368537
0.05630013802076827
-0.006134710366849007
-0.026337518791762875
-0.029829739899628564
0.003503774387304381
0.051640417687715254
-0.013012200262158699
0.00462629610862484
0.047050923739287015
-0.05933722953260617
-0.020578855870212083
0.014594369706200481
0.08164276297280312
0.004156896004475237
0.010730988998093252
0.003291192090216943
0.0841508436746098
-0.0401036660647303
0.025895425456268436
-0.026952999848945
-0.0331131010999061
0.0841508436746098
-0.053055141296883754
0.01541625829686662
-0.005972719431673105
-0.0331131010999061
-0.01452529789384753
-0.017683038072331753
-0.04562099521316811
-0.052188113210851074
-0.02928724899751762
-0.02957693391540834
-0.06438875173107914
-0.009508812523708677
0.03534691417655098
-0.0686231834823086
-0.04562099521316811
0.008203581196593828
0.012474795383401053
0.016827881370847612
-0.0707900087422696
-0.04631857515860232
0.02603550782353326
-0.008519905845616146
-0.017683038072331753
0.010730988998093252
0.04381381770764958
0.0020570970106677335
0.020919978456134154
-0.008780182984430607
0.010006269707605197
-0.015553783366497757
0.04140534292964918
-0.02928724899751762
-0.0933158075786466
-0.06856703039063781
-0.04964493412426814
0.021298629533448233
0.03247115404323296
0.003291192090216943
0.02603550782353326
0.03536740905111794
0.010730988998093252
-0.03176223898786891
-0.012901726344312903
-0.02332630676605042
0.08735456479957554
-0.023196074629040525
-0.0686231834823086
-0.005179471497208028
0.01616850656583152
0.008203581196593828
-0.029829739899628564
0.13470405622331633
-0.011333906647907885
-0.01452529789384753
0.025895425456268436
0.08783188639699233
0.015144918811074052
0.02783449661567904
-0.09331113946041762
0.0841508436746098
-0.034811347250536105
0.024513355623540383
0.10361628072402737
0.003074085820455599
-1.6008134129893597e-05
0.13666474790568361
0.04140534292964918
0.10361628072402737
-0.001700870966744831
-0.0296207922908044
0.024513355623540383
-0.0401036660647303
0.13470405622331633
0.05014587830217078
-0.0770940163658166
0.008120488402235039
-0.034811347250536105
0.007755271319812915
-0.01309193624645712
-0.020578855870212083
0.007755271319812915
-0.002481367444520082
-0.06856703039063781
-0.05933722953260617
0.08164276297280312
0.0020570970106677335
-0.05933722953260617
0.024513355623540383
0.003074085820455599
-0.005972719431673105
0.2066915393640765
-0.04631857515860232
0.003291192090216943
0.03536740905111794
0.13666474790568361
0.009733815640097721
-0.009508812523708677
0.055408876237720214
-0.017984152970281064
0.03534691417655098
-0.044500257195766904
0.037701346629441475
-0.05465592397198199
-0.009835982407163968
-0.04964493412426814
0.06548251809448734
-0.006134710366849007
-0.052188113210851074
-0.01215773436368537
0.08735456479957554
-0.0707900087422696
-1.6008134129893597e-05
-0.013918921067680407
-0.026952999848945
0.01737979083216586
-0.052188113210851074
0.01616850656583152
0.13470405622331633
0.010006269707605197
0.016827881370847612
0.007085850688596859
-0.0401036660647303
-0.09331113946041762
-0.015553783366497757
0.00791646940702606
0.025895425456268436
0.1902898691009148
0.007085850688596859
0.047050923739287015
0.05630013802076827
0.1902898691009148
-0.08090241624445654
0.020919978456134154
0.0841508436746098
-0.0686231834823086
0.06548251809448734
0.055408876237720214
-0.001700870966744831
-0.03176223898786891
-0.0686231834823086
-0.03176223898786891
0.04381381770764958
-0.01309193624645712
0.0020570970106677335
0.02603550782353326
-0.01412433943969703
-0.009835982407163968
-0.02957693391540834
0.023329261378723147
-0.0018551284805517609
0.07634504322251665
0.00030061280080659916
-0.03176223898786891
0.03536740905111794
-0.08090241624445654
0.03247115404323296
-0.06438875173107914
0.007085850688596859
-0.009892080086183135
0.00030061280080659916
0.014591531631926695
-0.013929464208053749
-0.009892080086183135
0.003291192090216943
-0.08992814797448388
-0.01452529789384753
0.08735456479957554
-0.038583294841252835
-0.020578855870212083
-0.0707900087422696
-0.0331131010999061
-0.034811347250536105
-0.04964493412426814
0.043033810150745096
0.016411162280976502
0.08164276297280312
0.02075805932584225
0.02603550782353326
-0.009892080086183135
-0.005972719431673105
-0.04345799144246822
-0.021636982222766398
-0.013929464208053749
-0.053055141296883754
0.016827881370847612
-0.01412433943969703
0.0721195222347636
0.13666474790568361
0.08735456479957554
0.004156896004475237
0.021298629533448233
0.0010390687853229568
-0.001700870966744831
0.008203581196593828
0.014043669443509436
0.011222005102874466
0.02075805932584225
0.00462629610862484
0.06586230154098383
0.007755271319812915
0.043033810150745096
-0.026952999848945
-0.01840371043971693
-0.009835982407163968
0.1902898691009148
0.003503774387304381
-0.04631857515860232
0.08164276297280312
0.1902898691009148
-0.08090241624445654
0.01737979083216586
0.005369349505774509
-0.04562099521316811
0.13470405622331633
-0.05933722953260617
0.00462629610862484
-0.001430408479389616
0.06586230154098383
-0.005972719431673105
0.043033810150745096
-0.03176223898786891
-0.029829739899628564
0.003291192090216943
0.021298629533448233
-0.01215773436368537
0.015144918811074052
-0.03176223898786891
0.011222005102874466
0.009460339805376253
-0.01215773436368537
-0.052188113210851074
0.012474795383401053
-0.01778488947302124
0.0010390687853229568
0.08783188639699233
-0.0401036660647303
0.08783188639699233
-0.005972719431673105
-0.009966930857730144
0.10361628072402737
0.04158839297863721
0.02981263015936694
0.10361628072402737
-0.023196074629040525
-0.021636982222766398
0.00030061280080659916
-0.04345799144246822
0.0020570970106677335
-0.052188113210851074
-0.013929464208053749
-0.011544725233471264
-0.0038559298594832364
-0.013918921067680407
0.00030061280080659916
0.01616850656583152
0.00030061280080659916
-0.009508812523708677
0.008120488402235039
-0.01840371043971693
0.016827881370847612
0.02513832667265758
0.003074085820455599
0.021298629533448233
0.08783188639699233
0.13666474790568361
-0.009892080086183135
0.01653163852054706
0.02075805932584225
-0.052188113210851074
-0.014913702005432924
0.014591531631926695
-0.008780182984430607
-0.026337518791762875
-0.006140864798166313
-0.008519905845616146
0.04381381770764958
-0.013918921067680407
0.13470405622331633
-0.01215773436368537
0.04140534292964918
0.07634504322251665
0.08735456479957554
-0.06177272001529716
-0.001430408479389616
-0.052188113210851074
-0.013012200262158699
-0.017683038072331753
0.06548251809448734
-0.0475181462293204
0.003074085820455599
0.02075805932584225
-0.017683038072331753
-0.01215773436368537
0.0841508436746098
-0.0296207922908044
-0.04562099521316811
-0.0707900087422696
0.007085850688596859
-0.005179471497208028
0.01541625829686662
-0.05465592397198199
0.05014587830217078
-0.0331131010999061
-0.013929464208053749
0.045827660820998345
-0.013918921067680407
-0.009892080086183135
-0.0933158075786466
0.0721195222347636
-0.04345799144246822
-0.0038559298594832364
-0.015553783366497757
-0.05465592397198199
-0.01452529789384753
-0.013918921067680407
-0.08762943153539479
-0.02928724899751762
-0.0018551284805517609
-0.06438875173107914
-0.012901726344312903
-0.02332630676605042
-0.0296207922908044
-0.0770940163658166
0.01616850656583152
0.10361628072402737
-0.030448479321444726
-1.6008134129893597e-05
0.04529888911462715
0.08735456479957554
-0.01309193624645712
0.005369349505774509
0.055408876237720214
-0.01452529789384753
0.003291192090216943
-0.008780182984430607
0.05014587830217078
0.004156896004475237
0.02513832667265758
0.2066915393640765
-0.035672947946096455
-0.02957693391540834
-0.009490232632868271
-0.008519905845616146
-0.01412433943969703
0.13666474790568361
-0.006134710366849007
-0.052188113210851074
-0.06177272001529716
0.04529888911462715
-0.035672947946096455
0.03247115404323296
-0.06856703039063781
-0.00174241784472122
-0.0707900087422696
-0.04631857515860232
-0.031493088470264385
0.04140534292964918
0.01653163852054706
0.01653163852054706
-0.008780182984430607
-0.038583294841252835
0.025895425456268436
0.02981263015936694
0.1406690685701783
0.00462629610862484
-0.034811347250536105
-0.08762943153539479
-0.029829739899628564
0.02603550782353326
0.014591531631926695
-0.05445985528978205
0.02075805932584225
0.016827881370847612
-0.05933722953260617
0.2066915393640765
-0.05025677821244761
-0.0933158075786466
0.05014587830217078
-0.011544725233471264
-0.0018551284805517609
-0.03176223898786891
-0.001430408479389616
-0.012901726344312903
0.003291192090216943
-0.012987400150959437
-0.030448479321444726
0.0841508436746098
-0.04964493412426814
0.010730988998093252
-0.009892080086183135
-0.008519905845616146
0.13666474790568361
-0.09331113946041762
0.02603550782353326
-0.009508812523708677
-0.021636982222766398
-0.009490232632868271
0.0010390687853229568
-0.0475181462293204
0.012474795383401053
0.13666474790568361
0.0721195222347636
-0.008780182984430607
-0.052188113210851074
-0.0475181462293204
0.012474795383401053
0.007755271319812915
-0.0331131010999061
0.10361628072402737
-0.04345799144246822
-0.015553783366497757
0.051640417687715254
0.025895425456268436
-0.10287441073059957
-0.017683038072331753
0.007085850688596859
0.009733815640097721
-0.030448479321444726
-0.011333906647907885
0.055408876237720214
0.02075805932584225
-0.02332630676605042
0.037701346629441475
-0.06856703039063781
0.014043669443509436
-0.0933158075786466
0.2066915393640765
0.13666474790568361
-0.05445985528978205
-0.030448479321444726
0.020919978456134154
-0.001430408479389616
0.05014587830217078
-0.030448479321444726
-0.044500257195766904
0.020919978456134154
-0.006140864798166313
0.01737979083216586
0.08783188639699233
0.016827881370847612
0.007755271319812915
0.012474795383401053
-0.023196074629040525
0.1406690685701783
0.009460339805376253
-0.020578855870212083
0.08735456479957554
0.014043669443509436
-0.021636982222766398
-0.052188113210851074
0.014594369706200481
0.015144918811074052
-1.6008134129893597e-05
-0.06643741916209238
-0.03176223898786891
-0.06438875173107914
-0.005972719431673105
-0.026337518791762875
-0.012987400150959437
0.014043669443509436
-0.04863841652539688
0.007755271319812915
0.004156896004475237
0.0721195222347636
0.0020570970106677335
0.04140534292964918
-0.005972719431673105
-0.012987400150959437
-0.09331113946041762
-0.020578855870212083
0.0841508436746098
-0.038583294841252835
-1.6008134129893597e-05
-0.030448479321444726
-0.030448479321444726
0.1406690685701783
-0.031493088470264385
-0.04631857515860232
-0.06643741916209238
-0.006134710366849007
-0.08090241624445654
0.08164276297280312
0.04158839297863721
0.03536740905111794
0.03534691417655098
-0.012987400150959437
0.0721195222347636
0.055408876237720214
0.015144918811074052
0.007085850688596859
-0.00174241784472122
0.08164276297280312
0.05630013802076827
-1.6008134129893597e-05
-0.05445985528978205
-0.034811347250536105
0.00030061280080659916
-0.030448479321444726
-0.044500257195766904
-0.06643741916209238
-0.030448479321444726
0.08735456479957554
-0.006134710366849007
-0.05465592397198199
-0.01778488947302124
0.1406690685701783
0.011222005102874466
0.011222005102874466
0.01653163852054706
-0.026952999848945
-0.00174241784472122
-0.017683038072331753
0.009460339805376253
0.004156896004475237
-0.06177272001529716
0.07634504322251665
0.0007899081708524932
-0.0038559298594832364
-0.017683038072331753
0.015144918811074052
-0.023196074629040525
-0.01215773436368537
0.0010390687853229568
0.021298629533448233
-0.0296207922908044
-0.002481367444520082
0.037701346629441475
-0.0296207922908044
0.07634504322251665
-0.006134710366849007
0.06586230154098383
-0.008519905845616146
-0.02957693391540834
-0.09331113946041762
-0.06177272001529716
0.015144918811074052
-0.014913702005432924
0.08164276297280312
-0.01452529789384753
-0.02941132476995669
0.010006269707605197
0.05630013802076827
0.02513832667265758
-0.08090241624445654
-1.6008134129893597e-05
0.043033810150745096
-0.01452529789384753
-0.013474959047193312
-0.02928724899751762
-0.013474959047193312
0.015144918811074052
0.02603550782353326
0.009733815640097721
-0.006140864798166313
-0.0018551284805517609
-0.015553783366497757
0.08164276297280312
-0.08992814797448388
0.02603550782353326
0.010006269707605197
-0.05025677821244761
0.00791646940702606
0.043033810150745096
0.07634504322251665
-0.05933722953260617
-0.06177272001529716
-0.0038559298594832364
-0.0707900087422696
-0.009508812523708677
-0.01309193624645712
0.0721195222347636
0.06548251809448734
-0.013474959047193312
0.00462629610862484
-0.05025677821244761
-0.06643741916209238
-0.0770940163658166
-0.009892080086183135
0.06548251809448734
0.13470405622331633
0.004156896004475237
0.00791646940702606
-0.020578855870212083
0.2066915393640765
0.025895425456268436
-0.038583294841252835
-0.005972719431673105
-0.04631857515860232
-0.031493088470264385
0.0841508436746098
0.03536740905111794
-0.0933158075786466
0.037701346629441475
0.025895425456268436
0.02075805932584225
-0.014913702005432924
0.00791646940702606
0.0010390687853229568
-0.0933158075786466
0.007085850688596859
0.03536740905111794
-0.038583294841252835
-0.015553783366497757
0.08735456479957554
0.13666474790568361
-0.05933722953260617
0.04381381770764958
0.055408876237720214
-0.04964493412426814
-0.03176223898786891
0.014591531631926695
-0.04964493412426814
-0.02941132476995669
-0.023196074629040525
-1.6008134129893597e-05
0.0011589258374617296
-0.006140864798166313
-0.009490232632868271
