0.00536234175388976
-0.006482037303954654
0.04360324006775461
0.1316116314909021
-0.004232518443728437
0.011096107896531027
0.049441032847574395
0.009811387094538162
0.00536234175388976
-0.00200615140036394
-0.008250372756550354
-0.01183123804860583
-0.016573029944227678
-0.016573029944227678
-0.02946529828287135
-0.00200615140036394
0.009384130969143962
-0.020601853923090142
0.1316116314909021
-0.024780217960907226
0.055489753981049224
-0.00716633968899982
0.028549972130891173
0.034641209899947345
-0.00716633968899982
-0.020601853923090142
-0.006482037303954654
0.06089376640711942
0.009384130969143962
-0.008250372756550354
0.011096107896531027
0.055489753981049224
0.00536234175388976
0.1316116314909021
0.00536234175388976
0.009811387094538162
0.011096107896531027
-0.020601853923090142
0.06089376640711942
0.00536234175388976
0.011096107896531027
-0.004232518443728437
-0.00716633968899982
0.009811387094538162
0.011096107896531027
-0.020601853923090142
-0.024780217960907226
0.009811387094538162
0.05429193216119788
-0.006482037303954654
-0.006482037303954654
0.007939393734191747
0.049441032847574395
0.04360324006775461
-0.00200615140036394
-0.020601853923090142
0.034641209899947345
0.04360324006775461
0.034641209899947345
0.049441032847574395
0.028549972130891173
0.00536234175388976
-0.02762189969086845
0.007939393734191747
-0.020601853923090142
-0.02762189969086845
-0.008250372756550354
0.05429193216119788
0.007939393734191747
-0.02946529828287135
-0.006482037303954654
-0.00200615140036394
0.034641209899947345
-0.008250372756550354
0.028549972130891173
0.055489753981049224
-0.024780217960907226
-0.02762189969086845
0.009384130969143962
-0.02762189969086845
-0.020601853923090142
-0.020601853923090142
0.028549972130891173
-0.00716633968899982
-0.020601853923090142
0.011096107896531027
0.049441032847574395
0.028549972130891173
-0.00716633968899982
-0.00200615140036394
-0.016573029944227678
0.00536234175388976
-0.008250372756550354
0.017945353927713313
0.055489753981049224
-0.004232518443728437
0.055489753981049224
-0.02762189969086845
-0.016391223331706995
0.007939393734191747
0.034641209899947345
0.017945353927713313
0.034641209899947345
0.1316116314909021
-0.016391223331706995
-0.00716633968899982
-0.008250372756550354
-0.016391223331706995
-0.01183123804860583
-0.004232518443728437
0.05429193216119788
-0.01183123804860583
-0.02762189969086845
-0.020601853923090142
-0.02762189969086845
0.055489753981049224
0.05429193216119788
0.007939393734191747
-0.004232518443728437
-0.004232518443728437
-0.016391223331706995
-0.004232518443728437
-0.02762189969086845
-0.01183123804860583
0.011096107896531027
-0.020601853923090142
0.06089376640711942
-0.00716633968899982
0.034641209899947345
0.00536234175388976
-0.020601853923090142
0.05429193216119788
0.055489753981049224
0.017945353927713313
0.05429193216119788
0.009384130969143962
0.05429193216119788
0.055489753981049224
-0.01183123804860583
0.007939393734191747
-0.01183123804860583
-0.006482037303954654
-0.00716633968899982
0.009384130969143962
0.007939393734191747
0.009384130969143962
0.017945353927713313
-0.006482037303954654
-0.016391223331706995
-0.016573029944227678
-0.004232518443728437
0.034641209899947345
0.00536234175388976
0.009384130969143962
0.1316116314909021
-0.006482037303954654
0.05429193216119788
-0.02946529828287135
-0.01183123804860583
-0.01183123804860583
0.009811387094538162
-0.00200615140036394
0.028549972130891173
-0.004232518443728437
0.017945353927713313
0.009811387094538162
0.055489753981049224
0.1316116314909021
0.009811387094538162
0.009384130969143962
-0.016573029944227678
0.017945353927713313
0.06089376640711942
-0.01183123804860583
-0.01183123804860583
-0.020601853923090142
0.028549972130891173
0.009811387094538162
-0.020601853923090142
-0.008250372756550354
0.06089376640711942
0.1316116314909021
-0.020601853923090142
0.017945353927713313
0.04360324006775461
-0.024780217960907226
0.055489753981049224
0.034641209899947345
0.055489753981049224
-0.004232518443728437
0.011096107896531027
-0.008250372756550354
0.017945353927713313
0.055489753981049224
0.04360324006775461
0.009811387094538162
-0.004232518443728437
-0.02762189969086845
-0.016391223331706995
0.009384130969143962
-0.024780217960907226
-0.006482037303954654
-0.016391223331706995
-0.00716633968899982
0.011096107896531027
-0.006482037303954654
-0.020601853923090142
-0.020601853923090142
-0.02946529828287135
-0.00200615140036394
-0.00200615140036394
-0.00200615140036394
-0.024780217960907226
-0.020601853923090142
-0.00716633968899982
0.028549972130891173
0.06089376640711942
-0.020601853923090142
-0.00200615140036394
-0.008250372756550354
0.05429193216119788
-0.02946529828287135
-0.02946529828287135
-0.006482037303954654
-0.016573029944227678
0.06089376640711942
-0.02762189969086845
-0.02762189969086845
-0.01183123804860583
-0.016573029944227678
0.04360324006775461
-0.004232518443728437
0.00536234175388976
0.034641209899947345
0.055489753981049224
-0.02762189969086845
0.04360324006775461
-0.006482037303954654
0.007939393734191747
-0.004232518443728437
-0.016573029944227678
0.049441032847574395
0.007939393734191747
-0.020601853923090142
-0.01183123804860583
-0.004232518443728437
0.011096107896531027
0.00536234175388976
0.007939393734191747
0.009384130969143962
-0.020601853923090142
-0.02946529828287135
-0.020601853923090142
0.028549972130891173
0.049441032847574395
-0.016573029944227678
0.028549972130891173
0.049441032847574395
0.011096107896531027
-0.02762189969086845
0.04360324006775461
0.04360324006775461
0.06089376640711942
0.06089376640711942
-0.006482037303954654
-0.02762189969086845
0.009811387094538162
-0.006482037303954654
-0.02946529828287135
-0.02946529828287135
0.055489753981049224
0.017945353927713313
0.049441032847574395
0.1316116314909021
-0.02946529828287135
0.028549972130891173
0.055489753981049224
-0.016391223331706995
0.049441032847574395
-0.00200615140036394
-0.00716633968899982
-0.006482037303954654
-0.00200615140036394
0.009384130969143962
0.028549972130891173
0.034641209899947345
-0.00200615140036394
0.055489753981049224
0.049441032847574395
-0.00200615140036394
0.034641209899947345
0.017945353927713313
0.007939393734191747
-0.008250372756550354
0.00536234175388976
-0.01183123804860583
0.011096107896531027
-0.020601853923090142
-0.016391223331706995
-0.004232518443728437
-0.01183123804860583
-0.00716633968899982
-0.024780217960907226
0.034641209899947345
-0.016391223331706995
-0.004232518443728437
-0.02946529828287135
-0.024780217960907226
0.05429193216119788
0.049441032847574395
-0.01183123804860583
0.011096107896531027
-0.024780217960907226
0.034641209899947345
0.055489753981049224
0.00536234175388976
0.009384130969143962
0.034641209899947345
-0.008250372756550354
-0.00716633968899982
0.017945353927713313
0.011096107896531027
0.028549972130891173
0.00536234175388976
0.017945353927713313
-0.020601853923090142
-0.016391223331706995
-0.02946529828287135
-0.004232518443728437
0.05429193216119788
0.04360324006775461
0.034641209899947345
-0.004232518443728437
0.009811387094538162
0.009811387094538162
-0.006482037303954654
0.055489753981049224
0.00536234175388976
-0.02946529828287135
0.05429193216119788
-0.008250372756550354
0.011096107896531027
-0.00716633968899982
0.049441032847574395
-0.016391223331706995
-0.020601853923090142
-0.00200615140036394
0.028549972130891173
-0.006482037303954654
-0.02762189969086845
-0.016391223331706995
-0.006482037303954654
0.055489753981049224
-0.024780217960907226
0.028549972130891173
0.05429193216119788
-0.024780217960907226
-0.016573029944227678
0.1316116314909021
-0.008250372756550354
-0.006482037303954654
0.007939393734191747
0.007939393734191747
-0.020601853923090142
0.049441032847574395
-0.008250372756550354
-0.00200615140036394
0.06089376640711942
0.05429193216119788
0.009384130969143962
0.1316116314909021
0.1316116314909021
-0.02946529828287135
-0.004232518443728437
0.05429193216119788
-0.01183123804860583
-0.02946529828287135
0.007939393734191747
-0.01183123804860583
0.017945353927713313
-0.01183123804860583
0.009811387094538162
0.009384130969143962
-0.004232518443728437
-0.020601853923090142
0.1316116314909021
0.049441032847574395
-0.02946529828287135
0.011096107896531027
0.009384130969143962
-0.02762189969086845
0.007939393734191747
-0.01183123804860583
0.028549972130891173
0.05429193216119788
-0.024780217960907226
-0.01183123804860583
0.00536234175388976
0.00536234175388976
0.06089376640711942
0.049441032847574395
-0.024780217960907226
0.017945353927713313
0.009384130969143962
0.011096107896531027
-0.016573029944227678
0.04360324006775461
0.009384130969143962
-0.024780217960907226
-0.016573029944227678
-0.016391223331706995
-0.006482037303954654
-0.024780217960907226
-0.016391223331706995
0.017945353927713313
0.017945353927713313
-0.02946529828287135
-0.00200615140036394
0.049441032847574395
-0.00200615140036394
0.017945353927713313
0.034641209899947345
-0.016391223331706995
-0.01183123804860583
0.00536234175388976
0.049441032847574395
0.011096107896531027
-0.006482037303954654
0.007939393734191747
-0.020601853923090142
-0.008250372756550354
-0.016573029944227678
0.011096107896531027
0.00536234175388976
0.00536234175388976
0.007939393734191747
0.007939393734191747
0.009811387094538162
-0.008250372756550354
0.05429193216119788
-0.004232518443728437
0.055489753981049224
0.011096107896531027
0.1316116314909021
-0.00200615140036394
0.009811387094538162
-0.020601853923090142
-0.016391223331706995
0.06089376640711942
0.028549972130891173
0.049441032847574395
-0.008250372756550354
-0.02762189969086845
-0.016573029944227678
0.055489753981049224
-0.020601853923090142
0.06089376640711942
0.00536234175388976
-0.016573029944227678
0.049441032847574395
0.034641209899947345
-0.02946529828287135
-0.01183123804860583
0.00536234175388976
-0.020601853923090142
0.04360324006775461
0.1316116314909021
-0.020601853923090142
-0.02762189969086845
0.009384130969143962
-0.004232518443728437
-0.016573029944227678
0.00536234175388976
0.034641209899947345
-0.01183123804860583
0.05429193216119788
-0.016391223331706995
-0.00200615140036394
-0.006482037303954654
0.04360324006775461
-0.016573029944227678
-0.02946529828287135
-0.004232518443728437
0.017945353927713313
0.011096107896531027
-0.02946529828287135
-0.020601853923090142
-0.006482037303954654
0.06089376640711942
-0.020601853923090142
0.1316116314909021
0.011096107896531027
-0.02946529828287135
-0.016391223331706995
0.034641209899947345
0.04360324006775461
0.055489753981049224
-0.00200615140036394
-0.016391223331706995
-0.02946529828287135
-0.006482037303954654
0.04360324006775461
-0.004232518443728437
0.055489753981049224
-0.00716633968899982
0.034641209899947345
-0.004232518443728437
-0.016391223331706995
0.1316116314909021
0.009384130969143962
-0.008250372756550354
-0.016391223331706995
-0.02762189969086845
-0.024780217960907226
0.034641209899947345
-0.016391223331706995
-0.00716633968899982
0.034641209899947345
-0.016391223331706995
0.1316116314909021
-0.016573029944227678
0.06089376640711942
0.009384130969143962
0.028549972130891173
0.05429193216119788
-0.00200615140036394
0.00536234175388976
0.009384130969143962
0.049441032847574395
-0.020601853923090142
-0.02762189969086845
0.011096107896531027
0.05429193216119788
0.009384130969143962
0.009811387094538162
-0.024780217960907226
0.00536234175388976
-0.00200615140036394
0.00536234175388976
0.049441032847574395
0.028549972130891173
0.05429193216119788
0.05429193216119788
-0.024780217960907226
-0.02762189969086845
-0.020601853923090142
-0.00200615140036394
-0.024780217960907226
0.017945353927713313
0.017945353927713313
0.06089376640711942
0.009811387094538162
-0.02762189969086845
-0.016391223331706995
0.1316116314909021
-0.00716633968899982
0.007939393734191747
0.009811387094538162
-0.004232518443728437
0.034641209899947345
-0.008250372756550354
0.055489753981049224
0.05429193216119788
-0.02946529828287135
0.1316116314909021
0.05429193216119788
-0.006482037303954654
0.009811387094538162
-0.00200615140036394
0.1316116314909021
-0.006482037303954654
0.055489753981049224
0.028549972130891173
-0.02946529828287135
-0.016573029944227678
-0.00200615140036394
-0.02762189969086845
0.028549972130891173
-0.00716633968899982
0.04360324006775461
0.017945353927713313
0.00536234175388976
0.028549972130891173
-0.00716633968899982
0.028549972130891173
-0.016573029944227678
0.06089376640711942
0.034641209899947345
-0.00200615140036394
0.007939393734191747
-0.02762189969086845
-0.004232518443728437
-0.016391223331706995
-0.008250372756550354
0.007939393734191747
-0.01183123804860583
-0.01183123804860583
-0.016573029944227678
0.034641209899947345
0.04360324006775461
-0.01183123804860583
-0.02762189969086845
0.009811387094538162
-0.020601853923090142
-0.00716633968899982
0.04360324006775461
0.055489753981049224
-0.016391223331706995
-0.01183123804860583
0.1316116314909021
0.011096107896531027
0.1316116314909021
-0.016391223331706995
0.1316116314909021
-0.02762189969086845
0.1316116314909021
0.04360324006775461
0.04360324006775461
0.05429193216119788
-0.00200615140036394
0.00536234175388976
0.017945353927713313
0.05429193216119788
-0.006482037303954654
0.049441032847574395
-0.020601853923090142
0.05429193216119788
-0.016391223331706995
-0.004232518443728437
0.009384130969143962
-0.006482037303954654
0.05429193216119788
0.04360324006775461
0.017945353927713313
0.007939393734191747
0.009384130969143962
-0.00716633968899982
-0.024780217960907226
0.04360324006775461
-0.016573029944227678
0.04360324006775461
0.1316116314909021
0.06089376640711942
-0.008250372756550354
0.017945353927713313
-0.00716633968899982
-0.004232518443728437
-0.02946529828287135
0.05429193216119788
0.04360324006775461
0.009811387094538162
-0.008250372756550354
-0.020601853923090142
-0.008250372756550354
0.028549972130891173
0.009384130969143962
0.009384130969143962
-0.020601853923090142
-0.00716633968899982
0.028549972130891173
0.04360324006775461
0.00536234175388976
0.049441032847574395
0.04360324006775461
-0.01183123804860583
-0.020601853923090142
0.04360324006775461
-0.004232518443728437
0.00536234175388976
0.049441032847574395
-0.024780217960907226
-0.01183123804860583
-0.016573029944227678
0.028549972130891173
-0.016573029944227678
-0.00716633968899982
0.049441032847574395
-0.02946529828287135
-0.006482037303954654
0.055489753981049224
-0.00716633968899982
0.007939393734191747
0.011096107896531027
-0.016573029944227678
0.049441032847574395
0.06089376640711942
0.017945353927713313
-0.00716633968899982
0.017945353927713313
0.034641209899947345
-0.02762189969086845
-0.016391223331706995
-0.024780217960907226
0.009384130969143962
-0.00716633968899982
0.028549972130891173
0.055489753981049224
0.011096107896531027
-0.00200615140036394
-0.00716633968899982
0.034641209899947345
0.06089376640711942
0.017945353927713313
-0.00200615140036394
0.028549972130891173
0.00536234175388976
-0.02946529828287135
-0.020601853923090142
0.007939393734191747
0.06089376640711942
0.04360324006775461
0.011096107896531027
0.05429193216119788
0.007939393734191747
0.05429193216119788
0.028549972130891173
-0.016391223331706995
0.049441032847574395
-0.02946529828287135
0.049441032847574395
-0.00716633968899982
-0.020601853923090142
-0.008250372756550354
0.011096107896531027
-0.008250372756550354
-0.016573029944227678
-0.024780217960907226
0.011096107896531027
0.007939393734191747
-0.008250372756550354
0.028549972130891173
-0.024780217960907226
0.011096107896531027
0.007939393734191747
-0.02762189969086845
0.1316116314909021
-0.00200615140036394
-0.02762189969086845
0.011096107896531027
0.06089376640711942
-0.00200615140036394
0.009384130969143962
-0.006482037303954654
0.00536234175388976
0.00536234175388976
-0.00200615140036394
-0.008250372756550354
0.06089376640711942
-0.004232518443728437
-0.016573029944227678
0.04360324006775461
-0.02946529828287135
0.034641209899947345
-0.016573029944227678
-0.020601853923090142
0.009384130969143962
0.028549972130891173
-0.01183123804860583
0.028549972130891173
0.011096107896531027
-0.004232518443728437
0.028549972130891173
0.009384130969143962
-0.01183123804860583
-0.02946529828287135
-0.008250372756550354
-0.01183123804860583
0.028549972130891173
-0.020601853923090142
0.06089376640711942
-0.016391223331706995
0.05429193216119788
0.017945353927713313
0.034641209899947345
-0.008250372756550354
-0.020601853923090142
0.1316116314909021
-0.020601853923090142
0.009384130969143962
0.1316116314909021
-0.016391223331706995
-0.02762189969086845
0.028549972130891173
0.028549972130891173
0.1316116314909021
0.011096107896531027
0.055489753981049224
0.017945353927713313
0.034641209899947345
0.00536234175388976
0.05429193216119788
-0.00200615140036394
-0.02762189969086845
-0.016573029944227678
0.06089376640711942
0.009811387094538162
0.017945353927713313
-0.016573029944227678
-0.024780217960907226
0.06089376640711942
0.04360324006775461
0.1316116314909021
-0.016573029944227678
-0.008250372756550354
0.1316116314909021
0.1316116314909021
0.1316116314909021
0.1316116314909021
0.055489753981049224
0.028549972130891173
-0.006482037303954654
0.028549972130891173
0.028549972130891173
-0.016391223331706995
-0.02762189969086845
0.06089376640711942
-0.00200615140036394
-0.016391223331706995
-0.004232518443728437
0.04360324006775461
0.011096107896531027
-0.006482037303954654
0.055489753981049224
-0.016573029944227678
0.055489753981049224
0.009811387094538162
0.06089376640711942
0.009811387094538162
0.06089376640711942
-0.006482037303954654
-0.01183123804860583
0.028549972130891173
0.009384130969143962
0.05429193216119788
0.06089376640711942
-0.00200615140036394
-0.006482037303954654
0.1316116314909021
0.00536234175388976
0.007939393734191747
-0.004232518443728437
0.04360324006775461
0.009811387094538162
0.04360324006775461
0.04360324006775461
0.049441032847574395
0.034641209899947345
0.007939393734191747
0.007939393734191747
0.034641209899947345
-0.008250372756550354
0.06089376640711942
0.034641209899947345
-0.02946529828287135
0.017945353927713313
-0.016391223331706995
0.04360324006775461
0.00536234175388976
-0.016391223331706995
0.00536234175388976
0.04360324006775461
0.06089376640711942
0.049441032847574395
-0.016391223331706995
0.06089376640711942
0.1316116314909021
-0.02946529828287135
0.011096107896531027
0.007939393734191747
0.034641209899947345
-0.024780217960907226
0.009811387094538162
-0.008250372756550354
-0.020601853923090142
-0.020601853923090142
0.007939393734191747
0.007939393734191747
-0.00200615140036394
0.011096107896531027
0.011096107896531027
0.04360324006775461
-0.01183123804860583
-0.01183123804860583
0.007939393734191747
0.049441032847574395
-0.006482037303954654
0.009384130969143962
-0.00200615140036394
0.06089376640711942
0.009811387094538162
0.1316116314909021
-0.00716633968899982
-0.016573029944227678
0.00536234175388976
0.007939393734191747
0.00536234175388976
-0.02946529828287135
-0.024780217960907226
-0.00716633968899982
-0.02946529828287135
0.017945353927713313
-0.02762189969086845
0.017945353927713313
0.007939393734191747
0.009811387094538162
0.009811387094538162
0.028549972130891173
0.055489753981049224
-0.024780217960907226
-0.00716633968899982
-0.02946529828287135
-0.02762189969086845
0.017945353927713313
0.049441032847574395
-0.020601853923090142
-0.02946529828287135
0.05429193216119788
0.007939393734191747
0.04360324006775461
0.00536234175388976
-0.006482037303954654
0.05429193216119788
0.04360324006775461
-0.016391223331706995
0.055489753981049224
-0.004232518443728437
0.034641209899947345
0.049441032847574395
0.04360324006775461
0.00536234175388976
-0.016573029944227678
0.04360324006775461
0.007939393734191747
0.1316116314909021
-0.01183123804860583
-0.004232518443728437
0.017945353927713313
-0.016391223331706995
0.00536234175388976
0.011096107896531027
-0.008250372756550354
-0.008250372756550354
-0.020601853923090142
0.017945353927713313
0.04360324006775461
-0.00200615140036394
-0.004232518443728437
0.049441032847574395
-0.016391223331706995
-0.004232518443728437
-0.008250372756550354
-0.016573029944227678
-0.00716633968899982
0.04360324006775461
-0.01183123804860583
0.007939393734191747
-0.020601853923090142
-0.02946529828287135
-0.016573029944227678
-0.024780217960907226
-0.004232518443728437
0.034641209899947345
-0.024780217960907226
0.04360324006775461
0.009811387094538162
0.009384130969143962
0.009384130969143962
0.1316116314909021
-0.01183123804860583
-0.024780217960907226
0.009811387094538162
0.04360324006775461
-0.00200615140036394
0.049441032847574395
0.007939393734191747
0.007939393734191747
0.055489753981049224
-0.00716633968899982
0.04360324006775461
0.017945353927713313
-0.016391223331706995
0.009811387094538162
0.017945353927713313
0.05429193216119788
0.055489753981049224
0.055489753981049224
-0.016573029944227678
-0.02946529828287135
-0.024780217960907226
0.007939393734191747
-0.02946529828287135
0.009811387094538162
0.017945353927713313
0.034641209899947345
0.00536234175388976
0.028549972130891173
-0.024780217960907226
-0.006482037303954654
-0.02762189969086845
-0.004232518443728437
