-0.05219788548130229
-0.05131138729741669
-0.06448041143286676
-0.003599812420462475
0.005935871684468262
0.023523202634867152
0.08022861703173084
-0.0013097503246550504
0.007062682558549776
0.018634081187180487
-0.014437463972668263
-0.09757473779218481
-0.006326931746182561
-0.027534119940673656
0.04609479622362968
-0.0024449826485932968
-0.05409766534740479
0.014427981654296257
-0.020932217097211755
-0.010111772081113033
-0.0816716685719723
-0.05331595962074176
-0.009285762071210422
0.05647080176635022
-0.028272855490569456
-0.060620015013440685
0.07667784718543759
-0.025898233446451098
-0.05131138729741669
-0.05693915442269625
0.042828631275648406
0.009211182780246905
-0.005181292780496718
-0.014578668184332231
-0.009718431615430411
0.012815154332565677
-0.01246655713323925
0.07332648217665605
-0.01656763444702052
-0.01584505206262229
-0.03995307299461569
-0.07040947189044927
-0.07471248569812482
0.005935871684468262
0.012823261655423806
0.09135831967433683
0.018673406593485153
0.043330019862479086
-0.014437463972668263
0.043948141654321544
-0.05440992672365418
-0.037872363539321635
-0.027203440415604484
-0.015475989800553612
-0.00017226289997593976
0.0057629069816150435
0.05412052410438174
-0.05409766534740479
-0.1073332037143788
-0.04823681002487446
0.013498822196682716
-0.030075280114213513
-0.04019879050989946
-0.06533701368994811
-0.025853820585776004
0.019008066018040712
0.03615050106917391
-0.02783872883454543
-0.00017226289997593976
0.09503824143490759
-0.01584505206262229
-0.011764215873078798
0.018634081187180487
-0.07558981796423977
-0.029889240998866595
-0.0024449826485932968
-0.04841509348608195
-0.07833206490910363
-0.01656763444702052
-0.06533701368994811
-0.03991342456171494
0.0987820119601218
-0.06281251272812735
-0.014437463972668263
-0.01656763444702052
0.043948141654321544
-0.0351994439723468
-0.051625592945453005
0.042828631275648406
-0.011764215873078798
0.04060644995429407
-0.1073332037143788
-0.01959914824303536
0.05664986140634184
0.12110864190035057
0.05647080176635022
-0.009285762071210422
0.043330019862479086
0.018673406593485153
0.09979448753243605
-0.00700522514558727
-0.03744645923799977
-0.019282787177836904
-0.07146797708264617
0.008579483128824653
0.05201179861599998
0.03615050106917391
-0.036616065117642364
-0.003491065460500447
-0.06281251272812735
0.0673610235353757
-0.05331595962074176
-0.02617445815953418
-0.019384790397027202
-0.014750331868030766
0.04668450268755398
0.013893282586784942
-0.060620015013440685
-0.003599812420462475
-0.12210179160281552
-0.009285762071210422
0.018634081187180487
-0.024877618056442466
0.13892441787243762
-0.06642396032189991
0.005935871684468262
0.006691934697600497
-0.001610579274869313
-0.02819476140211852
0.016526212358679813
-0.02617445815953418
-0.042516259371874705
-0.04019879050989946
0.044850691128693235
0.035066304446795114
-0.011438262498214965
-0.029889240998866595
0.062303940202946544
0.02059441214518753
-0.12210179160281552
0.013498822196682716
0.02059441214518753
-0.0458376664186731
-0.023128744557985356
-0.07471248569812482
0.008936340545667495
-0.13060769533943528
0.004825478208861403
-0.019282787177836904
-0.02455877264211473
-0.01577004444269323
0.12110864190035057
-0.015444948969413149
0.0036049502557956316
-0.003491065460500447
-0.07558981796423977
0.042828631275648406
-0.033942523248766523
-0.05700445538217568
0.13892441787243762
0.05195540594245358
-0.08859699240765276
-0.0216865285983512
-0.04841509348608195
-0.04389120800469505
-0.019340755914953964
-0.021115068375606044
-0.06642396032189991
0.042828631275648406
-0.0071941530388625495
-0.027203440415604484
0.011503835426347952
0.004484629931744532
0.0677592827561687
0.0673610235353757
-0.013170416377926365
-0.04894284551198873
0.042828631275648406
-0.05533189588712485
0.08644583185720839
-0.09757473779218481
-0.011438262498214965
0.02215840323826537
0.13892441787243762
-0.08859699240765276
0.08022861703173084
-0.07146797708264617
0.0036599568424186975
0.062303940202946544
0.013893282586784942
-0.05440992672365418
-0.05331595962074176
0.053450170919985864
0.03563184298337904
0.09503824143490759
-0.03214594740366637
-0.03280422629916781
-0.0071941530388625495
-0.0502007221103266
-0.04826270680864287
0.016526212358679813
-0.02819476140211852
0.008936340545667495
-0.04355458584610111
0.06327274899646987
-0.042516259371874705
0.0375548420755678
-0.03995307299461569
0.004626894955303174
-0.020932217097211755
0.09908232949998637
0.011503835426347952
-0.030075280114213513
-0.018153139888669897
-0.06281251272812735
0.04668450268755398
-0.05331595962074176
0.0673610235353757
-0.06196317483861546
-0.03991342456171494
0.013893282586784942
-0.005434289392140042
0.10644621428985926
0.016526212358679813
0.05777351777694351
0.03563184298337904
0.005935871684468262
-0.02617445815953418
-0.030148493086929122
0.009092071720451511
0.0010011304746650467
-0.06848809315826404
-0.05131138729741669
-0.019384790397027202
-0.009285762071210422
0.018673406593485153
-0.05980593963397978
-0.008736132407351197
0.008936340545667495
-0.020932217097211755
-0.03640126445832126
0.012786512001025738
-0.022046003145722172
-0.07146797708264617
-0.06848809315826404
-0.01584505206262229
-0.038916912721518114
-0.038515454022930926
0.019008066018040712
-0.04021225328121399
-0.042516259371874705
-0.09757473779218481
-0.03801062612172201
-0.03991342456171494
-0.030148493086929122
0.005591166491542786
-0.07086993943536138
0.0029615737117037774
0.004825478208861403
-0.015475989800553612
-0.06968845234695029
-0.0502007221103266
0.02085458726476719
-0.02783872883454543
0.009789925380291283
0.027782089765919976
-0.06448041143286676
0.005935871684468262
0.03615050106917391
-0.06533701368994811
-0.014578668184332231
0.02085458726476719
-0.030075280114213513
0.06774331851767515
-0.05980593963397978
-0.014750331868030766
0.08594654521297915
-0.025637978043585925
0.011503835426347952
-0.03214594740366637
0.09979448753243605
-0.029889240998866595
-0.020932217097211755
-0.006326931746182561
-0.028272855490569456
0.18274869247243486
-0.006502735269048391
0.03615050106917391
-0.033582338875007084
-0.019340755914953964
0.008936340545667495
-0.00691384602481356
-0.020932217097211755
0.0987820119601218
-0.001610579274869313
-0.008736132407351197
-0.009095842111803868
0.027782089765919976
-0.040575981903681876
0.023523202634867152
-0.008276600354285152
-0.005181292780496718
-0.02617445815953418
0.05412052410438174
0.09582294116052732
-0.05693915442269625
-0.0502007221103266
-0.027203440415604484
-0.0518658916047556
0.03563184298337904
-0.028272855490569456
-0.015475989800553612
0.0029615737117037774
-0.03640126445832126
-0.014578668184332231
0.0003530354163812974
-0.04200825474446963
0.0019237676673526652
-0.01767298469719526
-0.07086993943536138
0.0036599568424186975
0.06033496321234201
-0.06281251272812735
0.004484629931744532
0.09410729493973745
-0.07146797708264617
0.09503824143490759
-0.009285762071210422
-0.04841509348608195
-0.07833206490910363
0.06992786492672828
-0.024684205956846877
0.06620233483343155
0.02855409011069912
-0.022046003145722172
-0.026570340050406115
-0.005434289392140042
0.09979448753243605
0.007062682558549776
-0.014437463972668263
-0.060620015013440685
0.09908232949998637
-0.03045877163151743
0.05195540594245358
0.018275551428790525
-0.05219788548130229
-0.04019879050989946
-0.02819476140211852
-0.006502735269048391
-0.03935739799429192
0.12110864190035057
-0.019384790397027202
-0.025637978043585925
0.13892441787243762
-0.028272855490569456
0.09503824143490759
0.05664986140634184
0.05517180420210288
-0.012823022653861446
-0.013170416377926365
0.02365755830694157
0.02059441214518753
-0.07086993943536138
-0.012823022653861446
-0.011438262498214965
0.008579483128824653
-0.08868323296604196
-0.006326931746182561
-0.006502735269048391
-0.02073143648830176
-0.0404946222511927
-0.014578668184332231
0.09872438989715704
-0.05219788548130229
-0.019340755914953964
0.04668450268755398
0.009211182780246905
-0.019282787177836904
0.09908232949998637
-0.026570340050406115
-0.010229333281260345
-0.04355458584610111
-0.009718431615430411
0.012575338150967043
0.043330019862479086
0.012510823039089989
0.004484629931744532
0.11796465638844905
-0.06869297283503277
0.004825478208861403
-0.037872363539321635
-0.0317548687353563
-0.06533701368994811
-0.025637978043585925
-0.05440992672365418
-0.05440992672365418
-0.05980593963397978
0.0036049502557956316
-0.01577004444269323
0.0029615737117037774
0.06033496321234201
0.005591166491542786
0.003980430687468767
-0.06003572121732825
-0.01862824484842634
0.05517180420210288
0.09410729493973745
0.02855409011069912
-0.019384790397027202
0.043330019862479086
0.007062682558549776
0.0036599568424186975
-0.027203440415604484
0.02085458726476719
-0.019384790397027202
-0.04200825474446963
-0.05980593963397978
0.008579483128824653
-0.11423435685534873
-0.053173417105670986
0.0036599568424186975
0.005591166491542786
-0.012823022653861446
0.05201179861599998
-0.05533189588712485
0.0375548420755678
-0.05131138729741669
-0.00017226289997593976
-0.04019879050989946
-0.01362865110042232
-0.014750331868030766
-0.0458376664186731
0.01781976786281255
-0.1073332037143788
0.008579483128824653
0.09410729493973745
0.018275551428790525
-0.07833206490910363
-0.0502007221103266
-0.011438262498214965
0.042828631275648406
-0.05533189588712485
-0.003599812420462475
0.0029615737117037774
-0.025637978043585925
-0.011438262498214965
0.11796465638844905
-0.021115068375606044
0.012575338150967043
0.08022861703173084
0.0010011304746650467
-0.07047341604201869
0.043330019862479086
0.012815154332565677
0.09979448753243605
-0.07086993943536138
-0.06196317483861546
0.0010011304746650467
-0.023128744557985356
0.00031325116265093326
0.010461192657888066
0.06711097439732736
0.0987820119601218
-0.015444948969413149
-0.06848809315826404
-0.02819476140211852
-0.01577004444269323
-0.07040947189044927
-0.13060769533943528
0.0057629069816150435
-0.012823022653861446
-0.001610579274869313
-0.012621072953159427
0.042676400128323765
-0.010229333281260345
-0.06968845234695029
0.09582294116052732
-0.009553535885481653
-0.06848809315826404
-0.03744645923799977
-0.008736132407351197
0.0677592827561687
-0.024877618056442466
-0.05131138729741669
-0.0816716685719723
0.014272114122201356
-0.003491065460500447
-0.040503111853753083
0.007062682558549776
-0.009095842111803868
0.012786512001025738
0.013893282586784942
-0.060620015013440685
0.004484629931744532
-0.006326931746182561
-0.05219788548130229
0.09979448753243605
0.018673406593485153
-0.027203440415604484
0.1163211687734547
-0.042516259371874705
0.06774331851767515
0.018634081187180487
0.04609479622362968
-0.010229333281260345
0.03615050106917391
-0.009718431615430411
-0.021115068375606044
-0.029889240998866595
-0.03727708331097472
-0.03991342456171494
-0.015444948969413149
0.0673610235353757
-0.01959914824303536
-0.028272855490569456
-0.06281251272812735
-0.03045877163151743
0.03533627859012971
0.018673406593485153
-0.01767298469719526
-0.03801062612172201
-0.06642396032189991
-0.028272855490569456
0.03563184298337904
-0.1073332037143788
0.004484629931744532
-0.006641201878735773
0.0036599568424186975
-0.025853820585776004
-0.06003572121732825
0.044850691128693235
0.00649553473134019
-0.11423435685534873
-0.01584505206262229
-0.05693915442269625
-0.04894284551198873
0.008579483128824653
-0.03214594740366637
-0.025853820585776004
-0.060620015013440685
-0.03640126445832126
-0.02819476140211852
-0.014437463972668263
0.03615050106917391
-0.025898233446451098
0.05412052410438174
-0.028925777362036473
-0.042516259371874705
0.044850691128693235
0.042828631275648406
0.18274869247243486
-0.06642396032189991
0.0677592827561687
-0.026570340050406115
-0.009718431615430411
0.003980430687468767
0.06620233483343155
-0.033942523248766523
0.014272114122201356
-0.07833206490910363
-0.05980593963397978
-0.030075280114213513
0.0677592827561687
0.11796465638844905
0.016526212358679813
-0.04019879050989946
0.02059441214518753
-0.005181292780496718
0.11796465638844905
0.12110864190035057
0.08644583185720839
0.02855409011069912
-0.04021225328121399
0.008936340545667495
-0.010111772081113033
-0.005181292780496718
0.02215840323826537
0.004484629931744532
-0.03280422629916781
-0.06533701368994811
-0.06448041143286676
-0.028272855490569456
0.035066304446795114
-0.04200825474446963
-0.07833206490910363
0.009092071720451511
-0.040503111853753083
-0.04841509348608195
-0.021645620058368797
0.09872438989715704
-0.025637978043585925
-0.11423435685534873
-0.038916912721518114
-0.06533701368994811
0.0673610235353757
0.014272114122201356
-0.003599812420462475
0.06992786492672828
-0.06003572121732825
0.044850691128693235
0.05664986140634184
-0.012823022653861446
-0.02455877264211473
0.004484629931744532
0.003980430687468767
-0.023979255568641975
0.04668450268755398
-0.024877618056442466
-0.01767298469719526
-0.06968845234695029
0.022981390608455398
-0.01362865110042232
0.014427981654296257
0.019008066018040712
0.005591166491542786
0.0455564905316293
-0.0013097503246550504
-0.009553535885481653
0.09503824143490759
-0.028272855490569456
0.0019237676673526652
-0.1073332037143788
-0.023128744557985356
0.018673406593485153
0.005591166491542786
-0.009553535885481653
-0.05440992672365418
-0.0816716685719723
-0.05219788548130229
0.007062682558549776
0.08594654521297915
-0.01577004444269323
-0.009095842111803868
-0.024684205956846877
-0.07558981796423977
-0.04200825474446963
-0.033942523248766523
-0.012823022653861446
0.044850691128693235
-0.1073332037143788
-0.022046003145722172
-0.038515454022930926
-0.02073143648830176
0.003980430687468767
-0.0071941530388625495
0.012575338150967043
-0.03995307299461569
-0.05440992672365418
-0.011764215873078798
-0.043826998509050134
-0.019384790397027202
0.004626894955303174
-0.038916912721518114
-0.021115068375606044
0.004825478208861403
-0.06642396032189991
0.07332648217665605
0.0673610235353757
-0.060620015013440685
-0.03991342456171494
-0.014578668184332231
-0.037872363539321635
0.02215840323826537
-0.04019879050989946
0.012815154332565677
0.005591166491542786
-0.04200825474446963
-0.004510647645915679
-0.05409766534740479
0.053450170919985864
-0.05131138729741669
-0.11423435685534873
0.05647080176635022
0.11796465638844905
0.09872438989715704
0.04609479622362968
-0.05409766534740479
-0.0518658916047556
0.0987820119601218
0.06033496321234201
0.012823261655423806
-0.021645620058368797
0.02855409011069912
-0.07040947189044927
0.03533627859012971
-0.008276600354285152
0.019008066018040712
-0.009285762071210422
0.09503824143490759
0.0987820119601218
0.0677592827561687
-0.06724331436426947
0.06620233483343155
0.0455564905316293
-0.014750331868030766
-0.0518658916047556
-0.06869297283503277
0.016526212358679813
-0.03991342456171494
-0.029889240998866595
-0.038515454022930926
-0.03744645923799977
0.13892441787243762
-0.006326931746182561
0.04609479622362968
-0.04823681002487446
-0.030075280114213513
0.009789925380291283
0.02085458726476719
-0.05440992672365418
-0.042516259371874705
-0.06642396032189991
0.05517180420210288
0.10644621428985926
-0.11423435685534873
0.009092071720451511
0.009789925380291283
-0.05533189588712485
0.018673406593485153
-0.028925777362036473
-0.026570340050406115
-0.024877618056442466
-0.028925777362036473
-0.0518658916047556
0.06033496321234201
0.09872438989715704
-0.010111772081113033
0.09582294116052732
0.05664986140634184
-0.030075280114213513
-0.033942523248766523
-0.022046003145722172
-0.07040947189044927
0.013893282586784942
0.006691934697600497
-0.04841509348608195
0.03533627859012971
-0.08868323296604196
-0.020932217097211755
-0.015444948969413149
-0.025637978043585925
-0.019340755914953964
0.06783622979188354
0.005591166491542786
-0.021645620058368797
0.09908232949998637
0.010461192657888066
0.042676400128323765
0.05517180420210288
-0.0816716685719723
0.10644621428985926
-0.01656763444702052
-0.03214594740366637
-0.06448041143286676
-0.01767298469719526
-0.05693915442269625
-0.043826998509050134
-0.06003572121732825
0.013893282586784942
0.012823261655423806
0.04060644995429407
0.02059441214518753
-0.07086993943536138
0.005738340107459959
-0.06448041143286676
0.07332648217665605
-0.0351994439723468
0.009211182780246905
0.12110864190035057
-0.03991342456171494
-0.024684205956846877
0.014427981654296257
0.02855409011069912
0.06992786492672828
-0.01584505206262229
0.016526212358679813
-0.023979255568641975
0.05647080176635022
-0.030075280114213513
-0.014437463972668263
-0.0013097503246550504
0.023523202634867152
-0.030075280114213513
-0.03935739799429192
-0.04019879050989946
-0.08859699240765276
-0.01584505206262229
0.05412052410438174
0.18274869247243486
-0.05219788548130229
0.008579483128824653
0.09410729493973745
-0.02073143648830176
-0.08859699240765276
0.0677592827561687
-0.040575981903681876
-0.06968845234695029
-0.023979255568641975
-0.009095842111803868
0.11796465638844905
-0.05980593963397978
-0.005434289392140042
-0.038916912721518114
0.1163211687734547
-0.01656763444702052
0.0677592827561687
-0.08868323296604196
-0.0216865285983512
-0.06724331436426947
-0.0071941530388625495
-0.038916912721518114
-0.0071941530388625495
0.04668450268755398
0.02085458726476719
-0.024877618056442466
-0.012823022653861446
0.01781976786281255
0.042676400128323765
-0.009285762071210422
-0.024684205956846877
0.035066304446795114
-0.01862824484842634
0.0455564905316293
-0.04389120800469505
-0.0404946222511927
-0.006641201878735773
-0.0071941530388625495
-0.022046003145722172
-0.040575981903681876
-0.01577004444269323
-0.040503111853753083
-0.01584505206262229
-0.00017226289997593976
-0.006641201878735773
-0.01215957344604466
-0.006502735269048391
-0.015444948969413149
-0.00017226289997593976
-0.033942523248766523
-0.04355458584610111
0.014272114122201356
0.0057629069816150435
0.02215840323826537
-0.043826998509050134
0.09410729493973745
0.05517180420210288
-0.008736132407351197
-0.042516259371874705
-0.06003572121732825
-0.005181292780496718
0.0375548420755678
0.04609479622362968
-0.0816716685719723
-0.010229333281260345
-0.021115068375606044
0.018634081187180487
-0.024684205956846877
-0.026570340050406115
-0.0458376664186731
-0.012823022653861446
-0.07471248569812482
-0.00017226289997593976
-0.023128744557985356
-0.010111772081113033
-0.03801062612172201
-0.02617445815953418
-0.006502735269048391
-0.04021225328121399
0.0455564905316293
0.06992786492672828
0.01781976786281255
-0.027203440415604484
-0.07040947189044927
-0.043826998509050134
-0.009718431615430411
0.007062682558549776
-0.036616065117642364
-0.06724331436426947
0.0673610235353757
0.00649553473134019
0.10644621428985926
0.0029615737117037774
-0.013170416377926365
0.012510823039089989
0.027782089765919976
-0.0458376664186731
-0.025898233446451098
0.0010011304746650467
-0.00700522514558727
0.009789925380291283
-0.04355458584610111
-0.010229333281260345
-0.01959914824303536
0.05777351777694351
0.02059441214518753
0.0036599568424186975
0.042676400128323765
-0.08859699240765276
-0.03640126445832126
0.0375548420755678
0.05664986140634184
-0.026570340050406115
-0.08859699240765276
-0.040575981903681876
0.12110864190035057
0.022981390608455398
0.009092071720451511
0.005738340107459959
-0.012621072953159427
-0.06533701368994811
-0.03991342456171494
0.12110864190035057
-0.028925777362036473
0.02855409011069912
-0.025898233446451098
-0.009553535885481653
-0.01767298469719526
0.02365755830694157
-0.02783872883454543
-0.00700522514558727
-0.024684205956846877
-0.010111772081113033
-0.010229333281260345
-0.11423435685534873
-0.0071941530388625495
-0.060620015013440685
-0.04894284551198873
-0.033942523248766523
0.007062682558549776
-0.023128744557985356
0.00649553473134019
-0.05693915442269625
-0.004510647645915679
-0.0071941530388625495
0.027782089765919976
-0.06848809315826404
-0.05693915442269625
-0.06448041143286676
-0.003599812420462475
-0.027534119940673656
-0.036616065117642364
0.012815154332565677
0.016526212358679813
0.012815154332565677
-0.010111772081113033
0.053450170919985864
-0.05700445538217568
0.0987820119601218
-0.015475989800553612
0.06774331851767515
0.0987820119601218
0.019008066018040712
-0.019384790397027202
-0.02617445815953418
-0.006641201878735773
-0.0216865285983512
-0.03801062612172201
-0.024877618056442466
-0.06869297283503277
-0.06448041143286676
-0.006502735269048391
-0.05980593963397978
-0.005434289392140042
0.05201179861599998
-0.06281251272812735
0.08022861703173084
0.04060644995429407
-0.006641201878735773
0.07332648217665605
-0.006641201878735773
-0.04841509348608195
-0.006326931746182561
0.0036599568424186975
0.06992786492672828
-0.011438262498214965
-0.01959914824303536
0.06033496321234201
-0.13060769533943528
0.007062682558549776
0.08644583185720839
0.012815154332565677
-0.07040947189044927
-0.00017226289997593976
0.062303940202946544
-0.0458376664186731
-0.04200825474446963
-0.06448041143286676
0.09135831967433683
-0.03935739799429192
-0.021645620058368797
-0.01215957344604466
-0.01362865110042232
-0.025853820585776004
0.013498822196682716
-0.02455877264211473
0.1163211687734547
-0.021115068375606044
0.04668450268755398
0.04060644995429407
-0.03991342456171494
