-0.3550805022817792
-0.3550805022817792
0.08005458514850194
-0.048703924864643436
-0.2503282269898861
0.07799117710710697
-0.16956003002989617
0.03748308846467213
-0.2164871938539276
0.141488212207091
0.055718487489667144
0.28539735447081277
0.0016112892812092622
-0.1770323309426279
-0.08871380086125932
-0.12553808259100518
-0.04305187414826194
0.20186271493615687
-0.09179605356509606
0.2467244996114729
0.04252367511382854
-0.18331990800102108
-0.17344590628302822
-0.03797309458931569
0.0032521036063092447
0.06289203654375916
0.1687654973965996
-0.1652192777945744
-0.05491700609491688
-0.09283216899598327
-0.07783957362856508
-0.05526602319785575
-0.084223003493614
0.025539951702233343
0.027776636432907367
-0.04405428576845039
0.145978755657117
-0.09747491204901544
0.058579403940542056
0.03969730250869915
0.016671003438916043
0.02505096695199343
0.04429048900304452
-0.04364504268269277
0.015197688202969722
0.2553664135567458
-0.027713301969317646
-0.03795156645291498
-0.0638810457984121
-0.09753789547427666
-0.1542495225048959
-0.03795156645291498
0.0936017560593259
-0.12283335075554563
0.16752675738435496
-0.07218113492461216
-0.07890160190538728
0.0021281864291576836
-0.15329146562733098
-0.010356424216192046
-0.12268228989255599
-0.07807563816217371
-0.03303043912137232
-0.05691103252241343
-0.057155959738934024
-0.034751749041129036
-0.05485205876786366
-0.12483993555884337
0.19466953951862198
-0.07302654493461883
-0.09701611718120036
-0.03756920794949136
-0.07614062754702519
-0.3550805022817792
-0.14519932223042015
0.07276833941663644
0.015197688202969722
0.05002357296442171
-0.02744030519327824
-0.017561270420875238
-0.2503282269898861
-0.05987747616494943
-0.019005577419645737
0.1474973085221782
0.01985565115509216
0.044781278379299766
0.09546182409288957
0.14421550746529282
0.20570619708700263
-0.09670421879408249
0.009681213574207127
0.021930335608929766
-0.038922222581802106
0.2049402973487328
0.10591358142355142
-0.05491700609491688
-0.036840168005412385
0.3182446943806693
-0.03412273415680744
0.10399564363698108
0.2834280892462041
-0.05772795721747189
-0.007621886976871923
-0.026329498038300696
0.02911787247929292
0.07891769177965041
0.1348389628510658
0.03691551355544006
-0.02972034609478009
0.11620403301709356
0.12981678499775293
-0.11808858101269995
0.07246442432128586
0.09440717140377643
0.01030104096974442
-0.05877252349196313
0.031094128104616266
-0.007621886976871923
0.01675849650373967
-0.05691103252241343
-0.06997065793052401
0.234835775775828
-0.05094313841247698
-0.017503638214456052
0.047736484134590286
0.005118738076930722
0.008992545156230242
-0.1957271127091267
-0.06141771547960478
0.17053379215860764
-0.3022773188444113
-0.03645309554695808
-0.06982176269479605
-0.12553808259100518
-0.1542495225048959
-0.03756920794949136
0.19466953951862198
-0.13518770464327878
-0.08233500853943415
0.18864189692265174
0.017434440512445477
-0.2503282269898861
-0.15781906446079386
0.0687899444955718
-0.07302654493461883
0.07276833941663644
-0.010356424216192046
-0.23553193317282506
0.04980978500886898
-0.06720302945640429
-0.06703729731278417
-0.16790684481109383
-0.008328751615559774
0.02603561000386804
-0.15781906446079386
-0.16092063622164093
-0.02721366935357947
0.16484432097412124
0.0845209949859503
0.06643742468998008
-0.24750223913927974
-0.07868331591884228
-0.22016896005030417
-0.07089693763231539
-0.034751749041129036
-0.0014419539504938721
0.258747776239588
0.058579403940542056
0.3325815129845787
-0.09701611718120036
-0.0021027702413905012
0.14625445026177256
-0.0317748190184534
-0.1957271127091267
-0.12268228989255599
0.2553664135567458
-0.12553808259100518
0.07569407858144878
-0.10380282368669998
0.07597623433678732
0.03817091741287943
-0.11584863735689989
-0.036840168005412385
0.23058445994640836
-0.12289075865459599
0.1242460304084934
-0.0041223593671256605
-0.11307495675556609
0.07799117710710697
-0.021627615142356938
-0.09590174346100183
0.009157317175160665
-0.06721584443318218
0.013189277127369737
0.04892541146042385
-0.011494185786792841
0.17069221673921312
0.2467244996114729
0.06643742468998008
0.16484432097412124
-0.006854634968668731
-0.0761599102578586
-0.06997065793052401
-0.12483993555884337
0.05800919435193843
-0.01776708682894711
-0.12924634857657122
0.07276833941663644
0.16682641338499446
-0.027713301969317646
-0.13533425976188856
-0.07050832513142914
-9.505125583146945e-05
0.008763635765782707
-0.12268228989255599
-0.2164871938539276
0.0379288717049465
-0.15310518023178266
-0.07317712347729752
-0.03943349056581764
0.03969730250869915
-0.015408388838468162
-0.049429739437878865
-0.08095699487081934
-0.07302654493461883
0.14625445026177256
-0.12924634857657122
-0.04552076876899145
0.1723460271147839
0.11092286285457462
0.07283326317070232
0.43498258651695004
-0.04552076876899145
-0.1221273039982466
0.13181874201359922
0.07130740110507898
0.13240085410333133
-0.17843386621605095
-0.2437533994989804
0.32883854601549284
-0.04373737544077242
0.04346116620410429
0.06289203654375916
-0.0364160897447699
-0.07783957362856508
0.11620403301709356
-0.025150305676796162
-0.12908310711780166
0.016671003438916043
0.14625445026177256
-0.017503638214456052
0.026921070876908867
-0.03412273415680744
-0.00264320492858679
0.16484432097412124
0.23301666001006324
0.047998584973989476
-0.044705814406749755
-0.01776708682894711
0.08292807635501863
-0.05526602319785575
0.258747776239588
-0.061747260115199404
0.07852014626628202
0.23058445994640836
-0.05148670875598799
0.09440717140377643
-0.0991927446477984
0.08005458514850194
0.044781278379299766
-0.109963399860441
-0.053423784238530336
-0.043738485918727595
-0.004899329749966838
-0.07317712347729752
-0.027713301969317646
-0.14390004088272448
-0.048703924864643436
-0.1221273039982466
-0.0364160897447699
-0.004423139394515035
-0.12268228989255599
0.43498258651695004
-0.13589556451040657
4.95989431925651e-05
-0.06675563564805781
-0.030914413316987344
-0.03317553648699609
0.1474973085221782
-0.00264320492858679
-0.1338746655732659
0.025539951702233343
0.1715702912501344
0.044312822815101724
-0.20952793905267073
0.02278660639138244
0.017326737443770508
0.04892541146042385
0.11777199769511035
-0.03303043912137232
0.1242460304084934
0.05002357296442171
0.013615673015859014
0.22637401791788295
-0.2164871938539276
-0.01828667097963797
0.07569407858144878
-0.010356424216192046
0.02230048160835948
-0.11972742753197164
-0.06929069207982086
-0.029005862265352365
0.06289203654375916
0.0002855991500068908
-0.04594015557492238
-0.02731031345414034
-0.1542495225048959
0.23017476302826081
0.10603574489949748
-0.09083947505209586
-0.017561270420875238
0.0025826247334822324
-0.10565903862593316
0.20650533098943624
-0.06997065793052401
0.12118761694844117
0.09546182409288957
0.03269285727834222
0.12981678499775293
0.12118761694844117
-0.3550805022817792
-0.3022773188444113
0.02505096695199343
0.052793298836293745
-0.034360745857645286
0.013673931474603792
0.09546182409288957
-0.017561270420875238
-0.18251877923336668
-0.04373737544077242
-0.053601173388156856
0.10591358142355142
-0.1565958581656524
-0.027713301969317646
0.07852014626628202
0.058579403940542056
0.03969730250869915
0.06318948338880623
-0.02417521771068427
-0.020771808760271314
0.1429072924047265
-0.07981717427301091
-0.036840168005412385
0.034046819979841346
-0.10208725877112057
0.11620403301709356
-0.14528214322612032
0.016671003438916043
-0.10380282368669998
0.14033324507099737
-0.13304498506915996
-0.026329498038300696
0.0613501371371371
0.15927017888440403
-0.015863633475508346
-0.1391250555098755
-0.02731031345414034
-0.048703924864643436
-0.025582402353726774
-0.15140174783240742
0.44159713941100476
0.1715702912501344
-0.21352106118163827
0.047998584973989476
-0.03756920794949136
-0.004099506672549566
0.10603574489949748
-0.031726099985165394
-0.04032530815404281
0.0946518856687605
-0.07969589462409384
-0.12924634857657122
-0.10380282368669998
-0.06413258198172411
-0.10565903862593316
-0.04304154840993469
-0.12001052064598633
0.19065809934787736
0.014623267056915096
-0.060377802813434106
-0.13533425976188856
0.11415425891749362
-0.0761599102578586
-0.1565958581656524
-0.10565903862593316
0.034460881466448386
-0.1357001884885413
-0.01847067229870933
-0.06731647424943385
-0.026256086915166617
-0.1273067857563128
0.04625485104431372
-0.005742952212003347
0.0354920449387765
-0.025150305676796162
-0.017561270420875238
-0.14903964750330082
0.02603561000386804
-0.10208725877112057
0.03969730250869915
-0.21116132008178914
0.036530020154368896
-0.0761599102578586
-0.09146846837157394
-0.04405428576845039
0.047736484134590286
-0.11736906688515927
-0.15329146562733098
0.08850638285359208
0.007728214176035581
-0.12289075865459599
0.07913807312042781
0.08292807635501863
-0.02417521771068427
-0.19844306364461334
-0.026657298021028127
-0.021627615142356938
-0.06827198736393449
0.23058445994640836
0.07276833941663644
-0.07585094219861356
0.002580474309674757
0.2198955008138745
-0.11092631913659956
0.18864189692265174
-0.011909682915295221
0.13240085410333133
-0.1770323309426279
0.145978755657117
0.258747776239588
0.013673931474603792
0.15625782955810463
0.14402852236955643
-0.08671388242763148
0.030796036369094084
0.012148640528314906
-0.016058537484701436
0.14019678062222954
-9.505125583146945e-05
-0.19844306364461334
-0.11808858101269995
0.07130740110507898
-0.10618129719586815
-0.04594015557492238
0.20827521443283842
-0.0011367453724254086
0.15927017888440403
-0.17843386621605095
-0.03446471685393479
-0.16092063622164093
-0.01635652768687805
-0.030914413316987344
0.02278660639138244
-0.04305187414826194
-0.0361065757158038
-0.12493661289809586
0.026174601352974163
-0.057922102146567005
-0.044705814406749755
-0.08597527373333376
0.07283326317070232
-0.02721366935357947
-0.05418021520498944
0.021008260553485397
-0.13862680446469505
0.26466406290586736
0.18864189692265174
-0.0040359707642408284
-0.07981717427301091
-0.13073879916198083
0.04429048900304452
-0.11092631913659956
0.058579403940542056
-0.046556237026310635
0.04201750515448003
-0.029971298916799182
-0.07392279107734148
-0.2051745235906402
-0.03943349056581764
-0.004899329749966838
0.1535962422181503
-0.06682417109763292
-0.07245338202739166
-0.020771808760271314
0.03451543618546231
0.05247078805051669
-0.11658507366172147
-0.08009996391851638
0.043751039285154086
0.21867308124556387
-0.004099506672549566
-0.10044236760847351
-0.0012282877276703977
0.07276833941663644
-0.13533425976188856
0.04465559620190283
0.025937234843414692
0.0040095123570539825
0.034460881466448386
-0.11307495675556609
-0.08077308700437524
-0.07711684457378817
0.045952648364163046
0.03818797719744374
0.23074498712931749
-0.084223003493614
0.14019678062222954
0.2995207012320973
-0.04272988509786665
0.01407634049688357
-0.01776708682894711
0.02326597902551498
0.01985565115509216
-0.15140174783240742
0.013386624078553545
-0.0991927446477984
-0.1770323309426279
-0.029005862265352365
-0.11054214215411222
0.141488212207091
-0.13533425976188856
0.17600260397424744
-0.038922222581802106
-0.05491700609491688
0.09823586032709145
0.012148640528314906
0.07959296633351662
-0.06223012856099546
-0.08079570344582365
-0.1338746655732659
-0.16813442180441956
0.04323117517013623
-0.2164871938539276
-0.02994522177581907
0.20861968710402434
-0.13518770464327878
0.03269285727834222
0.017434440512445477
0.17227733662812497
-0.05310613652022168
-0.0041223593671256605
0.04408513840106762
0.0687899444955718
-0.085503569919755
0.18404918385993443
-0.12296025615262549
0.07283326317070232
-0.06997065793052401
-0.0012282877276703977
-0.006854634968668731
-0.06982176269479605
-0.04373737544077242
0.34877649967694263
-0.05730326504808313
-0.1391250555098755
0.18864189692265174
-0.07969589462409384
0.014620905793739696
0.09465769335534575
0.08932179015131478
-0.033543957001767565
-0.3550805022817792
-0.013236747060746845
-0.1565958581656524
-0.09253776919385452
0.03269285727834222
0.012503178880269626
0.10600888709092955
0.039841098272126514
-0.2015209264258856
-0.13042049511339326
-0.02373706916421834
-0.0752640157460921
0.012148640528314906
0.015712707455447315
-0.09753789547427666
0.06643742468998008
0.0011093389947548114
-0.09753789547427666
0.07959296633351662
0.0040095123570539825
-0.19285682971389118
-0.12493661289809586
0.02861678450974486
-0.053115813431903545
0.15771012231068393
0.01675849650373967
0.1652954656995354
0.0040095123570539825
0.021008260553485397
-0.1450582550683415
0.13240085410333133
-0.13073879916198083
0.031094128104616266
-0.1011764133860241
0.030796036369094084
-0.06338376331867604
-0.09253776919385452
0.1429072924047265
-0.21116132008178914
-0.1338746655732659
-0.084223003493614
0.234835775775828
-0.05395801824477151
-0.12493661289809586
-0.09283216899598327
-0.09339282349715945
-0.06827366399013608
-0.13488753109117357
-0.09747491204901544
-0.01691150411092097
0.05247078805051669
-0.11054214215411222
0.21867308124556387
0.1652954656995354
0.02603561000386804
0.026174601352974163
-0.07585094219861356
0.27217044129383794
-0.057922102146567005
-0.09027252964830337
-0.03265061233609342
-0.12493661289809586
0.11620403301709356
0.032218123790450956
-0.013236747060746845
0.23301666001006324
-0.1273067857563128
-0.059324842515894975
0.05800919435193843
-0.020771808760271314
-0.05491700609491688
-0.15820029307698988
0.27217044129383794
-0.1391250555098755
-0.025150305676796162
-0.036840168005412385
-0.16647510799127732
0.1309753553628795
0.013386624078553545
0.03818797719744374
-0.08632693283190021
-0.084223003493614
-0.2245031802716731
-0.19285682971389118
-0.09977162215625059
0.025249738431834545
0.03643642145990411
-0.026136531757632368
-0.18251877923336668
0.12981678499775293
-0.08632693283190021
-0.04022277651708253
0.22637401791788295
0.009157317175160665
-0.05395801824477151
-0.15820029307698988
-0.011909682915295221
0.021008260553485397
0.2280467315530255
-0.03819184340958121
-0.16813442180441956
0.258747776239588
-0.20952793905267073
0.01407634049688357
0.017434440512445477
0.04323117517013623
0.07852014626628202
-0.1221273039982466
-0.04725047096414379
0.007108303560999337
0.058579403940542056
-0.08079570344582365
-0.19844306364461334
-0.0361065757158038
-0.08009996391851638
-0.07058396740113007
-0.004423139394515035
0.15513226873677732
0.06253317385569497
-0.0790150733690199
-0.044705814406749755
0.0021281864291576836
0.26466406290586736
-0.12452107063151463
0.40076577230702254
-0.0011367453724254086
-0.07585094219861356
0.234835775775828
-0.13872765572869214
-0.12268228989255599
0.20570619708700263
-0.109963399860441
-0.0991927446477984
0.04744982722903147
-0.23553193317282506
0.03269285727834222
0.03969730250869915
0.15625782955810463
0.0011093389947548114
-0.06141771547960478
0.013192538078720952
0.17227733662812497
0.23058445994640836
0.08209531814605131
-0.04747819528507496
-0.018258134340990936
-0.04552076876899145
0.04227901744798541
0.04201750515448003
-0.038922222581802106
-0.13073879916198083
-0.034360745857645286
-0.06141771547960478
-0.18360876790255642
0.026921070876908867
-0.04725047096414379
-0.008328751615559774
-0.12483993555884337
0.02911787247929292
0.03489564414440964
-0.06731647424943385
-0.1565958581656524
-0.03819184340958121
-0.04305187414826194
0.047998584973989476
-0.084223003493614
-0.02721366935357947
0.059477390187009135
-0.05859550105684499
0.04716915361291899
-0.10044236760847351
0.16682641338499446
-0.04819929918377569
-0.06721584443318218
0.007108303560999337
-0.13042049511339326
0.16344644383060045
-0.09943563512221244
-0.1338746655732659
-0.05148670875598799
-0.13488753109117357
0.16344644383060045
-0.2015209264258856
-0.07868331591884228
-0.09590174346100183
-0.09753789547427666
-0.09083947505209586
0.0946518856687605
-0.3022773188444113
0.03969730250869915
-0.131504830151596
-0.05987747616494943
-0.009227424944518363
-0.24610475443776264
-0.013236747060746845
-0.07953636082165534
-0.059324842515894975
-0.04364504268269277
0.10969729386655111
-0.07969589462409384
-0.2245031802716731
-0.03658753713914158
-0.041972974865498704
0.01030104096974442
-0.06052141535093742
-0.1338746655732659
-0.058279443790158814
0.005118738076930722
0.09546182409288957
-0.05119470077665277
0.15625782955810463
-0.03265061233609342
0.19466953951862198
-0.11584863735689989
-0.05119470077665277
0.15509866082394844
-0.05730326504808313
0.09816448886409866
0.23074498712931749
-0.048703924864643436
0.0354920449387765
-0.15310518023178266
0.20186271493615687
0.27217044129383794
0.16752675738435496
-0.10565903862593316
-0.05491700609491688
0.079996701821882
-0.10365774414053204
0.08387412492800544
0.05119575268046706
0.26466406290586736
0.07608913239499737
-0.32803199919299275
-0.11808858101269995
0.041912372983795444
-0.004423139394515035
0.03691551355544006
0.05002357296442171
0.32883854601549284
-0.12001052064598633
0.008992545156230242
0.012148640528314906
-0.15329146562733098
-0.06338376331867604
0.013673931474603792
-0.03545967866534728
0.08850638285359208
-0.08597527373333376
-0.03819184340958121
-0.13081132722307312
-0.10434291071149683
-0.1957271127091267
-0.04373737544077242
0.145978755657117
0.034460881466448386
0.05119575268046706
0.0613501371371371
-0.05526602319785575
-0.06682417109763292
-0.07910869910987922
-0.1652192777945744
-0.07317712347729752
-0.19951725930475955
0.1429072924047265
-0.04373737544077242
-0.05759843389128642
-0.009227424944518363
-0.17843386621605095
0.079996701821882
-0.013484340427421882
0.0016112892812092622
-0.05772795721747189
0.10600888709092955
-0.22016896005030417
0.34877649967694263
0.1165110867730357
-0.09670421879408249
0.11415425891749362
-0.07317712347729752
0.11620403301709356
-0.08418876113480178
0.06289203654375916
-0.026657298021028127
-0.0008379659442601683
-0.05877252349196313
0.03643642145990411
0.05800919435193843
-0.20808727302071503
0.026174601352974163
-0.042262382718579634
0.08786184819681297
-0.2164871938539276
0.011584777080393816
-0.03446471685393479
-0.053423784238530336
-0.21916422873620806
-0.1957271127091267
-0.19084428595723016
0.007430975380799056
-0.017288707707514055
-0.013167242366730208
0.008763635765782707
-0.10208725877112057
-0.10392331029423695
-0.06141771547960478
-0.0040359707642408284
-0.06141771547960478
0.14421550746529282
-0.08597527373333376
-0.07859434565018734
-0.14390004088272448
-0.053115813431903545
0.036530020154368896
0.2467244996114729
-0.24750223913927974
-0.10044236760847351
-0.05987747616494943
-0.04819929918377569
0.27217044129383794
0.021930335608929766
0.02911787247929292
0.008763635765782707
-0.011717047812706542
0.1715702912501344
-0.08675960744370062
-0.05691103252241343
-0.09983831154766026
0.16301697105715443
0.07799117710710697
-0.033543957001767565
-0.21916422873620806
-0.06338376331867604
0.03643642145990411
-0.15140174783240742
0.014620905793739696
-0.05526602319785575
0.1723460271147839
-0.2437533994989804
-0.03795156645291498
-0.14390004088272448
-0.18331990800102108
0.09823586032709145
-0.03795156645291498
0.06289203654375916
0.07799117710710697
-0.03658753713914158
0.03969730250869915
0.06117947498895949
0.02326597902551498
0.012148640528314906
-0.05395801824477151
0.0032521036063092447
0.2049402973487328
-0.06137509673257802
0.40076577230702254
-0.041972974865498704
0.034460881466448386
0.06117947498895949
-0.06413258198172411
0.20827521443283842
0.10969729386655111
0.03969730250869915
-0.09283216899598327
-0.13042049511339326
-0.1652192777945744
0.034460881466448386
-0.08095699487081934
0.43498258651695004
0.1348389628510658
0.09546182409288957
-0.02972034609478009
-0.19844306364461334
-0.034360745857645286
-0.03756920794949136
-0.07953636082165534
-0.06731647424943385
0.045952648364163046
-0.10392331029423695
0.0354920449387765
-0.05759843389128642
0.10399564363698108
0.021930335608929766
-0.13923413399109685
-0.09214629321260658
-0.013484340427421882
0.09300958308868197
0.0613501371371371
0.005118738076930722
-0.13488753109117357
0.09984020105714173
0.22637401791788295
0.21867308124556387
0.05207101128580688
-0.021627615142356938
-0.17503533487313977
-0.1391250555098755
-0.08233500853943415
0.14019678062222954
0.030796036369094084
0.11415425891749362
-0.03545967866534728
0.07329213468818445
-0.025150305676796162
-0.10434291071149683
0.043862679046828994
0.14844559082408246
0.0946518856687605
-0.2164871938539276
-0.007800245475395789
-0.053423784238530336
0.007430975380799056
-0.03545967866534728
-0.05526602319785575
0.14844559082408246
-0.12553808259100518
-0.04272988509786665
-0.12001052064598633
-0.09083947505209586
0.09465769335534575
0.03817091741287943
0.043751039285154086
0.44159713941100476
0.04408513840106762
0.08387412492800544
-0.034751749041129036
-0.019005577419645737
0.11092286285457462
-0.11719295491507592
