-0.12058695365907546
-0.04717516942264012
-0.07600807732297243
-0.020104958644515118
-0.020104958644515118
0.05075937314055844
0.00959364683842398
-0.008584140707698739
-0.03779054383288756
0.17374964984626845
0.0752677377946415
-0.032712775437791435
-0.12897645629770393
-0.12897645629770393
-0.013909565742962112
0.01651800731607704
-0.02124564522150749
0.05183722785502445
-0.017783286138074193
0.0752677377946415
0.009522053536912711
-0.12897645629770393
-0.03220850803425306
-0.07846967968385664
-0.10655441517722394
0.0271196717536635
-0.11744489468360554
0.00959364683842398
-0.03775482621565484
-0.038242987010291975
-0.058542684438572815
0.021037913783875945
-0.04717516942264012
-0.07600807732297243
0.03475587504787679
-0.027439610638884
-0.12897645629770393
-0.09475150941286109
-0.07040965876385684
0.06131900304665883
0.06131900304665883
-0.012219065565473223
-0.017783286138074193
-0.1072002415911134
-0.02124564522150749
0.00959364683842398
0.07032483153214059
-0.1072002415911134
0.031461433290661145
0.031543124310246404
-0.06175499821204361
0.01967848419007974
0.01376517773180913
-0.04254247181787376
-0.07453611827881115
-0.08623401858014082
-0.01490024547798684
-0.01490024547798684
0.17374964984626845
-0.011042963864297836
0.013724099561510503
-0.18616434213982655
0.003570188693258246
0.004503237259442178
0.021037913783875945
0.07229138039693292
0.04162796114653849
0.025529826073946143
0.01651800731607704
0.031461433290661145
-0.07326206791770933
-0.02124564522150749
0.05075937314055844
0.026288128176913363
0.07032483153214059
0.01967848419007974
0.05183722785502445
0.0651537220704964
0.009522053536912711
0.03475587504787679
-0.021847556490386447
-0.01490024547798684
-0.012219065565473223
-0.027439610638884
-0.011042963864297836
-0.013909565742962112
0.025529826073946143
0.037361287986863834
0.01376517773180913
0.044387689194160265
0.03412266124594606
0.044387689194160265
-0.04717516942264012
-0.06844104119762402
-0.11770947447595258
0.031074648581998546
-0.235668576075769
0.003570188693258246
-0.023117910739908168
-0.012906855237835515
-0.03775482621565484
-0.027439610638884
0.01651800731607704
-0.06175499821204361
0.021037913783875945
-0.059673742173880814
-0.215830615923027
-0.10629799976621025
-0.09475150941286109
-0.058542684438572815
0.026288128176913363
0.01967848419007974
-0.07600807732297243
-0.04723159752100866
-0.058542684438572815
-0.07202556394146886
-0.01490024547798684
-0.061805946208932046
0.17374964984626845
-0.08623401858014082
-0.10629799976621025
-0.10438191888907333
-0.06844104119762402
0.021859106731875078
0.025529826073946143
0.0271196717536635
0.05075937314055844
-0.03779054383288756
0.11388716500308677
-0.01490024547798684
0.007150797976710729
-0.11536993438715047
0.01651800731607704
-0.06175499821204361
-0.14890348347899848
-0.0043948855745457455
0.021859106731875078
-0.052412169680298534
0.01967848419007974
-0.07202556394146886
-0.020104958644515118
0.03475587504787679
0.009522053536912711
-0.027439610638884
-0.03775482621565484
-0.03220850803425306
-0.061805946208932046
0.05146059566710578
-0.012219065565473223
0.026288128176913363
0.01651800731607704
-0.02124564522150749
0.17374964984626845
0.007150797976710729
-0.003945233614245989
-0.11536993438715047
0.003570188693258246
0.0651537220704964
-0.0043948855745457455
-0.009318823129949501
-0.038242987010291975
-0.1072002415911134
-0.024090670500105736
-0.01490024547798684
-0.18616434213982655
0.06131900304665883
0.009522053536912711
0.025529826073946143
-0.22761638196469502
-0.07458229542484515
0.003570188693258246
0.0271196717536635
-0.05450501986118889
-0.01020946119058332
-0.0043948855745457455
-0.06844104119762402
-0.07202556394146886
0.021859106731875078
-0.02322606617507099
-0.059673742173880814
0.037355940039127886
-0.11744489468360554
0.06131900304665883
-0.04723159752100866
-0.11744489468360554
-0.175539481499343
0.009942670886952104
-0.235668576075769
-0.020104958644515118
0.023081707941338927
-0.01638995545045714
-0.012219065565473223
0.0190458378469782
0.07229138039693292
-0.020104958644515118
-0.10884132708660271
0.0651537220704964
-0.003945233614245989
0.0271196717536635
-0.10884132708660271
0.01376517773180913
-0.22761638196469502
-0.11494704278947884
-0.01020946119058332
-0.07040965876385684
-0.03779054383288756
-0.10655441517722394
-0.038242987010291975
-0.07458229542484515
-0.01638995545045714
-0.008584140707698739
0.07919964507316067
0.003570188693258246
-0.1072002415911134
0.031074648581998546
-0.032712775437791435
-0.215830615923027
0.031461433290661145
-0.059673742173880814
-0.07602608223074488
-0.22761638196469502
-0.01020946119058332
0.021037913783875945
0.026288128176913363
-0.02400424316495506
0.037355940039127886
-0.024090670500105736
0.021037913783875945
0.0651537220704964
-0.18616434213982655
-0.10438191888907333
-0.07326206791770933
-0.04723159752100866
-0.12058695365907546
-0.12897645629770393
-0.01020946119058332
-0.020104958644515118
0.03475587504787679
-0.06844104119762402
-0.014104189597678106
-0.11770947447595258
0.05183722785502445
0.01967848419007974
-0.003945233614245989
-0.01638995545045714
-0.058542684438572815
0.0752677377946415
-0.11536993438715047
-0.1072002415911134
0.0651537220704964
0.003570188693258246
0.037361287986863834
0.007150797976710729
-0.024090670500105736
-0.02322606617507099
-0.07846967968385664
-0.07453611827881115
0.003570188693258246
-0.0043948855745457455
0.05146059566710578
-0.008584140707698739
-0.10568837885781666
-0.06175499821204361
-0.011042963864297836
-0.009318823129949501
0.009522053536912711
-0.03775482621565484
-0.011042963864297836
-0.07040965876385684
-0.020104958644515118
0.01967848419007974
-0.017783286138074193
0.00959364683842398
0.11388716500308677
0.026288128176913363
-0.06175499821204361
-0.06844104119762402
0.009522053536912711
0.03784213976674784
-0.061805946208932046
0.023081707941338927
-0.06844104119762402
0.031461433290661145
0.00959364683842398
0.007150797976710729
0.05146059566710578
-0.11872872674928933
-0.07602608223074488
-0.017783286138074193
-0.01638995545045714
-0.215830615923027
-0.07867156473368163
-0.12058695365907546
-0.08623401858014082
-0.08623401858014082
-0.12897645629770393
0.07919964507316067
0.013724099561510503
0.003570188693258246
0.17374964984626845
-0.01490024547798684
0.01376517773180913
-0.08623401858014082
-0.058542684438572815
-0.011042963864297836
-0.038242987010291975
-0.052412169680298534
-0.03987162819819717
-0.01638995545045714
-0.07326206791770933
-0.03220850803425306
0.01967848419007974
-0.021847556490386447
0.037355940039127886
0.17374964984626845
-0.10629799976621025
-0.10655441517722394
-0.020104958644515118
0.05075937314055844
0.01967848419007974
-0.05450501986118889
-0.07040965876385684
0.07919964507316067
-0.02400424316495506
0.004503237259442178
-0.10438191888907333
0.037361287986863834
-0.0043948855745457455
-0.058542684438572815
-0.012796261314752998
-0.013909565742962112
-0.12058695365907546
0.009942670886952104
-0.021847556490386447
-0.215830615923027
-0.017783286138074193
-0.017783286138074193
0.01376517773180913
-0.07252251897789096
-0.05450501986118889
0.004503237259442178
-0.032712775437791435
-0.07602608223074488
-0.02400424316495506
-0.06822277580612551
-0.11536993438715047
-0.008584140707698739
-0.09475150941286109
0.026288128176913363
-0.10438191888907333
0.009522053536912711
-0.03779054383288756
0.11388716500308677
-0.10568837885781666
0.0190458378469782
-0.021847556490386447
0.11388716500308677
-0.07453611827881115
-0.02322606617507099
-0.03220850803425306
0.04162796114653849
0.01651800731607704
-0.01490024547798684
-0.003945233614245989
0.04256510018136
-0.11494704278947884
-0.014104189597678106
0.17374964984626845
-0.07202556394146886
-0.01020946119058332
0.04256510018136
-0.020104958644515118
-0.009318823129949501
-0.03987162819819717
-0.22761638196469502
-0.021847556490386447
-0.10438191888907333
0.0752677377946415
-0.1072002415911134
0.06131900304665883
-0.11744489468360554
-0.07602608223074488
0.0752677377946415
-0.059673742173880814
0.01651800731607704
-0.03220850803425306
-0.04254247181787376
-0.07600807732297243
0.01376517773180913
-0.06822277580612551
0.17374964984626845
-0.10655441517722394
-0.1072002415911134
0.025529826073946143
-0.012219065565473223
-0.003945233614245989
-0.07453611827881115
-0.03775482621565484
0.03475587504787679
0.044387689194160265
-0.07252251897789096
-0.027439610638884
-0.008584140707698739
-0.05333480338898665
-0.11744489468360554
-0.01638995545045714
-0.059673742173880814
0.013724099561510503
-0.01490024547798684
-0.03987162819819717
0.021037913783875945
0.021037913783875945
-0.011042963864297836
0.0651537220704964
0.07229138039693292
-0.017783286138074193
-0.06822277580612551
-0.11872872674928933
-0.175539481499343
0.031543124310246404
-0.235668576075769
-0.09475150941286109
-0.021847556490386447
-0.009318823129949501
-0.027439610638884
0.04162796114653849
-0.02400424316495506
-0.08623401858014082
-0.009318823129949501
-0.05450501986118889
-0.011042963864297836
0.01651800731607704
-0.11536993438715047
-0.04254247181787376
-0.02400424316495506
-0.11872872674928933
0.0752677377946415
-0.02124564522150749
-0.032712775437791435
-0.014104189597678106
-0.011042963864297836
-0.10629799976621025
-0.07202556394146886
-0.14890348347899848
-0.038242987010291975
-0.175539481499343
0.01967848419007974
0.01651800731607704
-0.09475150941286109
-0.014104189597678106
0.11388716500308677
-0.12058695365907546
-0.059673742173880814
-0.032712775437791435
-0.18616434213982655
-0.017783286138074193
-0.03987162819819717
-0.059673742173880814
-0.05333480338898665
-0.038242987010291975
-0.07252251897789096
0.021037913783875945
-0.10568837885781666
-0.03987162819819717
-0.027439610638884
0.03412266124594606
-0.03220850803425306
-0.07602608223074488
0.037361287986863834
-0.10568837885781666
0.009942670886952104
-0.07458229542484515
-0.11494704278947884
-0.22761638196469502
-0.10884132708660271
-0.06175499821204361
-0.01020946119058332
0.07229138039693292
0.031074648581998546
0.023081707941338927
-0.09475150941286109
0.0752677377946415
-0.05450501986118889
-0.024090670500105736
-0.10655441517722394
-0.03775482621565484
-0.07867156473368163
-0.012796261314752998
0.07032483153214059
-0.06175499821204361
0.05146059566710578
-0.07040965876385684
0.07919964507316067
-0.011042963864297836
-0.009318823129949501
-0.003945233614245989
-0.05333480338898665
0.04162796114653849
0.00959364683842398
-0.024090670500105736
-0.01490024547798684
-0.008584140707698739
0.17374964984626845
-0.03220850803425306
-0.03775482621565484
-0.06844104119762402
0.025529826073946143
-0.02124564522150749
-0.03775482621565484
0.17374964984626845
0.044387689194160265
-0.038242987010291975
-0.04717516942264012
0.007150797976710729
-0.10884132708660271
0.003570188693258246
-0.07202556394146886
-0.021847556490386447
-0.11536993438715047
0.04256510018136
0.031461433290661145
-0.03775482621565484
-0.032712775437791435
0.00959364683842398
-0.07458229542484515
-0.021847556490386447
0.01967848419007974
-0.008584140707698739
-0.11770947447595258
-0.02400424316495506
0.031543124310246404
0.021859106731875078
-0.07867156473368163
-0.11536993438715047
-0.06844104119762402
-0.013909565742962112
0.031074648581998546
0.01651800731607704
-0.07326206791770933
-0.01490024547798684
-0.017783286138074193
-0.01020946119058332
0.01651800731607704
0.17374964984626845
-0.027439610638884
-0.058542684438572815
0.03412266124594606
-0.06844104119762402
0.021859106731875078
0.037355940039127886
-0.07458229542484515
0.07919964507316067
-0.07453611827881115
0.044387689194160265
-0.175539481499343
0.0190458378469782
-0.10884132708660271
-0.009318823129949501
0.11388716500308677
-0.011042963864297836
-0.058542684438572815
0.07919964507316067
-0.05333480338898665
-0.07202556394146886
-0.11744489468360554
0.037361287986863834
-0.05333480338898665
-0.020104958644515118
-0.215830615923027
-0.021847556490386447
0.023081707941338927
-0.020104958644515118
0.05183722785502445
0.037361287986863834
-0.07602608223074488
-0.008584140707698739
-0.04723159752100866
-0.01490024547798684
0.013724099561510503
-0.021847556490386447
-0.02322606617507099
-0.05450501986118889
0.11388716500308677
-0.008584140707698739
-0.05333480338898665
-0.03779054383288756
-0.012796261314752998
-0.06822277580612551
-0.03987162819819717
-0.11536993438715047
0.009522053536912711
-0.01490024547798684
0.003570188693258246
-0.009318823129949501
-0.18616434213982655
-0.10568837885781666
0.031543124310246404
0.021859106731875078
0.0752677377946415
0.0190458378469782
-0.008584140707698739
-0.175539481499343
-0.023117910739908168
-0.1072002415911134
-0.032712775437791435
-0.07867156473368163
-0.12058695365907546
-0.14890348347899848
0.07032483153214059
-0.061805946208932046
-0.11872872674928933
0.04162796114653849
0.07229138039693292
0.07032483153214059
-0.10438191888907333
-0.021847556490386447
0.004503237259442178
0.01967848419007974
0.009942670886952104
-0.03775482621565484
-0.11872872674928933
0.07032483153214059
0.021037913783875945
0.17374964984626845
0.04162796114653849
-0.052412169680298534
0.07229138039693292
0.0271196717536635
-0.05450501986118889
-0.10884132708660271
0.0752677377946415
0.021859106731875078
0.01967848419007974
0.11388716500308677
0.03784213976674784
-0.04254247181787376
-0.175539481499343
-0.07252251897789096
-0.11770947447595258
0.021037913783875945
0.021859106731875078
0.03784213976674784
-0.009318823129949501
0.05183722785502445
0.009522053536912711
-0.038242987010291975
-0.01638995545045714
-0.07458229542484515
-0.04717516942264012
0.003570188693258246
-0.01490024547798684
0.007150797976710729
0.01376517773180913
-0.059673742173880814
-0.07602608223074488
-0.07202556394146886
0.03412266124594606
-0.11872872674928933
-0.05450501986118889
-0.012906855237835515
0.026288128176913363
-0.18616434213982655
-0.011042963864297836
-0.11536993438715047
0.03475587504787679
-0.05333480338898665
-0.06822277580612551
-0.02124564522150749
0.026288128176913363
0.009942670886952104
-0.06822277580612551
-0.023117910739908168
-0.012796261314752998
-0.021847556490386447
0.031074648581998546
0.031461433290661145
-0.10438191888907333
-0.061805946208932046
0.009522053536912711
-0.10438191888907333
0.07919964507316067
-0.013909565742962112
0.0190458378469782
0.04162796114653849
-0.038242987010291975
0.009942670886952104
-0.11744489468360554
0.007150797976710729
0.03784213976674784
0.05146059566710578
-0.22761638196469502
-0.02124564522150749
-0.07600807732297243
-0.058542684438572815
-0.12897645629770393
-0.08623401858014082
0.021037913783875945
-0.06844104119762402
-0.07458229542484515
-0.07846967968385664
-0.11536993438715047
-0.008584140707698739
-0.12897645629770393
-0.032712775437791435
-0.03775482621565484
0.03412266124594606
-0.07453611827881115
0.03412266124594606
0.009942670886952104
-0.06822277580612551
-0.06822277580612551
0.05183722785502445
-0.012796261314752998
-0.058542684438572815
-0.10884132708660271
0.11388716500308677
0.031074648581998546
-0.024090670500105736
0.0271196717536635
-0.03779054383288756
0.031461433290661145
-0.03220850803425306
0.01967848419007974
-0.10884132708660271
-0.03987162819819717
-0.10655441517722394
-0.03779054383288756
-0.11872872674928933
-0.012796261314752998
-0.003945233614245989
-0.11494704278947884
-0.10655441517722394
-0.07846967968385664
-0.07326206791770933
0.013724099561510503
-0.032712775437791435
-0.013909565742962112
0.03784213976674784
0.031543124310246404
-0.024090670500105736
-0.023117910739908168
-0.052412169680298534
-0.11744489468360554
-0.07602608223074488
-0.11872872674928933
0.013724099561510503
-0.04717516942264012
-0.14890348347899848
0.025529826073946143
-0.020104958644515118
0.007150797976710729
0.07032483153214059
-0.021847556490386447
-0.10568837885781666
-0.06844104119762402
-0.023117910739908168
0.03475587504787679
-0.058542684438572815
0.01651800731607704
0.07229138039693292
0.004503237259442178
-0.058542684438572815
0.04256510018136
-0.07202556394146886
-0.01020946119058332
-0.06844104119762402
-0.058542684438572815
0.037355940039127886
0.17374964984626845
0.01651800731607704
-0.09475150941286109
-0.04254247181787376
-0.01020946119058332
0.07919964507316067
-0.02400424316495506
-0.07867156473368163
-0.023117910739908168
-0.05333480338898665
-0.011042963864297836
-0.02322606617507099
0.009522053536912711
0.07919964507316067
-0.03220850803425306
-0.07040965876385684
-0.013909565742962112
0.009522053536912711
-0.1072002415911134
-0.08623401858014082
0.0752677377946415
-0.10655441517722394
0.009522053536912711
-0.02322606617507099
-0.235668576075769
0.04162796114653849
-0.07600807732297243
-0.11770947447595258
0.11388716500308677
-0.02400424316495506
0.07229138039693292
-0.05333480338898665
-0.06844104119762402
-0.10629799976621025
-0.11770947447595258
-0.07846967968385664
-0.10884132708660271
-0.10629799976621025
-0.10884132708660271
0.03475587504787679
-0.009318823129949501
-0.09475150941286109
-0.07602608223074488
0.03784213976674784
-0.09475150941286109
-0.07040965876385684
-0.06844104119762402
0.031543124310246404
0.037361287986863834
-0.014104189597678106
-0.02124564522150749
-0.03775482621565484
-0.038242987010291975
0.025529826073946143
-0.07453611827881115
-0.175539481499343
0.0752677377946415
-0.235668576075769
-0.10629799976621025
0.009942670886952104
0.05183722785502445
0.00959364683842398
-0.0043948855745457455
0.023081707941338927
0.04162796114653849
-0.10568837885781666
0.031074648581998546
0.03784213976674784
0.044387689194160265
0.04162796114653849
0.007150797976710729
-0.013909565742962112
0.003570188693258246
-0.07867156473368163
-0.07846967968385664
-0.017783286138074193
-0.1072002415911134
0.07919964507316067
-0.175539481499343
-0.027439610638884
-0.10568837885781666
-0.061805946208932046
-0.12897645629770393
0.03475587504787679
-0.03775482621565484
-0.07202556394146886
-0.07453611827881115
-0.11744489468360554
-0.02400424316495506
-0.10655441517722394
-0.01020946119058332
-0.017783286138074193
-0.014104189597678106
-0.07453611827881115
-0.01020946119058332
-0.02400424316495506
-0.020104958644515118
-0.12058695365907546
-0.008584140707698739
-0.11872872674928933
-0.024090670500105736
-0.01490024547798684
0.007150797976710729
-0.020104958644515118
0.03412266124594606
-0.021847556490386447
-0.027439610638884
0.07032483153214059
-0.032712775437791435
0.06131900304665883
-0.08623401858014082
-0.061805946208932046
0.05183722785502445
-0.03775482621565484
-0.11536993438715047
-0.01490024547798684
0.031074648581998546
-0.10884132708660271
0.04162796114653849
0.009942670886952104
-0.07867156473368163
-0.013909565742962112
-0.012906855237835515
0.07919964507316067
-0.06175499821204361
-0.013909565742962112
0.013724099561510503
-0.18616434213982655
-0.07326206791770933
0.007150797976710729
0.03412266124594606
0.03412266124594606
0.05183722785502445
-0.18616434213982655
0.01376517773180913
-0.215830615923027
-0.061805946208932046
-0.009318823129949501
-0.0043948855745457455
-0.11770947447595258
-0.07040965876385684
0.00959364683842398
-0.11744489468360554
0.013724099561510503
-0.011042963864297836
-0.02322606617507099
-0.02124564522150749
-0.11536993438715047
0.021037913783875945
-0.052412169680298534
-0.11770947447595258
-0.04717516942264012
-0.11770947447595258
-0.03779054383288756
-0.02400424316495506
-0.10568837885781666
-0.059673742173880814
-0.07202556394146886
-0.06822277580612551
0.023081707941338927
0.04162796114653849
-0.215830615923027
0.03412266124594606
0.031074648581998546
-0.10629799976621025
0.037355940039127886
-0.175539481499343
-0.05450501986118889
0.013724099561510503
-0.012906855237835515
0.04256510018136
-0.012796261314752998
-0.07846967968385664
-0.14890348347899848
-0.04723159752100866
0.0190458378469782
-0.038242987010291975
-0.1072002415911134
-0.052412169680298534
0.007150797976710729
-0.013909565742962112
-0.10438191888907333
-0.07600807732297243
-0.07040965876385684
0.03784213976674784
0.05075937314055844
-0.07252251897789096
0.06131900304665883
0.013724099561510503
0.17374964984626845
-0.008584140707698739
0.031074648581998546
0.013724099561510503
-0.06822277580612551
-0.11770947447595258
-0.175539481499343
-0.008584140707698739
-0.013909565742962112
0.05183722785502445
-0.05333480338898665
-0.235668576075769
-0.038242987010291975
-0.07040965876385684
-0.01490024547798684
0.0752677377946415
0.021037913783875945
0.031543124310246404
-0.06844104119762402
-0.01638995545045714
-0.020104958644515118
-0.11494704278947884
0.11388716500308677
0.037361287986863834
-0.012796261314752998
-0.22761638196469502
-0.052412169680298534
-0.22761638196469502
-0.10629799976621025
0.004503237259442178
0.07032483153214059
0.00959364683842398
0.023081707941338927
-0.052412169680298534
0.021037913783875945
0.05183722785502445
-0.023117910739908168
0.07919964507316067
0.07229138039693292
-0.11494704278947884
0.031074648581998546
-0.07602608223074488
-0.052412169680298534
