0.015012333067994441
0.018400409619103844
0.09267897481771621
0.19675756692344495
0.230201493712764
0.06195131706127683
-0.01475878660405867
-0.06759432010735383
0.08905846390472355
-0.008168371060756525
-0.06212155302668853
0.1527922152614336
0.19675756692344495
0.03327821138183054
0.08028960095622603
-0.04074314017663339
2.9097539756845775e-05
0.10529305808407835
0.023021910143747423
0.08905846390472355
0.23459841867345882
-0.06759432010735383
0.40403445561790857
-0.01148258875407746
-0.11404285196841515
0.09140008823755787
0.015286699879210374
0.1822365438029644
-0.05258793409374338
0.031846721335112516
0.17146674181392565
0.1822365438029644
-0.048281351929265935
0.03327821138183054
-0.04074314017663339
0.18506930216169323
0.018815127672579236
0.230201493712764
0.015286699879210374
0.08028960095622603
0.031846721335112516
-0.10744586917820657
0.08028960095622603
0.015012333067994441
0.018815127672579236
0.23459841867345882
0.09140008823755787
0.0780788672574064
0.18506930216169323
2.9097539756845775e-05
0.1527922152614336
-0.28430873307849486
-0.28430873307849486
0.01569255818296528
-0.16150197014324752
-0.24862983900899338
0.12200403594749451
-0.28430873307849486
0.1822365438029644
-0.06272508933140963
0.03931182616756786
2.9097539756845775e-05
-0.06212155302668853
-0.04074314017663339
-0.01475878660405867
-0.24862983900899338
-0.08560002454970639
0.1055023884837271
0.03327821138183054
-0.04074314017663339
0.02038533638097633
-0.048281351929265935
0.01569255818296528
0.06195131706127683
-0.030390686536932898
-0.11404285196841515
-0.0362355570233866
0.1527922152614336
-0.026175453776050347
0.18506930216169323
0.18506930216169323
0.19056537004620733
0.02038533638097633
-0.030390686536932898
0.06195131706127683
0.10529305808407835
0.15544076432500106
0.230201493712764
0.031846721335112516
-0.03136748724764757
-0.01148258875407746
-0.026246407867116774
0.12200403594749451
-0.07346197397059952
-0.1326423170414736
-0.24862983900899338
0.19675756692344495
-0.07346197397059952
0.03327821138183054
-0.05258793409374338
0.03931182616756786
0.09267897481771621
0.023021910143747423
-0.07641977801154248
0.018400409619103844
-0.026246407867116774
0.07310804980811028
-0.11427236593937633
-0.24862983900899338
0.1055023884837271
0.023021910143747423
0.004393011206674
0.2280645410603735
-0.01148258875407746
0.17146674181392565
0.19056537004620733
0.2292987243900506
2.9097539756845775e-05
0.018400409619103844
-0.16150197014324752
0.12200403594749451
0.03931182616756786
0.1822365438029644
0.08905846390472355
0.11184908409427688
0.18506930216169323
0.0780788672574064
0.16509571598903677
0.10752517860820186
0.15544076432500106
-0.05258793409374338
0.06195131706127683
-0.28430873307849486
-0.05258793409374338
0.02038533638097633
0.1822365438029644
-0.026246407867116774
0.10529305808407835
0.07310804980811028
0.06195131706127683
0.0780788672574064
-0.06342649063835881
0.1822365438029644
-0.08560002454970639
0.09881903186455905
0.16509571598903677
-0.04074314017663339
-0.026246407867116774
0.15544076432500106
0.1527922152614336
0.018400409619103844
-0.008168371060756525
0.18506930216169323
0.03931182616756786
0.018400409619103844
0.2292987243900506
0.19056537004620733
0.03931182616756786
0.12714102147128478
-0.026175453776050347
0.10213570054765825
-0.1326423170414736
0.09267897481771621
0.015286699879210374
0.19675756692344495
0.11184908409427688
0.15544076432500106
0.02038533638097633
-0.06759432010735383
0.1055023884837271
0.17146674181392565
0.3373962240824845
0.015286699879210374
0.09140008823755787
-0.048281351929265935
0.01569255818296528
0.1822365438029644
-0.05258793409374338
0.2292987243900506
0.018815127672579236
-0.06759432010735383
0.12200403594749451
-0.24862983900899338
0.17146674181392565
0.08028960095622603
0.004393011206674
-0.06342649063835881
0.17146674181392565
-0.24862983900899338
-0.03653531136727976
0.23459841867345882
0.10529305808407835
-0.07346197397059952
0.015012333067994441
0.17146674181392565
0.018815127672579236
0.10213570054765825
-0.04074314017663339
0.06195131706127683
0.10529305808407835
0.08028960095622603
-0.0362355570233866
-0.026246407867116774
-0.06212155302668853
0.12200403594749451
0.18506930216169323
0.19675756692344495
-0.026246407867116774
-0.24862983900899338
0.12714102147128478
0.08028960095622603
-0.01475878660405867
0.10213570054765825
0.01569255818296528
-0.01148258875407746
0.16509571598903677
-0.05258793409374338
0.1822365438029644
0.01569255818296528
0.2292987243900506
0.2292987243900506
0.03327821138183054
0.03327821138183054
0.12200403594749451
-0.16150197014324752
0.02038533638097633
0.2292987243900506
-0.03136748724764757
0.03931182616756786
0.10529305808407835
0.031846721335112516
0.12200403594749451
-0.05258793409374338
-0.008168371060756525
0.16509571598903677
0.023021910143747423
0.1527922152614336
0.09881903186455905
0.3373962240824845
-0.10744586917820657
0.0780788672574064
0.11184908409427688
0.3373962240824845
-0.030390686536932898
-0.04074314017663339
-0.026175453776050347
0.17146674181392565
0.0780788672574064
0.3373962240824845
-0.24862983900899338
-0.06272508933140963
0.11184908409427688
0.02038533638097633
-0.04074314017663339
0.07310804980811028
0.16509571598903677
0.19056537004620733
-0.05258793409374338
0.031846721335112516
2.9097539756845775e-05
0.10213570054765825
-0.03653531136727976
0.12200403594749451
0.23459841867345882
0.018400409619103844
0.12714102147128478
0.0780788672574064
0.02038533638097633
-0.19292060802638317
0.230201493712764
-0.008168371060756525
0.1822365438029644
0.10529305808407835
0.2292987243900506
-0.06342649063835881
0.230201493712764
-0.026175453776050347
0.015012333067994441
-0.10744586917820657
0.031846721335112516
0.01569255818296528
-0.0362355570233866
-0.026175453776050347
0.23459841867345882
0.09140008823755787
0.09267897481771621
-0.06342649063835881
-0.11427236593937633
-0.28430873307849486
0.08028960095622603
0.10213570054765825
0.40403445561790857
0.10529305808407835
0.17146674181392565
0.12714102147128478
-0.01148258875407746
0.12714102147128478
-0.026175453776050347
-0.06759432010735383
-0.03136748724764757
0.015012333067994441
-0.04074314017663339
0.03931182616756786
0.1055023884837271
-0.03136748724764757
0.0780788672574064
-0.1326423170414736
0.1055023884837271
0.40403445561790857
-0.06212155302668853
-0.16150197014324752
-0.0362355570233866
-0.06759432010735383
-0.06272508933140963
0.0780788672574064
-0.16150197014324752
-0.03653531136727976
0.09881903186455905
0.004393011206674
0.03327821138183054
0.23459841867345882
0.3373962240824845
0.08028960095622603
-0.026246407867116774
0.11184908409427688
-0.030390686536932898
-0.07346197397059952
0.19675756692344495
0.08028960095622603
-0.01475878660405867
-0.24862983900899338
-0.026246407867116774
0.15544076432500106
0.07310804980811028
0.19675756692344495
0.01569255818296528
0.06195131706127683
0.2292987243900506
0.1822365438029644
0.031846721335112516
0.01569255818296528
-0.048281351929265935
-0.0362355570233866
0.031846721335112516
0.023021910143747423
-0.28430873307849486
0.1055023884837271
0.031846721335112516
0.10752517860820186
-0.11427236593937633
0.06195131706127683
0.11184908409427688
0.2292987243900506
0.08028960095622603
-0.08560002454970639
0.40403445561790857
-0.08560002454970639
-0.05258793409374338
0.15544076432500106
0.15544076432500106
-0.048281351929265935
0.08028960095622603
-0.06342649063835881
0.17146674181392565
0.004393011206674
-0.01148258875407746
0.16509571598903677
0.10752517860820186
-0.08560002454970639
-0.026175453776050347
0.018815127672579236
-0.11404285196841515
0.23459841867345882
-0.0362355570233866
0.40403445561790857
0.18506930216169323
0.023021910143747423
0.01569255818296528
0.16509571598903677
-0.10744586917820657
0.17146674181392565
-0.01148258875407746
0.06195131706127683
0.1055023884837271
0.19675756692344495
0.18506930216169323
-0.01148258875407746
0.19675756692344495
0.06195131706127683
0.03327821138183054
0.1527922152614336
0.0780788672574064
-0.06759432010735383
0.12200403594749451
0.23459841867345882
0.03327821138183054
0.12714102147128478
0.3373962240824845
-0.07641977801154248
-0.28430873307849486
-0.10744586917820657
0.17146674181392565
0.10529305808407835
0.12200403594749451
-0.026175453776050347
-0.0362355570233866
-0.19292060802638317
0.01569255818296528
0.015286699879210374
-0.0362355570233866
-0.16150197014324752
-0.008168371060756525
-0.06212155302668853
0.23459841867345882
0.12714102147128478
0.12714102147128478
-0.008168371060756525
-0.10744586917820657
-0.05258793409374338
-0.11404285196841515
-0.048281351929265935
0.018815127672579236
-0.16150197014324752
0.1822365438029644
-0.06342649063835881
0.10529305808407835
-0.06272508933140963
-0.03653531136727976
-0.03136748724764757
0.06195131706127683
0.018400409619103844
0.12714102147128478
-0.08560002454970639
-0.01475878660405867
0.16509571598903677
0.02038533638097633
-0.16150197014324752
-0.19292060802638317
-0.07346197397059952
0.40403445561790857
0.09881903186455905
0.023021910143747423
-0.06272508933140963
0.23459841867345882
-0.0362355570233866
-0.11427236593937633
-0.048281351929265935
0.19056537004620733
-0.07641977801154248
-0.16150197014324752
-0.24862983900899338
-0.16150197014324752
0.16509571598903677
-0.0362355570233866
0.2292987243900506
0.10752517860820186
-0.048281351929265935
0.12200403594749451
0.08028960095622603
2.9097539756845775e-05
0.03327821138183054
-0.1326423170414736
0.09267897481771621
-0.06272508933140963
0.09267897481771621
-0.08560002454970639
-0.030390686536932898
0.3373962240824845
0.018815127672579236
-0.06272508933140963
0.01569255818296528
0.11184908409427688
-0.1326423170414736
-0.06272508933140963
0.015286699879210374
0.2292987243900506
0.19056537004620733
0.02038533638097633
0.09140008823755787
-0.03653531136727976
0.08905846390472355
0.02038533638097633
-0.28430873307849486
-0.06759432010735383
-0.04074314017663339
0.09881903186455905
0.40403445561790857
0.1822365438029644
0.018400409619103844
-0.07641977801154248
0.03931182616756786
-0.06212155302668853
-0.048281351929265935
-0.16150197014324752
-0.01475878660405867
0.19056537004620733
0.02038533638097633
-0.07641977801154248
0.11184908409427688
0.17146674181392565
0.03327821138183054
0.10213570054765825
0.230201493712764
-0.01475878660405867
0.10213570054765825
-0.05258793409374338
-0.01475878660405867
0.09881903186455905
-0.048281351929265935
0.40403445561790857
-0.1326423170414736
0.18506930216169323
-0.048281351929265935
-0.06342649063835881
0.015286699879210374
0.12200403594749451
0.40403445561790857
-0.07346197397059952
0.16509571598903677
0.12714102147128478
0.230201493712764
-0.030390686536932898
0.10529305808407835
-0.07641977801154248
0.19056537004620733
0.08905846390472355
0.08905846390472355
0.01569255818296528
0.2292987243900506
0.16509571598903677
-0.08560002454970639
-0.06759432010735383
-0.03136748724764757
-0.11404285196841515
0.03931182616756786
0.23459841867345882
-0.16150197014324752
-0.008168371060756525
-0.008168371060756525
-0.06342649063835881
0.09881903186455905
-0.24862983900899338
-0.16150197014324752
-0.16150197014324752
-0.008168371060756525
-0.04074314017663339
0.15544076432500106
0.018815127672579236
0.11184908409427688
0.15544076432500106
0.19675756692344495
-0.11404285196841515
0.08028960095622603
0.08905846390472355
0.018400409619103844
0.16509571598903677
-0.03653531136727976
-0.03136748724764757
0.17146674181392565
0.004393011206674
0.3373962240824845
-0.030390686536932898
0.07310804980811028
0.08905846390472355
-0.07641977801154248
0.08905846390472355
0.1055023884837271
0.0780788672574064
0.12714102147128478
-0.008168371060756525
-0.05258793409374338
-0.1326423170414736
0.015286699879210374
0.08028960095622603
0.031846721335112516
-0.048281351929265935
-0.11404285196841515
-0.16150197014324752
-0.19292060802638317
-0.04074314017663339
0.10752517860820186
0.2292987243900506
-0.05258793409374338
-0.05258793409374338
-0.048281351929265935
0.07310804980811028
0.08905846390472355
0.03327821138183054
0.07310804980811028
0.3373962240824845
0.08905846390472355
0.08028960095622603
0.40403445561790857
0.2292987243900506
-0.048281351929265935
0.08905846390472355
0.08905846390472355
-0.1326423170414736
0.10213570054765825
-0.07346197397059952
0.09881903186455905
-0.06212155302668853
0.06195131706127683
0.1822365438029644
-0.01148258875407746
-0.11427236593937633
0.03931182616756786
0.08905846390472355
-0.05258793409374338
0.07310804980811028
-0.19292060802638317
0.08028960095622603
-0.01148258875407746
-0.026246407867116774
-0.06342649063835881
0.08905846390472355
0.1055023884837271
0.08905846390472355
-0.28430873307849486
-0.06212155302668853
-0.1326423170414736
-0.06212155302668853
-0.1326423170414736
0.01569255818296528
0.01569255818296528
0.1527922152614336
-0.01475878660405867
0.023021910143747423
0.015286699879210374
0.015012333067994441
0.19056537004620733
-0.11427236593937633
0.015012333067994441
-0.19292060802638317
-0.05258793409374338
-0.0362355570233866
0.0780788672574064
0.23459841867345882
-0.03136748724764757
0.03327821138183054
-0.11427236593937633
-0.06212155302668853
-0.10744586917820657
0.3373962240824845
0.19056537004620733
-0.19292060802638317
-0.19292060802638317
-0.01148258875407746
0.09140008823755787
0.3373962240824845
-0.026246407867116774
0.018400409619103844
0.06195131706127683
0.17146674181392565
0.07310804980811028
0.1527922152614336
0.1527922152614336
-0.19292060802638317
-0.048281351929265935
0.11184908409427688
-0.01148258875407746
-0.06342649063835881
0.15544076432500106
0.15544076432500106
0.3373962240824845
0.230201493712764
-0.026175453776050347
-0.03653531136727976
-0.030390686536932898
0.17146674181392565
-0.008168371060756525
-0.11427236593937633
0.12714102147128478
0.19056537004620733
-0.28430873307849486
-0.01475878660405867
-0.008168371060756525
-0.03136748724764757
-0.28430873307849486
0.023021910143747423
0.004393011206674
0.1527922152614336
0.230201493712764
0.09140008823755787
-0.08560002454970639
0.23459841867345882
-0.030390686536932898
0.08028960095622603
-0.048281351929265935
0.02038533638097633
-0.026175453776050347
0.10213570054765825
0.2292987243900506
-0.05258793409374338
-0.11427236593937633
-0.030390686536932898
-0.01475878660405867
-0.03136748724764757
0.16509571598903677
-0.19292060802638317
-0.030390686536932898
0.23459841867345882
-0.030390686536932898
0.08028960095622603
-0.048281351929265935
0.03327821138183054
0.11184908409427688
2.9097539756845775e-05
0.12714102147128478
0.023021910143747423
0.40403445561790857
0.09140008823755787
-0.05258793409374338
0.09881903186455905
0.03931182616756786
0.09267897481771621
-0.048281351929265935
-0.01148258875407746
-0.28430873307849486
-0.026246407867116774
-0.1326423170414736
0.09881903186455905
0.2292987243900506
-0.0362355570233866
0.023021910143747423
-0.01475878660405867
0.12200403594749451
0.40403445561790857
-0.03653531136727976
2.9097539756845775e-05
-0.10744586917820657
0.3373962240824845
0.11184908409427688
-0.24862983900899338
0.40403445561790857
-0.04074314017663339
-0.08560002454970639
0.12200403594749451
0.15544076432500106
0.3373962240824845
0.018815127672579236
-0.10744586917820657
-0.08560002454970639
-0.0362355570233866
-0.24862983900899338
-0.24862983900899338
0.02038533638097633
-0.07641977801154248
-0.008168371060756525
0.1527922152614336
-0.04074314017663339
0.2280645410603735
-0.048281351929265935
-0.05258793409374338
0.10213570054765825
0.03327821138183054
-0.048281351929265935
0.09140008823755787
0.08028960095622603
0.01569255818296528
-0.05258793409374338
0.09140008823755787
0.09267897481771621
-0.03136748724764757
0.18506930216169323
-0.048281351929265935
-0.048281351929265935
2.9097539756845775e-05
-0.026246407867116774
0.19675756692344495
-0.1326423170414736
-0.11427236593937633
0.018400409619103844
-0.06212155302668853
-0.11404285196841515
-0.026175453776050347
-0.07641977801154248
0.02038533638097633
0.18506930216169323
0.15544076432500106
0.16509571598903677
-0.0362355570233866
-0.11427236593937633
-0.06212155302668853
-0.24862983900899338
0.23459841867345882
0.023021910143747423
-0.01148258875407746
-0.026246407867116774
-0.026175453776050347
-0.06342649063835881
-0.03653531136727976
-0.24862983900899338
0.1822365438029644
0.018815127672579236
-0.19292060802638317
0.06195131706127683
-0.048281351929265935
0.1822365438029644
0.10213570054765825
0.004393011206674
-0.11404285196841515
-0.048281351929265935
-0.030390686536932898
-0.04074314017663339
-0.07641977801154248
-0.1326423170414736
0.015286699879210374
-0.0362355570233866
0.09267897481771621
-0.026175453776050347
0.17146674181392565
0.08028960095622603
0.1527922152614336
-0.008168371060756525
0.004393011206674
0.40403445561790857
-0.01475878660405867
0.09140008823755787
0.11184908409427688
-0.05258793409374338
0.19056537004620733
0.40403445561790857
-0.04074314017663339
0.02038533638097633
0.2292987243900506
-0.19292060802638317
0.23459841867345882
-0.07641977801154248
0.09267897481771621
0.06195131706127683
0.10213570054765825
0.19675756692344495
0.023021910143747423
0.18506930216169323
-0.1326423170414736
0.10752517860820186
0.031846721335112516
0.015286699879210374
-0.19292060802638317
0.1527922152614336
0.07310804980811028
0.09140008823755787
0.0780788672574064
0.09140008823755787
-0.08560002454970639
-0.16150197014324752
-0.01148258875407746
-0.06342649063835881
0.01569255818296528
-0.08560002454970639
-0.06342649063835881
-0.06212155302668853
-0.06212155302668853
0.1055023884837271
-0.10744586917820657
0.09140008823755787
0.10529305808407835
-0.07641977801154248
0.0780788672574064
0.10529305808407835
0.03327821138183054
0.03931182616756786
0.031846721335112516
-0.11427236593937633
0.17146674181392565
-0.16150197014324752
0.19675756692344495
-0.11404285196841515
-0.01148258875407746
-0.06342649063835881
0.2280645410603735
-0.03136748724764757
0.01569255818296528
-0.11404285196841515
0.09140008823755787
-0.07641977801154248
-0.19292060802638317
-0.048281351929265935
-0.04074314017663339
-0.08560002454970639
0.15544076432500106
0.09267897481771621
-0.07346197397059952
-0.026246407867116774
-0.16150197014324752
-0.05258793409374338
2.9097539756845775e-05
-0.030390686536932898
0.0780788672574064
-0.06272508933140963
0.19056537004620733
0.018815127672579236
-0.16150197014324752
2.9097539756845775e-05
0.004393011206674
-0.1326423170414736
0.09881903186455905
-0.030390686536932898
0.10213570054765825
0.1055023884837271
0.2280645410603735
2.9097539756845775e-05
0.1822365438029644
-0.048281351929265935
-0.01148258875407746
-0.16150197014324752
0.07310804980811028
-0.10744586917820657
0.1822365438029644
0.23459841867345882
0.10529305808407835
0.09881903186455905
0.02038533638097633
0.09881903186455905
0.2280645410603735
-0.08560002454970639
0.09267897481771621
-0.06342649063835881
0.2292987243900506
-0.19292060802638317
0.10752517860820186
0.023021910143747423
-0.28430873307849486
-0.048281351929265935
-0.05258793409374338
0.1822365438029644
0.11184908409427688
-0.11427236593937633
0.16509571598903677
-0.16150197014324752
-0.030390686536932898
0.09267897481771621
0.023021910143747423
0.015012333067994441
-0.08560002454970639
0.023021910143747423
0.2280645410603735
2.9097539756845775e-05
0.023021910143747423
0.09267897481771621
-0.01148258875407746
0.10529305808407835
-0.10744586917820657
0.031846721335112516
0.40403445561790857
-0.11404285196841515
-0.030390686536932898
-0.19292060802638317
0.03327821138183054
0.19056537004620733
0.2292987243900506
0.07310804980811028
0.15544076432500106
0.16509571598903677
0.11184908409427688
0.16509571598903677
0.10213570054765825
0.06195131706127683
-0.24862983900899338
0.17146674181392565
0.08028960095622603
0.06195131706127683
-0.05258793409374338
0.15544076432500106
0.015012333067994441
0.06195131706127683
-0.0362355570233866
0.0780788672574064
-0.06342649063835881
-0.1326423170414736
0.0780788672574064
0.40403445561790857
-0.10744586917820657
0.19675756692344495
-0.08560002454970639
0.11184908409427688
-0.05258793409374338
0.031846721335112516
-0.01475878660405867
0.2280645410603735
0.23459841867345882
0.09140008823755787
0.018400409619103844
0.11184908409427688
-0.19292060802638317
-0.048281351929265935
0.004393011206674
0.1055023884837271
0.19056537004620733
0.10529305808407835
0.07310804980811028
-0.11404285196841515
0.1055023884837271
0.12200403594749451
0.09267897481771621
-0.06272508933140963
0.031846721335112516
-0.0362355570233866
-0.06272508933140963
