-0.2946281289473275
-0.08760767726452105
-0.13409013725108002
-0.13689340871181055
0.09128182258685691
-0.006533671143566089
-0.24179209461192164
-0.10855843546296397
-0.20331804341631335
-0.199285571478237
-0.026062911055376486
-0.04035047605413628
-0.1009707871747676
-0.036044243467872855
-0.060276764663608255
-0.22452135819656024
-0.12933429141498504
-0.08640090753729208
0.2443132689761064
-0.07411715022289084
0.09128182258685691
-0.11569712543457732
-0.09617463229914801
-0.03991380954862076
-0.16821267840297036
-0.03991380954862076
0.029279335946614006
-0.15571907022219875
-0.07747951522430953
-0.15652101106878372
-0.13483125889314831
-0.020667065139169136
-0.09911016905150488
-0.006533671143566089
0.1591354077166799
-0.13409013725108002
-0.1427380669751497
-0.241189040495303
0.028250940506596628
0.1580570991210945
-0.02339368384543937
-0.199285571478237
-0.04035047605413628
-0.15677758563487112
-0.02339368384543937
-0.12933429141498504
-0.0388316587619198
0.13002085759678422
-0.23528630293821243
0.028250940506596628
-0.09823980773589697
-0.15571907022219875
0.09128182258685691
-0.22022695135168252
-0.1739583154033185
0.12673669417671873
-0.12933429141498504
-0.030094866045673952
-0.08701905585089834
-0.006533671143566089
0.1591354077166799
0.06909926336891718
0.11162635975466086
0.018736849389527143
-0.04035047605413628
0.08055325280141633
-0.060276764663608255
-0.036044243467872855
-0.09911016905150488
-0.14473750717459433
-0.0388316587619198
-0.010412589339498466
-0.08640090753729208
-0.199285571478237
-0.006533671143566089
-0.20331804341631335
0.13002085759678422
-0.030094866045673952
-0.07566623215916995
-0.08701905585089834
-0.1009707871747676
0.11162635975466086
0.08757932984534292
-0.021937147348962658
-0.1752503894030951
-0.1091132360977603
-0.12933429141498504
-0.2946281289473275
-0.2404155877094569
-0.036044243467872855
0.09128182258685691
-0.05463405028611688
-0.11479430965397884
-0.22022695135168252
0.03086685722702457
-0.012911062123418186
0.11162635975466086
-0.15571907022219875
-0.1427380669751497
0.01932173670619978
-0.10501955538645524
-0.2404155877094569
-0.10501955538645524
-0.03414825180527859
-0.07743674568283743
-0.15652101106878372
0.08055325280141633
0.055318445682222724
-0.08640090753729208
-0.13689340871181055
0.08055325280141633
-0.1009707871747676
-0.07566623215916995
-0.22022695135168252
-0.09617463229914801
-0.05463405028611688
-0.29006486573477575
-0.012911062123418186
-0.2473121930574094
-0.1739583154033185
0.05811705939102545
-0.021937147348962658
-0.11479430965397884
0.055318445682222724
-0.039637276888208235
-0.2661201252851928
-0.1752503894030951
-0.23197643838542664
-0.241189040495303
-0.24179209461192164
-0.1427380669751497
0.032013366852791256
-0.05463405028611688
-0.012911062123418186
-0.13409013725108002
-0.199285571478237
-0.17080487608421807
0.01932173670619978
-0.1091132360977603
-0.13409013725108002
-0.1009707871747676
-0.2946281289473275
-0.09823980773589697
-0.10855843546296397
0.13948083338693595
-0.37455638449576806
-0.012911062123418186
0.08055325280141633
-0.060276764663608255
-0.15571907022219875
-0.07747951522430953
-0.04035047605413628
-0.07566623215916995
0.055318445682222724
-0.02339368384543937
-0.10247194183551084
-0.08701905585089834
-0.1752503894030951
-0.1009707871747676
-0.11569712543457732
-0.030094866045673952
-0.1091132360977603
0.017612967957947184
-0.14982750808406228
0.11162635975466086
-0.010412589339498466
-0.039637276888208235
-0.10738452014079022
0.1591354077166799
0.2443132689761064
0.08757932984534292
-0.036044243467872855
-0.09911016905150488
0.2443132689761064
-0.2473121930574094
0.08055325280141633
-0.04035047605413628
0.021399963587920005
0.10525864576038742
0.12673669417671873
-0.199285571478237
0.1591354077166799
-0.15571907022219875
-0.036044243467872855
-0.08631179033228892
-0.0388316587619198
-0.15571907022219875
-0.24179209461192164
0.10525864576038742
-0.030094866045673952
-0.010412589339498466
-0.0785893524967282
0.032013366852791256
0.021399963587920005
0.055318445682222724
-0.241189040495303
0.13948083338693595
-0.23528630293821243
-0.23528630293821243
-0.37455638449576806
-0.2661201252851928
-0.16230495803871864
0.13002085759678422
-0.12933429141498504
-0.09617463229914801
-0.23528630293821243
-0.02339368384543937
0.2443132689761064
-0.021937147348962658
0.018736849389527143
0.02581873162359317
0.055318445682222724
-0.10855843546296397
-0.14473750717459433
-0.04035047605413628
-0.22452135819656024
0.01932173670619978
0.13002085759678422
0.028250940506596628
0.05811705939102545
0.08055325280141633
-0.04035047605413628
0.03086685722702457
-0.2473121930574094
-0.2661201252851928
-0.17080487608421807
-0.08760767726452105
-0.09823980773589697
-0.11569712543457732
0.11162635975466086
-0.02339368384543937
-0.07411715022289084
0.13948083338693595
-0.07743674568283743
-0.22452135819656024
-0.241189040495303
0.021399963587920005
0.021399963587920005
-0.09617463229914801
-0.06761147535815559
0.03086685722702457
-0.08760767726452105
-0.23197643838542664
0.032013366852791256
-0.17080487608421807
-0.03791040364562529
-0.08701905585089834
-0.039637276888208235
0.1580570991210945
-0.199285571478237
-0.09823980773589697
-0.036044243467872855
-0.1739583154033185
0.12673669417671873
-0.10738452014079022
-0.22452135819656024
0.12673669417671873
-0.14982750808406228
-0.14473750717459433
-0.006533671143566089
-0.12933429141498504
-0.07566623215916995
0.2116676859139662
-0.29006486573477575
0.13002085759678422
-0.012911062123418186
0.2116676859139662
0.08055325280141633
0.08757932984534292
0.02581873162359317
-0.05463405028611688
-0.22452135819656024
-0.09823980773589697
-0.10247194183551084
-0.1752503894030951
-0.2404155877094569
-0.10501955538645524
0.032013366852791256
-0.10247194183551084
-0.1427380669751497
-0.006533671143566089
-0.14473750717459433
0.14973732665352552
-0.15677758563487112
-0.09617463229914801
-0.03791040364562529
0.13002085759678422
0.05811705939102545
-0.1752503894030951
0.09128182258685691
-0.08640090753729208
-0.07566623215916995
-0.14982750808406228
-0.09911016905150488
-0.060276764663608255
-0.03991380954862076
-0.06761147535815559
-0.039637276888208235
0.030032365486168555
-0.10501955538645524
0.055318445682222724
-0.1427380669751497
-0.16230495803871864
-0.12933429141498504
0.02581873162359317
-0.13409013725108002
-0.13409013725108002
0.2443132689761064
-0.1009707871747676
-0.13689340871181055
0.021399963587920005
-0.03791040364562529
-0.0785893524967282
-0.03414825180527859
-0.0957966691048039
-0.15652101106878372
0.1580570991210945
-0.22452135819656024
0.08757932984534292
-0.17080487608421807
-0.23528630293821243
0.08757932984534292
0.03086685722702457
0.2443132689761064
-0.006533671143566089
-0.08701905585089834
0.14973732665352552
-0.17080487608421807
-0.0785893524967282
-0.10247194183551084
-0.20331804341631335
-0.23197643838542664
0.2443132689761064
0.028250940506596628
0.06909926336891718
-0.021937147348962658
-0.03414825180527859
-0.04035047605413628
-0.006533671143566089
0.1580570991210945
0.12673669417671873
0.13948083338693595
-0.1427380669751497
-0.23197643838542664
-0.2946281289473275
0.021399963587920005
0.02581873162359317
-0.1427380669751497
0.030032365486168555
-0.021937147348962658
-0.06761147535815559
-0.13409013725108002
-0.10738452014079022
0.02581873162359317
-0.16821267840297036
-0.14473750717459433
0.032013366852791256
-0.11569712543457732
-0.10738452014079022
-0.07743674568283743
-0.11479430965397884
-0.29006486573477575
-0.05463405028611688
0.1591354077166799
-0.012911062123418186
-0.13689340871181055
0.1580570991210945
-0.10247194183551084
0.03086685722702457
-0.1091132360977603
0.05811705939102545
-0.09911016905150488
-0.026062911055376486
0.1591354077166799
-0.010412589339498466
-0.2473121930574094
-0.2661201252851928
0.2443132689761064
0.08757932984534292
-0.07566623215916995
0.030032365486168555
0.10525864576038742
-0.1091132360977603
-0.12933429141498504
-0.039637276888208235
0.13002085759678422
-0.14473750717459433
-0.09911016905150488
-0.15571907022219875
0.09128182258685691
-0.20331804341631335
-0.09911016905150488
0.13002085759678422
-0.03991380954862076
-0.021937147348962658
0.029279335946614006
-0.030094866045673952
-0.22452135819656024
-0.08701905585089834
0.2116676859139662
-0.24179209461192164
-0.09911016905150488
-0.23197643838542664
0.10525864576038742
-0.11479430965397884
-0.22452135819656024
-0.04035047605413628
-0.039637276888208235
-0.07747951522430953
-0.17080487608421807
-0.0957966691048039
-0.08701905585089834
-0.15571907022219875
-0.07411715022289084
-0.006533671143566089
-0.10855843546296397
-0.12933429141498504
0.021399963587920005
-0.012911062123418186
-0.006533671143566089
0.13002085759678422
-0.02339368384543937
-0.16821267840297036
-0.15571907022219875
0.01932173670619978
-0.11479430965397884
-0.2661201252851928
-0.14982750808406228
-0.03991380954862076
-0.03414825180527859
0.08757932984534292
0.12673669417671873
0.2443132689761064
-0.02339368384543937
-0.2661201252851928
0.030032365486168555
-0.10501955538645524
-0.11569712543457732
0.030032365486168555
0.08055325280141633
-0.241189040495303
-0.22452135819656024
0.08055325280141633
-0.11569712543457732
0.032013366852791256
-0.039637276888208235
-0.12933429141498504
-0.16230495803871864
-0.22452135819656024
0.03086685722702457
0.12673669417671873
-0.039637276888208235
0.030032365486168555
-0.1739583154033185
-0.03791040364562529
0.02581873162359317
-0.08701905585089834
-0.036044243467872855
-0.12933429141498504
0.08757932984534292
-0.2946281289473275
-0.10738452014079022
-0.0957966691048039
-0.10247194183551084
-0.039637276888208235
-0.03414825180527859
-0.13483125889314831
-0.1752503894030951
-0.23197643838542664
0.13948083338693595
0.06909926336891718
-0.026062911055376486
-0.0388316587619198
-0.0785893524967282
-0.13689340871181055
-0.026062911055376486
-0.09823980773589697
-0.22452135819656024
-0.08760767726452105
-0.04035047605413628
-0.07743674568283743
-0.09911016905150488
-0.0785893524967282
-0.026062911055376486
-0.13409013725108002
0.13002085759678422
0.018736849389527143
-0.13689340871181055
-0.22022695135168252
0.03086685722702457
-0.10247194183551084
-0.04035047605413628
0.12673669417671873
-0.08631179033228892
0.14973732665352552
-0.03414825180527859
-0.06761147535815559
-0.07747951522430953
-0.13409013725108002
-0.08631179033228892
0.08757932984534292
-0.036044243467872855
-0.021937147348962658
0.055318445682222724
-0.11479430965397884
0.029279335946614006
-0.12933429141498504
-0.030094866045673952
-0.09617463229914801
-0.1427380669751497
0.032013366852791256
-0.16821267840297036
-0.0785893524967282
0.03086685722702457
-0.020667065139169136
-0.199285571478237
-0.2946281289473275
0.2443132689761064
-0.08701905585089834
-0.060276764663608255
0.030032365486168555
-0.03791040364562529
-0.20331804341631335
-0.199285571478237
-0.07743674568283743
-0.03791040364562529
-0.13483125889314831
-0.22452135819656024
-0.24179209461192164
-0.09823980773589697
-0.0388316587619198
-0.036044243467872855
-0.09823980773589697
-0.2661201252851928
-0.07411715022289084
-0.021937147348962658
-0.07743674568283743
-0.10501955538645524
-0.030094866045673952
-0.08631179033228892
-0.010412589339498466
-0.05463405028611688
-0.20331804341631335
-0.15677758563487112
-0.02339368384543937
-0.37455638449576806
-0.23528630293821243
-0.13409013725108002
-0.15571907022219875
-0.11479430965397884
0.017612967957947184
-0.08701905585089834
-0.039637276888208235
-0.37455638449576806
-0.23197643838542664
-0.09911016905150488
-0.16821267840297036
-0.14982750808406228
-0.16821267840297036
-0.07743674568283743
-0.03791040364562529
-0.03791040364562529
-0.02339368384543937
0.12673669417671873
-0.1091132360977603
-0.22022695135168252
-0.1739583154033185
-0.24179209461192164
-0.14473750717459433
-0.04035047605413628
0.02581873162359317
0.05811705939102545
-0.1739583154033185
-0.0785893524967282
-0.07566623215916995
-0.29006486573477575
0.05811705939102545
0.017612967957947184
-0.10855843546296397
-0.16230495803871864
-0.23197643838542664
-0.07411715022289084
-0.08631179033228892
-0.0957966691048039
-0.1091132360977603
-0.13483125889314831
0.018736849389527143
-0.10501955538645524
0.032013366852791256
-0.0785893524967282
-0.16230495803871864
0.029279335946614006
0.06909926336891718
0.09128182258685691
0.08055325280141633
-0.030094866045673952
-0.026062911055376486
-0.22452135819656024
-0.10738452014079022
-0.15571907022219875
-0.13483125889314831
-0.060276764663608255
-0.02339368384543937
-0.006533671143566089
-0.13689340871181055
-0.08760767726452105
-0.02339368384543937
0.2116676859139662
-0.012911062123418186
-0.15571907022219875
-0.02339368384543937
0.01932173670619978
0.13002085759678422
-0.006533671143566089
0.1580570991210945
0.14973732665352552
-0.012911062123418186
-0.2661201252851928
-0.17080487608421807
-0.13483125889314831
0.030032365486168555
0.2443132689761064
-0.036044243467872855
-0.2661201252851928
-0.14473750717459433
-0.2473121930574094
-0.07411715022289084
-0.036044243467872855
-0.1752503894030951
-0.23528630293821243
-0.10247194183551084
0.05811705939102545
-0.036044243467872855
-0.15652101106878372
-0.15677758563487112
-0.07747951522430953
0.12673669417671873
-0.17080487608421807
-0.13689340871181055
0.030032365486168555
-0.15571907022219875
0.028250940506596628
-0.07747951522430953
0.017612967957947184
0.028250940506596628
-0.060276764663608255
0.08757932984534292
0.1580570991210945
0.032013366852791256
-0.08631179033228892
0.1580570991210945
-0.2473121930574094
-0.15571907022219875
-0.0957966691048039
-0.11569712543457732
-0.20331804341631335
-0.09911016905150488
-0.021937147348962658
0.09128182258685691
-0.14982750808406228
-0.03414825180527859
-0.10247194183551084
-0.15652101106878372
0.028250940506596628
-0.07743674568283743
0.10525864576038742
0.11162635975466086
-0.10738452014079022
-0.08631179033228892
-0.03991380954862076
-0.030094866045673952
-0.07411715022289084
0.017612967957947184
0.021399963587920005
-0.1752503894030951
-0.2661201252851928
-0.03414825180527859
-0.10738452014079022
-0.0388316587619198
-0.37455638449576806
-0.060276764663608255
-0.09911016905150488
-0.14982750808406228
-0.10501955538645524
-0.17080487608421807
0.05811705939102545
-0.012911062123418186
0.021399963587920005
-0.14982750808406228
-0.012911062123418186
-0.17080487608421807
0.08055325280141633
0.13948083338693595
-0.039637276888208235
-0.0785893524967282
-0.1091132360977603
-0.12933429141498504
-0.030094866045673952
0.08055325280141633
-0.16821267840297036
-0.22452135819656024
-0.026062911055376486
-0.23197643838542664
-0.2404155877094569
-0.23528630293821243
-0.0388316587619198
-0.09911016905150488
-0.08701905585089834
-0.12933429141498504
-0.07743674568283743
-0.07411715022289084
-0.020667065139169136
-0.2661201252851928
0.1591354077166799
-0.07411715022289084
-0.16230495803871864
-0.2946281289473275
-0.10855843546296397
-0.030094866045673952
-0.16821267840297036
-0.16821267840297036
-0.2946281289473275
-0.09617463229914801
-0.241189040495303
-0.0388316587619198
0.08757932984534292
0.11162635975466086
-0.07747951522430953
-0.2473121930574094
0.10525864576038742
-0.10501955538645524
-0.16230495803871864
0.2443132689761064
-0.20331804341631335
-0.08701905585089834
-0.13409013725108002
0.018736849389527143
-0.07747951522430953
0.029279335946614006
-0.07747951522430953
-0.1739583154033185
-0.17080487608421807
-0.10738452014079022
-0.1427380669751497
-0.03791040364562529
-0.241189040495303
-0.16821267840297036
0.028250940506596628
0.01932173670619978
-0.03414825180527859
0.03086685722702457
-0.16230495803871864
-0.020667065139169136
0.2116676859139662
0.017612967957947184
0.06909926336891718
-0.021937147348962658
-0.1752503894030951
0.018736849389527143
-0.030094866045673952
-0.07411715022289084
-0.09823980773589697
-0.15677758563487112
-0.2473121930574094
-0.08631179033228892
-0.06761147535815559
-0.2404155877094569
-0.16230495803871864
0.13002085759678422
-0.039637276888208235
-0.16230495803871864
-0.03791040364562529
-0.07747951522430953
-0.03414825180527859
-0.039637276888208235
-0.07411715022289084
0.030032365486168555
-0.15652101106878372
-0.021937147348962658
-0.2473121930574094
-0.12933429141498504
-0.10247194183551084
-0.13409013725108002
-0.0957966691048039
-0.15571907022219875
0.055318445682222724
0.08055325280141633
-0.29006486573477575
0.12673669417671873
-0.11569712543457732
-0.05463405028611688
0.018736849389527143
-0.05463405028611688
0.028250940506596628
-0.08760767726452105
-0.026062911055376486
0.10525864576038742
0.018736849389527143
-0.13409013725108002
-0.13483125889314831
-0.2661201252851928
-0.13689340871181055
-0.29006486573477575
0.032013366852791256
0.018736849389527143
0.1591354077166799
-0.22452135819656024
0.030032365486168555
-0.06761147535815559
0.03086685722702457
-0.021937147348962658
-0.010412589339498466
0.029279335946614006
-0.1009707871747676
-0.10247194183551084
-0.13483125889314831
0.03086685722702457
-0.08631179033228892
-0.23528630293821243
-0.1091132360977603
-0.14473750717459433
-0.04035047605413628
0.032013366852791256
0.06909926336891718
0.017612967957947184
-0.03991380954862076
0.2443132689761064
-0.1427380669751497
-0.2404155877094569
0.02581873162359317
-0.14473750717459433
-0.02339368384543937
-0.10855843546296397
-0.2473121930574094
-0.16230495803871864
-0.021937147348962658
0.01932173670619978
-0.06761147535815559
0.03086685722702457
-0.2404155877094569
-0.13689340871181055
-0.09911016905150488
-0.0957966691048039
0.08055325280141633
-0.07566623215916995
-0.11479430965397884
-0.09823980773589697
-0.199285571478237
0.01932173670619978
-0.11479430965397884
-0.14473750717459433
0.08757932984534292
0.01932173670619978
0.06909926336891718
-0.2473121930574094
0.017612967957947184
-0.37455638449576806
-0.29006486573477575
0.021399963587920005
-0.2473121930574094
-0.20331804341631335
0.1591354077166799
-0.10501955538645524
-0.12933429141498504
-0.10247194183551084
0.017612967957947184
0.2116676859139662
-0.03414825180527859
-0.10738452014079022
-0.10738452014079022
-0.16821267840297036
-0.37455638449576806
-0.13409013725108002
-0.199285571478237
-0.08760767726452105
-0.021937147348962658
-0.08701905585089834
-0.02339368384543937
-0.2404155877094569
-0.06761147535815559
-0.1009707871747676
-0.1009707871747676
-0.2661201252851928
0.030032365486168555
-0.03414825180527859
0.028250940506596628
0.032013366852791256
-0.1091132360977603
-0.060276764663608255
-0.10247194183551084
-0.1739583154033185
0.11162635975466086
0.02581873162359317
-0.030094866045673952
-0.16230495803871864
-0.2946281289473275
-0.2946281289473275
-0.20331804341631335
0.06909926336891718
0.13002085759678422
-0.16230495803871864
-0.16230495803871864
-0.2946281289473275
-0.04035047605413628
-0.37455638449576806
0.1580570991210945
-0.13409013725108002
-0.11569712543457732
0.10525864576038742
-0.13689340871181055
0.1580570991210945
-0.012911062123418186
0.11162635975466086
-0.039637276888208235
-0.15571907022219875
-0.22022695135168252
-0.1009707871747676
-0.1427380669751497
-0.14473750717459433
-0.03414825180527859
-0.23197643838542664
0.029279335946614006
-0.1739583154033185
-0.09911016905150488
0.09128182258685691
-0.026062911055376486
-0.08760767726452105
-0.10738452014079022
-0.241189040495303
0.14973732665352552
-0.03991380954862076
-0.1009707871747676
-0.2404155877094569
-0.1009707871747676
0.05811705939102545
-0.0785893524967282
-0.16821267840297036
-0.10738452014079022
-0.37455638449576806
-0.2946281289473275
0.08757932984534292
-0.29006486573477575
0.1591354077166799
-0.08631179033228892
-0.15571907022219875
-0.08631179033228892
-0.036044243467872855
-0.2473121930574094
0.11162635975466086
-0.16230495803871864
0.032013366852791256
-0.020667065139169136
-0.13483125889314831
-0.04035047605413628
-0.15652101106878372
0.030032365486168555
0.08757932984534292
0.08757932984534292
-0.2473121930574094
0.14973732665352552
-0.1009707871747676
0.08055325280141633
-0.22022695135168252
0.14973732665352552
-0.37455638449576806
-0.03991380954862076
-0.07566623215916995
-0.026062911055376486
-0.09823980773589697
-0.1009707871747676
-0.13483125889314831
-0.060276764663608255
-0.10738452014079022
-0.15571907022219875
0.017612967957947184
0.030032365486168555
-0.2473121930574094
-0.13483125889314831
-0.1009707871747676
0.12673669417671873
-0.1009707871747676
-0.29006486573477575
-0.11479430965397884
0.2116676859139662
0.06909926336891718
-0.10855843546296397
-0.17080487608421807
0.2443132689761064
-0.14982750808406228
-0.15677758563487112
-0.241189040495303
-0.37455638449576806
0.12673669417671873
0.02581873162359317
-0.060276764663608255
-0.1009707871747676
-0.03791040364562529
0.08757932984534292
-0.14473750717459433
0.14973732665352552
