0.0036250761647223127
-0.017203166463308505
-0.0004857432169201364
-0.0004857432169201364
-0.024942875786768366
-0.0009660884247839094
0.011063429371238638
-0.0074320082180403995
-0.009716870982366808
0.003978877903567042
-0.014352360742489648
-0.0074320082180403995
-0.01059328977430812
-0.0016883033393570483
-0.009680949941392911
-0.017203166463308505
0.003978877903567042
-0.005859674714451041
-0.005340021053306251
-0.010238530937621879
-0.00536786023309893
-0.0074320082180403995
-0.00785212964652988
-0.00785212964652988
-0.005340021053306251
-0.01059328977430812
-0.0004857432169201364
-0.0009660884247839094
-0.009037148560475819
0.003978877903567042
-0.014352360742489648
-0.015602028020875788
0.010245821195291514
0.000324389444109874
0.014385694557532998
-0.009037148560475819
-0.01059328977430812
-0.01059328977430812
-0.012794476873284262
-0.0009660884247839094
0.012657571602853081
-0.035671281207959774
-0.0016883033393570483
-0.009716870982366808
-0.00536786023309893
-0.035671281207959774
-0.009716870982366808
0.010245821195291514
-0.010238530937621879
-0.00785212964652988
-0.007731136778767969
-0.0009660884247839094
-0.014352360742489648
-0.00032603323530366223
-0.00536786023309893
-0.0016883033393570483
-0.0024955222279429297
-0.015602028020875788
-0.014352360742489648
-0.014352360742489648
-0.009716870982366808
-0.015602028020875788
0.014385694557532998
0.003978877903567042
-0.024942875786768366
-0.0004857432169201364
-0.014352360742489648
-0.035671281207959774
-0.005859674714451041
-0.010238530937621879
-0.009716870982366808
-0.035671281207959774
-0.007731136778767969
0.000626976823770825
-0.007731136778767969
-0.035671281207959774
-0.007731136778767969
-0.010238530937621879
-0.0004857432169201364
-0.0009660884247839094
-0.014352360742489648
-0.014352360742489648
-0.01059328977430812
-0.00536786023309893
-0.05375500173860437
-0.0004857432169201364
-0.0009660884247839094
-0.010238530937621879
-0.003151748649484225
-0.024942875786768366
-0.01059328977430812
0.000626976823770825
-0.003151748649484225
-0.017203166463308505
-0.00785212964652988
-0.0074320082180403995
-0.005859674714451041
-0.015602028020875788
-0.017203166463308505
-0.0009660884247839094
-0.01059328977430812
-0.0004600684167176168
-0.009716870982366808
-0.005340021053306251
-0.003151748649484225
-0.014352360742489648
-0.035671281207959774
-0.0004857432169201364
-0.01059328977430812
-0.01059328977430812
0.011063429371238638
0.011063429371238638
-0.005859674714451041
-0.0016883033393570483
0.000324389444109874
-0.003151748649484225
-0.05375500173860437
-0.05375500173860437
-0.009037148560475819
-0.0004857432169201364
-0.0074320082180403995
-0.0004600684167176168
-0.005340021053306251
-0.05375500173860437
0.014385694557532998
-0.00785212964652988
-0.0004600684167176168
-0.0074320082180403995
-0.003151748649484225
-0.009037148560475819
-0.01059328977430812
-0.01059328977430812
-0.005859674714451041
0.003978877903567042
-0.0024955222279429297
-0.0024955222279429297
0.010245821195291514
-0.00032603323530366223
-0.007731136778767969
-0.003151748649484225
-0.014352360742489648
0.012657571602853081
-0.014352360742489648
-0.009716870982366808
-0.0004600684167176168
-0.017203166463308505
-0.003151748649484225
-0.0021047119343866453
-0.0074320082180403995
-0.00536786023309893
-0.005859674714451041
0.014385694557532998
0.000324389444109874
0.0036250761647223127
-0.01059328977430812
-0.00785212964652988
-0.00785212964652988
0.012657571602853081
-0.0004857432169201364
-0.00536786023309893
-0.024942875786768366
0.000626976823770825
-0.0074320082180403995
-0.005340021053306251
-0.0021047119343866453
0.014385694557532998
-0.0004857432169201364
-0.00785212964652988
0.0036250761647223127
-0.00032603323530366223
-0.010238530937621879
-0.00536786023309893
-0.009716870982366808
-0.024942875786768366
-0.005340021053306251
-0.0004600684167176168
-0.00785212964652988
-0.0009660884247839094
0.010245821195291514
-0.00032603323530366223
-0.00785212964652988
-0.0004600684167176168
-0.0009660884247839094
0.010245821195291514
-0.0024955222279429297
-0.012794476873284262
-0.005340021053306251
-0.0021047119343866453
-0.01530047148996615
-0.014352360742489648
-0.0024955222279429297
-0.0021047119343866453
-0.017203166463308505
-0.005859674714451041
0.000324389444109874
0.012657571602853081
0.0036250761647223127
-0.0074320082180403995
-0.005340021053306251
-0.0074320082180403995
0.0036250761647223127
-0.0004857432169201364
-0.0004600684167176168
0.012657571602853081
-0.014352360742489648
-0.0016883033393570483
-0.003151748649484225
-0.009680949941392911
-0.024942875786768366
-0.0024955222279429297
-0.0009660884247839094
-0.00785212964652988
-0.005340021053306251
-0.024942875786768366
0.012657571602853081
-0.009037148560475819
-0.0024955222279429297
0.014385694557532998
-0.01059328977430812
-0.00032603323530366223
0.011063429371238638
-0.00032603323530366223
-0.01059328977430812
-0.0004600684167176168
0.003978877903567042
-0.0004600684167176168
-0.009037148560475819
-0.0004857432169201364
0.011063429371238638
-0.00032603323530366223
-0.014352360742489648
-0.0004857432169201364
-0.00785212964652988
0.000324389444109874
0.014385694557532998
0.010245821195291514
-0.003151748649484225
-0.024942875786768366
0.000324389444109874
-0.01059328977430812
-0.009716870982366808
0.011063429371238638
-0.0004600684167176168
-0.003151748649484225
-0.0021047119343866453
0.012657571602853081
-0.007731136778767969
-0.007731136778767969
0.011063429371238638
-0.0074320082180403995
-0.0004600684167176168
-0.00785212964652988
-0.01059328977430812
-0.012794476873284262
-0.009716870982366808
-0.015602028020875788
-0.0021047119343866453
-0.00032603323530366223
-0.005859674714451041
-0.0016883033393570483
-0.010238530937621879
-0.00032603323530366223
-0.01059328977430812
-0.012794476873284262
0.003978877903567042
-0.00536786023309893
-0.035671281207959774
-0.0074320082180403995
0.003978877903567042
-0.009037148560475819
-0.00785212964652988
0.012657571602853081
-0.009716870982366808
0.003978877903567042
-0.0074320082180403995
-0.0021047119343866453
-0.009037148560475819
-0.05375500173860437
-0.017203166463308505
-0.0024955222279429297
0.012657571602853081
-0.015602028020875788
-0.007731136778767969
-0.009680949941392911
-0.00536786023309893
-0.035671281207959774
0.010245821195291514
-0.0074320082180403995
-0.01530047148996615
-0.024942875786768366
0.010245821195291514
-0.00785212964652988
-0.0004600684167176168
-0.005340021053306251
-0.017203166463308505
-0.010238530937621879
0.012657571602853081
-0.014352360742489648
-0.009680949941392911
-0.0004857432169201364
-0.014352360742489648
0.000324389444109874
-0.0004600684167176168
-0.0009660884247839094
-0.012794476873284262
0.000324389444109874
-0.00032603323530366223
-0.010238530937621879
-0.00536786023309893
-0.015602028020875788
-0.0009660884247839094
-0.0009660884247839094
-0.0016883033393570483
-0.015602028020875788
0.000324389444109874
-0.010238530937621879
0.011063429371238638
-0.009716870982366808
-0.01059328977430812
-0.014352360742489648
-0.009680949941392911
-0.0074320082180403995
-0.05375500173860437
-0.024942875786768366
-0.01059328977430812
-0.009037148560475819
-0.009716870982366808
-0.0074320082180403995
-0.0004857432169201364
-0.009037148560475819
-0.017203166463308505
-0.0074320082180403995
-0.035671281207959774
0.003978877903567042
-0.0016883033393570483
-0.0009660884247839094
-0.05375500173860437
-0.0024955222279429297
-0.0009660884247839094
-0.0074320082180403995
-0.005859674714451041
-0.0009660884247839094
0.012657571602853081
-0.035671281207959774
0.010245821195291514
0.011063429371238638
-0.0016883033393570483
0.014385694557532998
-0.00785212964652988
-0.005340021053306251
-0.05375500173860437
-0.024942875786768366
-0.014352360742489648
-0.00785212964652988
-0.005340021053306251
-0.01059328977430812
-0.0074320082180403995
-0.003151748649484225
-0.0004857432169201364
-0.0009660884247839094
-0.014352360742489648
0.014385694557532998
-0.005340021053306251
-0.014352360742489648
-0.024942875786768366
-0.009716870982366808
-0.0021047119343866453
-0.012794476873284262
-0.0016883033393570483
0.003978877903567042
-0.003151748649484225
-0.05375500173860437
-0.010238530937621879
-0.012794476873284262
-0.024942875786768366
-0.0004600684167176168
-0.005340021053306251
-0.009680949941392911
0.0036250761647223127
-0.007731136778767969
0.000324389444109874
0.003978877903567042
-0.00032603323530366223
0.000626976823770825
0.014385694557532998
-0.012794476873284262
-0.05375500173860437
-0.01530047148996615
-0.009037148560475819
0.0036250761647223127
-0.024942875786768366
0.011063429371238638
0.010245821195291514
-0.05375500173860437
-0.009037148560475819
-0.0074320082180403995
-0.00032603323530366223
-0.0004857432169201364
-0.0074320082180403995
-0.00536786023309893
-0.00536786023309893
-0.01059328977430812
0.003978877903567042
-0.0074320082180403995
-0.00785212964652988
-0.0016883033393570483
-0.009716870982366808
0.010245821195291514
-0.00032603323530366223
-0.0016883033393570483
-0.0016883033393570483
-0.01530047148996615
-0.0024955222279429297
0.010245821195291514
-0.015602028020875788
-0.015602028020875788
-0.0004857432169201364
-0.024942875786768366
-0.014352360742489648
0.012657571602853081
-0.0024955222279429297
-0.0004600684167176168
-0.0004600684167176168
-0.003151748649484225
-0.0009660884247839094
-0.0016883033393570483
0.0036250761647223127
-0.00785212964652988
0.014385694557532998
-0.0074320082180403995
-0.017203166463308505
-0.05375500173860437
-0.0009660884247839094
-0.012794476873284262
-0.015602028020875788
-0.009037148560475819
-0.0009660884247839094
-0.0021047119343866453
-0.005859674714451041
-0.0009660884247839094
-0.009037148560475819
-0.015602028020875788
-0.05375500173860437
-0.035671281207959774
-0.009037148560475819
0.014385694557532998
-0.007731136778767969
-0.005859674714451041
-0.01059328977430812
-0.00536786023309893
-0.0004600684167176168
-0.012794476873284262
-0.01530047148996615
-0.009716870982366808
-0.003151748649484225
-0.0074320082180403995
-0.014352360742489648
-0.009037148560475819
0.000324389444109874
0.0036250761647223127
0.0036250761647223127
-0.00032603323530366223
-0.017203166463308505
-0.015602028020875788
0.000626976823770825
-0.0024955222279429297
-0.00785212964652988
-0.035671281207959774
-0.0004857432169201364
-0.015602028020875788
0.010245821195291514
-0.0074320082180403995
0.011063429371238638
-0.003151748649484225
0.0036250761647223127
-0.010238530937621879
-0.01530047148996615
-0.00536786023309893
-0.0016883033393570483
-0.0024955222279429297
-0.00536786023309893
-0.003151748649484225
-0.0021047119343866453
0.0036250761647223127
-0.014352360742489648
-0.01059328977430812
-0.035671281207959774
0.000626976823770825
0.012657571602853081
0.011063429371238638
-0.01530047148996615
-0.010238530937621879
-0.00536786023309893
-0.0004857432169201364
-0.00536786023309893
-0.0021047119343866453
-0.005859674714451041
-0.009716870982366808
-0.014352360742489648
0.000626976823770825
-0.01530047148996615
0.014385694557532998
0.011063429371238638
-0.017203166463308505
-0.005340021053306251
-0.0074320082180403995
-0.0016883033393570483
-0.003151748649484225
0.000324389444109874
-0.035671281207959774
0.011063429371238638
0.010245821195291514
0.003978877903567042
0.003978877903567042
-0.009037148560475819
-0.05375500173860437
-0.015602028020875788
-0.012794476873284262
-0.007731136778767969
0.003978877903567042
-0.007731136778767969
0.014385694557532998
-0.0004857432169201364
-0.0004857432169201364
-0.017203166463308505
-0.009680949941392911
-0.0009660884247839094
-0.00536786023309893
-0.0074320082180403995
-0.0009660884247839094
-0.009716870982366808
-0.009716870982366808
-0.01059328977430812
-0.009680949941392911
-0.0016883033393570483
-0.009037148560475819
-0.01530047148996615
0.014385694557532998
-0.0016883033393570483
-0.009680949941392911
-0.0004857432169201364
-0.024942875786768366
-0.01530047148996615
0.000626976823770825
-0.0009660884247839094
-0.0016883033393570483
-0.005340021053306251
0.003978877903567042
-0.00785212964652988
-0.003151748649484225
0.003978877903567042
-0.01059328977430812
-0.01059328977430812
-0.05375500173860437
0.000626976823770825
-0.005859674714451041
-0.024942875786768366
-0.014352360742489648
-0.010238530937621879
-0.015602028020875788
0.010245821195291514
-0.0021047119343866453
-0.017203166463308505
-0.012794476873284262
-0.0016883033393570483
-0.00785212964652988
-0.0009660884247839094
-0.01059328977430812
0.003978877903567042
-0.01530047148996615
-0.00785212964652988
-0.0024955222279429297
0.012657571602853081
-0.00536786023309893
0.014385694557532998
-0.009716870982366808
0.010245821195291514
-0.017203166463308505
-0.009680949941392911
-0.0016883033393570483
-0.0016883033393570483
-0.005340021053306251
0.003978877903567042
-0.01059328977430812
-0.009680949941392911
-0.00785212964652988
-0.024942875786768366
0.012657571602853081
0.003978877903567042
-0.005340021053306251
0.003978877903567042
-0.0024955222279429297
-0.009716870982366808
-0.0021047119343866453
-0.0074320082180403995
-0.024942875786768366
-0.005859674714451041
0.0036250761647223127
-0.010238530937621879
-0.017203166463308505
-0.009716870982366808
0.011063429371238638
-0.005859674714451041
-0.017203166463308505
-0.009716870982366808
-0.00785212964652988
0.000626976823770825
-0.024942875786768366
-0.05375500173860437
-0.009680949941392911
-0.005859674714451041
-0.007731136778767969
-0.003151748649484225
-0.01059328977430812
-0.0016883033393570483
-0.005340021053306251
-0.005859674714451041
0.003978877903567042
0.0036250761647223127
0.011063429371238638
-0.015602028020875788
-0.0074320082180403995
-0.035671281207959774
-0.0004600684167176168
-0.009680949941392911
-0.015602028020875788
0.0036250761647223127
-0.005859674714451041
-0.0024955222279429297
0.003978877903567042
-0.024942875786768366
0.012657571602853081
-0.0074320082180403995
-0.0004600684167176168
-0.007731136778767969
-0.009680949941392911
-0.009680949941392911
-0.009037148560475819
-0.010238530937621879
-0.009716870982366808
-0.015602028020875788
0.0036250761647223127
-0.01530047148996615
-0.007731136778767969
-0.0004857432169201364
-0.035671281207959774
0.011063429371238638
-0.01530047148996615
-0.0016883033393570483
-0.005859674714451041
0.000324389444109874
-0.0074320082180403995
-0.015602028020875788
0.003978877903567042
0.0036250761647223127
-0.0074320082180403995
-0.0004600684167176168
0.003978877903567042
-0.0024955222279429297
0.000324389444109874
-0.00536786023309893
0.010245821195291514
0.000626976823770825
-0.0004857432169201364
-0.015602028020875788
-0.0009660884247839094
0.012657571602853081
-0.0021047119343866453
-0.012794476873284262
-0.005859674714451041
0.003978877903567042
-0.035671281207959774
-0.01059328977430812
-0.010238530937621879
-0.0024955222279429297
-0.005340021053306251
0.003978877903567042
-0.017203166463308505
-0.01059328977430812
-0.009680949941392911
0.010245821195291514
-0.015602028020875788
0.003978877903567042
-0.009680949941392911
0.014385694557532998
-0.012794476873284262
0.010245821195291514
0.012657571602853081
-0.010238530937621879
-0.00032603323530366223
-0.014352360742489648
0.011063429371238638
-0.0016883033393570483
-0.0021047119343866453
-0.014352360742489648
-0.005340021053306251
-0.05375500173860437
-0.017203166463308505
-0.0016883033393570483
0.000626976823770825
-0.01059328977430812
0.003978877903567042
-0.0004857432169201364
-0.00785212964652988
-0.05375500173860437
-0.0024955222279429297
-0.0024955222279429297
-0.015602028020875788
-0.014352360742489648
-0.00785212964652988
-0.005340021053306251
-0.0074320082180403995
-0.01059328977430812
-0.00536786023309893
-0.0021047119343866453
-0.0016883033393570483
-0.01059328977430812
0.010245821195291514
-0.017203166463308505
-0.0009660884247839094
-0.0016883033393570483
0.0036250761647223127
-0.009680949941392911
0.011063429371238638
-0.009680949941392911
-0.003151748649484225
0.000324389444109874
-0.00032603323530366223
-0.035671281207959774
-0.005859674714451041
-0.009680949941392911
-0.014352360742489648
-0.01059328977430812
-0.05375500173860437
-0.00536786023309893
-0.014352360742489648
-0.009037148560475819
-0.00032603323530366223
-0.0021047119343866453
-0.012794476873284262
-0.00032603323530366223
-0.009716870982366808
-0.00536786023309893
-0.05375500173860437
-0.0024955222279429297
0.010245821195291514
0.003978877903567042
-0.003151748649484225
-0.0074320082180403995
0.000626976823770825
0.000626976823770825
0.014385694557532998
0.0036250761647223127
-0.024942875786768366
0.011063429371238638
-0.00536786023309893
0.012657571602853081
-0.012794476873284262
-0.017203166463308505
-0.0009660884247839094
-0.009037148560475819
-0.005859674714451041
-0.0004600684167176168
-0.01059328977430812
0.012657571602853081
-0.035671281207959774
-0.01059328977430812
-0.014352360742489648
-0.0004857432169201364
0.0036250761647223127
-0.0024955222279429297
-0.01530047148996615
-0.017203166463308505
0.010245821195291514
0.000626976823770825
-0.007731136778767969
-0.0009660884247839094
-0.024942875786768366
-0.0016883033393570483
0.000324389444109874
0.012657571602853081
-0.00536786023309893
-0.00536786023309893
-0.024942875786768366
-0.015602028020875788
-0.00032603323530366223
-0.009716870982366808
0.010245821195291514
-0.007731136778767969
-0.009037148560475819
0.003978877903567042
-0.005340021053306251
-0.003151748649484225
-0.024942875786768366
-0.00536786023309893
-0.009680949941392911
0.010245821195291514
-0.0021047119343866453
0.003978877903567042
0.003978877903567042
-0.01059328977430812
0.000626976823770825
-0.012794476873284262
0.003978877903567042
-0.009680949941392911
-0.0074320082180403995
0.000626976823770825
-0.009680949941392911
-0.009716870982366808
-0.015602028020875788
0.000324389444109874
0.011063429371238638
-0.01059328977430812
0.0036250761647223127
-0.015602028020875788
-0.009716870982366808
-0.009680949941392911
0.010245821195291514
-0.024942875786768366
0.000626976823770825
0.010245821195291514
-0.01530047148996615
-0.017203166463308505
-0.007731136778767969
-0.01530047148996615
-0.0074320082180403995
-0.003151748649484225
0.0036250761647223127
0.014385694557532998
-0.024942875786768366
-0.015602028020875788
0.011063429371238638
-0.005859674714451041
-0.009037148560475819
0.011063429371238638
0.010245821195291514
-0.009037148560475819
-0.00032603323530366223
-0.0004857432169201364
-0.0004600684167176168
-0.0074320082180403995
-0.009680949941392911
-0.0009660884247839094
0.010245821195291514
0.0036250761647223127
-0.005859674714451041
0.014385694557532998
-0.05375500173860437
-0.00785212964652988
0.011063429371238638
-0.005340021053306251
-0.0004600684167176168
0.012657571602853081
-0.017203166463308505
0.014385694557532998
-0.009716870982366808
-0.003151748649484225
-0.00785212964652988
-0.035671281207959774
-0.005859674714451041
-0.010238530937621879
0.011063429371238638
-0.01530047148996615
-0.01059328977430812
-0.009037148560475819
-0.0004857432169201364
-0.003151748649484225
0.012657571602853081
-0.0009660884247839094
-0.017203166463308505
-0.0016883033393570483
-0.0004857432169201364
0.0036250761647223127
0.014385694557532998
-0.0021047119343866453
0.000324389444109874
-0.009680949941392911
0.000626976823770825
-0.00785212964652988
-0.05375500173860437
0.010245821195291514
-0.01530047148996615
-0.007731136778767969
0.000324389444109874
0.000324389444109874
-0.009037148560475819
-0.005859674714451041
0.0036250761647223127
-0.009037148560475819
0.011063429371238638
0.012657571602853081
-0.009037148560475819
-0.00785212964652988
0.012657571602853081
-0.035671281207959774
-0.005859674714451041
-0.009037148560475819
0.011063429371238638
-0.015602028020875788
-0.035671281207959774
0.0036250761647223127
-0.00536786023309893
-0.009680949941392911
0.003978877903567042
-0.005859674714451041
-0.005859674714451041
-0.003151748649484225
0.000626976823770825
0.0036250761647223127
-0.01530047148996615
-0.010238530937621879
-0.01530047148996615
0.012657571602853081
-0.0004600684167176168
0.000324389444109874
-0.015602028020875788
0.000324389444109874
-0.0004600684167176168
0.011063429371238638
-0.015602028020875788
-0.00536786023309893
-0.009680949941392911
-0.007731136778767969
-0.00785212964652988
-0.0024955222279429297
0.014385694557532998
-0.0024955222279429297
-0.035671281207959774
0.003978877903567042
0.000626976823770825
-0.009680949941392911
0.000626976823770825
-0.017203166463308505
-0.015602028020875788
-0.014352360742489648
-0.005340021053306251
0.012657571602853081
0.0036250761647223127
-0.00032603323530366223
-0.01059328977430812
-0.00785212964652988
0.0036250761647223127
0.003978877903567042
-0.00536786023309893
-0.0016883033393570483
-0.0024955222279429297
-0.01059328977430812
-0.05375500173860437
-0.01059328977430812
-0.014352360742489648
-0.0016883033393570483
0.003978877903567042
-0.015602028020875788
-0.014352360742489648
-0.017203166463308505
-0.0004857432169201364
-0.0074320082180403995
-0.0024955222279429297
-0.0016883033393570483
-0.010238530937621879
-0.017203166463308505
-0.00032603323530366223
-0.009037148560475819
-0.007731136778767969
-0.009037148560475819
-0.005859674714451041
-0.05375500173860437
-0.003151748649484225
-0.0074320082180403995
0.003978877903567042
-0.017203166463308505
-0.009680949941392911
-0.00536786023309893
-0.00536786023309893
-0.0004600684167176168
-0.00536786023309893
-0.010238530937621879
-0.009716870982366808
0.014385694557532998
-0.01530047148996615
-0.00785212964652988
-0.005859674714451041
0.0036250761647223127
0.014385694557532998
-0.015602028020875788
0.000626976823770825
-0.0016883033393570483
-0.0004600684167176168
-0.009680949941392911
0.010245821195291514
-0.005859674714451041
-0.014352360742489648
-0.00032603323530366223
-0.007731136778767969
-0.003151748649484225
-0.0009660884247839094
-0.0021047119343866453
-0.007731136778767969
-0.024942875786768366
0.000626976823770825
