-0.025908610737745714
-0.011276961607996648
-0.007695733777148109
-0.028536818335767204
-0.025908610737745714
-0.052639233571967085
-0.009461167817926127
-0.009461167817926127
-0.028536818335767204
-0.02035770928670625
-0.025908610737745714
-0.028536818335767204
-0.012765694739215102
-0.028536818335767204
-0.011276961607996648
-0.007695733777148109
-0.009461167817926127
-0.029012486749193878
0.000414187206981292
-0.009972459039133378
-0.009972459039133378
-0.0016398771291987239
-0.011544198925012352
-0.012765694739215102
-0.02035770928670625
-0.011544198925012352
-0.044270421104779856
-0.015358896489269039
-0.011276961607996648
-0.007695733777148109
-0.024072925368937206
-0.029012486749193878
-0.012765694739215102
-0.029012486749193878
-0.015358896489269039
-0.015358896489269039
-0.028536818335767204
-0.011544198925012352
-0.025416757737557687
-0.007695733777148109
-0.01552574241531473
-0.029012486749193878
-0.007695733777148109
-0.044270421104779856
-0.011276961607996648
-0.025416757737557687
-0.02035770928670625
-0.009972459039133378
-0.009461167817926127
-0.02035770928670625
-0.029012486749193878
-0.025908610737745714
-0.012765694739215102
-0.02035770928670625
-0.018767231402851886
-0.009461167817926127
-0.011544198925012352
-0.009461167817926127
-0.012765694739215102
-0.0016398771291987239
-0.028536818335767204
-0.011544198925012352
-0.028536818335767204
-0.011276961607996648
-7.067702107166018e-05
-0.011276961607996648
-0.009461167817926127
-0.018767231402851886
-0.011276961607996648
-0.011544198925012352
-0.028536818335767204
-0.007695733777148109
-7.067702107166018e-05
-0.011276961607996648
-0.018767231402851886
-0.01552574241531473
-0.009461167817926127
-0.029012486749193878
-0.044270421104779856
-0.024072925368937206
-0.01032786034314776
-0.015358896489269039
-7.067702107166018e-05
0.000414187206981292
-0.025416757737557687
-0.052639233571967085
-0.0016398771291987239
-0.015358896489269039
-0.044270421104779856
-0.028536818335767204
-7.067702107166018e-05
-0.007695733777148109
-0.009461167817926127
-0.018767231402851886
-0.012765694739215102
-0.012765694739215102
-0.052639233571967085
-0.024072925368937206
-0.009972459039133378
-0.0016398771291987239
-0.044270421104779856
-0.009461167817926127
-0.025908610737745714
-0.007695733777148109
-0.011276961607996648
-0.01032786034314776
-0.044270421104779856
-0.044270421104779856
-0.02035770928670625
-0.044270421104779856
-0.025908610737745714
-0.025416757737557687
-0.01552574241531473
-0.044270421104779856
-0.011544198925012352
-0.009461167817926127
0.000414187206981292
-0.029012486749193878
-0.007695733777148109
0.000414187206981292
-0.009972459039133378
-0.01552574241531473
-0.025416757737557687
-0.009461167817926127
-0.01552574241531473
-0.0016398771291987239
-0.011276961607996648
-0.007695733777148109
-0.011276961607996648
-0.009461167817926127
0.000414187206981292
-0.028536818335767204
-0.011544198925012352
-0.009461167817926127
-0.01552574241531473
-0.024072925368937206
-0.018767231402851886
-0.018767231402851886
-0.011276961607996648
-0.0016398771291987239
-0.0016398771291987239
-0.044270421104779856
-0.011544198925012352
-0.028536818335767204
-7.067702107166018e-05
-0.01552574241531473
-0.052639233571967085
-0.052639233571967085
-7.067702107166018e-05
-0.01032786034314776
-0.025416757737557687
-0.01032786034314776
-0.018767231402851886
-0.01032786034314776
-0.029012486749193878
-0.0016398771291987239
-0.024072925368937206
0.000414187206981292
-0.011276961607996648
-0.025416757737557687
-0.009461167817926127
-0.018767231402851886
-0.025908610737745714
-0.007695733777148109
-0.028536818335767204
-0.015358896489269039
-0.01552574241531473
-0.018767231402851886
-7.067702107166018e-05
-0.044270421104779856
-0.02035770928670625
-0.02035770928670625
-0.011276961607996648
-0.02035770928670625
-0.015358896489269039
-0.028536818335767204
-0.007695733777148109
-0.011276961607996648
-0.029012486749193878
-0.025908610737745714
-0.009461167817926127
-0.044270421104779856
-0.011276961607996648
-0.011276961607996648
-0.01032786034314776
-0.015358896489269039
-0.009461167817926127
0.000414187206981292
-0.052639233571967085
-0.044270421104779856
-0.009972459039133378
-0.011544198925012352
-0.01032786034314776
-0.044270421104779856
-0.009461167817926127
-0.015358896489269039
-0.01032786034314776
-0.012765694739215102
-0.024072925368937206
-0.012765694739215102
-0.01032786034314776
-0.025416757737557687
-0.01552574241531473
-0.01552574241531473
-0.0016398771291987239
-0.009972459039133378
-0.025908610737745714
-0.011276961607996648
0.000414187206981292
-0.044270421104779856
-0.052639233571967085
-0.015358896489269039
-7.067702107166018e-05
-0.015358896489269039
-0.052639233571967085
-0.01032786034314776
-0.025908610737745714
-0.009461167817926127
-0.028536818335767204
-0.009461167817926127
-0.015358896489269039
-0.024072925368937206
-0.029012486749193878
-0.029012486749193878
-7.067702107166018e-05
-0.015358896489269039
-0.052639233571967085
-0.009461167817926127
-0.052639233571967085
-0.024072925368937206
-0.018767231402851886
0.000414187206981292
-0.009972459039133378
-0.0016398771291987239
-0.025416757737557687
-0.012765694739215102
-0.007695733777148109
-0.028536818335767204
-0.024072925368937206
-0.012765694739215102
-0.025908610737745714
-0.009972459039133378
-0.02035770928670625
-0.011276961607996648
-0.009461167817926127
-0.007695733777148109
-0.011276961607996648
-0.007695733777148109
-0.011544198925012352
-0.044270421104779856
-0.025416757737557687
-0.011276961607996648
-0.015358896489269039
-0.024072925368937206
-0.024072925368937206
-0.028536818335767204
-0.044270421104779856
-0.025908610737745714
-0.009972459039133378
-0.011544198925012352
-0.007695733777148109
-0.025908610737745714
-0.024072925368937206
-0.018767231402851886
-7.067702107166018e-05
-0.025416757737557687
-0.012765694739215102
-0.007695733777148109
-0.009972459039133378
-0.009972459039133378
-0.009972459039133378
-0.01032786034314776
-0.0016398771291987239
-0.052639233571967085
-0.009972459039133378
-0.02035770928670625
-0.024072925368937206
-0.011276961607996648
-0.01552574241531473
-0.015358896489269039
-0.02035770928670625
-0.052639233571967085
-0.024072925368937206
0.000414187206981292
-0.029012486749193878
-0.015358896489269039
-0.025908610737745714
-0.007695733777148109
-7.067702107166018e-05
-0.009461167817926127
-0.009461167817926127
-0.011544198925012352
-0.018767231402851886
-0.025908610737745714
-0.028536818335767204
-0.029012486749193878
-0.025908610737745714
-0.029012486749193878
-0.028536818335767204
-0.01032786034314776
-0.029012486749193878
-0.011544198925012352
-0.018767231402851886
-0.015358896489269039
0.000414187206981292
-0.011544198925012352
-0.011544198925012352
-0.011544198925012352
-0.044270421104779856
0.000414187206981292
-0.028536818335767204
-0.018767231402851886
-0.02035770928670625
-0.044270421104779856
-0.0016398771291987239
-0.025908610737745714
-0.028536818335767204
-0.052639233571967085
-0.01552574241531473
-0.009972459039133378
-0.01552574241531473
-0.01032786034314776
-0.025416757737557687
-0.028536818335767204
-0.011544198925012352
-0.025416757737557687
-0.02035770928670625
-0.01552574241531473
-0.018767231402851886
-0.009461167817926127
-0.01032786034314776
-0.02035770928670625
-0.012765694739215102
-0.044270421104779856
-0.01552574241531473
-0.0016398771291987239
-0.011276961607996648
-0.028536818335767204
-0.052639233571967085
-0.011544198925012352
-0.012765694739215102
-0.012765694739215102
-0.012765694739215102
-0.011544198925012352
-0.025908610737745714
-0.02035770928670625
-0.018767231402851886
-0.025908610737745714
-0.025908610737745714
-0.0016398771291987239
-0.011276961607996648
-0.028536818335767204
-0.009461167817926127
-0.028536818335767204
-0.012765694739215102
-0.015358896489269039
-7.067702107166018e-05
-0.009461167817926127
-0.02035770928670625
-0.01552574241531473
-0.015358896489269039
-0.0016398771291987239
-0.007695733777148109
-0.015358896489269039
-0.009461167817926127
-0.01552574241531473
-0.025416757737557687
-0.01552574241531473
-0.009972459039133378
-0.009461167817926127
-0.025908610737745714
-0.0016398771291987239
0.000414187206981292
-0.025908610737745714
-0.009461167817926127
-0.025416757737557687
-0.007695733777148109
-0.012765694739215102
-0.009461167817926127
-0.009972459039133378
-0.029012486749193878
-0.052639233571967085
-0.009461167817926127
-0.011276961607996648
0.000414187206981292
-0.02035770928670625
-0.012765694739215102
-0.052639233571967085
-0.009461167817926127
-0.015358896489269039
-0.024072925368937206
-0.0016398771291987239
-0.0016398771291987239
-0.028536818335767204
-0.024072925368937206
-0.01552574241531473
-0.044270421104779856
-0.012765694739215102
-0.01032786034314776
-0.02035770928670625
-0.028536818335767204
-0.007695733777148109
-0.044270421104779856
-0.015358896489269039
-0.01032786034314776
-0.01552574241531473
-7.067702107166018e-05
-0.007695733777148109
-0.015358896489269039
-0.007695733777148109
-0.012765694739215102
-0.025908610737745714
-0.025908610737745714
-0.009972459039133378
-0.029012486749193878
-0.052639233571967085
-0.028536818335767204
-0.012765694739215102
-0.009972459039133378
-0.018767231402851886
-7.067702107166018e-05
-0.018767231402851886
-0.009461167817926127
-0.011276961607996648
-0.024072925368937206
-0.0016398771291987239
-0.029012486749193878
-0.024072925368937206
-0.007695733777148109
-0.025908610737745714
-0.029012486749193878
-0.02035770928670625
-0.029012486749193878
-0.01552574241531473
-0.044270421104779856
0.000414187206981292
-0.052639233571967085
-0.01032786034314776
-0.009972459039133378
-0.009461167817926127
-0.052639233571967085
-0.012765694739215102
-0.0016398771291987239
-0.011544198925012352
-0.015358896489269039
-0.025908610737745714
-0.011544198925012352
-0.02035770928670625
0.000414187206981292
-0.009972459039133378
-0.024072925368937206
-0.025416757737557687
-7.067702107166018e-05
-0.009461167817926127
-0.029012486749193878
-0.025416757737557687
-0.012765694739215102
-0.015358896489269039
-0.01032786034314776
-0.028536818335767204
-0.025908610737745714
-0.009461167817926127
-0.025416757737557687
-0.01032786034314776
-0.025416757737557687
-0.025416757737557687
-7.067702107166018e-05
-0.028536818335767204
-0.025416757737557687
-0.007695733777148109
-0.028536818335767204
-0.0016398771291987239
-0.009461167817926127
-0.01552574241531473
-0.012765694739215102
-0.052639233571967085
-0.007695733777148109
-0.009461167817926127
-0.025908610737745714
-0.028536818335767204
-0.024072925368937206
-0.01032786034314776
0.000414187206981292
-0.052639233571967085
-0.044270421104779856
-0.007695733777148109
-0.02035770928670625
-0.052639233571967085
-0.015358896489269039
-0.025908610737745714
-0.01032786034314776
-0.025908610737745714
-7.067702107166018e-05
-0.052639233571967085
-0.009461167817926127
-0.028536818335767204
-0.024072925368937206
-0.007695733777148109
-0.02035770928670625
-0.011276961607996648
-0.052639233571967085
-0.0016398771291987239
-0.007695733777148109
-0.01552574241531473
-0.025416757737557687
-0.015358896489269039
-0.052639233571967085
-0.009461167817926127
-0.007695733777148109
-0.009461167817926127
-7.067702107166018e-05
-0.0016398771291987239
-0.02035770928670625
-0.009461167817926127
-0.044270421104779856
-0.018767231402851886
-7.067702107166018e-05
-0.01032786034314776
-0.025908610737745714
-0.012765694739215102
-0.028536818335767204
-7.067702107166018e-05
-0.011544198925012352
-0.025908610737745714
-0.02035770928670625
-0.011544198925012352
-0.009972459039133378
-0.011276961607996648
-0.015358896489269039
-7.067702107166018e-05
-0.052639233571967085
0.000414187206981292
-0.007695733777148109
-0.015358896489269039
-0.024072925368937206
-0.0016398771291987239
-0.011544198925012352
-0.028536818335767204
-0.012765694739215102
-0.01552574241531473
-0.052639233571967085
-0.011276961607996648
-0.009972459039133378
-0.0016398771291987239
-0.0016398771291987239
-0.025416757737557687
-0.025416757737557687
-0.01032786034314776
-0.012765694739215102
-0.052639233571967085
-0.011544198925012352
-0.018767231402851886
-0.015358896489269039
-0.012765694739215102
-7.067702107166018e-05
-0.025908610737745714
-0.012765694739215102
-0.025908610737745714
-0.0016398771291987239
-0.009461167817926127
-0.018767231402851886
-0.052639233571967085
-0.052639233571967085
-0.011544198925012352
-0.028536818335767204
-7.067702107166018e-05
-0.025908610737745714
0.000414187206981292
-0.011276961607996648
-0.028536818335767204
-0.011544198925012352
-0.0016398771291987239
-0.011276961607996648
-0.009972459039133378
-0.01032786034314776
-7.067702107166018e-05
-0.025416757737557687
-0.044270421104779856
-0.01032786034314776
-0.011544198925012352
-0.011544198925012352
-0.044270421104779856
-0.009461167817926127
-7.067702107166018e-05
-0.02035770928670625
-0.025908610737745714
-0.029012486749193878
-0.0016398771291987239
-0.02035770928670625
-0.0016398771291987239
-0.02035770928670625
-0.01552574241531473
0.000414187206981292
-0.028536818335767204
-0.025908610737745714
-0.009461167817926127
-0.011544198925012352
-0.025908610737745714
-0.012765694739215102
-0.029012486749193878
-7.067702107166018e-05
-7.067702107166018e-05
-0.011276961607996648
-0.025908610737745714
-0.01552574241531473
-0.015358896489269039
-0.052639233571967085
-7.067702107166018e-05
-0.02035770928670625
-7.067702107166018e-05
-0.011276961607996648
-0.01552574241531473
-0.009972459039133378
-0.011276961607996648
-0.011544198925012352
-0.044270421104779856
-0.018767231402851886
-0.044270421104779856
-0.02035770928670625
-0.044270421104779856
-0.007695733777148109
-0.007695733777148109
-0.009972459039133378
-0.011544198925012352
-0.024072925368937206
-0.011544198925012352
-0.007695733777148109
-0.011544198925012352
-7.067702107166018e-05
-7.067702107166018e-05
-0.052639233571967085
-0.0016398771291987239
-0.025416757737557687
-0.024072925368937206
-0.011544198925012352
-0.009972459039133378
-0.02035770928670625
-0.052639233571967085
-0.018767231402851886
-0.029012486749193878
-0.025416757737557687
-0.025908610737745714
-0.025416757737557687
-0.009461167817926127
-0.025908610737745714
-0.028536818335767204
-0.011544198925012352
-0.024072925368937206
-0.052639233571967085
-0.01552574241531473
-0.01032786034314776
-0.011276961607996648
-0.012765694739215102
-7.067702107166018e-05
-0.025908610737745714
-0.052639233571967085
-7.067702107166018e-05
-0.052639233571967085
-7.067702107166018e-05
-0.052639233571967085
-0.009972459039133378
-0.01552574241531473
-0.009972459039133378
-0.029012486749193878
0.000414187206981292
-0.0016398771291987239
-0.024072925368937206
-0.024072925368937206
-0.007695733777148109
-0.018767231402851886
-0.028536818335767204
-0.029012486749193878
-0.0016398771291987239
-0.01032786034314776
-0.012765694739215102
-0.024072925368937206
-0.024072925368937206
-7.067702107166018e-05
-0.007695733777148109
-0.009461167817926127
-0.011276961607996648
-0.025416757737557687
-0.01552574241531473
-0.01032786034314776
-0.025908610737745714
-0.018767231402851886
-0.052639233571967085
-0.01032786034314776
-0.025416757737557687
-0.025908610737745714
-0.052639233571967085
-0.015358896489269039
-0.009461167817926127
-0.011276961607996648
-0.009461167817926127
-0.029012486749193878
-0.044270421104779856
-0.009461167817926127
-7.067702107166018e-05
-0.015358896489269039
-0.024072925368937206
-0.028536818335767204
-7.067702107166018e-05
-0.011276961607996648
-0.01032786034314776
-0.015358896489269039
-0.044270421104779856
-0.01552574241531473
-0.0016398771291987239
-0.052639233571967085
-0.007695733777148109
-0.028536818335767204
-0.011544198925012352
-0.052639233571967085
-0.009461167817926127
-0.009461167817926127
-0.029012486749193878
-0.009461167817926127
-0.052639233571967085
-0.025416757737557687
-0.025416757737557687
-0.028536818335767204
-0.012765694739215102
-0.0016398771291987239
-0.02035770928670625
-7.067702107166018e-05
-0.018767231402851886
-0.012765694739215102
-0.009461167817926127
-0.01552574241531473
-0.044270421104779856
-0.01552574241531473
-0.025416757737557687
-0.029012486749193878
-0.029012486749193878
-0.02035770928670625
-0.029012486749193878
-0.025416757737557687
-0.009972459039133378
-0.0016398771291987239
-0.024072925368937206
-0.011276961607996648
-0.024072925368937206
-0.02035770928670625
-0.0016398771291987239
-0.012765694739215102
-0.01032786034314776
-0.029012486749193878
-0.025416757737557687
-0.011544198925012352
-0.029012486749193878
-0.012765694739215102
-0.025416757737557687
-0.01032786034314776
-0.029012486749193878
-0.011544198925012352
-0.025908610737745714
-0.025416757737557687
-0.009461167817926127
-0.011544198925012352
-0.01032786034314776
-0.028536818335767204
-0.012765694739215102
-0.01552574241531473
0.000414187206981292
-0.011544198925012352
-7.067702107166018e-05
-0.02035770928670625
-0.044270421104779856
-0.011544198925012352
-0.02035770928670625
-0.028536818335767204
-0.009461167817926127
-0.01552574241531473
-0.028536818335767204
-0.011544198925012352
-0.012765694739215102
-0.007695733777148109
-0.009461167817926127
-0.007695733777148109
-0.015358896489269039
-0.024072925368937206
-0.01032786034314776
-0.01032786034314776
-0.024072925368937206
-0.009461167817926127
-0.028536818335767204
-0.02035770928670625
-7.067702107166018e-05
0.000414187206981292
-0.007695733777148109
-0.02035770928670625
-0.009461167817926127
-0.011544198925012352
-0.025416757737557687
-0.012765694739215102
-0.012765694739215102
-0.02035770928670625
-0.028536818335767204
-0.011276961607996648
-0.011544198925012352
-0.018767231402851886
-0.009461167817926127
-0.052639233571967085
-0.029012486749193878
-0.029012486749193878
-0.02035770928670625
-0.009461167817926127
-0.009972459039133378
-0.029012486749193878
-0.025908610737745714
-0.052639233571967085
-0.01552574241531473
-0.011544198925012352
-0.01032786034314776
-0.015358896489269039
-0.01032786034314776
-0.024072925368937206
-0.018767231402851886
-0.009972459039133378
-0.052639233571967085
-0.029012486749193878
-7.067702107166018e-05
-0.02035770928670625
-0.025416757737557687
-0.029012486749193878
-0.015358896489269039
-0.025908610737745714
-0.025416757737557687
-0.011276961607996648
-0.02035770928670625
-0.052639233571967085
-0.011276961607996648
-0.009461167817926127
-0.009972459039133378
-0.01032786034314776
-7.067702107166018e-05
-0.01552574241531473
-0.028536818335767204
-0.044270421104779856
-0.044270421104779856
-0.009972459039133378
-0.044270421104779856
-0.0016398771291987239
-0.015358896489269039
-0.01032786034314776
-0.01032786034314776
-0.025416757737557687
-0.052639233571967085
-0.011276961607996648
-0.009461167817926127
-0.025908610737745714
-0.025908610737745714
-0.012765694739215102
-0.024072925368937206
-0.01552574241531473
-0.029012486749193878
0.000414187206981292
-0.015358896489269039
-0.009972459039133378
-0.029012486749193878
-0.052639233571967085
-0.015358896489269039
-0.0016398771291987239
-0.025908610737745714
-0.012765694739215102
-0.02035770928670625
-0.01032786034314776
-0.015358896489269039
-0.018767231402851886
-0.01032786034314776
-0.025416757737557687
-0.028536818335767204
-0.028536818335767204
-0.011276961607996648
-0.012765694739215102
-0.025416757737557687
-0.011276961607996648
-0.052639233571967085
-0.011276961607996648
-0.015358896489269039
-0.01552574241531473
-0.02035770928670625
-0.018767231402851886
-0.0016398771291987239
-0.011276961607996648
-0.007695733777148109
-0.02035770928670625
-0.011544198925012352
-0.024072925368937206
-0.024072925368937206
-0.009461167817926127
-0.011544198925012352
-0.028536818335767204
-0.025908610737745714
-0.044270421104779856
-0.007695733777148109
-0.0016398771291987239
-0.011276961607996648
-0.02035770928670625
0.000414187206981292
-0.009461167817926127
-0.01032786034314776
-0.02035770928670625
-0.025416757737557687
-0.02035770928670625
-0.011544198925012352
-0.01032786034314776
-0.012765694739215102
-0.009972459039133378
-0.028536818335767204
-0.028536818335767204
-0.01552574241531473
-7.067702107166018e-05
-0.028536818335767204
-0.007695733777148109
-7.067702107166018e-05
-0.025908610737745714
-0.01032786034314776
-0.029012486749193878
-0.011544198925012352
-0.029012486749193878
-0.025416757737557687
-0.009972459039133378
-0.0016398771291987239
-0.025908610737745714
-0.011544198925012352
-0.01032786034314776
-0.011544198925012352
0.000414187206981292
-0.025908610737745714
-0.01032786034314776
-0.009972459039133378
-0.028536818335767204
-0.044270421104779856
-0.009972459039133378
-0.011276961607996648
-0.052639233571967085
-7.067702107166018e-05
-0.007695733777148109
-0.052639233571967085
-0.009461167817926127
-0.024072925368937206
-0.01032786034314776
-0.02035770928670625
-0.044270421104779856
-0.011276961607996648
-0.052639233571967085
-0.052639233571967085
-0.018767231402851886
-0.028536818335767204
-0.011276961607996648
-0.007695733777148109
-0.012765694739215102
-0.012765694739215102
-0.0016398771291987239
-0.018767231402851886
-7.067702107166018e-05
-0.009461167817926127
-0.015358896489269039
0.000414187206981292
-0.025908610737745714
-0.007695733777148109
-0.011544198925012352
-0.024072925368937206
-0.009461167817926127
-0.011544198925012352
-0.02035770928670625
-0.01552574241531473
-0.011544198925012352
-0.011544198925012352
-0.01552574241531473
-0.028536818335767204
-0.007695733777148109
-0.01552574241531473
-0.009972459039133378
-0.025908610737745714
0.000414187206981292
-0.025416757737557687
-0.012765694739215102
-0.024072925368937206
-0.02035770928670625
-7.067702107166018e-05
-0.025416757737557687
-0.012765694739215102
-0.052639233571967085
-0.025908610737745714
-0.015358896489269039
-0.012765694739215102
-0.011544198925012352
-0.025416757737557687
-7.067702107166018e-05
-0.02035770928670625
-0.011276961607996648
-0.012765694739215102
-7.067702107166018e-05
-0.02035770928670625
-0.011276961607996648
-0.01552574241531473
-0.052639233571967085
