-0.01532572485366015
-0.02389908915104872
-0.014420635433546864
-0.00873004624464769
-0.015556532478226784
-0.007466324178552069
-0.0274317685321761
-0.03967579506198033
-0.009620469904498927
-0.009749705897257047
-0.021656865362079277
-0.008887238126919876
-0.027507649051921303
-0.00873004624464769
-0.0009331223894187741
-0.03454772563093742
-0.014420635433546864
-0.007466324178552069
-0.01766508778651957
-0.012175036143019067
-0.029797115382336693
-0.029797115382336693
-0.049795032544584235
-0.008887238126919876
-0.022798743905727822
-0.029635349345397282
-0.022798743905727822
-0.0274317685321761
-0.020952453956667307
-0.019783187754669477
-0.01324989126799775
-0.025253885791620915
-0.0035714131297720536
-0.01766508778651957
-0.029635349345397282
-0.0028383280105248087
-0.0028383280105248087
-0.03967579506198033
-0.02389908915104872
-0.022798743905727822
-0.025253885791620915
-0.014420635433546864
-0.009749705897257047
-0.020952453956667307
-0.029797115382336693
-0.021656865362079277
-0.01766508778651957
-0.008887238126919876
-0.00873004624464769
-0.029635349345397282
-0.0024478229312282045
-0.012977619678245499
-0.007466324178552069
-0.007466324178552069
-0.0009331223894187741
-0.049795032544584235
-0.022798743905727822
-0.03967579506198033
-0.03454772563093742
-0.01324989126799775
-0.01324989126799775
-0.007466324178552069
-0.027507649051921303
-0.0024478229312282045
-0.01324989126799775
-0.022798743905727822
-0.014420635433546864
-0.01324989126799775
-0.03190224715154971
-0.007466324178552069
-0.010798310738732322
-0.010111683245334265
-0.019783187754669477
0.00235339218884507
-0.02278461563955535
-0.01897578459791394
-0.015556532478226784
-0.009808163286965814
-0.019783187754669477
-0.020952453956667307
-0.03967579506198033
0.00235339218884507
-0.025253885791620915
-0.0274317685321761
-0.007466324178552069
-0.0060233510429156785
-0.010111683245334265
-0.03190224715154971
-0.029635349345397282
-0.029635349345397282
-0.008887238126919876
-0.015556532478226784
-0.011623526284431989
-0.0274317685321761
-0.009620469904498927
-0.009808163286965814
-0.03454772563093742
-0.007466324178552069
-0.00873004624464769
-0.025253885791620915
-0.0060233510429156785
-0.03454772563093742
-0.015797839548682496
-0.021656865362079277
-0.02389908915104872
-0.020952453956667307
-0.008887238126919876
-0.01532572485366015
-0.008887238126919876
-0.0274317685321761
-0.012977619678245499
-0.012175036143019067
-0.009749705897257047
-0.01766508778651957
-0.025253885791620915
-0.012175036143019067
-0.029797115382336693
-0.012977619678245499
-0.02940233522574459
-0.009808163286965814
-0.01324989126799775
-0.009620469904498927
-0.014420635433546864
-0.009749705897257047
-0.0060233510429156785
-0.02278461563955535
-0.03967579506198033
-0.022798743905727822
-0.010111683245334265
-0.0060233510429156785
-0.03454772563093742
-0.0024478229312282045
-0.0024478229312282045
-0.009808163286965814
-0.049795032544584235
-0.020952453956667307
-0.03967579506198033
-0.015892327417823194
-0.015892327417823194
-0.015797839548682496
-0.0035714131297720536
-0.01897578459791394
-0.015797839548682496
-0.009620469904498927
-0.03190224715154971
-0.015797839548682496
-0.049795032544584235
-0.0035714131297720536
-0.02278461563955535
-0.01324989126799775
-0.01897578459791394
-0.03190224715154971
-0.00873004624464769
-0.025253885791620915
-0.02389908915104872
-0.009749705897257047
-0.03967579506198033
-0.019783187754669477
-0.0024478229312282045
0.00235339218884507
-0.021656865362079277
-0.021656865362079277
-0.0035714131297720536
-0.0028383280105248087
-0.012977619678245499
-0.014420635433546864
-0.01532572485366015
-0.0035714131297720536
-0.020952453956667307
-0.01324989126799775
-0.01324989126799775
-0.015797839548682496
-0.010111683245334265
-0.0028383280105248087
-0.007466324178552069
-0.012175036143019067
-0.015556532478226784
-0.03454772563093742
-0.0060233510429156785
-0.010111683245334265
-0.009620469904498927
-0.011623526284431989
-0.010798310738732322
-0.0028383280105248087
-0.010798310738732322
-0.02389908915104872
-0.0009331223894187741
-0.02389908915104872
-0.029635349345397282
-0.010798310738732322
-0.02940233522574459
-0.049795032544584235
-0.029797115382336693
-0.009749705897257047
-0.00873004624464769
-0.02278461563955535
-0.020952453956667307
-0.015892327417823194
-0.027507649051921303
-0.019783187754669477
-0.03454772563093742
-0.027507649051921303
0.00235339218884507
-0.019783187754669477
-0.012977619678245499
-0.015892327417823194
-0.010798310738732322
-0.00873004624464769
-0.007466324178552069
-0.03967579506198033
-0.019783187754669477
-0.01881558425213145
-0.010111683245334265
-0.0035714131297720536
-0.01766508778651957
-0.01766508778651957
0.00235339218884507
-0.0028383280105248087
-0.015556532478226784
-0.010111683245334265
-0.015556532478226784
-0.02389908915104872
-0.01881558425213145
-0.02389908915104872
-0.0024478229312282045
-0.012175036143019067
-0.029797115382336693
-0.0060233510429156785
-0.009620469904498927
-0.009808163286965814
-0.0009331223894187741
-0.014420635433546864
-0.0274317685321761
-0.0060233510429156785
-0.03967579506198033
-0.012977619678245499
-0.029635349345397282
-0.01532572485366015
-0.011623526284431989
-0.0060233510429156785
-0.021656865362079277
-0.01324989126799775
-0.027507649051921303
-0.007466324178552069
-0.009749705897257047
-0.025253885791620915
-0.009749705897257047
-0.009620469904498927
-0.025253885791620915
-0.008887238126919876
-0.020952453956667307
-0.008887238126919876
-0.019783187754669477
-0.01881558425213145
-0.020952453956667307
-0.00873004624464769
-0.011623526284431989
-0.008887238126919876
-0.025253885791620915
-0.00873004624464769
-0.01881558425213145
-0.0024478229312282045
0.00235339218884507
-0.0009331223894187741
-0.014420635433546864
-0.011623526284431989
-0.011623526284431989
-0.029797115382336693
-0.015797839548682496
-0.02389908915104872
-0.009808163286965814
-0.0274317685321761
-0.015892327417823194
-0.011623526284431989
-0.0274317685321761
-0.01324989126799775
-0.027507649051921303
-0.0035714131297720536
-0.0274317685321761
-0.019783187754669477
-0.021656865362079277
-0.009620469904498927
-0.015892327417823194
-0.01881558425213145
-0.009620469904498927
-0.010111683245334265
-0.012977619678245499
-0.008887238126919876
-0.02278461563955535
-0.019783187754669477
-0.00873004624464769
-0.025253885791620915
0.00235339218884507
-0.007466324178552069
-0.007466324178552069
-0.03190224715154971
-0.01532572485366015
-0.03967579506198033
-0.01766508778651957
-0.01532572485366015
-0.01766508778651957
-0.03967579506198033
-0.010798310738732322
-0.009749705897257047
-0.0024478229312282045
-0.019783187754669477
-0.02278461563955535
-0.027507649051921303
-0.02278461563955535
-0.03967579506198033
-0.027507649051921303
-0.010111683245334265
-0.0024478229312282045
-0.049795032544584235
-0.009620469904498927
-0.009749705897257047
-0.00873004624464769
-0.03967579506198033
-0.015556532478226784
-0.02940233522574459
-0.029797115382336693
-0.02940233522574459
-0.010798310738732322
-0.0060233510429156785
-0.03967579506198033
-0.0060233510429156785
-0.01897578459791394
-0.03190224715154971
-0.007466324178552069
-0.015797839548682496
-0.0009331223894187741
-0.009808163286965814
-0.01324989126799775
-0.015892327417823194
-0.029635349345397282
-0.029635349345397282
-0.029635349345397282
-0.00873004624464769
-0.021656865362079277
-0.03190224715154971
-0.01532572485366015
-0.027507649051921303
-0.00873004624464769
-0.049795032544584235
-0.027507649051921303
-0.010111683245334265
-0.03967579506198033
-0.007466324178552069
-0.029635349345397282
-0.0274317685321761
-0.019783187754669477
-0.007466324178552069
-0.02940233522574459
-0.019783187754669477
-0.049795032544584235
-0.014420635433546864
-0.009620469904498927
-0.027507649051921303
-0.019783187754669477
-0.007466324178552069
-0.02940233522574459
-0.012977619678245499
-0.02940233522574459
-0.011623526284431989
-0.007466324178552069
-0.01532572485366015
-0.009749705897257047
-0.009808163286965814
-0.012175036143019067
-0.00873004624464769
-0.027507649051921303
-0.010111683245334265
-0.014420635433546864
-0.010111683245334265
-0.027507649051921303
-0.029635349345397282
-0.007466324178552069
-0.011623526284431989
-0.01766508778651957
-0.015556532478226784
-0.007466324178552069
-0.01324989126799775
-0.008887238126919876
-0.012175036143019067
-0.0009331223894187741
-0.015892327417823194
-0.009749705897257047
-0.0060233510429156785
-0.007466324178552069
-0.0028383280105248087
-0.01881558425213145
-0.009808163286965814
-0.009808163286965814
-0.027507649051921303
-0.010111683245334265
-0.020952453956667307
-0.0009331223894187741
-0.012977619678245499
-0.012977619678245499
-0.015797839548682496
-0.03454772563093742
-0.009749705897257047
-0.03967579506198033
-0.025253885791620915
-0.0028383280105248087
-0.015797839548682496
-0.0035714131297720536
-0.025253885791620915
-0.019783187754669477
-0.025253885791620915
-0.029635349345397282
-0.00873004624464769
-0.01532572485366015
-0.011623526284431989
-0.0035714131297720536
-0.015556532478226784
-0.029635349345397282
-0.029797115382336693
-0.03190224715154971
0.00235339218884507
-0.03190224715154971
-0.007466324178552069
-0.03454772563093742
-0.01324989126799775
-0.01881558425213145
-0.049795032544584235
-0.01766508778651957
-0.025253885791620915
-0.027507649051921303
-0.01532572485366015
-0.01766508778651957
-0.02940233522574459
-0.012175036143019067
-0.02389908915104872
-0.010111683245334265
-0.015892327417823194
-0.015797839548682496
-0.029797115382336693
-0.007466324178552069
-0.02389908915104872
-0.015892327417823194
-0.0009331223894187741
-0.049795032544584235
-0.022798743905727822
-0.0028383280105248087
-0.01532572485366015
-0.022798743905727822
-0.021656865362079277
-0.02278461563955535
-0.029797115382336693
-0.01881558425213145
-0.01897578459791394
-0.012977619678245499
-0.009620469904498927
-0.01766508778651957
-0.01897578459791394
-0.0009331223894187741
-0.019783187754669477
-0.010798310738732322
-0.03967579506198033
-0.01532572485366015
-0.012977619678245499
-0.010111683245334265
-0.010798310738732322
-0.01897578459791394
-0.03967579506198033
-0.0060233510429156785
-0.03454772563093742
-0.008887238126919876
-0.0035714131297720536
-0.01897578459791394
-0.025253885791620915
-0.012977619678245499
-0.03967579506198033
-0.009808163286965814
-0.009749705897257047
-0.0035714131297720536
-0.029635349345397282
-0.010111683245334265
-0.015892327417823194
-0.025253885791620915
-0.012977619678245499
-0.007466324178552069
-0.00873004624464769
-0.027507649051921303
-0.01881558425213145
-0.027507649051921303
-0.0035714131297720536
-0.02389908915104872
-0.015797839548682496
-0.02278461563955535
-0.015556532478226784
-0.020952453956667307
-0.025253885791620915
-0.015556532478226784
-0.019783187754669477
-0.009749705897257047
-0.00873004624464769
-0.010798310738732322
-0.01532572485366015
0.00235339218884507
-0.012977619678245499
-0.03454772563093742
-0.015892327417823194
-0.008887238126919876
-0.007466324178552069
-0.03967579506198033
-0.03454772563093742
-0.03454772563093742
-0.01881558425213145
-0.012977619678245499
-0.014420635433546864
-0.01324989126799775
-0.015556532478226784
-0.009808163286965814
-0.014420635433546864
-0.02940233522574459
-0.01897578459791394
-0.0028383280105248087
-0.015556532478226784
-0.007466324178552069
-0.014420635433546864
-0.007466324178552069
-0.049795032544584235
-0.021656865362079277
-0.007466324178552069
-0.0024478229312282045
0.00235339218884507
-0.0035714131297720536
-0.015797839548682496
-0.00873004624464769
-0.029635349345397282
-0.03967579506198033
-0.0035714131297720536
-0.008887238126919876
-0.009749705897257047
-0.00873004624464769
-0.009749705897257047
-0.021656865362079277
-0.022798743905727822
-0.029797115382336693
-0.010111683245334265
-0.01324989126799775
-0.019783187754669477
0.00235339218884507
-0.010111683245334265
-0.015892327417823194
-0.02278461563955535
-0.025253885791620915
-0.008887238126919876
-0.019783187754669477
-0.049795032544584235
-0.009620469904498927
-0.029635349345397282
-0.015556532478226784
-0.011623526284431989
-0.049795032544584235
-0.009808163286965814
-0.010111683245334265
-0.01897578459791394
-0.01897578459791394
-0.010798310738732322
-0.029635349345397282
-0.015892327417823194
-0.009749705897257047
-0.022798743905727822
-0.0024478229312282045
-0.019783187754669477
-0.0009331223894187741
0.00235339218884507
-0.01532572485366015
-0.0009331223894187741
-0.027507649051921303
-0.0060233510429156785
-0.00873004624464769
-0.02389908915104872
-0.049795032544584235
-0.0024478229312282045
-0.015892327417823194
-0.015892327417823194
-0.0274317685321761
-0.022798743905727822
-0.03967579506198033
-0.03454772563093742
-0.00873004624464769
-0.02278461563955535
-0.01324989126799775
-0.009808163286965814
-0.03454772563093742
-0.01324989126799775
-0.027507649051921303
-0.011623526284431989
-0.010798310738732322
-0.01897578459791394
-0.020952453956667307
-0.010798310738732322
-0.022798743905727822
0.00235339218884507
-0.00873004624464769
-0.01766508778651957
-0.049795032544584235
-0.009808163286965814
-0.02278461563955535
-0.00873004624464769
-0.007466324178552069
-0.01532572485366015
-0.0009331223894187741
0.00235339218884507
0.00235339218884507
-0.01324989126799775
-0.01532572485366015
-0.02389908915104872
-0.019783187754669477
-0.015556532478226784
-0.021656865362079277
-0.009749705897257047
0.00235339218884507
-0.03454772563093742
-0.009620469904498927
-0.011623526284431989
-0.01324989126799775
-0.03454772563093742
-0.020952453956667307
-0.03190224715154971
-0.020952453956667307
-0.03454772563093742
-0.020952453956667307
-0.014420635433546864
-0.014420635433546864
-0.011623526284431989
-0.009749705897257047
-0.014420635433546864
-0.022798743905727822
0.00235339218884507
0.00235339218884507
-0.015892327417823194
-0.009808163286965814
-0.01881558425213145
-0.009749705897257047
-0.022798743905727822
-0.011623526284431989
-0.012977619678245499
-0.021656865362079277
-0.015892327417823194
-0.03190224715154971
-0.012977619678245499
-0.008887238126919876
-0.01897578459791394
-0.010111683245334265
-0.00873004624464769
-0.009620469904498927
-0.01532572485366015
-0.008887238126919876
-0.022798743905727822
-0.015892327417823194
-0.015797839548682496
-0.01324989126799775
-0.029635349345397282
-0.012977619678245499
0.00235339218884507
-0.03454772563093742
-0.009749705897257047
-0.00873004624464769
-0.015556532478226784
-0.015892327417823194
-0.015892327417823194
-0.029797115382336693
-0.029797115382336693
-0.009620469904498927
-0.02278461563955535
-0.0060233510429156785
-0.049795032544584235
-0.012977619678245499
-0.01881558425213145
-0.01881558425213145
-0.014420635433546864
-0.0024478229312282045
-0.009749705897257047
-0.010111683245334265
-0.049795032544584235
-0.015797839548682496
-0.029635349345397282
-0.01881558425213145
-0.02389908915104872
-0.014420635433546864
-0.01897578459791394
-0.015797839548682496
-0.010111683245334265
-0.012977619678245499
-0.00873004624464769
-0.0024478229312282045
-0.015892327417823194
-0.010798310738732322
-0.00873004624464769
-0.015892327417823194
-0.009620469904498927
-0.019783187754669477
-0.007466324178552069
-0.007466324178552069
-0.027507649051921303
-0.01766508778651957
-0.020952453956667307
-0.012977619678245499
0.00235339218884507
-0.0028383280105248087
-0.03967579506198033
0.00235339218884507
-0.01324989126799775
-0.015797839548682496
-0.0028383280105248087
-0.008887238126919876
-0.012977619678245499
-0.02940233522574459
-0.010111683245334265
-0.009808163286965814
-0.015556532478226784
-0.009620469904498927
-0.014420635433546864
-0.02389908915104872
-0.015556532478226784
-0.0060233510429156785
-0.0035714131297720536
-0.015892327417823194
-0.01897578459791394
-0.01897578459791394
-0.03967579506198033
-0.0009331223894187741
-0.009749705897257047
-0.009808163286965814
-0.021656865362079277
-0.03190224715154971
-0.010111683245334265
-0.029635349345397282
-0.02940233522574459
-0.02389908915104872
-0.009749705897257047
-0.01897578459791394
-0.0035714131297720536
-0.01766508778651957
-0.011623526284431989
-0.009808163286965814
-0.01324989126799775
-0.021656865362079277
-0.049795032544584235
-0.029635349345397282
-0.015797839548682496
-0.01897578459791394
-0.022798743905727822
-0.027507649051921303
-0.01766508778651957
-0.0009331223894187741
-0.01897578459791394
-0.015797839548682496
-0.022798743905727822
-0.00873004624464769
-0.027507649051921303
-0.007466324178552069
-0.010798310738732322
-0.0274317685321761
-0.029635349345397282
-0.02940233522574459
-0.012175036143019067
0.00235339218884507
-0.007466324178552069
-0.02940233522574459
-0.008887238126919876
-0.009620469904498927
-0.0060233510429156785
-0.03967579506198033
-0.0035714131297720536
-0.010111683245334265
-0.029635349345397282
-0.010111683245334265
-0.0035714131297720536
-0.014420635433546864
-0.014420635433546864
-0.0028383280105248087
-0.009749705897257047
-0.010798310738732322
-0.015797839548682496
-0.03967579506198033
0.00235339218884507
-0.02278461563955535
-0.012977619678245499
-0.025253885791620915
-0.021656865362079277
-0.007466324178552069
-0.022798743905727822
-0.01897578459791394
-0.029635349345397282
-0.0009331223894187741
-0.021656865362079277
-0.03967579506198033
-0.0024478229312282045
-0.007466324178552069
-0.02389908915104872
-0.015892327417823194
-0.01766508778651957
-0.029797115382336693
-0.01766508778651957
-0.00873004624464769
-0.015892327417823194
-0.015797839548682496
-0.019783187754669477
-0.015797839548682496
-0.0024478229312282045
-0.009749705897257047
-0.029797115382336693
-0.015556532478226784
-0.01766508778651957
0.00235339218884507
-0.009749705897257047
-0.01897578459791394
-0.0060233510429156785
-0.0028383280105248087
-0.02389908915104872
-0.00873004624464769
-0.027507649051921303
-0.012977619678245499
-0.021656865362079277
-0.0060233510429156785
-0.015892327417823194
-0.01324989126799775
-0.029797115382336693
-0.015797839548682496
-0.012977619678245499
-0.02940233522574459
-0.03967579506198033
-0.020952453956667307
-0.020952453956667307
-0.029797115382336693
-0.010111683245334265
-0.049795032544584235
-0.0028383280105248087
-0.015797839548682496
-0.010798310738732322
-0.01897578459791394
-0.015892327417823194
-0.0274317685321761
-0.01324989126799775
-0.00873004624464769
-0.01532572485366015
-0.0009331223894187741
-0.02940233522574459
-0.01766508778651957
-0.009620469904498927
-0.02278461563955535
-0.0028383280105248087
-0.011623526284431989
-0.01766508778651957
-0.015892327417823194
-0.0274317685321761
-0.019783187754669477
-0.009808163286965814
-0.00873004624464769
-0.0009331223894187741
-0.03454772563093742
-0.010111683245334265
-0.010798310738732322
-0.019783187754669477
-0.0024478229312282045
-0.010798310738732322
-0.01897578459791394
-0.03967579506198033
-0.0009331223894187741
-0.01324989126799775
-0.015556532478226784
-0.019783187754669477
-0.010111683245334265
-0.02940233522574459
-0.0024478229312282045
-0.049795032544584235
-0.014420635433546864
-0.01881558425213145
-0.008887238126919876
-0.007466324178552069
-0.03967579506198033
-0.01532572485366015
-0.020952453956667307
-0.025253885791620915
-0.009808163286965814
-0.03454772563093742
-0.027507649051921303
-0.010111683245334265
-0.012175036143019067
-0.010798310738732322
-0.021656865362079277
-0.027507649051921303
-0.01897578459791394
-0.015797839548682496
-0.029635349345397282
-0.008887238126919876
-0.011623526284431989
-0.03967579506198033
0.00235339218884507
-0.025253885791620915
-0.009749705897257047
0.00235339218884507
-0.0060233510429156785
-0.00873004624464769
-0.015797839548682496
-0.022798743905727822
-0.0274317685321761
-0.0060233510429156785
-0.01766508778651957
-0.011623526284431989
-0.009808163286965814
-0.01532572485366015
-0.022798743905727822
-0.010798310738732322
-0.022798743905727822
-0.02278461563955535
-0.01532572485366015
-0.0060233510429156785
-0.010798310738732322
-0.011623526284431989
-0.029797115382336693
-0.01324989126799775
-0.015892327417823194
0.00235339218884507
-0.025253885791620915
-0.010111683245334265
-0.015556532478226784
-0.01881558425213145
-0.010798310738732322
-0.021656865362079277
-0.015892327417823194
-0.015556532478226784
-0.0024478229312282045
-0.01324989126799775
-0.014420635433546864
-0.0009331223894187741
-0.0009331223894187741
-0.010111683245334265
-0.009749705897257047
-0.049795032544584235
-0.0024478229312282045
-0.008887238126919876
-0.010111683245334265
-0.03454772563093742
-0.019783187754669477
-0.02278461563955535
-0.00873004624464769
-0.014420635433546864
-0.022798743905727822
-0.01881558425213145
-0.007466324178552069
-0.022798743905727822
-0.010111683245334265
-0.009620469904498927
-0.022798743905727822
-0.03967579506198033
-0.014420635433546864
-0.03454772563093742
-0.027507649051921303
-0.029797115382336693
-0.00873004624464769
-0.02278461563955535
-0.02389908915104872
-0.01897578459791394
-0.029635349345397282
-0.01881558425213145
-0.021656865362079277
0.00235339218884507
-0.01897578459791394
-0.029635349345397282
-0.015892327417823194
-0.010111683245334265
-0.00873004624464769
-0.0028383280105248087
-0.0009331223894187741
-0.012977619678245499
-0.009749705897257047
-0.022798743905727822
0.00235339218884507
-0.02389908915104872
-0.029635349345397282
0.00235339218884507
-0.021656865362079277
-0.01324989126799775
-0.02940233522574459
-0.015556532478226784
-0.0274317685321761
-0.049795032544584235
-0.02278461563955535
-0.019783187754669477
-0.012977619678245499
-0.01881558425213145
-0.011623526284431989
-0.0274317685321761
-0.021656865362079277
-0.0009331223894187741
-0.015797839548682496
-0.029635349345397282
-0.025253885791620915
-0.0035714131297720536
-0.010798310738732322
-0.020952453956667307
-0.0060233510429156785
-0.019783187754669477
