-0.04767153224658733
-0.04583049361414896
-0.11285203434774485
-0.016355528840302953
-0.07377746631444486
-0.09512138894677913
-0.07616237374856044
-0.05905056971805976
-0.031188905655939844
0.1019615464564678
0.009317312290890336
0.0014471165243687102
0.05060951610142808
0.006050756812800709
-0.0896556423023105
0.04859337043828317
0.03413786571409076
-0.003611220849292604
0.00497826498737843
-0.04249167312405306
-0.17764226491224566
-0.10655017238144433
-0.08431286448243401
0.006852246454372379
-0.056432628269123784
-0.1103710301719826
-0.04551309791114646
0.0020689423091998257
0.06769255133395591
0.04498104204449687
0.06976936771552601
-0.05393364663263317
-0.07106225504121796
-0.019280376108626096
-0.3044216178990524
-0.05847671265925001
-0.07253784124478788
0.0040165352728061465
-0.12390404064385349
-0.30201459766975164
-0.14357259355878765
0.005065767564964814
-0.06641840100425915
-0.0896556423023105
-0.023096366473222232
-0.11436362524006552
-0.07548553766746087
-0.08371877375950419
-0.04439700453783844
-0.07372080704956913
-0.021616368544964765
-0.2032875702822255
-0.04261032455560717
-0.016421875419525483
0.0014471165243687102
-0.30201459766975164
-0.040804820191012024
-0.059666379300529405
0.02802618654680307
0.03313666176636038
-0.1384220843919558
-0.059666379300529405
-0.02852137000056035
0.03809484548777854
-0.18146722292236167
-0.12686715627855816
-0.012446376620098962
-0.04986550172107775
0.06942857140657877
-0.03272567631615957
0.12845954892121111
0.055328623712847566
-0.0042674886526883615
0.16139350832514798
-0.12390404064385349
-0.09761473057517234
0.03257057948124279
0.03253851591165189
-0.06494817018285973
-0.07616237374856044
0.0014471165243687102
0.0677729046595348
-0.013142432553103734
-0.13938711439227053
-0.006695959378159286
0.15267080638998093
-0.014815082352032218
0.16139350832514798
-0.07253784124478788
-0.05905056971805976
0.08349567563888913
0.11896598931654993
-0.07253784124478788
-0.005855480552411404
-0.07372080704956913
-0.14496858501673152
0.046029269243537646
0.12963986293354218
-0.01432884484024466
0.03836618596474528
-0.08371877375950419
0.005065767564964814
-0.006874272628509011
-0.05653923188674173
-0.1091591139232747
0.0014471165243687102
-0.02852137000056035
-0.14256593211176583
-0.0042674886526883615
-0.04888009373778453
0.16139350832514798
-0.06445243337725819
-0.0896556423023105
0.06530160884358491
-0.04267723333685838
-0.02117537344908545
-0.05590512557889208
-0.058210402322362756
-0.13938711439227053
0.04633582233005248
-0.11053704302535068
-0.030599317187043274
-0.11943276053960078
0.055328623712847566
-0.05618498138477189
-0.17764226491224566
-0.06138245405926775
-0.03225315374325284
-0.023096366473222232
-0.19484381889784724
0.0001591642731739709
-0.0896556423023105
-0.041493168714959776
-0.14392912378191913
-0.059898164318117
0.016813886907286957
0.00045967849597742947
-0.03630572674537093
-0.011581570856720541
-0.02117537344908545
0.0040165352728061465
-0.11436362524006552
-0.01439751436891925
-0.05393364663263317
0.06976936771552601
-0.07253784124478788
-0.059638373723158174
-0.10384215966246896
-0.06557813412085482
-0.010181224351305498
0.09664684539462094
-0.021616368544964765
-0.1317977075388188
0.07907681899371935
-0.16211856005344247
-0.059638373723158174
0.04859337043828317
0.12845954892121111
-0.02679780473213415
-0.08185567619639504
0.05594730093951223
0.005065767564964814
-0.031188905655939844
-0.09761473057517234
-0.066694649785868
-0.07372080704956913
-0.1384220843919558
-0.1419737084846404
-0.09761473057517234
-0.016421875419525483
-0.13569581347807091
-0.2772748622706422
-0.1615405623211523
-0.12390404064385349
-0.1011312587131158
-0.07616237374856044
-0.11285203434774485
-0.09422407705193281
-0.03225315374325284
-0.021737502017893606
-0.09945705104341561
-0.06440017272694964
0.00229603963265372
0.01295838782748539
-0.05653923188674173
-0.13519625093807577
0.15267080638998093
-0.059638373723158174
-0.029899498592379094
0.021243244494153758
-0.006695959378159286
-0.038819496777717837
-0.049479095764926116
-0.16601337854110332
0.088964413795253
0.033476595952641346
-0.01795654995482887
-0.1487292473691139
-0.30201459766975164
0.0757150417860219
-0.05618498138477189
-0.04439700453783844
-0.018660515866474357
-0.13938711439227053
0.1256046610396746
-0.059638373723158174
-0.13545525968087688
-0.1557876004317491
-0.02679780473213415
-0.0042674886526883615
0.0677729046595348
-0.08184507484904412
0.08349567563888913
-0.14256593211176583
0.03257057948124279
-0.029335391676692954
0.09664684539462094
-0.07372080704956913
-0.032207425344715594
0.033476595952641346
-0.003611127057773046
-0.17185969402017817
0.06661355359313469
-0.15836598601515728
-0.050482242554724534
-0.012446376620098962
0.06661355359313469
0.00497826498737843
-0.1666136973227163
-0.014815082352032218
-0.1419737084846404
0.04633582233005248
-0.1103710301719826
0.088964413795253
-0.14357259355878765
-0.30201459766975164
0.00497826498737843
-0.010288250486960296
-0.013817187942813496
-0.08185567619639504
-0.01795654995482887
0.04136545990044865
-0.066694649785868
-0.011581570856720541
-0.03630572674537093
-0.1557876004317491
-0.0007983542139635989
0.06962859577502203
-0.18146722292236167
-0.031188905655939844
-0.05905056971805976
-0.16211856005344247
-0.04146896697341546
-0.040804820191012024
-0.09312619675308596
-0.09945705104341561
-0.09939207573343728
-0.022771659548198313
-0.041493168714959776
0.12845954892121111
-0.16601337854110332
0.03664451553591242
-0.1615405623211523
-0.031188905655939844
-0.13237323633516307
0.04633582233005248
0.0001591642731739709
-0.059636003772694235
0.03809484548777854
-0.012810014005069332
-0.02117537344908545
-0.0669245992528948
0.03867816798945701
0.1019615464564678
-0.04986550172107775
-0.03708689649324115
-0.1666136973227163
-0.11943276053960078
-0.06138245405926775
-0.09312619675308596
-0.05847671265925001
0.15267080638998093
-0.058439040277072786
-0.1384220843919558
0.003344709119060884
-0.11285203434774485
-0.09488159787973953
-0.040217574372084584
0.010260808066056627
-0.011581570856720541
-0.05517065877090503
-0.066694649785868
-0.038819496777717837
-0.031188905655939844
-0.1317977075388188
-0.18684707491832298
-0.031188905655939844
0.0669743760212374
-0.06557813412085482
-0.04439700453783844
0.03836618596474528
0.01019612591823773
0.0669743760212374
-0.010288250486960296
-0.10655017238144433
-0.09761473057517234
-0.11277725209247903
-0.06440017272694964
-0.05853532428114851
-0.02953128466861254
-0.028085276577569915
-0.06023462365388276
0.06942857140657877
-0.05905056971805976
-0.16601337854110332
-0.059666379300529405
0.12963986293354218
-0.14357259355878765
0.02405880376158785
0.05215118906199104
-0.08172345056426533
-0.13545525968087688
0.006852246454372379
0.03473447687382726
-0.05553087590258638
-0.06557813412085482
-0.032259512351570555
0.03584625157314127
-0.2032875702822255
-0.032259512351570555
-0.13237323633516307
0.01295838782748539
-0.1559492957075047
-0.07954127555776067
0.009722695595136414
-0.16211856005344247
0.15267080638998093
-0.03147149863892498
0.00045967849597742947
-0.14256593211176583
-0.0625318784300636
-0.06641840100425915
-0.0010614763126575054
-0.1615405623211523
-0.01439751436891925
-0.015545244918436335
-0.01795654995482887
0.04633582233005248
-0.08184507484904412
-0.06211468059425673
-0.023096366473222232
-0.10362770095989893
-0.028085276577569915
-0.029335391676692954
-0.10384215966246896
-0.1091591139232747
-0.08431286448243401
-0.0033665523375458178
-0.09910051917640413
0.07168703870998287
0.055328623712847566
-0.19941779876504276
-0.1127257673343446
-0.1384220843919558
-0.07253784124478788
-0.07106225504121796
-0.05796400191562665
-0.029899498592379094
0.12845954892121111
0.0669743760212374
0.006852246454372379
-0.016421875419525483
-0.0012115033940286579
-0.09939207573343728
0.00229603963265372
-0.011581570856720541
-0.016421875419525483
-0.014815082352032218
-0.02401806245169935
-0.26978543480202305
-0.05517065877090503
0.00045967849597742947
-0.09945705104341561
-0.06023462365388276
0.09664684539462094
-0.023096366473222232
0.0757150417860219
-0.10384215966246896
-0.17451658072617748
-0.028024605316028958
-0.06023462365388276
-0.04583049361414896
-0.05590512557889208
-0.05653923188674173
-0.02340370164615064
-0.1289513853223886
-0.032207425344715594
-0.06445243337725819
-0.1615405623211523
0.088964413795253
-0.015545244918436335
-0.02953128466861254
-0.06762519196340178
-0.16601337854110332
-0.2032875702822255
-0.10657326253329626
-0.11277725209247903
-0.011673479674167675
-0.09433590694124563
-0.013894299954075926
-0.09488159787973953
0.03584625157314127
-0.021737502017893606
-0.18146722292236167
-0.07253784124478788
-0.02852137000056035
-0.19941779876504276
0.03664451553591242
-0.12247356764972554
-0.023096366473222232
-0.13569581347807091
-0.032207425344715594
0.04633582233005248
-0.032259512351570555
-0.008653503529597076
0.11896598931654993
-0.02613266376395021
0.10865812992618384
-0.14496858501673152
-0.1696820803982722
-0.009387369260738979
-0.14256593211176583
0.06942857140657877
-0.013894299954075926
-0.30201459766975164
-0.019280376108626096
-0.12390404064385349
-0.05853532428114851
0.11485018713818204
0.046029269243537646
-0.10655017238144433
-0.12390404064385349
-0.09761473057517234
-0.0010614763126575054
0.009317312290890336
0.00229603963265372
-0.07949102399480162
0.0677729046595348
-0.0208597312917703
-0.06557813412085482
0.03257057948124279
-0.08094817441247311
-0.03147149863892498
-0.2032875702822255
-0.1666136973227163
-0.07377746631444486
-0.032259512351570555
-0.3044216178990524
-0.06762519196340178
-0.018660515866474357
-0.09433590694124563
-0.016557344776580815
-0.038819496777717837
-0.010181224351305498
0.07947380375002058
-0.03225315374325284
-0.0516159114872692
0.11896598931654993
-0.1419737084846404
0.009317312290890336
-0.0007983542139635989
-0.09488159787973953
0.00497826498737843
-0.03162369891796841
-0.04249167312405306
-0.08184507484904412
-0.05905056971805976
-0.030599317187043274
-0.01432884484024466
-0.07954127555776067
-0.03630572674537093
-0.06211468059425673
-0.02852137000056035
0.017692318203487403
-0.04279327690377364
-0.04888009373778453
-0.0896556423023105
-0.031188905655939844
0.04633582233005248
0.04498104204449687
-0.02953128466861254
-0.016557344776580815
-0.019280376108626096
-0.11053704302535068
-0.07377746631444486
0.007300935544303806
0.03473447687382726
-0.041493168714959776
0.15267080638998093
-0.029899498592379094
-0.03246576133146322
-0.1666136973227163
0.03867816798945701
-0.30201459766975164
0.06661355359313469
-0.008653503529597076
-0.04146896697341546
-0.0896556423023105
0.01295838782748539
-0.14496858501673152
-0.17764226491224566
-0.10384215966246896
-0.07372080704956913
-0.040804820191012024
-0.09312619675308596
0.0663587253858464
-0.06421858184704535
-0.1091591139232747
-0.02953128466861254
0.016813886907286957
0.07947380375002058
0.0016058532060772637
-0.059666379300529405
-0.09910051917640413
0.07907681899371935
0.0663587253858464
0.017692318203487403
0.0040165352728061465
0.05215118906199104
-0.008827337017736778
-0.0516159114872692
-0.03162369891796841
-0.06138245405926775
-0.006695959378159286
-0.032259512351570555
0.003344709119060884
-0.008827337017736778
0.0001591642731739709
0.021243244494153758
-0.059666379300529405
-0.04551309791114646
-0.04888009373778453
-0.1289513853223886
0.11485018713818204
0.04633582233005248
-0.08601420769801571
-0.14496858501673152
-0.04439700453783844
0.11485018713818204
-0.05653923188674173
-0.01432884484024466
-0.04767153224658733
0.0677729046595348
-0.01439751436891925
-0.1487292473691139
-0.021616368544964765
-0.07372080704956913
-0.027038347111795754
-0.03141989104606642
0.03809484548777854
0.046029269243537646
-0.02105005684495258
-0.09618000880438173
-0.03708689649324115
0.010260808066056627
-0.3044216178990524
0.017692318203487403
-0.093269996706276
-0.05332672452184629
0.04633582233005248
0.24903582063433563
0.06976936771552601
-0.059638373723158174
-0.03141989104606642
-0.0349026880723204
-0.040804820191012024
-0.03162369891796841
-0.003611220849292604
-0.0349026880723204
-0.06445243337725819
-0.13519625093807577
-0.05653923188674173
0.08349567563888913
-0.07548553766746087
-0.1557876004317491
-0.14392912378191913
-0.02919531003151383
-0.015545244918436335
-0.11285203434774485
-0.028024605316028958
-0.0010614763126575054
-0.05553087590258638
0.01295838782748539
-0.16612874109870351
-0.05332672452184629
-0.1696820803982722
0.1256046610396746
-0.04767153224658733
-0.0208597312917703
-0.08601420769801571
-0.05618498138477189
-0.1615405623211523
-0.038819496777717837
-0.050482242554724534
-0.12247356764972554
-0.16211856005344247
-0.09312619675308596
0.009722695595136414
-0.058439040277072786
-0.03141989104606642
-0.03162369891796841
-0.06421858184704535
0.06530160884358491
-0.029899498592379094
-0.14526239057992477
-0.04261032455560717
-0.040217574372084584
0.006050756812800709
-0.10657326253329626
0.12845954892121111
0.0663587253858464
-0.13545525968087688
-0.17185969402017817
-0.06557813412085482
-0.08371877375950419
-0.13569581347807091
0.12845954892121111
-0.13569581347807091
-0.058439040277072786
-0.03141989104606642
-0.04986550172107775
-0.03141989104606642
-0.02117537344908545
-0.08094817441247311
-0.02340370164615064
-0.07548553766746087
-0.04583049361414896
-0.04583049361414896
-0.0012115033940286579
0.1256046610396746
-0.08371877375950419
-0.12390404064385349
-0.05517065877090503
-0.019280376108626096
-0.08172345056426533
-0.1666136973227163
-0.020440789541093303
-0.09433590694124563
-0.12390404064385349
-0.028024605316028958
0.033476595952641346
-0.10362770095989893
-0.023096366473222232
-0.022771659548198313
-0.03708689649324115
-0.19941779876504276
-0.016421875419525483
0.006050756812800709
-0.05618498138477189
-0.028024605316028958
-0.06641840100425915
0.0026914611319647642
0.0663587253858464
0.0663587253858464
-0.006874272628509011
-0.058439040277072786
0.055328623712847566
-0.07954127555776067
-0.05332672452184629
-0.11277725209247903
-0.003611127057773046
-0.05393364663263317
0.06769255133395591
-0.028024605316028958
-0.059666379300529405
-0.027038347111795754
-0.009387369260738979
0.05215118906199104
0.07168703870998287
-0.1487292473691139
-0.06641840100425915
-0.011673479674167675
-0.1559492957075047
0.04132319710376285
-0.14256593211176583
-0.1810564004301554
-0.021091713497633675
0.0757150417860219
-0.056432628269123784
0.00045967849597742947
-0.15836598601515728
0.07907681899371935
-0.12247356764972554
-0.019280376108626096
-0.09433590694124563
0.15267080638998093
-0.02401806245169935
0.04859337043828317
-0.15836598601515728
-0.021737502017893606
-0.05905056971805976
0.02802618654680307
-0.0033665523375458178
-0.16612874109870351
-0.13769813192560312
-0.011581570856720541
-0.056432628269123784
-0.14392912378191913
0.017692318203487403
-0.07372080704956913
0.009722695595136414
-0.1615405623211523
-0.029899498592379094
0.11896598931654993
-0.12686715627855816
-0.09761473057517234
0.01295838782748539
-0.093269996706276
-0.13545525968087688
0.04859337043828317
-0.0669245992528948
-0.03708689649324115
-0.07372080704956913
-0.02613266376395021
-0.021091713497633675
-0.056432628269123784
-0.1289513853223886
-0.3044216178990524
-0.06557813412085482
-0.13545525968087688
0.009722695595136414
-0.016421875419525483
-0.059638373723158174
-0.1487292473691139
0.04633582233005248
0.07907681899371935
-0.049479095764926116
0.03809484548777854
-0.06138245405926775
-0.003611127057773046
-0.06138245405926775
0.0026914611319647642
0.08349567563888913
-0.058439040277072786
-0.20774800830880186
-0.009387369260738979
-0.1592081192924785
0.009722695595136414
-0.1127257673343446
-0.1317977075388188
0.06976936771552601
-0.08094817441247311
-0.14496858501673152
-0.006374061975742884
-0.03225315374325284
0.06942857140657877
-0.04113048606623475
-0.11277725209247903
-0.1909368796103064
-0.1103710301719826
-0.008653503529597076
0.00229603963265372
-0.04113048606623475
-0.13237323633516307
0.03664451553591242
0.1256046610396746
-0.09312619675308596
0.03257057948124279
-0.14526239057992477
-0.06211468059425673
-0.05618498138477189
-0.1487292473691139
-0.023096366473222232
-0.09512138894677913
-0.09312619675308596
-0.19941779876504276
0.09664684539462094
-0.1559492957075047
-0.05618498138477189
-0.01439751436891925
-0.26978543480202305
-0.10384215966246896
0.03413786571409076
-0.028085276577569915
-0.05847671265925001
0.12963986293354218
-0.0033665523375458178
-0.09512138894677913
-0.04249167312405306
0.00497826498737843
0.03313666176636038
-0.012810014005069332
-0.03272567631615957
-0.17764226491224566
0.06530160884358491
0.009722695595136414
-0.0007983542139635989
-0.06557813412085482
-0.04583049361414896
-0.003611127057773046
-0.010181224351305498
-0.04267723333685838
0.02000463671172782
-0.1091591139232747
-0.05796400191562665
-0.17764226491224566
-0.10655017238144433
0.03836618596474528
-0.058210402322362756
0.00497826498737843
-0.06421858184704535
-0.029899498592379094
-0.02852137000056035
-0.02340370164615064
-0.13769813192560312
-0.015545244918436335
0.03313666176636038
0.03867816798945701
0.11896598931654993
-0.07106225504121796
-0.027038347111795754
-0.006695959378159286
-0.17451658072617748
-0.10655017238144433
-0.02340370164615064
-0.1289513853223886
0.06942857140657877
0.12845954892121111
-0.1317977075388188
0.0757150417860219
-0.012446376620098962
0.016813886907286957
0.1256046610396746
-0.09488159787973953
0.03809484548777854
0.003344709119060884
-0.05847671265925001
-0.19484381889784724
-0.17185969402017817
-0.07253784124478788
-0.02953128466861254
-0.10657326253329626
-0.0625318784300636
-0.020120535475923438
0.009722695595136414
-0.012810014005069332
-0.04279327690377364
-0.0134340338679384
-0.17451658072617748
0.06962859577502203
0.0757150417860219
0.055328623712847566
-0.06557813412085482
0.03809484548777854
-0.05653923188674173
-0.0625318784300636
0.10865812992618384
-0.008653503529597076
0.0026914611319647642
-0.1487292473691139
-0.09312619675308596
-0.11053704302535068
-0.05553087590258638
-0.04767153224658733
-0.008827337017736778
0.03313666176636038
0.06530160884358491
-0.021616368544964765
0.02802618654680307
-0.029335391676692954
-0.2032875702822255
-0.07548553766746087
-0.1557876004317491
-0.14256593211176583
-0.08185567619639504
-0.07372080704956913
0.07947380375002058
-0.02613266376395021
-0.0012115033940286579
-0.12390404064385349
-0.06138245405926775
-0.03446896964128805
-0.07949102399480162
-0.027038347111795754
0.0002977656971774079
-0.10384215966246896
0.12845954892121111
-0.093269996706276
0.016813886907286957
-0.06211468059425673
-0.13569581347807091
-0.0208597312917703
-0.032259512351570555
-0.0033665523375458178
0.0020689423091998257
-0.0033665523375458178
-0.07954127555776067
0.19485660449607783
0.006050756812800709
0.003344709119060884
-0.11943276053960078
0.04633582233005248
-0.027038347111795754
-0.2772748622706422
0.088964413795253
0.021243244494153758
0.0040165352728061465
-0.04279327690377364
0.04633582233005248
-0.03630572674537093
-0.05796400191562665
-0.1592081192924785
-0.09939207573343728
-0.08172345056426533
0.021243244494153758
-0.058210402322362756
-0.04551309791114646
-0.2772748622706422
-0.12686715627855816
-0.0669245992528948
0.12845954892121111
0.016813886907286957
0.07168703870998287
-0.03708689649324115
0.06976936771552601
-0.031188905655939844
-0.08431286448243401
-0.08371877375950419
-0.020120535475923438
0.04178296958712432
-0.016355528840302953
0.03313666176636038
0.009722695595136414
-0.10384215966246896
0.06962859577502203
0.03867816798945701
0.03257057948124279
-0.08371877375950419
-0.056432628269123784
-0.07739611318477226
-0.013894299954075926
-0.0042674886526883615
-0.10384215966246896
-0.1615405623211523
-0.19484381889784724
0.11485018713818204
0.03257057948124279
0.010260808066056627
-0.006374061975742884
-0.056432628269123784
0.24903582063433563
-0.11943276053960078
0.016791549688705838
-0.10657326253329626
0.03809484548777854
-0.17764226491224566
-0.05847671265925001
-0.06641840100425915
-0.03260973981411218
-0.11285203434774485
0.088964413795253
-0.20774800830880186
-0.10657326253329626
-0.1289513853223886
0.0040165352728061465
0.016791549688705838
-0.18146722292236167
-0.04267723333685838
-0.02613266376395021
-0.06138245405926775
0.06942857140657877
-0.059666379300529405
-0.17764226491224566
0.08349567563888913
0.03473447687382726
-0.03733270433817445
0.046029269243537646
-0.056432628269123784
0.02802618654680307
-0.10655017238144433
-0.1384220843919558
-0.13545525968087688
-0.010181224351305498
0.03413786571409076
0.16139350832514798
-0.03272567631615957
0.03257057948124279
-0.09945705104341561
-0.0349026880723204
0.088964413795253
-0.2772748622706422
-0.18146722292236167
-0.04551309791114646
-0.056432628269123784
-0.02613266376395021
-0.016421875419525483
-0.05517065877090503
-0.30201459766975164
-0.18146722292236167
-0.019280376108626096
