0.03942108616723546
0.07026596548363785
-0.06127966102752637
-0.023408815716163038
-0.02333777231243539
-0.06887825192846382
-0.0523714510249979
-0.05775985301069927
-0.16758045737480318
0.021262172401597914
-0.01691794308321241
-0.0764639719386844
-0.04250496377279532
-0.005934269998642096
0.002759911693088161
-0.055384128447225074
-0.07090674748594634
-0.020013484103998894
-0.034410121991443714
-0.052261355873333484
-0.037328351521704564
-0.029877429841949854
-0.012715261798274514
-0.13498067908029346
0.0007478225987636593
0.03928729838215963
-0.0026488186116110277
-0.021845657138358697
-0.01691794308321241
0.026341455850081318
-0.0382967971693173
0.012870096717361185
0.03507771656924462
-0.10725644397744173
-0.01864160229313326
0.04067109767258446
-0.05147344607042156
-0.10725644397744173
-0.008281689098522501
-0.029877429841949854
-0.05264222026017727
0.07309852107863768
0.001714783967607449
-0.08280857260651704
-0.032856458726608924
-0.024990555179957873
-0.004080460081704988
0.001714783967607449
-0.037328351521704564
0.010783002450042134
-0.023408815716163038
0.026341455850081318
0.15742828121332111
0.006673408033629896
-0.056906490894296016
0.0007478225987636593
-0.032445566610899666
0.03896991114054804
-0.0382967971693173
-0.03613169790917998
-0.0709257457232306
0.049339680597522965
0.012229142271031756
-0.08810298727264111
-0.02729783588974822
-0.00040718278423788597
0.049339680597522965
0.0030019645974349567
-0.03551793617229289
-0.0319292312373198
-0.00040718278423788597
-0.03263765252485033
-0.029877429841949854
0.011368133584721805
-0.08762345274336814
-0.10725644397744173
0.053049105626977996
-0.034410121991443714
-0.061669316845067476
0.011368133584721805
0.03507771656924462
-0.02337919341711859
-0.04398089252443117
-0.08280857260651704
-0.00550538086851675
-0.05775985301069927
0.006421028647963472
-0.029877429841949854
-0.03613169790917998
-0.06674723867413905
0.002759911693088161
-0.0764639719386844
-0.004598949576037497
-0.04386076703482655
0.0404780682806004
-0.06365291069666644
-0.10725644397744173
-0.07090674748594634
-0.052261355873333484
-0.02333777231243539
-0.0709257457232306
-0.05775985301069927
-0.052240662841806465
-0.03613169790917998
0.02634840121615149
-0.048368665548163575
-0.026124627802150184
-0.04772850052367582
-0.015114034835585656
-0.061669316845067476
-0.00627835959849118
-0.1440282153969197
0.03507771656924462
-0.037328351521704564
-0.03263765252485033
-0.08810298727264111
-0.07259605790364643
-0.09403994597462577
-0.055384128447225074
-0.17822920721033628
0.049339680597522965
-0.021845657138358697
-0.0662697872389695
-0.06127966102752637
-0.006245988723362291
-0.09987791679174791
-0.06887825192846382
-0.06365291069666644
-0.06127966102752637
-0.12261156436054835
0.014234485265090475
-0.0662697872389695
0.012229142271031756
0.012870096717361185
-0.012715261798274514
-0.021845657138358697
-0.1009788211081704
-0.043889097950237904
0.0007478225987636593
-0.1009788211081704
-0.057619045992534465
-0.056906490894296016
0.03896991114054804
0.002759911693088161
-0.056906490894296016
-0.0662697872389695
-0.006245988723362291
-0.0319292312373198
-0.04250496377279532
-0.00550538086851675
-0.0709257457232306
-0.052240662841806465
-0.06887825192846382
0.09626768558396871
0.007634369156653857
-0.06193003446728654
-0.08482120467118129
-0.006932140974872622
-0.07090674748594634
-0.06860803070621711
-0.004080460081704988
-0.08762345274336814
-0.04772850052367582
-0.08280857260651704
-0.09987791679174791
-0.09764904095800025
-0.02729783588974822
-0.10621041098807123
-0.08762345274336814
-0.1440282153969197
-0.04386076703482655
-0.04398089252443117
-0.032856458726608924
0.012229142271031756
-0.17822920721033628
0.0404780682806004
-0.006335464585725625
-0.08810298727264111
-0.032856458726608924
0.006673408033629896
-0.024990555179957873
-0.0764639719386844
0.049339680597522965
-0.061669316845067476
-0.06860803070621711
0.007634369156653857
-0.12261156436054835
0.02634840121615149
-0.061669316845067476
0.02634840121615149
-0.06674723867413905
-0.043889097950237904
0.002759911693088161
-0.05775985301069927
-0.0034971944309498022
0.053049105626977996
-0.1643023860946037
-0.05602994564250965
0.09404642064771898
-0.05264222026017727
0.02634840121615149
-0.052240662841806465
-0.02333777231243539
-0.034410121991443714
-0.032856458726608924
0.0835439021828054
-0.05264222026017727
0.01949175344221943
-0.05523541364532657
0.0835439021828054
-0.0709257457232306
-0.0523714510249979
-0.03263765252485033
-0.04772850052367582
-0.005934269998642096
0.0007478225987636593
-0.08280857260651704
-0.00040718278423788597
-0.021845657138358697
-0.07090674748594634
-0.01691794308321241
-0.0026488186116110277
0.03896991114054804
-0.05775985301069927
0.0835439021828054
-0.0319292312373198
-0.05147344607042156
-0.0773418654347718
-0.05523541364532657
0.0030019645974349567
-0.04398089252443117
-0.0034971944309498022
-0.13498067908029346
-0.06887825192846382
-0.04772850052367582
-0.0382967971693173
-0.052261355873333484
-0.029589183377676256
-0.12261156436054835
0.03507771656924462
-0.008890262275811089
0.026230113670413262
0.15742828121332111
-0.08849538406436663
-0.1009788211081704
-0.01691794308321241
-0.02729783588974822
0.07309852107863768
0.010783002450042134
-0.00550538086851675
0.03896991114054804
-0.10621041098807123
0.021262172401597914
0.011368133584721805
-0.056906490894296016
0.15742828121332111
-0.08849538406436663
-0.0319292312373198
-0.01691794308321241
0.02634840121615149
-0.037328351521704564
-0.0709257457232306
-0.052261355873333484
-0.09403994597462577
0.02634840121615149
0.026230113670413262
-0.08762345274336814
-0.02337919341711859
-0.07810916936237337
-0.029589183377676256
-0.07259605790364643
0.012229142271031756
-0.07259605790364643
-0.0319292312373198
-0.038854410013457796
-0.06127966102752637
-0.003084646382083537
0.03928729838215963
-0.06127966102752637
-0.015114034835585656
-0.0773418654347718
-0.05264222026017727
-0.05147344607042156
0.002759911693088161
-0.08762345274336814
-0.05523541364532657
-0.01864160229313326
0.010665022790888271
-0.09764904095800025
-0.05264222026017727
-0.1440282153969197
-0.05264222026017727
-0.012715261798274514
0.07309852107863768
-0.04398089252443117
-0.0649436173732692
-0.006245988723362291
-0.052261355873333484
-0.07259605790364643
-0.06887825192846382
0.0835439021828054
-0.06637391479629808
-0.08762345274336814
0.01949175344221943
-0.004598949576037497
0.001714783967607449
-0.12492404373428354
0.006421028647963472
-0.06674723867413905
-0.09764904095800025
-0.06365291069666644
0.09404642064771898
-0.04772850052367582
-0.08762345274336814
0.026341455850081318
-0.029877429841949854
-0.06860803070621711
0.05210797052851835
-0.006245988723362291
-0.029877429841949854
0.049339680597522965
0.014234485265090475
0.011368133584721805
-0.08280857260651704
-0.032856458726608924
-0.00627835959849118
-0.03551793617229289
0.012870096717361185
-0.00040718278423788597
-0.05523541364532657
0.07026596548363785
-0.09764904095800025
0.0835439021828054
-0.13498067908029346
-0.05147344607042156
0.010665022790888271
0.0404780682806004
-0.03263765252485033
-0.09764904095800025
-0.08750522821418065
-0.10725644397744173
-0.05602994564250965
-0.034410121991443714
-0.048368665548163575
-0.026124627802150184
0.014234485265090475
-0.1440282153969197
-0.06127966102752637
-0.04812756627939149
-0.09987791679174791
-0.16758045737480318
-0.04772850052367582
-0.043889097950237904
0.021262172401597914
0.007634369156653857
-0.03263765252485033
-0.0709257457232306
-0.004598949576037497
0.012870096717361185
-0.0382967971693173
-0.0649436173732692
-0.04250496377279532
0.0070031717925830225
0.053049105626977996
-0.04346946093628822
0.006421028647963472
-0.0034971944309498022
-0.06887825192846382
-0.004080460081704988
-0.08762345274336814
-0.16758045737480318
0.0070031717925830225
-0.02333777231243539
-0.03494985577387103
-0.08280857260651704
-0.00550538086851675
0.03942108616723546
-0.06365291069666644
-0.06637391479629808
-0.06637391479629808
-0.004598949576037497
-0.005934269998642096
-0.08810298727264111
0.03928729838215963
-0.01866285790103252
0.15742828121332111
-0.021845657138358697
-0.08750522821418065
-0.037328351521704564
-0.05775985301069927
0.01949175344221943
-0.008281689098522501
-0.04398089252443117
-0.056906490894296016
-0.04250496377279532
0.024115281456954817
0.012870096717361185
-0.01864160229313326
-0.05602994564250965
0.02634840121615149
-0.048368665548163575
-0.0709257457232306
-0.04812756627939149
0.049339680597522965
-0.07090674748594634
-0.03613169790917998
0.0835439021828054
0.006421028647963472
-0.06887825192846382
-0.17822920721033628
-0.05775985301069927
-0.0773418654347718
-0.04346946093628822
-0.029589183377676256
0.05210797052851835
-0.02337919341711859
-0.06887825192846382
-0.13498067908029346
-0.004598949576037497
-0.08762345274336814
0.05210797052851835
-0.02337919341711859
-0.1009788211081704
-0.00040718278423788597
-0.06127966102752637
-0.05147344607042156
0.0404780682806004
-0.023408815716163038
-0.08810298727264111
0.07550233999620186
-0.029877429841949854
-0.032856458726608924
0.09626768558396871
-0.04812756627939149
0.007634369156653857
-0.026124627802150184
-0.006932140974872622
-0.008890262275811089
-0.04250496377279532
-0.06887825192846382
-0.008281689098522501
-0.04812756627939149
-0.0764639719386844
0.012870096717361185
-0.04812756627939149
-0.08482120467118129
-0.0764639719386844
-0.12492404373428354
-0.10621041098807123
-0.07259605790364643
-0.04398089252443117
-0.1009788211081704
-0.02337919341711859
-0.015114034835585656
-0.01866285790103252
0.0007478225987636593
-0.04772850052367582
-0.008890262275811089
-0.0773418654347718
-0.08762345274336814
-0.032445566610899666
-0.09403994597462577
-0.09987791679174791
0.09388427296117138
0.02634840121615149
-0.034410121991443714
-0.0319292312373198
0.001714783967607449
-0.008890262275811089
-0.04265946994926638
-0.1009788211081704
-0.0382967971693173
-0.13498067908029346
0.002759911693088161
-0.06365291069666644
-0.0319292312373198
-0.17822920721033628
0.0007478225987636593
0.049339680597522965
-0.005934269998642096
-0.09987791679174791
-0.04812756627939149
-0.04812756627939149
-0.01866285790103252
0.03942108616723546
-0.00550538086851675
0.09388427296117138
-0.004080460081704988
0.03896991114054804
-0.003084646382083537
-0.052240662841806465
-0.13498067908029346
0.007634369156653857
-0.09403994597462577
-0.032856458726608924
-0.03494985577387103
0.03896991114054804
-0.024990555179957873
-0.09987791679174791
-0.008281689098522501
-0.021845657138358697
-0.05264222026017727
-0.04812756627939149
-0.08482120467118129
0.09388427296117138
-0.04812756627939149
-0.04772850052367582
-0.004080460081704988
-0.07810916936237337
-0.01866285790103252
0.026230113670413262
0.026230113670413262
-0.06637391479629808
-0.02729783588974822
-0.03494985577387103
-0.029877429841949854
-0.0382967971693173
0.09404642064771898
0.03719679172184152
0.010665022790888271
-0.029877429841949854
-0.09403994597462577
-0.015114034835585656
-0.029589183377676256
-0.052261355873333484
0.014234485265090475
-0.057619045992534465
-0.006932140974872622
0.014234485265090475
0.09404642064771898
-0.004080460081704988
-0.08849538406436663
0.006421028647963472
0.053049105626977996
-0.17822920721033628
-0.09403994597462577
0.03896991114054804
-0.03263765252485033
-0.003798499510083455
-0.04386076703482655
-0.024990555179957873
-0.0649436173732692
-0.09987791679174791
-0.01691794308321241
-0.03263765252485033
-0.012482740683175656
-0.10725644397744173
-0.012482740683175656
-0.09403994597462577
-0.05775985301069927
0.09626768558396871
-0.12492404373428354
-0.05602994564250965
0.0404780682806004
0.03896991114054804
-0.0523714510249979
-0.05775985301069927
-0.04386076703482655
0.024115281456954817
-0.006335464585725625
-0.01691794308321241
0.09404642064771898
-0.056906490894296016
0.010665022790888271
-0.08280857260651704
-0.043889097950237904
-0.13498067908029346
-0.06860803070621711
-0.012482740683175656
0.15742828121332111
0.024115281456954817
0.09388427296117138
0.0835439021828054
-0.06860803070621711
-0.0382967971693173
-0.006335464585725625
0.0007478225987636593
-0.04250496377279532
-0.08810298727264111
-0.005934269998642096
-0.0319292312373198
-0.00550538086851675
0.03942108616723546
0.049339680597522965
-0.052240662841806465
-0.006932140974872622
-0.08810298727264111
-0.006335464585725625
-0.029589183377676256
-0.032856458726608924
-0.052240662841806465
-0.005934269998642096
0.0404780682806004
-0.04772850052367582
-0.06887825192846382
-0.056906490894296016
-0.06674723867413905
0.007634369156653857
-0.07090674748594634
0.02634840121615149
0.01949175344221943
-0.07090674748594634
-0.003798499510083455
-0.015114034835585656
-0.09987791679174791
-0.020013484103998894
-0.12492404373428354
-0.04346946093628822
0.07026596548363785
-0.005934269998642096
-0.06860803070621711
0.03928729838215963
-0.008281689098522501
-0.004598949576037497
-0.034410121991443714
-0.06674723867413905
-0.038854410013457796
-0.06637391479629808
0.011368133584721805
-0.0709257457232306
-0.006245988723362291
-0.00627835959849118
0.09388427296117138
-0.0382967971693173
-0.07090674748594634
0.0404780682806004
-0.052261355873333484
0.026341455850081318
0.014234485265090475
-0.13498067908029346
-0.06193003446728654
-0.037328351521704564
-0.0523714510249979
-0.05147344607042156
-0.08849538406436663
-0.12261156436054835
-0.0034971944309498022
0.15742828121332111
-0.0319292312373198
0.026341455850081318
-0.16758045737480318
-0.06127966102752637
-0.06193003446728654
-0.024714686214987677
-0.005934269998642096
0.03942108616723546
0.007634369156653857
-0.03551793617229289
-0.005934269998642096
-0.032856458726608924
0.026230113670413262
0.02634840121615149
0.07026596548363785
-0.006932140974872622
-0.08280857260651704
-0.005934269998642096
-0.024990555179957873
-0.023408815716163038
-0.06127966102752637
-0.01866285790103252
-0.06887825192846382
-0.00550538086851675
-0.0649436173732692
-0.07810916936237337
-0.0773418654347718
-0.0662697872389695
0.010783002450042134
0.09626768558396871
-0.03613169790917998
0.002759911693088161
-0.07810916936237337
-0.029589183377676256
-0.03494985577387103
-0.06674723867413905
0.03896991114054804
-0.021845657138358697
-0.029877429841949854
-0.1440282153969197
0.007634369156653857
-0.055384128447225074
-0.09403994597462577
0.07309852107863768
-0.0026488186116110277
0.07550233999620186
-0.005934269998642096
-0.06193003446728654
-0.012715261798274514
0.0070031717925830225
-0.08750522821418065
0.15742828121332111
-0.0709257457232306
-0.01691794308321241
-0.032856458726608924
0.007634369156653857
-0.02337919341711859
-0.0026488186116110277
0.01949175344221943
-0.03494985577387103
-0.06637391479629808
-0.008281689098522501
-0.003798499510083455
0.0404780682806004
-0.06193003446728654
-0.16758045737480318
-0.034410121991443714
-0.1009788211081704
0.09626768558396871
0.07026596548363785
0.03942108616723546
-0.023408815716163038
0.0030019645974349567
0.010783002450042134
-0.05523541364532657
0.03507771656924462
0.03928729838215963
-0.008281689098522501
-0.05523541364532657
-0.01866285790103252
-0.061669316845067476
-0.08810298727264111
-0.00040718278423788597
-0.08750522821418065
-0.029877429841949854
-0.07090674748594634
-0.04265946994926638
-0.026124627802150184
-0.10621041098807123
0.007634369156653857
0.09626768558396871
-0.08810298727264111
-0.08762345274336814
-0.032445566610899666
0.001714783967607449
0.03896991114054804
-0.021845657138358697
-0.0382967971693173
-0.06127966102752637
0.02634840121615149
0.0835439021828054
0.15742828121332111
0.006673408033629896
0.15742828121332111
-0.03263765252485033
-0.07810916936237337
-0.004080460081704988
-0.06887825192846382
0.09626768558396871
0.0030019645974349567
0.006421028647963472
-0.01864160229313326
0.0070031717925830225
-0.026124627802150184
-0.10621041098807123
-0.06887825192846382
0.014234485265090475
0.012870096717361185
-0.032445566610899666
-0.04346946093628822
0.09404642064771898
-0.05523541364532657
0.006421028647963472
0.053049105626977996
-0.08762345274336814
-0.003084646382083537
-0.023408815716163038
-0.0773418654347718
0.0030019645974349567
0.03896991114054804
0.02634840121615149
-0.12492404373428354
-0.021845657138358697
-0.06127966102752637
-0.006932140974872622
-0.008281689098522501
-0.008281689098522501
0.026230113670413262
-0.03494985577387103
0.07550233999620186
-0.003798499510083455
-0.07090674748594634
-0.03263765252485033
-0.005934269998642096
0.0835439021828054
0.014234485265090475
0.04067109767258446
-0.08762345274336814
-0.015114034835585656
-0.00627835959849118
-0.03494985577387103
-0.006335464585725625
-0.10621041098807123
-0.09764904095800025
-0.048368665548163575
-0.0319292312373198
0.05210797052851835
-0.05264222026017727
-0.00627835959849118
-0.004598949576037497
-0.006335464585725625
0.03942108616723546
-0.0709257457232306
-0.00627835959849118
0.007634369156653857
-0.005934269998642096
0.03896991114054804
-0.08762345274336814
-0.00040718278423788597
-0.020013484103998894
-0.029589183377676256
-0.01864160229313326
-0.004598949576037497
-0.012715261798274514
0.012229142271031756
0.07026596548363785
0.03507771656924462
0.049339680597522965
-0.07090674748594634
-0.1643023860946037
-0.06674723867413905
-0.05775985301069927
-0.005934269998642096
-0.015114034835585656
-0.02333777231243539
-0.00550538086851675
-0.08762345274336814
-0.008890262275811089
-0.1009788211081704
-0.006335464585725625
0.07026596548363785
0.007634369156653857
-0.02729783588974822
-0.052240662841806465
-0.08810298727264111
-0.052240662841806465
0.0030019645974349567
-0.024714686214987677
-0.00627835959849118
-0.05775985301069927
0.07026596548363785
-0.0764639719386844
-0.061669316845067476
0.0030019645974349567
-0.02729783588974822
-0.012715261798274514
-0.0773418654347718
-0.006335464585725625
-0.003084646382083537
-0.06365291069666644
-0.04250496377279532
-0.012715261798274514
-0.034410121991443714
-0.04265946994926638
-0.03613169790917998
0.0404780682806004
-0.0709257457232306
-0.04398089252443117
-0.03613169790917998
-0.008281689098522501
-0.029877429841949854
-0.09987791679174791
-0.032445566610899666
0.006421028647963472
-0.10725644397744173
0.026341455850081318
-0.0319292312373198
-0.06860803070621711
-0.032856458726608924
-0.015114034835585656
-0.0523714510249979
0.03719679172184152
-0.12261156436054835
-0.008281689098522501
-0.026124627802150184
-0.03263765252485033
-0.08810298727264111
-0.10621041098807123
-0.021845657138358697
-0.1009788211081704
-0.01866285790103252
-0.10621041098807123
-0.06860803070621711
-0.02333777231243539
-0.06637391479629808
-0.09987791679174791
-0.0319292312373198
-0.02333777231243539
-0.09403994597462577
-0.005934269998642096
-0.048368665548163575
-0.05602994564250965
-0.01864160229313326
0.07550233999620186
0.012229142271031756
-0.012715261798274514
-0.037328351521704564
-0.12492404373428354
-0.05602994564250965
-0.020013484103998894
-0.061669316845067476
-0.04398089252443117
-0.09764904095800025
0.01949175344221943
-0.07090674748594634
-0.004598949576037497
-0.029877429841949854
-0.06637391479629808
0.03507771656924462
-0.032445566610899666
-0.04398089252443117
-0.005934269998642096
0.03896991114054804
-0.1643023860946037
-0.0026488186116110277
-0.006335464585725625
-0.037328351521704564
-0.02337919341711859
0.0835439021828054
-0.10621041098807123
-0.008890262275811089
-0.048368665548163575
-0.006245988723362291
-0.021845657138358697
-0.003084646382083537
-0.0662697872389695
-0.06674723867413905
-0.057619045992534465
-0.0319292312373198
-0.008890262275811089
-0.17822920721033628
-0.0319292312373198
-0.04398089252443117
0.010665022790888271
0.001714783967607449
-0.003084646382083537
-0.07810916936237337
-0.05147344607042156
0.002759911693088161
0.007634369156653857
0.09404642064771898
-0.03551793617229289
0.021262172401597914
0.026341455850081318
0.03928729838215963
0.0070031717925830225
0.012229142271031756
-0.08762345274336814
0.006421028647963472
-0.048368665548163575
-0.032856458726608924
-0.09764904095800025
-0.006245988723362291
-0.08280857260651704
-0.0319292312373198
-0.006245988723362291
-0.12492404373428354
0.0030019645974349567
-0.10725644397744173
-0.0523714510249979
-0.03263765252485033
-0.0319292312373198
-0.07090674748594634
-0.024990555179957873
0.05210797052851835
-0.052240662841806465
-0.1009788211081704
-0.004598949576037497
-0.09403994597462577
-0.02333777231243539
-0.0662697872389695
-0.03263765252485033
-0.0709257457232306
-0.02729783588974822
0.05210797052851835
0.010783002450042134
0.010665022790888271
0.010665022790888271
0.024115281456954817
-0.09764904095800025
-0.005934269998642096
-0.05147344607042156
0.012229142271031756
0.15742828121332111
-0.03613169790917998
0.09388427296117138
-0.02729783588974822
-0.004080460081704988
0.15742828121332111
-0.06127966102752637
-0.04265946994926638
-0.029589183377676256
-0.023408815716163038
-0.12492404373428354
-0.01864160229313326
-0.04265946994926638
0.05210797052851835
-0.0026488186116110277
0.09388427296117138
-0.0523714510249979
-0.04250496377279532
-0.0319292312373198
