-0.015405975699884904
-0.020111041979071636
-0.09527362503476484
-0.08345238252849561
-0.13812028660865375
0.011457631496394727
-0.08402577154438719
0.0017847880820326253
-0.04345200250373959
-0.004703261532899099
-0.034763862183118506
-0.05021708668946599
0.01833763363407359
-0.10482953344670255
-0.10794229955025858
-0.16261748293242737
-0.009202403506133688
-0.06391691726911693
-0.13318484906181782
0.0007202432577475233
-0.020430150509105526
-0.14886148786664455
-0.06525167786068453
-0.15159150232528998
-0.021965774677552865
0.03637935741459319
-0.0564389079635901
-0.09162433340556096
-0.06980719408250308
-0.042736352145735026
-0.022972091193452688
-0.08528647394822297
0.00032597778214862037
-0.07777232874927888
0.02134043926479618
-0.014534185007266949
-0.0828421083410726
0.01871719234554653
-0.01825701008359201
-0.0246516044830466
-0.1150657262433591
-0.04561110550591961
-0.18741555316209224
0.015944821996818518
-0.03191585088005404
0.006787372063396534
-0.03402141231481359
-0.03935739822862605
-0.08345238252849561
-0.1114443268057115
-0.04851668168999872
-0.07063228188330002
-0.24732238207392465
0.023969637075333033
-0.04091291697617332
-0.16358689232068507
0.008637238081847281
-0.025116227255504567
-0.05798318257064973
-0.056847420918378036
-0.14960854973619128
-0.08528647394822297
0.09096685085659081
-0.011564962241561682
-0.06016699178535214
-0.03109598454335205
-0.05652463317070826
-0.14940237064572154
-0.024262976006798963
-0.0651818889408587
-0.14180577362405067
-0.0052931258110180705
0.005874365418967455
-0.033253449935246024
-0.06016699178535214
-0.04722561054695148
-0.0399682072825286
-0.0518169610322028
-0.14377250342847459
-0.18741555316209224
-0.12271430402205154
-0.011136055108635055
-0.07221083714004908
0.020871476620257012
-0.05652463317070826
-0.09825367954304419
0.016023401613670614
-0.025116227255504567
-0.020430150509105526
-0.020583648596684188
0.015944821996818518
-0.04662654178441164
0.012109135580938502
-0.09975092286453437
0.0019075177362232441
-0.021965774677552865
-0.1044078603275165
-0.06390880895278776
-0.11754716607377123
-0.020430150509105526
0.0432985956021092
-0.0928762530611944
0.014323261902466276
-0.03144875147653702
-0.042256066388485
0.00997018969134961
0.0432985956021092
-0.10676052710214977
-0.07599601112080158
-0.0926819181781068
-0.010715452444064948
-0.016052458640535207
0.00997018969134961
-0.014676425704830198
-0.08476575681895437
-0.08089732758869754
-0.050245512781195156
-0.14209451079833132
-0.04851668168999872
0.0012650089459539718
-0.03583006227802748
-0.026535091835994448
-0.15028600730059452
-0.0564389079635901
-0.0933990830852596
-0.07487679156201671
-0.05582099767405492
-0.04231097747682904
-0.0653468650817757
-0.1114443268057115
-0.17179086894336576
-0.018377736531918473
0.028407318890867058
-0.19900957548883141
-0.05652463317070826
0.004424822026640266
-0.004703261532899099
-0.09008997025515332
-0.08528647394822297
-0.0676635010645501
-0.07991515906699329
-0.08352719728155826
-0.018792459175778993
-0.16358689232068507
-0.10794229955025858
-0.05783081827007896
-0.08868242294998833
-0.1273857109051988
-0.039175560230124404
-0.07218403518499021
-0.08694748871756101
-0.1174419338485538
-0.07800076308067443
0.061607946631315386
-0.04851668168999872
-0.007029907212739087
-0.14960854973619128
-0.04150954400516017
-0.04091291697617332
-0.16897307899913963
-0.009202403506133688
-0.10681864984774345
-0.1499365609519331
-0.012756809922575534
-0.017495970937733963
-0.04284269388546388
-0.08402577154438719
-0.08735675822327761
-0.03583006227802748
0.0019075177362232441
-0.004703261532899099
-0.05652463317070826
-0.14960854973619128
-0.09938918663160835
-0.0937995566907213
0.04985251484034791
-0.04662654178441164
-0.13772029530130486
-0.021740940232508558
0.03222652364188262
-0.0098049204869863
-0.07931135021522658
-0.07383997691240524
-0.029601104695315187
-0.04988931982997841
-0.050584766287516195
-0.010505080059835198
-0.025116227255504567
-0.05778480214374826
-0.015567537418597175
-0.04722561054695148
-0.038684928085762266
0.04059435234035294
-0.06324129233007346
-0.014676425704830198
0.014323261902466276
-0.04713784512089761
-0.07218403518499021
-0.08332898985445662
-0.03583006227802748
-0.12860642720022472
-0.0773029560764693
-0.16628900787476836
-0.06525167786068453
-0.024262976006798963
-0.0045960346373237725
0.050985151872492404
-0.008317299885399237
-0.018681373206078305
-0.0773029560764693
-0.053121037313182136
-0.06043584537719947
-0.08284929675894437
-0.2000472697187761
-0.01437630163115844
0.004214896159528342
-0.042256066388485
0.0017847880820326253
0.023969637075333033
-0.0279976733290656
-0.039175560230124404
-0.02871881330777927
0.061607946631315386
-0.06043584537719947
-0.044183968801887935
-0.07478208369400281
0.012109135580938502
-0.08694748871756101
-0.10900099552823053
-0.04016523993988191
-0.01324749516322892
-0.0928762530611944
-0.03935739822862605
0.006787372063396534
-0.0937995566907213
-0.1611430099758119
-0.009598127321689976
-0.015879055960279245
-0.018681373206078305
-0.10879837756814648
-0.11754716607377123
0.01796971225353465
-0.30653263625525634
-0.10681864984774345
0.020871476620257012
-0.06453413961404708
-0.11264754814740947
-0.0508331777296992
-0.05582099767405492
-0.053122161125676345
0.01796971225353465
0.03785417130714406
-0.014534185007266949
-0.0269666376163293
-0.020583648596684188
-0.018792459175778993
-0.0269666376163293
-0.053121037313182136
0.001951138923017664
-0.016052458640535207
-0.16261748293242737
-0.04534189301929749
-0.11754716607377123
0.015342785888940055
-0.04578914398980893
0.0017847880820326253
-0.042736352145735026
-0.03319636629064821
-0.04281159987133366
-0.03114461463631702
-0.04561903986315448
-0.01895236267662886
-0.08345238252849561
-0.05651547979593641
-0.0809784232366482
-0.07487679156201671
-0.0706657655240515
0.004359640497976468
-0.03642007068514705
-0.16897307899913963
-0.01437630163115844
-0.02463793107723958
-0.015405975699884904
0.01833763363407359
-0.15159150232528998
-0.0508331777296992
-0.11003818718253607
-0.033253449935246024
0.004073906300283021
-0.11688588867357257
-0.14180577362405067
-0.023992960020271924
-0.19900957548883141
-0.20453409171752146
-0.1445072929251909
0.025810002764090696
-0.03144875147653702
0.027197346153652765
-0.09501455730467849
-0.14209451079833132
-0.015825138933271442
-0.10091791428385846
-0.0390489904085506
0.05027971077472114
-0.03935739822862605
0.019284828610769758
-0.1273857109051988
-0.026449306831415813
-0.058227523195768474
-0.0928762530611944
-0.07991515906699329
-0.05338000972811009
-0.11754716607377123
-0.14377250342847459
-0.01076249410706286
0.04268183825437909
-0.11754716607377123
-0.09158403409072
-0.02282709979233942
-0.020108849020885458
-0.0651818889408587
-0.011136055108635055
-0.04612390278528517
-0.012756809922575534
-0.1692354450232388
-0.016860430708927975
0.04985251484034791
-0.020108849020885458
-0.044183968801887935
-0.13073581487339353
-0.10794229955025858
0.010496082749874203
-0.02737719475043472
0.0432985956021092
-0.06390880895278776
-0.10616461987582036
-0.04231097747682904
-0.05658959504166492
-0.020430150509105526
-0.11277886580409972
-0.0315738930964357
0.08135993446274523
-0.03759307891028418
-0.04988931982997841
-0.13772029530130486
-0.002997082255642698
-0.30653263625525634
-0.018792459175778993
-0.05816901252830744
-0.020659390424283993
-0.12786910379163569
-0.02871881330777927
-0.0614519169851681
-0.2029032080619543
-0.07885468875406552
-0.06388237217818901
0.09096685085659081
-0.13772029530130486
-0.09938918663160835
-0.04912735140448738
-0.0923068795359667
-0.040521236924289536
-0.0651818889408587
-0.11923263923382867
-0.055201061201900825
-0.03093555140637972
-0.10145434040996429
-0.11923263923382867
0.015342785888940055
-0.05572553648186678
-0.17179086894336576
-0.12918554716302577
-0.030402370250803144
-0.023992960020271924
-0.17605280272182305
0.06718479344078135
0.020871476620257012
-0.19900957548883141
-0.028723167995882107
-0.018681373206078305
-0.1499365609519331
-0.04561110550591961
-0.050584766287516195
0.04381871125130264
-0.04674939843601411
-0.03140677790109675
-0.004703261532899099
0.0022669531353549715
-0.026303239527505056
0.055232827147237575
-0.016052458640535207
0.008637238081847281
-0.0962079724090234
-0.012434474248687266
-0.11217965160053708
-0.08694748871756101
-0.026449306831415813
-0.029287074280970913
-0.0828421083410726
0.0017847880820326253
-0.07383997691240524
-0.06054999201675272
-0.09162433340556096
-0.04218832531603281
0.08135993446274523
-0.015567537418597175
-0.14940237064572154
-0.04277118571401968
0.020066252570099946
-0.05071615418356871
-0.009291704479765432
-0.012144428071214035
-0.03140677790109675
0.0318021284289075
-0.015166251167725922
-0.0028597989087540726
0.01796971225353465
-0.06252668908036671
-0.10482953344670255
-0.010001165592855224
-0.035592909783283146
-0.03144875147653702
-0.011564962241561682
-0.12786910379163569
-0.024904977610610012
-0.048525541034742
-0.16604103801566225
0.004424822026640266
-0.020583648596684188
-0.020108849020885458
-0.04912735140448738
-0.10676052710214977
-0.025843737335170962
-0.053122161125676345
-0.09501455730467849
-0.004561031047337754
-0.0653468650817757
-0.03935739822862605
-0.10676052710214977
-0.0269666376163293
0.004214896159528342
-0.12271430402205154
-0.07800076308067443
-0.16358689232068507
-0.05561867593772274
-0.20725534377937696
-0.056753934723436414
0.019284828610769758
-0.06953285926198846
-0.04561110550591961
-0.05582099767405492
-0.03759307891028418
-0.04722561054695148
0.0019075177362232441
-0.09162433340556096
-0.04150954400516017
-0.14940237064572154
-0.05188456896297983
-0.09036148515381877
-0.03759307891028418
-0.022946824075170597
-0.13812028660865375
-0.14180577362405067
0.004073906300283021
-0.018377736531918473
-0.0462705391675883
-0.08872780133006115
-0.04713784512089761
-0.032081936829252644
-0.041014058221378644
-0.016052458640535207
-0.04039741989117396
-0.04066394155522555
-0.09527362503476484
-0.06255074058931902
-0.1192228509587932
-0.09527362503476484
-0.039175560230124404
-0.043854953220115934
-0.0962079724090234
0.09096685085659081
-0.0315738930964357
-0.03599584128166505
-0.018792459175778993
-0.01324749516322892
0.004073906300283021
-0.10145434040996429
0.036169569093943574
-0.10616461987582036
-0.03909322461317542
-0.02133346350481209
-0.05222054320898545
-0.05877808723576055
0.09096685085659081
-0.015825138933271442
-0.055201061201900825
-0.0933990830852596
-0.015879055960279245
-0.011564962241561682
-0.026449306831415813
-0.03555450223371034
-0.010001165592855224
0.001951138923017664
-0.07225219175063062
-0.09162433340556096
-0.07599601112080158
-0.04713784512089761
0.0017847880820326253
-0.11923263923382867
0.03391386484250313
-0.03140677790109675
-0.07580620109902331
0.004073906300283021
-0.022383895964028778
-0.09158403409072
-0.12267516648148431
-0.08488977040029193
-0.05912233676585151
-0.017365718832955727
-0.03820830383349848
-0.050584766287516195
-0.002997082255642698
-0.05877808723576055
-0.038684928085762266
-0.14180577362405067
0.061607946631315386
-0.02846435271932056
-0.058559433433284985
-0.023992960020271924
-0.09044404343588142
-0.05561867593772274
0.004073906300283021
-0.18741555316209224
-0.08476575681895437
-0.05658959504166492
-0.06093698011835442
-0.08284929675894437
0.03222652364188262
-0.07891752021094199
-0.02737719475043472
-0.08476575681895437
-0.14180577362405067
0.0432985956021092
0.0022669531353549715
-0.07827854234622707
-0.058559433433284985
-0.0653468650817757
-0.1388211313178072
-0.0098049204869863
-0.03109598454335205
-0.05590891885373058
-0.0651818889408587
-0.010505080059835198
-0.010715452444064948
0.16544063660181985
-0.021984341781350523
-0.026535091835994448
-0.028723167995882107
-0.10145434040996429
-0.01437630163115844
-0.014205797452329473
-0.013624318642439577
0.025810002764090696
0.052456014825204664
-0.11923263923382867
0.003413586011799666
-0.0828421083410726
-0.07800076308067443
-0.03599584128166505
-0.04284269388546388
-0.05222054320898545
-0.03908820281036239
-0.07991515906699329
-0.020430150509105526
-0.01076249410706286
-0.015405975699884904
-0.0052931258110180705
-0.014676425704830198
0.025810002764090696
0.0027002739916207976
-0.04851668168999872
-0.09229224379520794
-0.0564389079635901
-0.053598461549213675
-0.07931135021522658
-0.07580620109902331
-0.042256066388485
-0.07827854234622707
-0.1611430099758119
-0.015825138933271442
-0.06043584537719947
-0.011095719063081511
-0.2000472697187761
0.026472593054268054
-0.07383997691240524
-0.30653263625525634
-0.05021708668946599
-0.11277886580409972
0.012385366190573356
-0.030402370250803144
0.0019075177362232441
-0.08868242294998833
0.006787372063396534
-0.04277118571401968
-0.06054999201675272
-0.06390880895278776
-0.03555450223371034
-0.1201647045961573
0.022177898819267433
-0.0614519169851681
-0.09322276185108208
-0.03820830383349848
0.02134043926479618
-0.11754716607377123
-0.029287074280970913
0.0017847880820326253
-0.033253449935246024
0.023541542152281526
-0.0315738930964357
0.004073906300283021
-0.03191585088005404
-0.03908820281036239
-0.04612390278528517
-0.09044404343588142
-0.034763862183118506
-0.014205797452329473
-0.015224064895483634
-0.0923068795359667
-0.014534185007266949
-0.07841840538058958
-0.19900957548883141
0.004424822026640266
0.05027971077472114
0.011911719743952704
-0.02929005516829377
-0.01437630163115844
-0.0809784232366482
0.061607946631315386
-0.0773029560764693
0.03391386484250313
-0.06453413961404708
0.02134043926479618
-0.17179086894336576
-0.04704372247044794
-0.08488977040029193
0.0007202432577475233
-0.14940237064572154
0.014323261902466276
-0.11264754814740947
-0.0508331777296992
-0.1192228509587932
-0.10641507768122623
-0.14331118893156733
-0.12271430402205154
0.020066252570099946
-0.0315738930964357
-0.1150657262433591
0.0027002739916207976
0.03589530234678516
-0.022972091193452688
-0.05816901252830744
-0.03093555140637972
0.016625194003313897
-0.09158403409072
-0.03140677790109675
-0.015166251167725922
-0.026449306831415813
-0.07221083714004908
-0.10641507768122623
-0.10681864984774345
-0.1201647045961573
0.10103627311291091
-0.007029907212739087
-0.03191585088005404
-0.021984341781350523
-0.07063228188330002
-0.07885468875406552
-0.12268445563284443
-0.13772029530130486
-0.05561867593772274
0.010363473781441554
-0.053598461549213675
0.0019075177362232441
-0.07778752123283089
-0.011095719063081511
-0.020430150509105526
0.050985151872492404
-0.15159150232528998
-0.0676635010645501
-0.11923263923382867
0.027197346153652765
0.010363473781441554
-0.042736352145735026
-0.09008997025515332
0.02480148929342013
-0.05338000972811009
-0.05816901252830744
-0.04281159987133366
-0.015762407449862275
-0.09322276185108208
-0.08872780133006115
-0.06093698011835442
0.021648813539109114
-0.04039741989117396
0.0017847880820326253
-0.0077345761654191965
0.013405345090028617
-0.08488977040029193
-0.012756809922575534
0.004073906300283021
-0.06093698011835442
-0.018377736531918473
0.012385366190573356
-0.016896846025977044
-0.17605280272182305
-0.0098049204869863
0.00997018969134961
-0.09527362503476484
0.008637238081847281
-0.1174419338485538
-0.17605280272182305
-0.0518169610322028
0.014323261902466276
0.01898036580088131
-0.08528647394822297
-0.058227523195768474
-0.05470053998613212
-0.053375908456428894
-0.06324129233007346
-0.04561903986315448
-0.07891752021094199
-0.16358689232068507
0.006594369225086533
-0.1330095133243907
-0.03642007068514705
-0.04091291697617332
-0.0390489904085506
-0.009291704479765432
-0.07800076308067443
0.003413586011799666
-0.1201647045961573
-0.007137464028667571
-0.06671114221757586
-0.01593547832162831
0.0017847880820326253
-0.009362742902482957
-0.056847420918378036
-0.05652463317070826
-0.053375908456428894
-0.02055844185346608
-0.11264754814740947
-0.05561867593772274
-0.021984341781350523
-0.011095719063081511
-0.031908719116422034
-0.02055844185346608
-0.0866612734910568
-0.09501455730467849
-0.041014058221378644
0.028407318890867058
0.01796971225353465
-0.018377736531918473
-0.029601104695315187
-0.02803154440209182
-0.06391691726911693
-0.0937995566907213
0.01871719234554653
-0.023992960020271924
-0.14415338167158503
-0.01377337344164697
-0.058559433433284985
-0.0962079724090234
-0.14209451079833132
-0.09825367954304419
-0.019370222593613855
-0.09036148515381877
-0.2000472697187761
-0.14960854973619128
0.0022669531353549715
-0.024802542254402624
-0.13772029530130486
-0.040521236924289536
-0.17179086894336576
-0.06953285926198846
-0.07529351668688279
-0.021965774677552865
-0.058559433433284985
-0.01593547832162831
-0.05912233676585151
-0.07778752123283089
0.05027971077472114
-0.08735675822327761
-0.009291704479765432
-0.055559153374224096
-0.016896846025977044
-0.05590891885373058
0.015944821996818518
0.013405345090028617
-0.14886148786664455
-0.02463793107723958
-0.009202403506133688
-0.11076466448417846
-0.016052458640535207
-0.07778752123283089
-0.07991515906699329
-0.0045960346373237725
-0.07225219175063062
0.020871476620257012
-0.0508331777296992
0.050985151872492404
0.06718479344078135
-0.1445072929251909
-0.053375908456428894
-0.026535091835994448
-0.011095719063081511
-0.14331118893156733
-0.019967272130141236
0.004424822026640266
0.019974240630053094
-0.10012265692884033
-0.10091791428385846
-0.032459035763370565
-0.13073581487339353
0.036169569093943574
-0.020583648596684188
-0.10879837756814648
-0.06255074058931902
-0.10641507768122623
-0.09938918663160835
-0.07487679156201671
-0.05572553648186678
-0.07778752123283089
-0.0828421083410726
-0.021965774677552865
-0.11277886580409972
0.04985251484034791
-0.12860642720022472
-0.0651818889408587
0.040265264337129465
-0.07599601112080158
-0.020583648596684188
0.005874365418967455
-0.07599601112080158
-0.1445072929251909
0.016625194003313897
-0.018681373206078305
0.09096685085659081
-0.053375908456428894
0.004359640497976468
-0.024802542254402624
-0.053375908456428894
-0.023992960020271924
-0.08345238252849561
-0.03189148559775487
-0.033253449935246024
0.16544063660181985
-0.0462705391675883
-0.02803154440209182
-0.022946824075170597
-0.022946824075170597
-0.025843737335170962
-0.04704372247044794
-0.05816072919063939
-0.08735675822327761
0.040265264337129465
-0.08476575681895437
0.019284828610769758
-0.05071615418356871
-0.06391691726911693
0.015944821996818518
0.023969637075333033
-0.09044404343588142
-0.06388237217818901
-0.01437630163115844
-0.23158823926290809
-0.05222054320898545
-0.08476575681895437
-0.09036148515381877
-0.043854953220115934
-0.14180577362405067
-0.07218403518499021
-0.04218832531603281
-0.09162433340556096
-0.10900099552823053
0.03785417130714406
-0.03642007068514705
-0.010001165592855224
-0.10676052710214977
-0.10900099552823053
-0.02846435271932056
-0.032459035763370565
-0.0028597989087540726
-0.03820830383349848
-0.0614519169851681
-0.05572553648186678
-0.05338000972811009
-0.009202403506133688
-0.01703343540397082
-0.09036148515381877
-0.08332343316562117
-0.04674939843601411
-0.014676425704830198
-0.008929118465852662
-0.10641507768122623
-0.1273857109051988
0.005874365418967455
-0.10641507768122623
0.03222652364188262
-0.138413648391858
-0.13073581487339353
-0.1445072929251909
0.010496082749874203
-0.10482953344670255
-0.030402370250803144
-0.01593547832162831
-0.04778579193927869
-0.10616461987582036
-0.08332898985445662
-0.05798318257064973
0.04352865641356702
-0.09036148515381877
-0.05816901252830744
0.04059435234035294
-0.05470053998613212
-0.058559433433284985
-0.017365718832955727
-0.07885468875406552
-0.06252668908036671
-0.1174419338485538
-0.04674939843601411
-0.03909322461317542
-0.12918554716302577
-0.17605280272182305
-0.004703261532899099
-0.05420588329294674
-0.050584766287516195
0.01870458994529906
-0.051938596427022934
-0.04150954400516017
-0.03402141231481359
0.019330006280833947
-0.04561110550591961
-0.16628900787476836
-0.02846435271932056
-0.07221083714004908
-0.07225219175063062
-0.09044404343588142
-0.05222054320898545
-0.19900957548883141
-0.20725534377937696
0.016023401613670614
-0.16628900787476836
-0.0933990830852596
-0.30653263625525634
-0.0828421083410726
-0.022090830351679937
-0.061648054207524894
-0.11003818718253607
-0.04778579193927869
0.0318021284289075
0.10103627311291091
-0.07529351668688279
-0.024802542254402624
-0.13318484906181782
-0.028483603283770958
-0.026303239527505056
-0.11003818718253607
-0.03935739822862605
0.015944821996818518
0.019330006280833947
0.01871719234554653
-0.1201647045961573
0.014323261902466276
0.06718479344078135
-0.016052458640535207
0.004424822026640266
-0.07580620109902331
-0.04192613528457946
0.055232827147237575
-0.02929005516829377
0.0432985956021092
-0.17179086894336576
-0.007137464028667571
-0.09938918663160835
-0.10879837756814648
-0.007029907212739087
0.016023401613670614
-0.05651547979593641
-0.03642007068514705
0.014323261902466276
-0.03140677790109675
-0.022383895964028778
-0.051938596427022934
0.019330006280833947
-0.08872780133006115
0.003413586011799666
-0.0651818889408587
-0.09938918663160835
0.06718479344078135
-0.10676052710214977
