0.003713954948873454
-0.015993358515137893
-0.06713698454798467
-0.03817508513500743
0.003713954948873454
-0.010531888327671797
0.05148267297124793
-0.08467932724752981
0.10731568200986645
0.06438186494461148
0.003713954948873454
-0.001836686234313563
-0.0811116531094146
0.10731568200986645
-0.0469083794857085
0.02289462131847966
-0.04951899747359367
-0.013085841215527697
-0.0367586936410523
-0.039437561834216005
-0.03817508513500743
0.00998528535837279
-0.08467932724752981
-0.06377830839542169
-0.06627055437248655
-0.0688914262755223
-0.08467932724752981
-0.03817508513500743
-0.06713698454798467
0.027980362423162815
-0.05346261690435168
-0.023578589247486882
-0.010531888327671797
-0.001836686234313563
-0.08798107795455233
-0.001695476144585869
-0.08467932724752981
0.15462171980295752
-0.013085841215527697
-0.001836686234313563
-0.029354008903816328
-0.039437561834216005
-0.08118386843160037
0.14027613637347097
-0.05346261690435168
-0.004653720004584981
0.10731568200986645
-0.08798107795455233
-0.06377830839542169
-0.08118386843160037
-0.03817508513500743
-0.0688914262755223
-0.0367586936410523
-0.043504012524126195
-0.015993358515137893
-0.03817508513500743
-0.029354008903816328
-0.01185581671843739
0.15462171980295752
-0.06377830839542169
-0.004653720004584981
-0.023578589247486882
0.10731568200986645
0.1578162292280587
-0.06713698454798467
-0.024897954922933906
-0.053477895681115405
-0.013085841215527697
-0.01185581671843739
0.10731568200986645
0.02289462131847966
-0.010531888327671797
0.0059755792660083325
-0.08467932724752981
0.02289462131847966
-0.06377830839542169
-0.027655074669577017
-0.001836686234313563
-0.06377830839542169
-0.023993919926185627
-0.08467932724752981
0.02289462131847966
-0.039437561834216005
-0.001695476144585869
-0.0367586936410523
-0.01185581671843739
-0.001836686234313563
-0.08798107795455233
-0.010531888327671797
-0.013085841215527697
-0.039437561834216005
0.02289462131847966
-0.027655074669577017
0.06438186494461148
0.1578162292280587
0.0059755792660083325
-0.08798107795455233
-0.0367586936410523
-0.023578589247486882
-0.023993919926185627
0.05148267297124793
-0.05346261690435168
-0.004653720004584981
0.003713954948873454
-0.053477895681115405
-0.039437561834216005
-0.024897954922933906
-0.005890795127404066
-0.053477895681115405
0.15462171980295752
0.10731568200986645
-0.04951899747359367
-0.06713698454798467
-0.0811116531094146
-0.001836686234313563
0.00998528535837279
-0.029354008903816328
0.12449037134250052
-0.08467932724752981
0.05408562197554789
-0.03817508513500743
-0.04951899747359367
-0.06713698454798467
0.022233915124508462
-0.010531888327671797
0.003713954948873454
-0.004653720004584981
-0.029354008903816328
-0.013085841215527697
-0.024897954922933906
-0.024897954922933906
-0.0469083794857085
-0.08118386843160037
0.05408562197554789
-0.004653720004584981
-0.024897954922933906
-0.023993919926185627
0.027980362423162815
-0.023578589247486882
-0.0367586936410523
-0.05346261690435168
-0.0679668068893059
0.022233915124508462
0.02289462131847966
-0.010531888327671797
0.15462171980295752
-0.010531888327671797
0.05408562197554789
-0.04951899747359367
-0.023993919926185627
-0.08798107795455233
0.14027613637347097
0.02289462131847966
0.1578162292280587
-0.0688914262755223
-0.04951899747359367
0.12449037134250052
0.1578162292280587
-0.005890795127404066
0.06438186494461148
-0.001836686234313563
-0.03817508513500743
-0.001695476144585869
-0.0811116531094146
-0.0811116531094146
0.10731568200986645
-0.08118386843160037
-0.053477895681115405
-0.04951899747359367
0.027980362423162815
0.12449037134250052
0.0059755792660083325
-0.05346261690435168
-0.024897954922933906
-0.001836686234313563
-0.0688914262755223
-0.0367586936410523
-0.01185581671843739
-0.015993358515137893
-0.004653720004584981
0.05408562197554789
-0.06377830839542169
0.06438186494461148
-0.08798107795455233
-0.039437561834216005
-0.015993358515137893
0.15462171980295752
-0.08467932724752981
0.15462171980295752
0.1578162292280587
0.15462171980295752
0.12449037134250052
0.1578162292280587
0.1578162292280587
-0.023993919926185627
0.06438186494461148
-0.01185581671843739
-0.013085841215527697
-0.03817508513500743
0.022233915124508462
-0.027655074669577017
-0.001695476144585869
0.00998528535837279
-0.029354008903816328
0.0059755792660083325
0.05148267297124793
-0.027655074669577017
0.06438186494461148
-0.0469083794857085
0.027980362423162815
0.05148267297124793
0.06438186494461148
-0.0688914262755223
-0.01185581671843739
0.15462171980295752
-0.08118386843160037
-0.024897954922933906
-0.05346261690435168
-0.005890795127404066
0.0059755792660083325
0.02289462131847966
-0.01185581671843739
-0.06627055437248655
-0.06377830839542169
-0.05346261690435168
-0.001836686234313563
0.05148267297124793
-0.06377830839542169
-0.005890795127404066
0.14027613637347097
-0.01185581671843739
-0.06713698454798467
0.00998528535837279
-0.01185581671843739
-0.010531888327671797
-0.015993358515137893
-0.06377830839542169
-0.01185581671843739
-0.023578589247486882
-0.03817508513500743
-0.015993358515137893
0.10731568200986645
0.14027613637347097
0.10731568200986645
-0.005890795127404066
0.02289462131847966
-0.08798107795455233
0.10731568200986645
0.00998528535837279
-0.0811116531094146
-0.08118386843160037
-0.053477895681115405
-0.004653720004584981
0.003713954948873454
0.05148267297124793
-0.08798107795455233
-0.04951899747359367
-0.0367586936410523
-0.08118386843160037
-0.013085841215527697
0.14027613637347097
-0.06713698454798467
0.02289462131847966
-0.06377830839542169
-0.08118386843160037
0.06438186494461148
0.14027613637347097
0.02289462131847966
-0.024897954922933906
-0.0811116531094146
-0.06377830839542169
-0.05346261690435168
-0.08467932724752981
-0.06627055437248655
-0.0688914262755223
-0.08467932724752981
0.027980362423162815
-0.06627055437248655
0.1578162292280587
-0.024897954922933906
0.003713954948873454
0.12449037134250052
-0.023993919926185627
-0.013085841215527697
0.12449037134250052
-0.04951899747359367
0.05148267297124793
-0.03817508513500743
-0.024897954922933906
-0.06713698454798467
-0.04951899747359367
-0.05346261690435168
-0.08118386843160037
-0.023578589247486882
0.10731568200986645
0.06438186494461148
-0.043504012524126195
-0.053477895681115405
0.10731568200986645
-0.024897954922933906
-0.029354008903816328
0.05148267297124793
-0.015993358515137893
0.14027613637347097
-0.08467932724752981
-0.010531888327671797
0.1578162292280587
0.0059755792660083325
0.14027613637347097
0.05148267297124793
-0.015993358515137893
-0.043504012524126195
-0.06627055437248655
0.1578162292280587
-0.015993358515137893
0.14027613637347097
-0.06377830839542169
-0.039437561834216005
-0.0367586936410523
-0.05346261690435168
-0.06377830839542169
0.15462171980295752
-0.001836686234313563
-0.029354008903816328
0.15462171980295752
-0.039437561834216005
-0.004653720004584981
-0.023993919926185627
-0.08467932724752981
-0.08798107795455233
-0.0367586936410523
-0.03817508513500743
-0.04951899747359367
0.12449037134250052
0.10731568200986645
-0.08118386843160037
0.05408562197554789
0.10731568200986645
0.003713954948873454
-0.08118386843160037
-0.01185581671843739
-0.023993919926185627
-0.0688914262755223
-0.05346261690435168
0.15462171980295752
0.15462171980295752
-0.023993919926185627
-0.023993919926185627
-0.0679668068893059
-0.027655074669577017
0.12449037134250052
-0.08118386843160037
-0.0811116531094146
-0.013085841215527697
0.0059755792660083325
-0.01185581671843739
-0.08798107795455233
-0.0688914262755223
-0.08798107795455233
0.05408562197554789
-0.08118386843160037
-0.08118386843160037
-0.027655074669577017
0.14027613637347097
0.05148267297124793
0.022233915124508462
-0.010531888327671797
0.1578162292280587
-0.04951899747359367
-0.027655074669577017
0.15462171980295752
-0.03817508513500743
-0.023578589247486882
-0.024897954922933906
-0.010531888327671797
-0.01185581671843739
0.05408562197554789
0.06438186494461148
0.06438186494461148
-0.001695476144585869
-0.053477895681115405
0.027980362423162815
-0.053477895681115405
-0.05346261690435168
-0.08118386843160037
-0.0811116531094146
-0.0367586936410523
-0.0811116531094146
-0.024897954922933906
-0.043504012524126195
-0.0469083794857085
-0.039437561834216005
-0.01185581671843739
-0.03817508513500743
-0.039437561834216005
-0.03817508513500743
-0.01185581671843739
0.1578162292280587
-0.08118386843160037
-0.024897954922933906
-0.039437561834216005
-0.08118386843160037
-0.023993919926185627
0.02289462131847966
0.027980362423162815
-0.0811116531094146
-0.0367586936410523
0.003713954948873454
0.05408562197554789
-0.05346261690435168
-0.06377830839542169
-0.06377830839542169
0.027980362423162815
-0.013085841215527697
-0.08467932724752981
0.06438186494461148
0.00998528535837279
-0.013085841215527697
0.05408562197554789
-0.023993919926185627
-0.005890795127404066
0.10731568200986645
-0.06713698454798467
0.027980362423162815
-0.03817508513500743
0.02289462131847966
0.003713954948873454
-0.001836686234313563
0.02289462131847966
-0.0469083794857085
-0.004653720004584981
-0.010531888327671797
0.027980362423162815
-0.001836686234313563
-0.0679668068893059
0.003713954948873454
-0.005890795127404066
-0.043504012524126195
-0.010531888327671797
-0.024897954922933906
-0.004653720004584981
0.00998528535837279
-0.029354008903816328
0.02289462131847966
0.06438186494461148
-0.06713698454798467
0.022233915124508462
0.06438186494461148
-0.039437561834216005
-0.08798107795455233
0.0059755792660083325
-0.053477895681115405
0.00998528535837279
-0.01185581671843739
-0.03817508513500743
-0.0688914262755223
-0.0811116531094146
-0.01185581671843739
0.027980362423162815
-0.023993919926185627
-0.023578589247486882
-0.0469083794857085
-0.010531888327671797
-0.039437561834216005
-0.06713698454798467
-0.08467932724752981
-0.06627055437248655
-0.05346261690435168
-0.06377830839542169
-0.0469083794857085
0.06438186494461148
-0.0811116531094146
-0.04951899747359367
-0.023578589247486882
0.00998528535837279
-0.023578589247486882
-0.06627055437248655
-0.010531888327671797
-0.0811116531094146
0.10731568200986645
-0.010531888327671797
0.06438186494461148
-0.015993358515137893
0.027980362423162815
-0.029354008903816328
-0.043504012524126195
-0.0811116531094146
-0.0688914262755223
0.003713954948873454
0.0059755792660083325
-0.0367586936410523
0.003713954948873454
0.06438186494461148
-0.024897954922933906
0.05148267297124793
0.05148267297124793
0.15462171980295752
-0.015993358515137893
0.05408562197554789
0.06438186494461148
-0.04951899747359367
0.00998528535837279
0.027980362423162815
-0.08798107795455233
-0.01185581671843739
-0.039437561834216005
-0.0469083794857085
-0.0679668068893059
-0.0679668068893059
0.10731568200986645
0.02289462131847966
-0.024897954922933906
0.02289462131847966
-0.053477895681115405
-0.03817508513500743
0.14027613637347097
0.003713954948873454
-0.027655074669577017
0.12449037134250052
0.0059755792660083325
-0.05346261690435168
-0.01185581671843739
-0.023993919926185627
-0.023993919926185627
-0.03817508513500743
-0.0688914262755223
-0.03817508513500743
-0.01185581671843739
-0.01185581671843739
-0.023993919926185627
-0.029354008903816328
-0.015993358515137893
0.05408562197554789
-0.08467932724752981
-0.013085841215527697
-0.06713698454798467
-0.015993358515137893
-0.010531888327671797
0.12449037134250052
-0.039437561834216005
-0.06377830839542169
0.022233915124508462
-0.0679668068893059
0.022233915124508462
-0.03817508513500743
0.00998528535837279
-0.024897954922933906
0.15462171980295752
-0.004653720004584981
-0.027655074669577017
-0.08467932724752981
-0.06627055437248655
0.00998528535837279
0.06438186494461148
0.05148267297124793
-0.027655074669577017
-0.03817508513500743
-0.06713698454798467
-0.004653720004584981
-0.0679668068893059
-0.004653720004584981
0.10731568200986645
-0.039437561834216005
-0.0679668068893059
0.10731568200986645
0.05148267297124793
0.10731568200986645
-0.001695476144585869
0.15462171980295752
0.05148267297124793
-0.015993358515137893
-0.023993919926185627
0.027980362423162815
0.003713954948873454
-0.024897954922933906
-0.06377830839542169
-0.024897954922933906
-0.0811116531094146
0.12449037134250052
-0.01185581671843739
0.02289462131847966
0.05408562197554789
-0.005890795127404066
-0.029354008903816328
-0.043504012524126195
0.02289462131847966
-0.023993919926185627
-0.0811116531094146
-0.0679668068893059
-0.06377830839542169
0.022233915124508462
-0.015993358515137893
-0.06713698454798467
-0.0469083794857085
-0.0811116531094146
-0.023993919926185627
-0.0679668068893059
-0.005890795127404066
0.14027613637347097
0.05148267297124793
-0.06377830839542169
0.06438186494461148
0.02289462131847966
-0.0811116531094146
-0.005890795127404066
-0.0679668068893059
-0.013085841215527697
-0.0679668068893059
0.027980362423162815
-0.043504012524126195
-0.0688914262755223
0.14027613637347097
0.1578162292280587
-0.0367586936410523
-0.027655074669577017
-0.015993358515137893
-0.013085841215527697
0.0059755792660083325
0.14027613637347097
-0.0679668068893059
0.1578162292280587
0.00998528535837279
0.05408562197554789
-0.06377830839542169
-0.06627055437248655
-0.015993358515137893
-0.027655074669577017
0.1578162292280587
-0.027655074669577017
-0.005890795127404066
-0.0688914262755223
-0.08118386843160037
-0.0679668068893059
0.05148267297124793
-0.043504012524126195
-0.0679668068893059
-0.024897954922933906
-0.004653720004584981
-0.0688914262755223
0.027980362423162815
-0.0688914262755223
0.027980362423162815
0.10731568200986645
0.10731568200986645
-0.023993919926185627
-0.023578589247486882
0.0059755792660083325
0.022233915124508462
-0.06627055437248655
-0.039437561834216005
-0.053477895681115405
0.003713954948873454
-0.06713698454798467
-0.001695476144585869
-0.0469083794857085
-0.0367586936410523
0.06438186494461148
-0.001695476144585869
0.05408562197554789
-0.039437561834216005
0.05408562197554789
-0.08118386843160037
-0.05346261690435168
-0.04951899747359367
0.027980362423162815
0.15462171980295752
-0.027655074669577017
-0.010531888327671797
-0.06377830839542169
0.027980362423162815
-0.0367586936410523
-0.0688914262755223
-0.053477895681115405
-0.08798107795455233
0.14027613637347097
0.14027613637347097
-0.0469083794857085
0.05408562197554789
0.05408562197554789
0.1578162292280587
0.02289462131847966
-0.001836686234313563
-0.015993358515137893
-0.015993358515137893
-0.08118386843160037
0.022233915124508462
0.14027613637347097
-0.005890795127404066
-0.005890795127404066
-0.08467932724752981
0.02289462131847966
-0.08798107795455233
-0.001836686234313563
0.05408562197554789
0.003713954948873454
-0.0679668068893059
0.022233915124508462
-0.0811116531094146
-0.001695476144585869
0.14027613637347097
-0.06713698454798467
0.1578162292280587
-0.0688914262755223
0.003713954948873454
0.027980362423162815
-0.04951899747359367
-0.024897954922933906
0.12449037134250052
0.00998528535837279
-0.08467932724752981
-0.023993919926185627
-0.0367586936410523
0.15462171980295752
-0.0469083794857085
0.05408562197554789
-0.05346261690435168
-0.004653720004584981
-0.023578589247486882
-0.023993919926185627
-0.027655074669577017
-0.004653720004584981
-0.053477895681115405
-0.06627055437248655
-0.029354008903816328
-0.04951899747359367
-0.043504012524126195
-0.001836686234313563
-0.05346261690435168
-0.06713698454798467
0.00998528535837279
-0.06377830839542169
0.06438186494461148
-0.010531888327671797
0.003713954948873454
-0.0811116531094146
-0.023993919926185627
-0.010531888327671797
-0.0679668068893059
0.12449037134250052
-0.0811116531094146
0.02289462131847966
-0.013085841215527697
0.003713954948873454
-0.0367586936410523
0.00998528535837279
-0.023578589247486882
-0.027655074669577017
-0.010531888327671797
-0.024897954922933906
0.05408562197554789
0.00998528535837279
-0.05346261690435168
0.00998528535837279
-0.06377830839542169
-0.043504012524126195
-0.013085841215527697
-0.0811116531094146
-0.06377830839542169
0.02289462131847966
0.027980362423162815
-0.004653720004584981
-0.06713698454798467
-0.024897954922933906
-0.03817508513500743
0.15462171980295752
-0.053477895681115405
0.00998528535837279
0.06438186494461148
-0.001836686234313563
-0.005890795127404066
-0.0469083794857085
-0.001695476144585869
0.0059755792660083325
-0.0811116531094146
0.1578162292280587
-0.001695476144585869
-0.004653720004584981
0.00998528535837279
0.1578162292280587
0.027980362423162815
0.0059755792660083325
0.02289462131847966
-0.08118386843160037
-0.053477895681115405
-0.08467932724752981
-0.08798107795455233
-0.0679668068893059
-0.0811116531094146
-0.023578589247486882
-0.0367586936410523
-0.08467932724752981
0.1578162292280587
0.022233915124508462
0.06438186494461148
-0.043504012524126195
-0.06713698454798467
-0.08118386843160037
0.06438186494461148
-0.06713698454798467
-0.04951899747359367
-0.03817508513500743
0.027980362423162815
0.14027613637347097
0.06438186494461148
-0.010531888327671797
-0.029354008903816328
-0.0367586936410523
-0.013085841215527697
0.10731568200986645
-0.08118386843160037
0.15462171980295752
-0.03817508513500743
-0.029354008903816328
-0.023993919926185627
-0.03817508513500743
-0.010531888327671797
-0.039437561834216005
-0.023993919926185627
-0.029354008903816328
-0.005890795127404066
-0.0811116531094146
0.00998528535837279
-0.06377830839542169
-0.0811116531094146
-0.001836686234313563
-0.06377830839542169
0.10731568200986645
-0.001836686234313563
-0.03817508513500743
-0.027655074669577017
-0.043504012524126195
-0.06627055437248655
-0.05346261690435168
-0.0811116531094146
-0.0811116531094146
-0.015993358515137893
0.027980362423162815
-0.0367586936410523
-0.03817508513500743
-0.004653720004584981
0.022233915124508462
-0.0688914262755223
0.12449037134250052
0.12449037134250052
-0.039437561834216005
-0.08118386843160037
-0.010531888327671797
-0.043504012524126195
-0.027655074669577017
0.022233915124508462
-0.024897954922933906
-0.08118386843160037
-0.0367586936410523
-0.0688914262755223
-0.03817508513500743
-0.05346261690435168
-0.06627055437248655
-0.053477895681115405
0.1578162292280587
0.12449037134250052
0.1578162292280587
-0.0688914262755223
0.022233915124508462
-0.039437561834216005
0.00998528535837279
-0.03817508513500743
0.02289462131847966
0.15462171980295752
-0.013085841215527697
0.05408562197554789
0.14027613637347097
-0.0811116531094146
-0.06627055437248655
0.14027613637347097
0.12449037134250052
-0.0811116531094146
0.00998528535837279
-0.029354008903816328
-0.039437561834216005
0.027980362423162815
0.003713954948873454
-0.08118386843160037
-0.029354008903816328
0.12449037134250052
-0.08467932724752981
-0.06377830839542169
0.00998528535837279
-0.023993919926185627
-0.06627055437248655
-0.05346261690435168
0.06438186494461148
-0.06627055437248655
-0.023578589247486882
-0.001836686234313563
-0.06713698454798467
-0.0469083794857085
0.06438186494461148
-0.029354008903816328
-0.010531888327671797
0.02289462131847966
-0.015993358515137893
-0.015993358515137893
0.05408562197554789
-0.05346261690435168
-0.039437561834216005
0.022233915124508462
-0.043504012524126195
0.06438186494461148
-0.043504012524126195
0.14027613637347097
0.02289462131847966
-0.015993358515137893
-0.053477895681115405
-0.043504012524126195
-0.023578589247486882
-0.03817508513500743
-0.06627055437248655
0.027980362423162815
-0.024897954922933906
-0.023578589247486882
0.027980362423162815
-0.053477895681115405
-0.010531888327671797
-0.08467932724752981
0.003713954948873454
0.05408562197554789
-0.039437561834216005
-0.004653720004584981
-0.001836686234313563
-0.004653720004584981
0.00998528535837279
0.003713954948873454
-0.001836686234313563
0.022233915124508462
0.003713954948873454
-0.010531888327671797
-0.01185581671843739
-0.043504012524126195
0.10731568200986645
-0.004653720004584981
0.1578162292280587
-0.0688914262755223
-0.06713698454798467
-0.027655074669577017
0.0059755792660083325
0.10731568200986645
-0.029354008903816328
-0.029354008903816328
0.05148267297124793
-0.01185581671843739
-0.0688914262755223
-0.029354008903816328
0.02289462131847966
-0.0688914262755223
-0.0688914262755223
0.02289462131847966
0.05148267297124793
-0.03817508513500743
0.022233915124508462
-0.001836686234313563
-0.053477895681115405
-0.08798107795455233
-0.039437561834216005
-0.004653720004584981
-0.03817508513500743
0.027980362423162815
-0.06627055437248655
-0.08798107795455233
-0.06377830839542169
0.0059755792660083325
-0.039437561834216005
-0.0367586936410523
-0.08467932724752981
-0.053477895681115405
-0.004653720004584981
-0.08798107795455233
-0.01185581671843739
-0.027655074669577017
-0.015993358515137893
0.12449037134250052
0.02289462131847966
-0.0679668068893059
0.1578162292280587
-0.001695476144585869
-0.0688914262755223
0.027980362423162815
0.14027613637347097
-0.005890795127404066
-0.027655074669577017
-0.01185581671843739
0.10731568200986645
-0.06627055437248655
0.12449037134250052
-0.001836686234313563
-0.023578589247486882
-0.039437561834216005
0.05408562197554789
0.02289462131847966
-0.0811116531094146
-0.029354008903816328
