-0.020616448081562093
-0.015558070530374604
-0.012822517785830425
-0.050004470890514185
-0.005711381314026179
0.002172587307949525
-0.005711381314026179
-0.007950466371332454
-0.009632732623003244
-0.011612061337188654
-0.0033308959532038235
-0.01160564626443443
-0.0035339161928895635
-0.027872850041030198
-0.008897541310685571
-0.016764713193870802
-0.016764713193870802
-0.005177193467705442
-0.04223432026790238
-0.003305383981503697
-0.0230784651133553
-0.030174916428922494
-0.027872850041030198
-0.006258435732577018
-0.016764713193870802
-0.002048159488198615
-0.009174202039032192
-0.012275085585041806
-0.010303023450238995
-0.02235684356172477
-0.009632732623003244
-0.017902068203754784
-0.017393784093535532
-0.005238732152617134
-0.017393784093535532
-0.010935752397779027
-0.0052859359590259536
-0.012005233122821543
-0.015558070530374604
-0.050004470890514185
-0.006784685653002739
-0.013682830393796653
-0.016764713193870802
-0.014804515408937785
-0.017393784093535532
-0.008344389646130424
-0.005238727391357933
-0.005238727391357933
-0.011416642417395147
-0.030174916428922494
-0.012974508276280527
-0.003305383981503697
-0.009632732623003244
-0.047755284425843515
-0.017321841634885295
-0.012974508276280527
-0.009690359154795578
-0.011442203649765987
-0.00466353018446516
0.003918005522091535
-0.008001102347178069
-0.0052859359590259536
-0.008594421439767776
-0.01160564626443443
-0.0005126674439279046
-0.02073861466477758
-0.0141314028322757
-0.004916213550738438
-0.004916213550738438
-0.0035339161928895635
-0.028790224356274208
-0.02432165737188127
-0.017475780750413797
-0.0005398951335918207
-0.00466353018446516
-0.00674015653520116
-0.012005233122821543
-0.013547445765611184
-0.010577452463678527
-0.015500348652456263
-0.04223432026790238
-0.009690359154795578
-0.011139884861376067
-0.007248184374601685
-0.003305383981503697
-0.007950466371332454
-0.005578518057801808
-0.047755284425843515
-0.008001102347178069
-0.0230784651133553
-0.01920387247568655
-0.03102456878213802
-0.006258435732577018
-0.006784685653002739
-0.015729092606090258
-0.004916213550738438
-0.011416642417395147
-0.013682830393796653
-0.028790224356274208
-0.005177193467705442
-0.005794754249017112
-0.015500348652456263
-0.01786747859604506
-0.008594421439767776
-0.004706811374530798
-0.016880155281169363
-0.004706811374530798
-0.015558070530374604
-0.017321841634885295
-0.00466353018446516
-0.010241696117523633
-0.01462284352387229
-0.012274593076407618
0.004939934930625018
-0.0005398951335918207
-0.00649333244683544
-0.019676214787277782
-0.017902068203754784
-0.013682830393796653
-0.04223432026790238
0.003918005522091535
-0.012005233122821543
-0.009825357747182078
-0.012822517785830425
-0.004341830501399904
-0.005935670201727861
-0.014804515408937785
-0.010935752397779027
-0.005578518057801808
-0.008001102347178069
-0.050004470890514185
-0.014934964892991908
-0.010935752397779027
-0.006047791718221829
-0.004916213550738438
-0.004558116464194767
-0.01922458691300328
-0.0035339161928895635
-0.0141314028322757
-0.005935670201727861
0.004443335919137532
-0.010241696117523633
-0.019353694997971654
-0.015500348652456263
-0.010303023450238995
-0.025057488247646986
-0.007950466371332454
-0.0033308959532038235
0.002397498106114849
-0.017321841634885295
-0.004916213550738438
-0.02030794672512456
-0.01160564626443443
-0.01091581720243475
-0.04223432026790238
-0.017321841634885295
0.003918005522091535
-0.008790653912325964
-0.006865180487817462
-0.005794754249017112
-0.019353694997971654
-0.009306015453820567
-0.008001102347178069
-0.006047791718221829
0.002172587307949525
-0.005711381314026179
-0.006784685653002739
-0.006258435732577018
-0.013682830393796653
-0.017902068203754784
-0.002048159488198615
-0.01922458691300328
-0.010736561189686609
-0.011416642417395147
-0.005578518057801808
-0.04223432026790238
-0.003305383981503697
-0.0035339161928895635
-0.02030794672512456
-0.004529049600966837
-0.01091581720243475
-0.0005398951335918207
-0.03102456878213802
-0.006865180487817462
-0.03786561852521816
-0.005238732152617134
-0.012974508276280527
-0.011308728006735914
-0.004916213550738438
-0.017475780750413797
-0.005238727391357933
-0.006258435732577018
-0.015500348652456263
-0.017393784093535532
-0.012992949674626294
-0.011929348709826749
-0.0005398951335918207
-0.010303023450238995
-0.003815179691278194
-0.004829715426442394
-0.008227764236305102
-0.006865180487817462
-0.010241696117523633
-0.006047791718221829
-0.019353694997971654
0.001955509739398292
-0.009825357747182078
-0.025057488247646986
-0.0012644430636192736
-0.02235684356172477
-0.005238727391357933
-0.014934964892991908
-0.02235684356172477
-0.0178700988109043
-0.013687570502816616
-0.011139884861376067
0.004939934930625018
-0.005711381314026179
-0.010399931906722847
-0.004704903151607234
-0.011416642417395147
-0.01977446573934364
-0.013547445765611184
-0.005711381314026179
-0.010335103017188508
-0.03102456878213802
-0.01674691062521584
-0.004529049600966837
-0.010303023450238995
-0.005794754249017112
-0.010335103017188508
-0.008594421439767776
-0.012992949674626294
-0.01793694565043208
-0.004829715426442394
-0.008344389646130424
-0.0033308959532038235
-0.004562475640287654
-0.012275085585041806
-0.005238732152617134
-0.011929348709826749
-0.005794754249017112
0.0011081339982675882
-0.012822517785830425
-0.004704903151607234
-0.011612061337188654
-0.015081603814915091
-0.0005398951335918207
-0.012974508276280527
-0.012274593076407618
0.002172587307949525
0.002172587307949525
-0.005794754249017112
-0.008897541310685571
-0.004341830501399904
-0.009690359154795578
-0.009825357747182078
-0.011446470394172556
-0.012992949674626294
-0.004829715426442394
-0.012005233122821543
-0.005578518057801808
-0.010756888074157539
-0.0012644430636192736
-0.011308728006735914
-0.012005233122821543
-0.03102456878213802
-0.017475780750413797
-0.009269492120521885
0.004443335919137532
-0.005794754249017112
-0.007248184374601685
-0.014934964892991908
0.0011081339982675882
-0.020616448081562093
-0.016764713193870802
-0.008227764236305102
-0.004829715426442394
-0.005711381314026179
-0.006784685653002739
-0.009269492120521885
-0.010241696117523633
-0.015633206003743506
-0.01462284352387229
-0.0230784651133553
-0.008001102347178069
-0.004529049600966837
-0.0052859359590259536
-0.004704903151607234
-0.010935752397779027
-0.027872850041030198
-0.01091581720243475
-0.012974508276280527
-0.03102456878213802
-0.0005398951335918207
-0.01786747859604506
-0.02030794672512456
-0.011308728006735914
0.001955509739398292
-0.009174202039032192
-0.008227764236305102
-0.02073861466477758
-0.009269492120521885
-0.0005398951335918207
-0.006865180487817462
-0.010736561189686609
-0.011612061337188654
-0.01433145869444695
0.003918005522091535
-0.028790224356274208
-0.03786561852521816
-0.006258435732577018
-0.017902068203754784
-0.028790224356274208
-0.008344389646130424
-0.005711381314026179
-0.008001102347178069
-0.030174916428922494
-0.009632732623003244
0.002397498106114849
-0.005578518057801808
0.003918005522091535
-0.010241696117523633
-0.006258435732577018
-0.009667074877363149
-0.01922458691300328
-0.010399931906722847
-0.010241696117523633
-0.009690359154795578
-0.009632732623003244
-0.02030794672512456
-0.010736561189686609
-0.008682274088203396
-0.011446470394172556
-0.030174916428922494
-0.004704903151607234
-0.004341830501399904
-0.024048328682681357
-0.020616448081562093
-0.0141314028322757
-0.0141314028322757
-0.016764713193870802
-0.015081603814915091
-0.02432165737188127
-0.0005398951335918207
-0.017321841634885295
-0.0035339161928895635
-0.004916213550738438
-0.008594421439767776
-0.0141314028322757
-0.010935752397779027
-0.0052859359590259536
-0.028790224356274208
-0.0052859359590259536
-0.005238732152617134
-0.009306015453820567
-0.012694466411813276
-0.004704903151607234
-0.007248184374601685
-0.002048159488198615
-0.025057488247646986
-0.008001102347178069
-0.011139884861376067
-0.015729092606090258
-0.0012644430636192736
-0.00466353018446516
-0.0035339161928895635
-0.005935670201727861
-0.012275085585041806
-0.005711381314026179
-0.007950466371332454
-0.01674691062521584
-0.008001102347178069
-0.01160564626443443
-0.003815179691278194
-0.008344389646130424
-0.004558116464194767
-0.015081603814915091
-0.010756888074157539
-0.00674015653520116
0.004443335919137532
-0.01786747859604506
-0.008227764236305102
-0.006865180487817462
-0.010935752397779027
-0.007326102650684009
-0.005177193467705442
-0.020616448081562093
-0.012822517785830425
-0.008227764236305102
-0.013687570502816616
-0.009269492120521885
-0.015729092606090258
-0.004341830501399904
-0.030174916428922494
-0.030174916428922494
-0.008594421439767776
-0.006387446943881957
-0.003815179691278194
-0.00674015653520116
-0.008897541310685571
-0.011446470394172556
-0.010756888074157539
-0.021730908802472478
-0.01091581720243475
-0.011612061337188654
-0.014804515408937785
-0.005578518057801808
0.004443335919137532
-0.006258435732577018
-0.0033308959532038235
0.002397498106114849
-0.01433145869444695
-0.01160564626443443
-0.01977446573934364
-0.015729092606090258
0.002397498106114849
-0.02073861466477758
0.001955509739398292
-0.002048159488198615
-0.010577452463678527
-0.04223432026790238
-0.004916213550738438
-0.004529049600966837
-0.025415301560512808
-0.01793694565043208
-0.015633206003743506
-0.0035339161928895635
-0.006047791718221829
-0.004829715426442394
-0.00466353018446516
-0.025415301560512808
-0.005711381314026179
-0.03786561852521816
-0.012694466411813276
-0.012992949674626294
-0.015729092606090258
0.004443335919137532
0.002172587307949525
-0.004562475640287654
-0.027872850041030198
-0.012974508276280527
-0.005238727391357933
-0.02235684356172477
-0.011446470394172556
-0.027872850041030198
-0.009825357747182078
-0.04223432026790238
-0.002048159488198615
-0.011139884861376067
-0.00466353018446516
-0.0005126674439279046
-0.050004470890514185
-0.008594421439767776
-0.021730908802472478
-0.0035339161928895635
-0.012275085585041806
-0.012974508276280527
-0.015500348652456263
-0.011416642417395147
-0.004529049600966837
-0.02073861466477758
-0.017902068203754784
-0.006784685653002739
-0.004706811374530798
-0.006387446943881957
-0.013682830393796653
-0.0029236113563871594
-0.011612061337188654
-0.011027595499487975
-0.02235684356172477
-0.004704903151607234
-0.009825357747182078
-0.02432165737188127
-0.004916213550738438
-0.012694466411813276
-0.012005233122821543
-0.012005233122821543
-0.028790224356274208
-0.03102456878213802
-0.013547445765611184
-0.030174916428922494
-0.021730908802472478
-0.008682274088203396
-0.0178700988109043
-0.011442203649765987
0.004939934930625018
-0.004562475640287654
-0.014804515408937785
-0.015729092606090258
-0.03786561852521816
-0.013682830393796653
-0.010577452463678527
-0.010756888074157539
-0.012822517785830425
-0.0141314028322757
-0.03786561852521816
-0.003815179691278194
-0.028790224356274208
-0.04223432026790238
-0.01091581720243475
-0.0005126674439279046
-0.01674691062521584
-0.01674691062521584
-0.010756888074157539
-0.008682274088203396
-0.027872850041030198
-0.003305383981503697
-0.008897541310685571
-0.015633206003743506
-0.028790224356274208
-0.005935670201727861
-0.006047791718221829
-0.008790653912325964
-0.005238732152617134
-0.0178700988109043
-0.01674691062521584
-0.008001102347178069
-0.04223432026790238
-0.014804515408937785
-0.015633206003743506
0.002397498106114849
-0.020616448081562093
-0.009825357747182078
-0.005794754249017112
-0.008897541310685571
-0.017475780750413797
-0.030174916428922494
-0.012694466411813276
-0.009825357747182078
-0.011139884861376067
-0.011027595499487975
-0.005238732152617134
-0.011139884861376067
-0.006387446943881957
-0.011139884861376067
-0.012005233122821543
-0.01433145869444695
-0.012694466411813276
-0.013682830393796653
-0.016880155281169363
-0.002048159488198615
-0.011446470394172556
-0.01786747859604506
-0.01433145869444695
-0.013687570502816616
-0.011929348709826749
-0.01793694565043208
-0.012992949674626294
-0.01160564626443443
-0.010335103017188508
0.003918005522091535
-0.004829715426442394
-0.013547445765611184
-0.012274593076407618
-0.010399931906722847
-0.014804515408937785
-0.027872850041030198
-0.003815179691278194
-0.011308728006735914
-0.012275085585041806
-0.017902068203754784
-0.024048328682681357
-0.007326102650684009
-0.047755284425843515
0.003918005522091535
-0.010736561189686609
-0.008344389646130424
-0.015081603814915091
-0.017393784093535532
-0.028790224356274208
-0.01920387247568655
-0.03786561852521816
-0.004529049600966837
0.0011081339982675882
-0.011027595499487975
-0.010577452463678527
-0.004558116464194767
-0.009632732623003244
-0.011308728006735914
-0.004916213550738438
-0.011612061337188654
-0.011139884861376067
-0.0035339161928895635
-0.002048159488198615
-0.017902068203754784
-0.012822517785830425
-0.025057488247646986
-0.010241696117523633
-0.0052859359590259536
-0.015500348652456263
-0.003305383981503697
-0.017902068203754784
-0.0035339161928895635
-0.004706811374530798
-0.005238732152617134
-0.025057488247646986
-0.015558070530374604
-0.02030794672512456
-0.010335103017188508
-0.0005398951335918207
-0.006047791718221829
-0.015729092606090258
-0.01091581720243475
-0.025415301560512808
-0.009690359154795578
-0.017902068203754784
-0.008897541310685571
-0.009632732623003244
-0.011929348709826749
-0.015729092606090258
-0.009269492120521885
-0.008001102347178069
-0.011612061337188654
-0.01462284352387229
-0.010756888074157539
-0.004558116464194767
-0.011442203649765987
-0.019353694997971654
-0.024048328682681357
-0.01091581720243475
-0.010241696117523633
-0.005177193467705442
-0.012274593076407618
-0.04223432026790238
-0.007248184374601685
-0.004558116464194767
-0.004916213550738438
-0.030174916428922494
-0.004829715426442394
-0.04223432026790238
-0.0035339161928895635
-0.013682830393796653
-0.010935752397779027
-0.016880155281169363
-0.010241696117523633
-0.019353694997971654
-0.005794754249017112
-0.0012644430636192736
-0.011929348709826749
-0.015081603814915091
-0.02073861466477758
-0.004706811374530798
-0.0178700988109043
-0.01977446573934364
-0.011139884861376067
-0.010335103017188508
-0.03786561852521816
0.002397498106114849
-0.028790224356274208
-0.010935752397779027
-0.015081603814915091
-0.011027595499487975
-0.008227764236305102
-0.006047791718221829
-0.02235684356172477
0.0011081339982675882
-0.01786747859604506
-0.011027595499487975
-0.005711381314026179
-0.004341830501399904
-0.015729092606090258
-0.010399931906722847
-0.005711381314026179
-0.0230784651133553
-0.01786747859604506
-0.011446470394172556
-0.011612061337188654
-0.014934964892991908
-0.004916213550738438
-0.02432165737188127
-0.015729092606090258
0.001955509739398292
-0.003815179691278194
0.002397498106114849
-0.011612061337188654
-0.011027595499487975
-0.0033308959532038235
-0.007326102650684009
-0.021730908802472478
-0.012694466411813276
-0.01091581720243475
-0.006258435732577018
-0.004916213550738438
-0.0005398951335918207
-0.03786561852521816
-0.017475780750413797
-0.01433145869444695
-0.011442203649765987
-0.017393784093535532
-0.019353694997971654
0.002172587307949525
-0.027872850041030198
-0.01977446573934364
-0.011612061337188654
-0.0178700988109043
-0.00649333244683544
-0.012974508276280527
-0.017393784093535532
-0.008897541310685571
-0.024048328682681357
-0.020616448081562093
-0.008790653912325964
-0.047755284425843515
-0.01922458691300328
-0.008682274088203396
-0.010577452463678527
-0.013547445765611184
-0.047755284425843515
0.004443335919137532
-0.015729092606090258
-0.00674015653520116
-0.008001102347178069
-0.013687570502816616
-0.017902068203754784
-0.008682274088203396
-0.047755284425843515
-0.012005233122821543
-0.01920387247568655
-0.0035339161928895635
-0.010577452463678527
-0.009306015453820567
-0.013547445765611184
-0.004558116464194767
-0.01160564626443443
-0.010303023450238995
-0.003815179691278194
-0.010335103017188508
-0.027872850041030198
-0.019353694997971654
-0.008001102347178069
0.002397498106114849
-0.009667074877363149
-0.0005126674439279046
-0.0178700988109043
0.0011081339982675882
-0.006387446943881957
-0.01462284352387229
-0.012005233122821543
-0.019353694997971654
-0.009667074877363149
-0.03786561852521816
-0.0230784651133553
-0.006258435732577018
-0.005238732152617134
-0.004704903151607234
-0.011929348709826749
-0.015558070530374604
-0.0029236113563871594
-0.0005398951335918207
-0.004916213550738438
-0.02030794672512456
-0.008594421439767776
-0.009825357747182078
-0.011446470394172556
-0.006047791718221829
-0.016880155281169363
-0.008682274088203396
-0.012822517785830425
-0.003815179691278194
-0.019676214787277782
-0.005578518057801808
-0.017475780750413797
-0.028790224356274208
-0.01091581720243475
-0.006784685653002739
-0.011027595499487975
-0.021730908802472478
-0.003305383981503697
-0.005578518057801808
-0.013687570502816616
-0.01160564626443443
-0.021730908802472478
-0.00649333244683544
-0.007326102650684009
-0.015729092606090258
0.0011081339982675882
-0.012274593076407618
-0.009690359154795578
0.004443335919137532
-0.01922458691300328
-0.01674691062521584
-0.006258435732577018
0.004443335919137532
-0.01160564626443443
-0.015081603814915091
-0.005177193467705442
-0.01977446573934364
-0.010577452463678527
-0.005238732152617134
-0.013687570502816616
-0.02235684356172477
-0.017393784093535532
-0.008227764236305102
-0.02030794672512456
-0.025057488247646986
-0.009667074877363149
-0.010736561189686609
-0.012992949674626294
-0.011139884861376067
-0.003305383981503697
-0.050004470890514185
-0.010935752397779027
-0.016764713193870802
-0.0141314028322757
-0.012005233122821543
-0.010241696117523633
-0.011929348709826749
-0.004562475640287654
-0.009174202039032192
-0.01091581720243475
-0.011612061337188654
-0.016764713193870802
-0.008897541310685571
-0.017902068203754784
-0.016880155281169363
-0.02073861466477758
-0.017393784093535532
-0.016880155281169363
-0.013687570502816616
-0.021730908802472478
-0.021730908802472478
-0.0230784651133553
-0.007326102650684009
0.002172587307949525
-0.010935752397779027
-0.010335103017188508
0.002397498106114849
-0.012274593076407618
-0.011308728006735914
-0.010303023450238995
-0.0033308959532038235
0.002172587307949525
-0.009690359154795578
-0.002048159488198615
-0.008001102347178069
-0.010335103017188508
-0.017393784093535532
-0.0029236113563871594
-0.012694466411813276
-0.0052859359590259536
-0.012275085585041806
-0.0033308959532038235
-0.008682274088203396
-0.007326102650684009
-0.004529049600966837
-0.01793694565043208
-0.012275085585041806
-0.004562475640287654
-0.01920387247568655
-0.009174202039032192
-0.017321841634885295
-0.007248184374601685
-0.02432165737188127
-0.008897541310685571
-0.005177193467705442
-0.009667074877363149
-0.011442203649765987
0.002172587307949525
-0.011308728006735914
-0.00649333244683544
-0.009306015453820567
-0.02235684356172477
-0.011446470394172556
-0.008682274088203396
-0.02432165737188127
-0.015558070530374604
-0.008790653912325964
-0.015500348652456263
-0.005711381314026179
-0.02030794672512456
-0.01160564626443443
-0.047755284425843515
-0.015729092606090258
-0.01433145869444695
-0.010241696117523633
-0.008227764236305102
-0.00649333244683544
-0.006784685653002739
-0.010935752397779027
-0.04223432026790238
-0.013547445765611184
-0.00674015653520116
-0.010935752397779027
-0.025415301560512808
-0.006047791718221829
-0.004829715426442394
-0.010241696117523633
-0.010935752397779027
-0.0012644430636192736
-0.0035339161928895635
-0.04223432026790238
-0.014804515408937785
-0.0005126674439279046
-0.004829715426442394
-0.015081603814915091
-0.010756888074157539
-0.024048328682681357
-0.00649333244683544
-0.004558116464194767
-0.011027595499487975
-0.028790224356274208
0.001955509739398292
-0.006258435732577018
-0.025057488247646986
-0.00466353018446516
-0.017321841634885295
-0.015081603814915091
-0.002048159488198615
-0.008344389646130424
-0.005177193467705442
0.0011081339982675882
-0.006258435732577018
0.0011081339982675882
-0.012974508276280527
-0.0141314028322757
-0.017393784093535532
-0.027872850041030198
-0.01674691062521584
-0.012275085585041806
-0.006258435732577018
-0.01160564626443443
0.001955509739398292
0.004939934930625018
-0.010577452463678527
-0.004562475640287654
-0.050004470890514185
-0.01462284352387229
0.0011081339982675882
0.002397498106114849
-0.010756888074157539
-0.013547445765611184
-0.011027595499487975
-0.010241696117523633
-0.005935670201727861
-0.01462284352387229
-0.009174202039032192
-0.00466353018446516
-0.010335103017188508
-0.005935670201727861
-0.010335103017188508
-0.006784685653002739
-0.03786561852521816
-0.014804515408937785
-0.011446470394172556
-0.009667074877363149
-0.014804515408937785
-0.004562475640287654
-0.008344389646130424
-0.010241696117523633
-0.011442203649765987
-0.01786747859604506
-0.015633206003743506
-0.003305383981503697
-0.01920387247568655
-0.017902068203754784
-0.005238732152617134
-0.015500348652456263
-0.01160564626443443
-0.02073861466477758
-0.0178700988109043
-0.027872850041030198
0.004939934930625018
-0.005935670201727861
-0.013687570502816616
-0.0230784651133553
-0.009632732623003244
-0.006865180487817462
-0.00466353018446516
-0.010399931906722847
-0.010577452463678527
-0.01433145869444695
-0.01674691062521584
-0.012822517785830425
-0.012274593076407618
-0.009667074877363149
-0.004706811374530798
-0.010577452463678527
-0.02030794672512456
-0.005177193467705442
-0.0005398951335918207
-0.024048328682681357
-0.009174202039032192
-0.030174916428922494
-0.012974508276280527
-0.0029236113563871594
-0.015081603814915091
-0.0178700988109043
-0.013682830393796653
-0.01433145869444695
-0.01922458691300328
-0.016764713193870802
-0.006784685653002739
-0.017902068203754784
-0.006047791718221829
-0.02073861466477758
-0.02235684356172477
-0.010756888074157539
-0.012275085585041806
-0.004829715426442394
