-0.019516407951353974
-0.01954191240826063
-0.012292746846067537
0.0019025523814221767
-0.025325452622403113
-0.0022260554636945053
-0.02407485813066674
-0.008400525018735295
0.0029532933349439884
-0.041401808347008996
-0.0032897459759728097
-0.0018551542235975761
-0.01380706977428553
-0.019311640154192913
-0.0018551542235975761
-0.041401808347008996
-0.0003364950416749298
-0.002303592669945974
-0.008133260029503696
0.0034807875553574293
-0.01954191240826063
-0.011468810827168337
-0.0018551542235975761
-0.006745072173591057
-0.02407485813066674
-0.01954191240826063
-0.012985571794664521
0.0029532933349439884
-0.010367962027463082
0.003986431021730376
-0.008133260029503696
-0.021901991932945866
0.0019025523814221767
-0.01380706977428553
-0.010367962027463082
-0.041401808347008996
-0.019311640154192913
-0.008400525018735295
-0.020454289143686816
-0.011762044029689292
-0.041401808347008996
-0.012985571794664521
-0.008122116229000293
-0.006745072173591057
-0.01380706977428553
-0.021901991932945866
0.0019025523814221767
-0.02638130508874029
-0.0003364950416749298
-0.03226933928507351
-0.03213400033315925
-0.02407485813066674
-0.008122116229000293
0.0019025523814221767
-0.0022260554636945053
0.0034807875553574293
-0.029445268710341158
-0.0018551542235975761
-0.0022260554636945053
-0.01380706977428553
-0.015168865270083046
-0.01954191240826063
-0.01380706977428553
-0.007093161760417944
-0.0018551542235975761
-0.0022260554636945053
0.0029532933349439884
-0.011468810827168337
-0.008400525018735295
-0.008122116229000293
-0.01954191240826063
0.0034807875553574293
-0.02407485813066674
0.0029532933349439884
-0.0022260554636945053
-0.015168865270083046
-0.010144503575698639
-0.02638130508874029
-0.029445268710341158
-0.008400525018735295
-0.007093161760417944
-0.016187693579317472
-0.008133260029503696
-0.021901991932945866
-0.019516407951353974
-0.03213400033315925
0.0029532933349439884
-0.03226933928507351
-0.00562554476645066
-0.03213400033315925
-0.006745072173591057
0.0019025523814221767
-0.0003364950416749298
-0.012292746846067537
-0.01954191240826063
-0.0032897459759728097
-0.012985571794664521
-0.013386466147852317
-0.0018551542235975761
-0.02360331521678156
-0.041401808347008996
-0.0003364950416749298
-0.009969828152618194
0.0034807875553574293
-0.019516407951353974
-0.021901991932945866
-0.012985571794664521
-0.02407485813066674
-0.03226933928507351
-0.03226933928507351
-0.025325452622403113
-0.010367962027463082
-0.02360331521678156
-0.021901991932945866
-0.03226933928507351
-0.007093161760417944
-0.002303592669945974
-0.008400525018735295
-0.008133260029503696
-0.020570692546499732
-0.009969828152618194
-0.0022260554636945053
0.0034807875553574293
-0.006745072173591057
0.0034807875553574293
-0.02360331521678156
-0.007093161760417944
0.003986431021730376
-0.0022260554636945053
-0.02638130508874029
-0.019311640154192913
-0.013386466147852317
-0.02638130508874029
-0.00562554476645066
-0.010144503575698639
-0.01954191240826063
-0.041401808347008996
-0.011468810827168337
-0.012292746846067537
-0.012292746846067537
0.0019025523814221767
-0.010367962027463082
-0.03213400033315925
-0.002303592669945974
-0.013386466147852317
-0.029445268710341158
-0.008133260029503696
-0.03226933928507351
-0.01954191240826063
-0.019311640154192913
-0.008400525018735295
-0.008122116229000293
-0.011762044029689292
-0.021901991932945866
-0.02360331521678156
-0.01380706977428553
-0.010144503575698639
0.0029532933349439884
-0.011762044029689292
-0.006745072173591057
-0.0018551542235975761
-0.006745072173591057
-0.02638130508874029
-0.006745072173591057
-0.013386466147852317
-0.02638130508874029
-0.02638130508874029
-0.007093161760417944
-0.010144503575698639
-0.008122116229000293
-0.02407485813066674
-0.041401808347008996
-0.009969828152618194
-0.015168865270083046
-0.011468810827168337
-0.0032897459759728097
-0.012985571794664521
-0.029445268710341158
-0.016187693579317472
-0.015168865270083046
-0.010144503575698639
-0.025325452622403113
-0.002303592669945974
-0.016187693579317472
-0.010144503575698639
-0.019311640154192913
-0.008122116229000293
-0.006745072173591057
-0.010367962027463082
-0.03226933928507351
-0.008133260029503696
-0.00562554476645066
-0.029445268710341158
-0.0022260554636945053
-0.008122116229000293
-0.01380706977428553
-0.008133260029503696
-0.01954191240826063
-0.016187693579317472
-0.01380706977428553
-0.00562554476645066
0.003986431021730376
-0.008122116229000293
-0.0003364950416749298
-0.0032897459759728097
-0.008122116229000293
0.0034807875553574293
-0.011762044029689292
-0.01380706977428553
-0.008122116229000293
-0.041401808347008996
-0.011762044029689292
0.0019025523814221767
0.003986431021730376
0.0019025523814221767
-0.00562554476645066
-0.0022260554636945053
0.0019025523814221767
-0.0032897459759728097
-0.012292746846067537
-0.010367962027463082
-0.03213400033315925
-0.021901991932945866
-0.019516407951353974
-0.016187693579317472
-0.008400525018735295
-0.010367962027463082
-0.02407485813066674
0.003986431021730376
-0.0003364950416749298
-0.0022260554636945053
-0.01380706977428553
-0.010367962027463082
-0.010144503575698639
0.003986431021730376
-0.0022260554636945053
-0.03226933928507351
-0.012292746846067537
-0.01380706977428553
-0.008133260029503696
-0.0018551542235975761
-0.019311640154192913
-0.0018551542235975761
-0.002303592669945974
-0.02638130508874029
-0.03226933928507351
-0.019516407951353974
-0.013386466147852317
-0.007093161760417944
-0.02407485813066674
-0.013386466147852317
-0.016187693579317472
-0.041401808347008996
-0.03226933928507351
-0.0003364950416749298
-0.008133260029503696
-0.010367962027463082
0.0019025523814221767
-0.010144503575698639
-0.020454289143686816
-0.03213400033315925
0.0019025523814221767
-0.03226933928507351
-0.012985571794664521
-0.016187693579317472
-0.011762044029689292
0.003986431021730376
-0.0018551542235975761
0.0034807875553574293
-0.02638130508874029
-0.029445268710341158
0.003986431021730376
-0.016187693579317472
-0.011762044029689292
-0.020454289143686816
-0.02638130508874029
-0.011762044029689292
0.003986431021730376
-0.01380706977428553
0.0029532933349439884
-0.008400525018735295
-0.008133260029503696
-0.01380706977428553
-0.006745072173591057
-0.01954191240826063
-0.012985571794664521
-0.006745072173591057
0.0029532933349439884
-0.021901991932945866
-0.007093161760417944
-0.0018551542235975761
-0.008400525018735295
-0.041401808347008996
-0.013386466147852317
0.0019025523814221767
-0.010367962027463082
-0.02360331521678156
0.0019025523814221767
-0.019516407951353974
-0.010367962027463082
-0.008122116229000293
-0.007093161760417944
-0.019311640154192913
-0.008133260029503696
-0.006745072173591057
-0.006745072173591057
-0.007093161760417944
-0.007093161760417944
-0.020570692546499732
-0.015168865270083046
-0.013386466147852317
-0.010367962027463082
-0.012292746846067537
-0.02407485813066674
-0.029445268710341158
-0.008122116229000293
-0.019311640154192913
-0.02360331521678156
-0.010367962027463082
-0.010367962027463082
-0.015168865270083046
0.003986431021730376
-0.016187693579317472
-0.009969828152618194
0.0034807875553574293
-0.02638130508874029
-0.015168865270083046
-0.006745072173591057
-0.041401808347008996
-0.03226933928507351
0.0034807875553574293
-0.008122116229000293
-0.02360331521678156
-0.010144503575698639
-0.010144503575698639
-0.011468810827168337
-0.03213400033315925
-0.002303592669945974
-0.03213400033315925
-0.008133260029503696
-0.010367962027463082
-0.012292746846067537
-0.008400525018735295
-0.012292746846067537
-0.03226933928507351
-0.020454289143686816
-0.025325452622403113
0.0029532933349439884
-0.008122116229000293
-0.041401808347008996
0.0029532933349439884
-0.041401808347008996
-0.008122116229000293
-0.02638130508874029
-0.010367962027463082
-0.03226933928507351
0.0029532933349439884
-0.010367962027463082
-0.007093161760417944
-0.0022260554636945053
-0.002303592669945974
-0.012292746846067537
-0.008400525018735295
-0.019516407951353974
-0.02360331521678156
-0.008133260029503696
-0.01380706977428553
-0.01380706977428553
-0.002303592669945974
-0.02407485813066674
-0.0018551542235975761
-0.010144503575698639
-0.0032897459759728097
-0.02407485813066674
-0.02360331521678156
-0.007093161760417944
-0.00562554476645066
0.0019025523814221767
-0.0003364950416749298
-0.002303592669945974
-0.041401808347008996
-0.0022260554636945053
-0.019516407951353974
-0.01954191240826063
-0.0022260554636945053
-0.025325452622403113
-0.021901991932945866
0.0034807875553574293
-0.002303592669945974
-0.01954191240826063
-0.020570692546499732
-0.019516407951353974
-0.00562554476645066
-0.020454289143686816
0.0034807875553574293
-0.03226933928507351
-0.021901991932945866
-0.0032897459759728097
-0.012985571794664521
-0.0022260554636945053
-0.010144503575698639
-0.0003364950416749298
-0.009969828152618194
-0.010144503575698639
0.0029532933349439884
-0.029445268710341158
-0.03213400033315925
-0.0032897459759728097
-0.008122116229000293
-0.041401808347008996
-0.019311640154192913
-0.012292746846067537
-0.008122116229000293
-0.002303592669945974
-0.007093161760417944
-0.025325452622403113
0.0034807875553574293
0.0029532933349439884
-0.0003364950416749298
-0.0018551542235975761
-0.008133260029503696
-0.01380706977428553
-0.025325452622403113
-0.010144503575698639
-0.012292746846067537
-0.0032897459759728097
0.0034807875553574293
-0.012292746846067537
0.0019025523814221767
0.0034807875553574293
-0.010144503575698639
-0.011762044029689292
-0.002303592669945974
-0.012985571794664521
-0.020454289143686816
-0.012292746846067537
-0.019311640154192913
-0.019516407951353974
-0.029445268710341158
-0.008400525018735295
-0.019516407951353974
-0.010144503575698639
-0.03226933928507351
-0.016187693579317472
-0.016187693579317472
-0.006745072173591057
-0.011762044029689292
-0.02360331521678156
-0.010144503575698639
-0.0032897459759728097
-0.002303592669945974
-0.008122116229000293
0.0029532933349439884
-0.025325452622403113
-0.020570692546499732
-0.020570692546499732
0.0019025523814221767
-0.0022260554636945053
-0.03226933928507351
-0.0022260554636945053
-0.03213400033315925
-0.041401808347008996
0.003986431021730376
-0.019516407951353974
-0.015168865270083046
-0.013386466147852317
-0.029445268710341158
-0.008133260029503696
-0.008122116229000293
-0.007093161760417944
-0.007093161760417944
-0.041401808347008996
-0.019311640154192913
-0.041401808347008996
-0.008122116229000293
-0.008122116229000293
-0.007093161760417944
-0.012985571794664521
-0.011762044029689292
-0.02360331521678156
-0.0018551542235975761
-0.02407485813066674
-0.0003364950416749298
-0.011762044029689292
0.0034807875553574293
-0.013386466147852317
0.0029532933349439884
-0.01380706977428553
-0.009969828152618194
-0.020570692546499732
-0.009969828152618194
-0.041401808347008996
-0.0032897459759728097
-0.03226933928507351
-0.006745072173591057
-0.021901991932945866
-0.015168865270083046
-0.0018551542235975761
-0.0032897459759728097
-0.010144503575698639
-0.016187693579317472
-0.015168865270083046
-0.041401808347008996
-0.0003364950416749298
-0.021901991932945866
-0.020570692546499732
-0.021901991932945866
0.0019025523814221767
0.0029532933349439884
-0.020570692546499732
0.0019025523814221767
-0.016187693579317472
0.0019025523814221767
-0.011468810827168337
-0.006745072173591057
-0.016187693579317472
-0.011762044029689292
-0.007093161760417944
-0.002303592669945974
-0.019516407951353974
-0.03226933928507351
-0.01380706977428553
-0.03226933928507351
-0.012292746846067537
-0.013386466147852317
-0.008122116229000293
-0.0022260554636945053
-0.02360331521678156
-0.00562554476645066
-0.012985571794664521
-0.020454289143686816
-0.0022260554636945053
-0.007093161760417944
-0.012292746846067537
-0.020570692546499732
-0.01380706977428553
-0.009969828152618194
-0.011762044029689292
-0.0003364950416749298
-0.025325452622403113
-0.012292746846067537
-0.007093161760417944
-0.020570692546499732
-0.00562554476645066
0.003986431021730376
-0.016187693579317472
-0.01380706977428553
-0.010144503575698639
-0.0022260554636945053
-0.012292746846067537
-0.00562554476645066
-0.020570692546499732
-0.02407485813066674
-0.020570692546499732
-0.002303592669945974
-0.020454289143686816
-0.019311640154192913
0.003986431021730376
-0.02638130508874029
-0.008400525018735295
-0.015168865270083046
-0.011762044029689292
-0.02407485813066674
-0.029445268710341158
0.003986431021730376
-0.020570692546499732
-0.02638130508874029
-0.0032897459759728097
-0.02360331521678156
-0.01380706977428553
-0.011762044029689292
-0.015168865270083046
-0.02638130508874029
-0.015168865270083046
-0.00562554476645066
-0.019311640154192913
-0.010367962027463082
-0.020570692546499732
-0.016187693579317472
-0.020454289143686816
-0.020570692546499732
-0.03226933928507351
-0.021901991932945866
-0.019311640154192913
-0.002303592669945974
-0.019311640154192913
-0.002303592669945974
0.0019025523814221767
0.0019025523814221767
-0.007093161760417944
-0.029445268710341158
-0.009969828152618194
0.0029532933349439884
-0.03213400033315925
-0.019516407951353974
-0.0003364950416749298
-0.011468810827168337
-0.025325452622403113
-0.008400525018735295
-0.010144503575698639
-0.011468810827168337
-0.02360331521678156
0.0029532933349439884
-0.02360331521678156
-0.010367962027463082
-0.008133260029503696
-0.002303592669945974
-0.006745072173591057
-0.015168865270083046
0.0034807875553574293
-0.01380706977428553
-0.002303592669945974
-0.008400525018735295
-0.019311640154192913
-0.03213400033315925
0.003986431021730376
0.003986431021730376
-0.025325452622403113
-0.02360331521678156
-0.02360331521678156
-0.02638130508874029
-0.0022260554636945053
-0.01954191240826063
-0.011762044029689292
-0.011762044029689292
-0.010367962027463082
-0.009969828152618194
0.003986431021730376
-0.00562554476645066
-0.00562554476645066
-0.0018551542235975761
-0.0022260554636945053
-0.01954191240826063
-0.02360331521678156
-0.019516407951353974
-0.020570692546499732
-0.009969828152618194
-0.012292746846067537
-0.011468810827168337
0.003986431021730376
-0.0003364950416749298
-0.02638130508874029
-0.019311640154192913
-0.019516407951353974
-0.002303592669945974
-0.03226933928507351
-0.013386466147852317
-0.0032897459759728097
-0.0018551542235975761
-0.007093161760417944
-0.008400525018735295
-0.006745072173591057
-0.025325452622403113
-0.02360331521678156
-0.008133260029503696
-0.021901991932945866
-0.007093161760417944
-0.015168865270083046
-0.021901991932945866
-0.03213400033315925
-0.012985571794664521
-0.020454289143686816
-0.01954191240826063
-0.008133260029503696
-0.0003364950416749298
-0.0032897459759728097
-0.01380706977428553
-0.010144503575698639
0.0034807875553574293
-0.019516407951353974
-0.012292746846067537
-0.007093161760417944
0.0034807875553574293
-0.020570692546499732
-0.013386466147852317
-0.012292746846067537
-0.0022260554636945053
-0.02407485813066674
-0.019516407951353974
-0.008400525018735295
-0.0032897459759728097
-0.015168865270083046
0.0034807875553574293
-0.03226933928507351
-0.02360331521678156
-0.0032897459759728097
-0.008133260029503696
-0.0032897459759728097
-0.01380706977428553
-0.020454289143686816
-0.02407485813066674
-0.012292746846067537
-0.01380706977428553
-0.0022260554636945053
-0.002303592669945974
-0.021901991932945866
-0.0003364950416749298
-0.03226933928507351
-0.041401808347008996
-0.006745072173591057
-0.03213400033315925
-0.0032897459759728097
-0.010144503575698639
-0.01954191240826063
-0.00562554476645066
-0.025325452622403113
-0.011468810827168337
-0.029445268710341158
-0.012292746846067537
-0.02638130508874029
-0.011468810827168337
-0.021901991932945866
-0.0032897459759728097
-0.02638130508874029
-0.002303592669945974
-0.029445268710341158
-0.0022260554636945053
-0.010367962027463082
-0.03213400033315925
-0.0018551542235975761
-0.020570692546499732
-0.012292746846067537
-0.008400525018735295
-0.0018551542235975761
-0.02638130508874029
-0.009969828152618194
-0.010144503575698639
-0.020454289143686816
-0.0003364950416749298
-0.010367962027463082
-0.010144503575698639
-0.0003364950416749298
-0.041401808347008996
-0.002303592669945974
0.003986431021730376
-0.010144503575698639
0.0034807875553574293
-0.012985571794664521
-0.008400525018735295
-0.02407485813066674
0.0019025523814221767
-0.010367962027463082
-0.006745072173591057
-0.041401808347008996
-0.012985571794664521
-0.007093161760417944
-0.041401808347008996
0.0034807875553574293
0.0029532933349439884
-0.007093161760417944
-0.012985571794664521
-0.00562554476645066
-0.012292746846067537
-0.0032897459759728097
-0.01380706977428553
-0.012292746846067537
-0.01954191240826063
-0.01380706977428553
0.0019025523814221767
-0.01954191240826063
-0.041401808347008996
-0.015168865270083046
-0.020454289143686816
-0.008133260029503696
-0.012292746846067537
-0.012292746846067537
-0.011762044029689292
-0.002303592669945974
-0.008400525018735295
-0.041401808347008996
-0.021901991932945866
-0.009969828152618194
-0.019311640154192913
-0.013386466147852317
-0.013386466147852317
0.0029532933349439884
-0.010367962027463082
0.0034807875553574293
-0.020454289143686816
-0.015168865270083046
-0.009969828152618194
-0.03226933928507351
-0.010367962027463082
-0.008400525018735295
-0.019311640154192913
-0.041401808347008996
-0.008133260029503696
-0.03213400033315925
-0.02638130508874029
-0.013386466147852317
-0.02638130508874029
-0.019311640154192913
-0.009969828152618194
0.0029532933349439884
-0.0032897459759728097
-0.041401808347008996
-0.0022260554636945053
-0.006745072173591057
-0.02407485813066674
-0.02360331521678156
0.003986431021730376
-0.012292746846067537
0.003986431021730376
-0.013386466147852317
-0.012292746846067537
-0.0032897459759728097
-0.012985571794664521
0.0029532933349439884
-0.002303592669945974
-0.019516407951353974
-0.010367962027463082
-0.012985571794664521
-0.013386466147852317
-0.0018551542235975761
-0.01380706977428553
-0.0032897459759728097
-0.007093161760417944
-0.008133260029503696
-0.010144503575698639
-0.01954191240826063
-0.0003364950416749298
-0.025325452622403113
-0.010144503575698639
-0.012985571794664521
0.0034807875553574293
-0.0022260554636945053
-0.011762044029689292
-0.011762044029689292
-0.02360331521678156
-0.008133260029503696
0.0029532933349439884
-0.009969828152618194
-0.020454289143686816
-0.010144503575698639
-0.020454289143686816
0.003986431021730376
-0.0022260554636945053
-0.011762044029689292
-0.03213400033315925
-0.020454289143686816
-0.041401808347008996
-0.002303592669945974
-0.03226933928507351
-0.002303592669945974
-0.03213400033315925
0.0034807875553574293
-0.0018551542235975761
-0.019516407951353974
-0.02360331521678156
0.0029532933349439884
-0.021901991932945866
-0.01954191240826063
-0.021901991932945866
-0.0032897459759728097
-0.019516407951353974
-0.01954191240826063
-0.009969828152618194
-0.019516407951353974
0.0034807875553574293
-0.008122116229000293
-0.020454289143686816
0.0019025523814221767
-0.021901991932945866
-0.02638130508874029
-0.019311640154192913
-0.0003364950416749298
-0.015168865270083046
-0.029445268710341158
0.0019025523814221767
-0.012985571794664521
-0.012985571794664521
-0.016187693579317472
-0.008122116229000293
-0.019311640154192913
-0.012985571794664521
-0.0022260554636945053
-0.019311640154192913
-0.019311640154192913
-0.0022260554636945053
-0.016187693579317472
-0.041401808347008996
-0.009969828152618194
-0.01954191240826063
-0.03213400033315925
0.0029532933349439884
-0.021901991932945866
-0.041401808347008996
-0.002303592669945974
-0.01380706977428553
-0.029445268710341158
0.0029532933349439884
-0.008400525018735295
-0.0018551542235975761
-0.03213400033315925
-0.021901991932945866
-0.008122116229000293
-0.015168865270083046
-0.011762044029689292
-0.013386466147852317
-0.0022260554636945053
-0.020570692546499732
-0.02638130508874029
-0.011468810827168337
-0.019311640154192913
-0.002303592669945974
0.003986431021730376
-0.00562554476645066
-0.015168865270083046
-0.008122116229000293
0.0019025523814221767
-0.013386466147852317
-0.01954191240826063
0.0029532933349439884
-0.02360331521678156
-0.0022260554636945053
-0.012292746846067537
-0.012985571794664521
0.0019025523814221767
-0.002303592669945974
-0.011762044029689292
-0.008122116229000293
0.0029532933349439884
-0.0032897459759728097
-0.03213400033315925
-0.025325452622403113
0.0019025523814221767
-0.007093161760417944
-0.02407485813066674
-0.008122116229000293
-0.010367962027463082
-0.002303592669945974
-0.0032897459759728097
-0.0003364950416749298
-0.016187693579317472
-0.00562554476645066
-0.0032897459759728097
-0.012292746846067537
-0.006745072173591057
-0.02638130508874029
-0.008133260029503696
-0.008122116229000293
-0.041401808347008996
-0.041401808347008996
-0.0018551542235975761
-0.025325452622403113
-0.008133260029503696
0.0034807875553574293
-0.00562554476645066
-0.019311640154192913
-0.0022260554636945053
-0.008122116229000293
-0.02360331521678156
-0.03213400033315925
-0.019516407951353974
-0.00562554476645066
-0.021901991932945866
-0.012292746846067537
-0.016187693579317472
-0.0003364950416749298
-0.008400525018735295
-0.03226933928507351
-0.0018551542235975761
-0.008122116229000293
-0.011762044029689292
-0.0032897459759728097
-0.0003364950416749298
-0.03213400033315925
-0.0032897459759728097
-0.029445268710341158
-0.02407485813066674
-0.041401808347008996
-0.011468810827168337
0.0034807875553574293
-0.02407485813066674
-0.012985571794664521
-0.03213400033315925
-0.00562554476645066
-0.019516407951353974
-0.03213400033315925
-0.02638130508874029
0.0019025523814221767
-0.029445268710341158
-0.010144503575698639
-0.013386466147852317
-0.0032897459759728097
-0.02360331521678156
-0.01380706977428553
-0.015168865270083046
-0.012292746846067537
-0.010144503575698639
-0.025325452622403113
0.003986431021730376
-0.0022260554636945053
-0.03226933928507351
-0.0003364950416749298
-0.016187693579317472
-0.03226933928507351
0.0029532933349439884
-0.00562554476645066
0.003986431021730376
