-0.05302777957090608
-0.026578072929625798
-0.05832807732954703
-0.05240937495912877
-0.04807182251042977
-0.05137692151365765
-0.10763570503982767
-0.04812488828137128
-0.0036281690107297228
-0.12697592464717958
-0.029338447583709862
-0.04183045067729346
-0.013120163167838891
-0.034796318244122604
-0.034982379180135775
-0.09954924470388314
-0.028887290511955325
-0.0490494959537725
-0.06177255570200586
-0.039643882120546335
-0.06704829634823507
-0.09096298031287953
-0.04807182251042977
-0.027334870192832022
-0.033677230744958264
-0.020948219725197934
-0.08909888532096263
-0.04358371135880073
-0.012017964718097775
-0.046851093561959815
-0.05022594675005428
-0.06648816380704592
-0.06106077938016309
-0.12769395581170398
-0.11582559148648475
-0.07168397758812625
-0.013120163167838891
-0.07669013572787992
-0.006962122409416984
-0.046650896505823304
0.003962253477578344
-0.061263481777293724
0.002888321466149881
-0.046650896505823304
-0.03980762677931683
-0.05825269412251381
0.015050103581319613
-0.032756005450748006
-0.0450661587505447
-0.057844783652904345
-0.04183045067729346
-0.048169070746899446
-0.09954924470388314
-0.03980762677931683
-0.10199485389789889
0.013050679988246576
-0.04227149384035658
-0.034796318244122604
-0.05747394648999595
-0.06781396819905872
-0.05278557970685021
-0.08021070468999399
-0.033677230744958264
-0.0601208248481222
-0.012199092184469084
-0.07638840987931761
0.0010277978443235377
-0.10631205817749301
-0.05069874114747143
-0.06995095075923724
-0.034009392041128045
-0.027992121282040375
0.002991711522265176
0.0033627877408835883
0.0005578138331772872
-0.05137934214707697
-0.02239251865866436
-0.029338447583709862
-0.05597634450085272
-0.04992576056885396
0.0010277978443235377
-0.07856426458067672
-0.0450661587505447
-0.03281108747216752
-0.07059739136304069
-0.05036195678906425
-0.06438983836696079
-0.02697617204847462
-0.111954100395863
-0.017894759644004762
-0.046505042164300764
-0.060296634870051796
-0.0974919054872205
-0.05825269412251381
-0.051035763568021884
0.009526518429683824
-0.027992121282040375
-0.050048297906564045
-0.05240937495912877
-0.03852323021703601
-0.035564816479694915
-0.028458014428523876
-0.032060439160355336
-0.06922491768255519
-0.06043023314796903
-0.05668592279512567
-0.06352387498694989
-0.05278557970685021
-0.12896771681002256
-0.06781396819905872
-0.0036281690107297228
0.0010277978443235377
-0.018043402537846972
-0.0483810673744465
0.0010277978443235377
-0.06664650480415961
-0.05471540790962123
-0.06177255570200586
-0.02905333159682883
-0.027636918255661436
-0.06664650480415961
-0.10199485389789889
-0.05642941899651507
-0.027472513470636367
-0.0966261319960096
-0.013641890372568485
-0.12067628742098148
-0.04541957319697886
-0.006990000442551334
-0.004822671322521083
-0.08059022996709485
-0.10631205817749301
-0.029338447583709862
-0.05790982206832597
-0.0421542765702652
-0.048169070746899446
-0.045270557136032286
-0.021826158562113524
-0.1331274946571422
-0.027334870192832022
-0.06114952702209912
-0.04824974664999572
0.003830211377749515
-0.05471540790962123
-0.03568365306342896
-0.028123041575749193
-0.06861102643170716
-0.09226616170827727
-0.03568365306342896
-0.07856426458067672
-0.05302777957090608
-0.04795474777750603
-0.0207657988376697
-0.09253589157522238
-0.05069874114747143
-0.05240937495912877
-0.03674692959142377
-0.04172386273806507
-0.05022594675005428
-0.010598444789937267
-0.03711952543469789
-0.06432058621550303
-0.04992576056885396
-0.022689889130315666
-0.06593572313739912
-0.034796318244122604
-0.0450661587505447
-0.012017964718097775
-0.022056287422813764
-0.06931909923741429
-0.06865264587901772
-0.006990000442551334
-0.06106077938016309
-0.029299196108145107
-0.040426754472175586
-0.04392757084785037
-0.04409725789462907
-0.1130625836011226
-0.03447936765755077
-0.019582276446493716
-0.08550950103213949
-0.060592435346787946
-0.035564816479694915
-0.09624087966658267
-0.0011018682763676592
-0.09686563695943907
-0.05137692151365765
-0.02239251865866436
-0.06664650480415961
-0.06114952702209912
-0.03040021282250966
-0.06060184231941643
0.0033627877408835883
-0.032060439160355336
-0.08975407539396171
-0.05278557970685021
-0.03040021282250966
0.015050103581319613
-0.12911227103828468
-0.07023861176146416
-0.12896771681002256
-0.04172386273806507
0.002991711522265176
-0.004822671322521083
-0.12769395581170398
-0.06931909923741429
-0.028887290511955325
-0.029299196108145107
-0.08824693222033911
-0.07480150831330808
-0.004822671322521083
-0.0824795858073974
-0.059626163896116864
-0.026578072929625798
-0.018907103770321045
-0.06888156994278244
-0.07168397758812625
-0.03232013299144005
-0.04992576056885396
-0.04183045067729346
-0.06593572313739912
-0.04541957319697886
-0.018949053208035364
-0.029338447583709862
-0.09226616170827727
0.0002766973187688653
-0.0966261319960096
-0.04492558448136518
-0.06002654730998667
-0.1321854452224657
-0.031613176768149294
-0.06043023314796903
-0.028123041575749193
-0.03911731936306851
-0.07638840987931761
-0.09624087966658267
-0.021544426441551922
-0.08550950103213949
-0.05597634450085272
-0.0837699533721728
-0.06931909923741429
-0.051802860469199345
-0.07168397758812625
-0.0450661587505447
-0.03568365306342896
-0.05444482600248665
-0.0658486873825127
-0.06974747682170636
-0.049269275746910625
-0.01668321198594206
-0.03083439138031828
-0.027613125843371618
-0.05022594675005428
-0.08059022996709485
-0.031613176768149294
-0.09954924470388314
-0.06471379036048568
-0.0791346813478072
-0.1139235010067425
-0.12067628742098148
-0.07310263912870447
-0.07392834142943076
-0.05642941899651507
-0.1139235010067425
-0.027472513470636367
-0.06432058621550303
-0.056335435528281894
-0.08975407539396171
-0.03455938926324102
-0.04358371135880073
-0.08170040769263735
-0.05471540790962123
-0.06648816380704592
-0.018540535234917208
-0.03674692959142377
-0.09226616170827727
-0.05825269412251381
-0.08884578687938086
-0.03568365306342896
-0.14365097108364508
-0.018949053208035364
-0.039643882120546335
-0.1321854452224657
-0.0310460490368705
-0.0036281690107297228
-0.08884488374219984
-0.05748276922856791
-0.02204383607626766
-0.04053434425546734
-0.0658486873825127
-0.032756005450748006
-0.056335435528281894
-0.0601208248481222
-0.06043023314796903
-0.03980762677931683
-0.018111184530723117
-0.03528539651902151
-0.012017964718097775
-0.10631205817749301
-0.04024004266491819
-0.007543023684521407
-0.0207657988376697
-0.08021070468999399
-0.022056287422813764
-0.021544426441551922
-0.054782197142172695
-0.06548183408519101
0.0035351447039988658
-0.03710184457349849
0.0010277978443235377
-0.0450661587505447
-0.0036825592476736895
-0.04541957319697886
-0.0310460490368705
-0.06471379036048568
-0.07419173134270006
-0.08884578687938086
-0.02536133673274829
-0.04824974664999572
-0.05137934214707697
-0.05240937495912877
-0.05137692151365765
-0.051917528202230674
-0.05825269412251381
-0.017894759644004762
-0.09954924470388314
-0.046650896505823304
-0.05444482600248665
-0.06995095075923724
-0.03710184457349849
-0.05302777957090608
-0.057025516562917294
-0.01668321198594206
-0.04083314446526377
-0.029299196108145107
-0.11582559148648475
-0.034009392041128045
-0.027992121282040375
0.02213258268082078
-0.06162864055581136
-0.040426754472175586
-0.04541957319697886
-0.008743655650206262
-0.05748276922856791
0.009479187430260308
-0.05790982206832597
-0.06861102643170716
-0.1130625836011226
-0.07352708182956907
0.02213258268082078
-0.054782197142172695
-0.07083702636785932
-0.08654494122855276
-0.021826158562113524
0.0009178956585626719
-0.04053434425546734
-0.018111184530723117
0.009526518429683824
-0.04812488828137128
-0.03568365306342896
-0.028458014428523876
0.0009178956585626719
-0.03281108747216752
-0.10763570503982767
-0.05790982206832597
-0.0375802198372397
0.0035351447039988658
-0.06888156994278244
-0.07310263912870447
-0.0237774834433673
-0.0450661587505447
-0.07450014171677771
-0.01668321198594206
-0.06177255570200586
-0.07310263912870447
-0.026578072929625798
-0.007543023684521407
-0.02162190077810001
-0.04358371135880073
-0.022689889130315666
-0.034982379180135775
-0.06869237071452312
-0.11582559148648475
-0.029838245965316593
-0.06820610351109699
-0.05036195678906425
-0.07392834142943076
-0.026372322079230234
-0.023619293952764527
-0.0974919054872205
-0.06352387498694989
-0.14365097108364508
-0.054782197142172695
-0.0353543922357293
-0.027520630053404133
-0.0450661587505447
-0.03293501293276753
-0.08283687733977199
-0.04807182251042977
-0.06820610351109699
-0.05969754342301036
-0.034009392041128045
-0.018111184530723117
-0.042092496649480504
-0.05969754342301036
-0.032060439160355336
-0.03232013299144005
-0.05832807732954703
-0.026578072929625798
-0.046851093561959815
-0.03041751084186535
-0.033677230744958264
-0.029947600862696933
-0.07786148633935355
-0.06593572313739912
-0.06922491768255519
-0.07480150831330808
-0.06432058621550303
0.003830211377749515
-0.05302777957090608
-0.04566751148283104
-0.027520630053404133
-0.03083439138031828
-0.09096298031287953
-0.02162190077810001
-0.08170040769263735
-0.07450014171677771
-0.0490494959537725
-0.04992576056885396
-0.0036281690107297228
-0.061263481777293724
-0.0837699533721728
-0.05069874114747143
-0.027992121282040375
-0.09253589157522238
-0.03852323021703601
-0.06820610351109699
-0.018111184530723117
-0.06162864055581136
-0.0023132919797091574
-0.05137692151365765
-0.06576830949045286
-0.04861880313827309
-0.05668592279512567
0.0155546609842171
0.0002766973187688653
-0.02239251865866436
0.02213258268082078
-0.027334870192832022
-0.006962122409416984
-0.05471540790962123
-0.0422393161036764
-0.051802860469199345
-0.02239251865866436
-0.051802860469199345
-0.03852323021703601
-0.06820610351109699
-0.060296634870051796
-0.06820610351109699
-0.02697617204847462
-0.018540535234917208
-0.018907103770321045
-0.03041751084186535
-0.0824795858073974
-0.0824795858073974
-0.06060184231941643
-0.057025516562917294
-0.09096298031287953
-0.0422393161036764
-0.1139235010067425
-0.12896771681002256
-0.06471379036048568
-0.1331274946571422
-0.05825269412251381
-0.07802587860220833
-0.1321854452224657
-0.1139235010067425
-0.07480150831330808
-0.013120163167838891
-0.06865264587901772
-0.06931909923741429
0.0005578138331772872
-0.0974919054872205
-0.08550950103213949
-0.03040021282250966
0.0155546609842171
-0.0490494959537725
-0.07480150831330808
-0.03711952543469789
-0.07809160021780344
0.02213258268082078
0.02213258268082078
-0.1179265361980002
-0.03852323021703601
-0.019582276446493716
-0.0207657988376697
-0.027520630053404133
-0.0280444294651126
-0.0966261319960096
-0.07669013572787992
-0.0032784637185928047
-0.012745642745724109
-0.07480150831330808
-0.05790982206832597
-0.029838245965316593
-0.027613125843371618
-0.021826158562113524
-0.03447936765755077
-0.034982379180135775
-0.03711952543469789
-0.04492558448136518
-0.04795474777750603
-0.07135927052606426
-0.05022594675005428
-0.044469501749150035
-0.02837453375422673
-0.028887290511955325
-0.01415282802549247
-0.04172386273806507
0.003962253477578344
-0.07352708182956907
-0.0837699533721728
-0.06471379036048568
-0.1321854452224657
-0.05240937495912877
-0.12911227103828468
-0.016149586790043538
0.003962253477578344
-0.03911731936306851
-0.10631205817749301
-0.021173512455166625
-0.0280444294651126
-0.04409725789462907
-0.07083702636785932
-0.04566751148283104
-0.08402768945959846
-0.05278557970685021
-0.01415282802549247
-0.029947600862696933
-0.054782197142172695
-0.11582559148648475
-0.09253589157522238
-0.04992576056885396
-0.05137692151365765
-0.0658486873825127
-0.021312241238793467
-0.027472513470636367
-0.05302777957090608
-0.0353543922357293
-0.027334870192832022
-0.016149586790043538
-0.111954100395863
-0.0974919054872205
-0.11582559148648475
-0.06974747682170636
-0.02837453375422673
-0.01415282802549247
-0.06888156994278244
-0.14365097108364508
-0.05471540790962123
-0.027334870192832022
-0.09253589157522238
-0.03040021282250966
-0.04807182251042977
-0.034982379180135775
-0.0450661587505447
-0.07352708182956907
-0.12697592464717958
-0.05036195678906425
0.009526518429683824
-0.07669013572787992
-0.06861102643170716
0.009526518429683824
-0.07809160021780344
-0.046851093561959815
-0.03852323021703601
-0.10397695275162766
-0.027613125843371618
-0.02010498293064348
-0.09253589157522238
-0.060592435346787946
-0.018043402537846972
-0.08283687733977199
-0.018540535234917208
-0.01668321198594206
-0.03873482060034843
-0.02204383607626766
-0.08059022996709485
-0.056741004020149775
-0.0966261319960096
-0.03526853063202339
-0.057844783652904345
-0.05444482600248665
-0.08975407539396171
-0.056741004020149775
-0.07856426458067672
-0.05597634450085272
-0.09096298031287953
-0.027992121282040375
-0.06648816380704592
-0.06576830949045286
-0.022056287422813764
-0.0490494959537725
-0.034982379180135775
-0.06931909923741429
-0.036679176898838026
-0.027992121282040375
-0.08550950103213949
-0.07512334932229553
-0.12769395581170398
-0.04795474777750603
-0.0490494959537725
-0.022689889130315666
-0.07023861176146416
-0.029299196108145107
-0.028114152086374192
-0.006990000442551334
-0.050048297906564045
-0.0421542765702652
-0.04409725789462907
-0.036679176898838026
-0.03528539651902151
-0.03980762677931683
-0.029834356592624497
-0.06438983836696079
-0.04747114489335531
-0.04083314446526377
-0.0023132919797091574
-0.09253589157522238
-0.0601208248481222
-0.05471540790962123
-0.0824795858073974
-0.07669013572787992
-0.08884488374219984
-0.09215800101664876
-0.12724118676805074
-0.040426754472175586
-0.09686563695943907
-0.04083314446526377
-0.05642941899651507
-0.02905333159682883
-0.013336852954386818
-0.03980762677931683
-0.06162864055581136
-0.05137692151365765
-0.021544426441551922
-0.018907103770321045
-0.08402768945959846
-0.06593572313739912
-0.029834356592624497
-0.017894759644004762
-0.0658486873825127
-0.0011018682763676592
-0.029838245965316593
-0.04812488828137128
-0.08824693222033911
-0.05642941899651507
-0.018907103770321045
-0.06888156994278244
-0.08059022996709485
-0.02239251865866436
-0.018043402537846972
-0.028887290511955325
0.002888321466149881
-0.008743655650206262
-0.09096298031287953
-0.06043023314796903
-0.05036195678906425
-0.028458014428523876
-0.050048297906564045
-0.06504917153600491
-0.006962122409416984
-0.09624087966658267
-0.04541957319697886
0.0002766973187688653
-0.010598444789937267
-0.1179709256682896
-0.09253589157522238
-0.06438983836696079
-0.06548183408519101
0.0005455564302182109
-0.08824693222033911
-0.012199092184469084
-0.028887290511955325
-0.019582276446493716
-0.05471540790962123
-0.05036195678906425
-0.026578072929625798
-0.010598444789937267
-0.049269275746910625
-0.05444482600248665
-0.07809160021780344
-0.034982379180135775
-0.027992121282040375
-0.07512334932229553
-0.07419173134270006
0.003830211377749515
-0.02162190077810001
0.0009178956585626719
-0.029834356592624497
-0.0023132919797091574
-0.06869237071452312
-0.021173512455166625
-0.0588439258725882
-0.06106077938016309
-0.09226616170827727
-0.03041751084186535
-0.033677230744958264
-0.05022594675005428
-0.04227149384035658
-0.11582559148648475
-0.05748276922856791
-0.06974747682170636
-0.06060184231941643
-0.1139235010067425
0.009526518429683824
-0.026573335535125912
-0.032060439160355336
-0.03455938926324102
-0.029838245965316593
-0.03485506227322995
-0.029299196108145107
-0.02239251865866436
-0.0353543922357293
-0.008743655650206262
-0.022056287422813764
-0.051802860469199345
-0.08170040769263735
-0.03568365306342896
-0.04409725789462907
0.003578552321232048
-0.04409725789462907
-0.0207657988376697
-0.036564511938834615
0.0155546609842171
-0.028458014428523876
-0.051035763568021884
-0.0450661587505447
-0.029838245965316593
-0.03653277048314633
-0.04183045067729346
-0.10763570503982767
-0.08654494122855276
-0.06548183408519101
-0.032060439160355336
-0.0450661587505447
-0.08021070468999399
-0.09686563695943907
-0.02010498293064348
0.0033627877408835883
-0.1331274946571422
-0.10763570503982767
-0.013336852954386818
-0.0375802198372397
-0.03653277048314633
-0.021312241238793467
-0.111954100395863
-0.02239251865866436
-0.008743655650206262
-0.03447936765755077
-0.0974919054872205
-0.08283687733977199
0.0010277978443235377
-0.04392757084785037
-0.0422393161036764
-0.1179709256682896
-0.016582392801426763
-0.022180419219486415
-0.029834356592624497
-0.09253589157522238
-0.029299196108145107
-0.012199092184469084
-0.017894759644004762
-0.06648816380704592
-0.0422393161036764
-0.01415282802549247
-0.029874742470153585
-0.031613176768149294
-0.08909888532096263
-0.029299196108145107
-0.04992576056885396
-0.06504917153600491
-0.07310263912870447
-0.06648816380704592
-0.06352387498694989
-0.03873482060034843
-0.01415282802549247
-0.03293501293276753
-0.051035763568021884
-0.07371335033398976
0.0002766973187688653
-0.05036195678906425
-0.04083314446526377
-0.050048297906564045
-0.03711952543469789
-0.014694581611155525
-0.06922491768255519
-0.04183045067729346
-0.10397695275162766
0.0002766973187688653
-0.06888156994278244
-0.08654494122855276
-0.07371335033398976
-0.07638840987931761
-0.09215800101664876
-0.06974747682170636
0.009526518429683824
-0.08059022996709485
-0.05790982206832597
-0.04083314446526377
-0.046851093561959815
-0.04824974664999572
-0.05182021356267537
-0.07392834142943076
-0.01415282802549247
-0.021173512455166625
-0.05642941899651507
-0.035564816479694915
-0.027334870192832022
-0.08884488374219984
-0.028114152086374192
-0.03313575052632147
-0.04747114489335531
-0.06648816380704592
0.002991711522265176
-0.05969754342301036
-0.04183045067729346
-0.03653277048314633
-0.07638840987931761
-0.0375802198372397
-0.01415282802549247
-0.06974747682170636
-0.03040021282250966
-0.12896771681002256
-0.09954924470388314
-0.07638840987931761
-0.06471379036048568
-0.03447936765755077
-0.02204383607626766
-0.027636918255661436
-0.020948219725197934
-0.040929130462310497
-0.034982379180135775
-0.07856426458067672
-0.05832807732954703
-0.020948219725197934
-0.06995095075923724
-0.111954100395863
-0.08283687733977199
-0.1139235010067425
-0.03852323021703601
-0.06114952702209912
-0.040678686901283116
-0.10763570503982767
-0.0791346813478072
-0.06114952702209912
-0.09096298031287953
-0.046851093561959815
-0.04795474777750603
-0.01879652697918057
-0.06114952702209912
0.013050679988246576
-0.08283687733977199
-0.03485506227322995
-0.11582559148648475
-0.032060439160355336
-0.05022594675005428
-0.008743655650206262
-0.02162190077810001
-0.06162864055581136
-0.032060439160355336
0.015050103581319613
-0.027992121282040375
0.009966431531067526
-0.06704829634823507
-0.048169070746899446
-0.05444482600248665
-0.05642941899651507
-0.06704829634823507
-0.051917528202230674
-0.07480150831330808
-0.04083314446526377
-0.06352387498694989
-0.051035763568021884
-0.021312241238793467
0.015050103581319613
-0.08909888532096263
-0.021826158562113524
-0.06002654730998667
-0.027520630053404133
-0.0036825592476736895
-0.1179709256682896
-0.051035763568021884
-0.06781396819905872
-0.07638840987931761
-0.12769395581170398
-0.012199092184469084
-0.021826158562113524
-0.050048297906564045
-0.10397695275162766
-0.039643882120546335
-0.08884578687938086
-0.013641890372568485
-0.08402768945959846
-0.05832807732954703
-0.09096298031287953
-0.08824693222033911
-0.06861102643170716
-0.07059739136304069
-0.057025516562917294
-0.05832807732954703
-0.09253589157522238
-0.02239251865866436
-0.045270557136032286
-0.052397583276272634
-0.05278557970685021
-0.056741004020149775
-0.01415282802549247
-0.12769395581170398
-0.040426754472175586
-0.026578072929625798
-0.04492558448136518
-0.03568365306342896
-0.051917528202230674
-0.029874742470153585
-0.07786148633935355
-0.027636918255661436
-0.08909888532096263
-0.03485506227322995
-0.12697592464717958
-0.04992576056885396
-0.059626163896116864
-0.07786148633935355
-0.061263481777293724
-0.04992576056885396
-0.05832807732954703
-0.034009392041128045
-0.1321854452224657
-0.03083439138031828
-0.0601208248481222
-0.036564511938834615
-0.022689889130315666
-0.029338447583709862
-0.1331274946571422
-0.03873482060034843
-0.1164621164852617
-0.04024004266491819
-0.0791346813478072
-0.06663530834795464
-0.02536133673274829
0.0010277978443235377
-0.056741004020149775
-0.06781396819905872
-0.039643882120546335
-0.03293501293276753
-0.046650896505823304
-0.05022594675005428
-0.018540535234917208
-0.0490494959537725
-0.06922491768255519
-0.10763570503982767
-0.04053434425546734
-0.05471540790962123
-0.046650896505823304
-0.04992576056885396
-0.05597634450085272
-0.027613125843371618
-0.03653277048314633
-0.0032784637185928047
-0.0207657988376697
-0.02905333159682883
-0.12486439158462789
-0.027334870192832022
-0.08824693222033911
-0.022180419219486415
-0.029299196108145107
-0.0036281690107297228
-0.006962122409416984
-0.06704829634823507
-0.06432058621550303
-0.05747394648999595
-0.07310263912870447
-0.0011018682763676592
-0.07083702636785932
-0.06471379036048568
-0.1130625836011226
-0.09253589157522238
-0.022689889130315666
-0.04409725789462907
-0.020948219725197934
-0.08884578687938086
-0.03447936765755077
-0.035564816479694915
-0.08884578687938086
0.0155546609842171
-0.03980762677931683
-0.05642941899651507
-0.048169070746899446
-0.06865264587901772
-0.014694581611155525
