-0.015987551289039358
-0.015160472637298947
-0.03237979173519695
-0.05948644320003689
-0.04403775176715773
-0.04959696480194512
-0.05470577793896625
-0.05948644320003689
-0.026127904964759505
-0.0257177887804512
-0.03237979173519695
0.007768752690425559
0.0015813999971416534
-0.03237979173519695
-0.032073904421300176
-0.014440710910224254
-0.05948644320003689
-0.03237979173519695
-0.014440710910224254
-0.010079576280285307
-0.0257177887804512
-0.010079576280285307
-0.026127904964759505
-0.015160472637298947
-0.010079576280285307
0.0015813999971416534
-0.02313269002047047
-0.029449155672155832
-0.0670923376559364
-0.020874104474281282
-0.0761974099939587
-0.05470577793896625
-0.02542545178853893
-0.029449155672155832
-0.03519802652361783
-0.0257177887804512
0.007768752690425559
-0.015160472637298947
-0.05948644320003689
-0.029449155672155832
-0.0257177887804512
-0.015160472637298947
-0.026183835474819415
-0.02313269002047047
-0.05948644320003689
-0.04403775176715773
-0.027107939163122468
-0.0006087196563094077
-0.027107939163122468
-0.03315739099589999
-0.030963298423928462
-0.026183835474819415
-0.0761974099939587
-0.05029415023897185
-0.03519802652361783
-0.05029415023897185
-0.05470577793896625
-0.026183835474819415
0.007768752690425559
-0.04403775176715773
-0.029449155672155832
-0.010079576280285307
-0.0670923376559364
-0.010079576280285307
-0.026183835474819415
-0.03489050903414797
-0.05470577793896625
-0.014440710910224254
-0.0257177887804512
-0.027107939163122468
-0.032073904421300176
-0.030963298423928462
-0.015987551289039358
-0.0257177887804512
-0.05470577793896625
-0.014440710910224254
-0.030963298423928462
-0.014440710910224254
-0.0257177887804512
-0.05948644320003689
-0.004784588262385023
-0.02542545178853893
-0.04403775176715773
-0.05948644320003689
-0.030343639937776588
-0.04959696480194512
-0.03489050903414797
-0.030343639937776588
-0.004784588262385023
-0.020874104474281282
-0.027107939163122468
-0.02542545178853893
-0.05029415023897185
-0.010079576280285307
-0.029449155672155832
-0.023982435512806072
-0.010079576280285307
-0.0761974099939587
-0.029449155672155832
-0.03237979173519695
-0.0006087196563094077
-0.04403775176715773
-0.030343639937776588
-0.030343639937776588
-0.017839712698380923
-0.02169311167866995
-0.05029415023897185
-0.029449155672155832
-0.02313269002047047
-0.03519802652361783
-0.015987551289039358
-0.03237979173519695
-0.0006087196563094077
-0.023982435512806072
-0.029449155672155832
-0.029449155672155832
-0.02169311167866995
-0.0257177887804512
-0.05470577793896625
-0.030182632612778544
-0.032073904421300176
-0.030963298423928462
-0.02169311167866995
-0.030343639937776588
-0.026183835474819415
-0.032073904421300176
-0.03237979173519695
-0.023982435512806072
-0.0037213784229656248
-0.0670923376559364
-0.03315739099589999
-0.0670923376559364
-0.04403775176715773
-0.029449155672155832
-0.02313269002047047
-0.02542545178853893
-0.02313269002047047
-0.026183835474819415
-0.03854709680817312
-0.004784588262385023
-0.03237979173519695
-0.004784588262385023
-0.03237979173519695
-0.030963298423928462
-0.029449155672155832
-0.026183835474819415
-0.004784588262385023
-0.029449155672155832
-0.015160472637298947
-0.03315739099589999
-0.02313269002047047
-0.02542545178853893
-0.0761974099939587
-0.023982435512806072
-0.04403775176715773
-0.05948644320003689
-0.05948644320003689
-0.03315739099589999
-0.03519802652361783
-0.027107939163122468
0.0015813999971416534
-0.03519802652361783
-0.023982435512806072
-0.026127904964759505
-0.010079576280285307
0.007768752690425559
-0.03315739099589999
-0.015160472637298947
-0.0761974099939587
-0.04959696480194512
-0.015160472637298947
-0.03854709680817312
-0.020874104474281282
-0.032073904421300176
-0.03315739099589999
-0.04959696480194512
-0.017839712698380923
-0.0761974099939587
-0.026127904964759505
-0.032073904421300176
-0.026183835474819415
-0.020874104474281282
0.0015813999971416534
-0.03489050903414797
-0.015160472637298947
0.007768752690425559
-0.030182632612778544
-0.004784588262385023
-0.015987551289039358
-0.0670923376559364
0.0015813999971416534
-0.03237979173519695
-0.0006087196563094077
-0.02313269002047047
-0.03237979173519695
-0.03315739099589999
-0.03854709680817312
-0.032073904421300176
-0.004784588262385023
0.007768752690425559
-0.027107939163122468
-0.04403775176715773
-0.05948644320003689
-0.03854709680817312
-0.02313269002047047
0.0015813999971416534
-0.032073904421300176
-0.02313269002047047
-0.010079576280285307
-0.032073904421300176
-0.014440710910224254
-0.03315739099589999
-0.03489050903414797
-0.02313269002047047
-0.0006087196563094077
-0.0761974099939587
-0.015987551289039358
-0.02542545178853893
-0.0761974099939587
-0.026183835474819415
-0.05470577793896625
-0.05470577793896625
-0.030343639937776588
-0.014440710910224254
-0.023982435512806072
0.0015813999971416534
-0.03315739099589999
-0.03237979173519695
-0.004784588262385023
-0.03854709680817312
-0.017839712698380923
-0.017839712698380923
-0.010079576280285307
-0.015160472637298947
-0.026183835474819415
-0.015160472637298947
-0.0670923376559364
-0.0257177887804512
-0.0761974099939587
-0.02169311167866995
-0.05029415023897185
-0.015987551289039358
-0.04403775176715773
-0.03237979173519695
-0.0006087196563094077
-0.03237979173519695
-0.03237979173519695
-0.03489050903414797
-0.014440710910224254
-0.023982435512806072
-0.027107939163122468
-0.03519802652361783
0.007768752690425559
-0.014440710910224254
-0.032073904421300176
-0.05029415023897185
-0.004784588262385023
-0.05948644320003689
-0.030182632612778544
-0.017839712698380923
-0.030182632612778544
0.0015813999971416534
-0.026183835474819415
-0.030343639937776588
-0.020874104474281282
-0.02169311167866995
-0.027107939163122468
0.0015813999971416534
-0.05470577793896625
-0.02169311167866995
0.007768752690425559
-0.020874104474281282
-0.017839712698380923
-0.020874104474281282
-0.010079576280285307
-0.004784588262385023
-0.017839712698380923
-0.010079576280285307
-0.05470577793896625
-0.010079576280285307
-0.0037213784229656248
-0.030343639937776588
-0.05470577793896625
-0.014440710910224254
-0.03315739099589999
-0.0761974099939587
-0.026183835474819415
-0.05948644320003689
-0.026183835474819415
-0.02313269002047047
-0.05029415023897185
-0.03237979173519695
-0.015160472637298947
-0.023982435512806072
-0.026127904964759505
-0.03489050903414797
-0.015160472637298947
-0.02313269002047047
-0.017839712698380923
-0.05948644320003689
-0.030182632612778544
-0.014440710910224254
0.007768752690425559
-0.03854709680817312
-0.02313269002047047
-0.017839712698380923
-0.026127904964759505
-0.0257177887804512
-0.05470577793896625
-0.05948644320003689
-0.015160472637298947
-0.02313269002047047
-0.026127904964759505
-0.017839712698380923
-0.03519802652361783
-0.017839712698380923
-0.03315739099589999
-0.0006087196563094077
-0.0257177887804512
-0.030963298423928462
-0.02542545178853893
-0.02169311167866995
-0.014440710910224254
-0.03519802652361783
-0.015987551289039358
-0.0257177887804512
-0.017839712698380923
-0.030963298423928462
0.0015813999971416534
-0.023982435512806072
-0.05948644320003689
-0.014440710910224254
-0.02169311167866995
-0.030963298423928462
-0.02169311167866995
-0.026127904964759505
-0.0006087196563094077
-0.029449155672155832
-0.017839712698380923
-0.05470577793896625
-0.017839712698380923
-0.026183835474819415
-0.020874104474281282
-0.0006087196563094077
-0.03315739099589999
-0.0006087196563094077
-0.03315739099589999
-0.010079576280285307
-0.010079576280285307
-0.015987551289039358
-0.030182632612778544
-0.004784588262385023
-0.0670923376559364
-0.0761974099939587
0.007768752690425559
-0.0037213784229656248
-0.03854709680817312
-0.02542545178853893
-0.0037213784229656248
-0.023982435512806072
-0.004784588262385023
-0.023982435512806072
-0.029449155672155832
-0.04403775176715773
-0.03315739099589999
-0.030343639937776588
-0.02169311167866995
-0.032073904421300176
-0.05948644320003689
-0.03315739099589999
-0.02542545178853893
-0.0006087196563094077
-0.0670923376559364
-0.0257177887804512
-0.0257177887804512
-0.03854709680817312
-0.023982435512806072
-0.023982435512806072
-0.030963298423928462
-0.015160472637298947
-0.04959696480194512
-0.014440710910224254
-0.014440710910224254
-0.029449155672155832
-0.030182632612778544
-0.0257177887804512
-0.026127904964759505
-0.026127904964759505
-0.027107939163122468
-0.015160472637298947
-0.04959696480194512
-0.023982435512806072
-0.0761974099939587
-0.017839712698380923
-0.030182632612778544
-0.02313269002047047
-0.0037213784229656248
-0.0257177887804512
0.007768752690425559
-0.030963298423928462
-0.0006087196563094077
-0.0761974099939587
-0.03315739099589999
-0.026183835474819415
-0.05029415023897185
0.0015813999971416534
-0.027107939163122468
-0.02542545178853893
-0.030343639937776588
-0.03854709680817312
-0.023982435512806072
-0.04403775176715773
-0.020874104474281282
-0.02169311167866995
-0.020874104474281282
-0.0670923376559364
-0.03489050903414797
-0.04959696480194512
-0.04403775176715773
0.007768752690425559
0.0015813999971416534
-0.05948644320003689
-0.032073904421300176
-0.0761974099939587
-0.02313269002047047
-0.032073904421300176
-0.017839712698380923
-0.05029415023897185
-0.02313269002047047
-0.015160472637298947
-0.03519802652361783
-0.0761974099939587
-0.02542545178853893
0.0015813999971416534
-0.02169311167866995
-0.032073904421300176
-0.026183835474819415
-0.023982435512806072
0.0015813999971416534
-0.04403775176715773
0.0015813999971416534
-0.05948644320003689
-0.03519802652361783
-0.02313269002047047
-0.05948644320003689
-0.015160472637298947
-0.03315739099589999
-0.020874104474281282
0.007768752690425559
-0.026183835474819415
-0.030343639937776588
-0.0670923376559364
0.0015813999971416534
-0.04959696480194512
-0.026127904964759505
-0.03854709680817312
-0.0037213784229656248
-0.015987551289039358
-0.02313269002047047
-0.030963298423928462
-0.0037213784229656248
-0.020874104474281282
0.0015813999971416534
-0.030963298423928462
-0.03315739099589999
-0.015987551289039358
-0.015160472637298947
-0.029449155672155832
-0.0670923376559364
-0.027107939163122468
-0.017839712698380923
-0.02313269002047047
-0.02542545178853893
-0.027107939163122468
-0.030963298423928462
-0.030182632612778544
0.007768752690425559
-0.029449155672155832
0.007768752690425559
-0.03315739099589999
-0.0257177887804512
-0.032073904421300176
-0.03489050903414797
-0.02542545178853893
-0.03519802652361783
-0.010079576280285307
-0.029449155672155832
-0.030343639937776588
-0.03489050903414797
-0.032073904421300176
-0.004784588262385023
-0.03489050903414797
-0.026127904964759505
-0.02313269002047047
0.0015813999971416534
-0.05948644320003689
-0.02313269002047047
-0.04959696480194512
-0.05948644320003689
-0.010079576280285307
-0.04959696480194512
-0.02169311167866995
-0.04403775176715773
-0.02313269002047047
-0.02313269002047047
-0.014440710910224254
-0.03315739099589999
-0.02542545178853893
-0.020874104474281282
-0.030182632612778544
-0.0006087196563094077
-0.05029415023897185
-0.05029415023897185
-0.004784588262385023
-0.029449155672155832
-0.032073904421300176
-0.02169311167866995
-0.030182632612778544
-0.026183835474819415
-0.029449155672155832
-0.02542545178853893
-0.0006087196563094077
-0.04403775176715773
-0.0670923376559364
-0.030963298423928462
-0.05029415023897185
-0.030963298423928462
-0.0006087196563094077
-0.030182632612778544
-0.004784588262385023
0.0015813999971416534
-0.015160472637298947
-0.030343639937776588
-0.03519802652361783
-0.023982435512806072
-0.0257177887804512
-0.02313269002047047
-0.0257177887804512
-0.05029415023897185
-0.02313269002047047
0.0015813999971416534
-0.03489050903414797
-0.004784588262385023
-0.03315739099589999
-0.0761974099939587
-0.029449155672155832
-0.03489050903414797
-0.05029415023897185
-0.027107939163122468
-0.05948644320003689
0.0015813999971416534
-0.04403775176715773
-0.04959696480194512
0.007768752690425559
-0.03854709680817312
-0.03489050903414797
-0.032073904421300176
-0.015160472637298947
-0.014440710910224254
-0.014440710910224254
-0.023982435512806072
-0.04403775176715773
-0.004784588262385023
-0.030182632612778544
-0.0257177887804512
-0.015160472637298947
-0.014440710910224254
-0.0670923376559364
-0.03315739099589999
-0.026183835474819415
-0.03315739099589999
-0.0670923376559364
-0.032073904421300176
-0.027107939163122468
-0.0761974099939587
-0.023982435512806072
-0.004784588262385023
-0.020874104474281282
-0.04959696480194512
-0.020874104474281282
0.0015813999971416534
-0.0761974099939587
-0.04959696480194512
-0.030182632612778544
-0.0761974099939587
-0.032073904421300176
-0.03237979173519695
-0.010079576280285307
-0.020874104474281282
-0.030963298423928462
-0.0006087196563094077
0.007768752690425559
-0.02169311167866995
-0.015987551289039358
-0.010079576280285307
-0.03489050903414797
-0.03489050903414797
-0.05470577793896625
-0.03237979173519695
-0.0006087196563094077
-0.03489050903414797
-0.015160472637298947
-0.0006087196563094077
-0.0006087196563094077
-0.015160472637298947
-0.05470577793896625
-0.030182632612778544
-0.04959696480194512
-0.0670923376559364
-0.004784588262385023
-0.020874104474281282
-0.03315739099589999
-0.05948644320003689
-0.015987551289039358
-0.004784588262385023
-0.02542545178853893
-0.027107939163122468
-0.0670923376559364
-0.020874104474281282
-0.03237979173519695
-0.02169311167866995
-0.014440710910224254
-0.05029415023897185
-0.015160472637298947
-0.017839712698380923
-0.030963298423928462
-0.0037213784229656248
-0.0006087196563094077
-0.03315739099589999
-0.0257177887804512
-0.026127904964759505
-0.02169311167866995
-0.03237979173519695
-0.010079576280285307
-0.05029415023897185
-0.04959696480194512
-0.004784588262385023
-0.023982435512806072
-0.015160472637298947
-0.02313269002047047
-0.03489050903414797
-0.010079576280285307
-0.03315739099589999
-0.014440710910224254
-0.03237979173519695
-0.004784588262385023
0.0015813999971416534
-0.0670923376559364
-0.03854709680817312
-0.010079576280285307
-0.03519802652361783
-0.03237979173519695
-0.029449155672155832
-0.03315739099589999
0.0015813999971416534
0.007768752690425559
-0.05470577793896625
-0.026127904964759505
0.0015813999971416534
-0.02313269002047047
-0.030343639937776588
-0.030963298423928462
-0.04403775176715773
-0.03237979173519695
-0.027107939163122468
-0.03854709680817312
-0.04403775176715773
-0.032073904421300176
-0.026127904964759505
-0.0006087196563094077
-0.015160472637298947
-0.03237979173519695
-0.023982435512806072
-0.0670923376559364
-0.0761974099939587
-0.026127904964759505
-0.020874104474281282
-0.02313269002047047
-0.05470577793896625
0.007768752690425559
-0.02542545178853893
-0.026183835474819415
-0.027107939163122468
-0.03237979173519695
-0.014440710910224254
0.0015813999971416534
0.007768752690425559
-0.0670923376559364
0.0015813999971416534
-0.015987551289039358
-0.03519802652361783
-0.0037213784229656248
-0.032073904421300176
-0.03519802652361783
-0.03489050903414797
-0.0670923376559364
-0.026127904964759505
-0.0761974099939587
-0.0670923376559364
-0.030963298423928462
-0.010079576280285307
-0.015987551289039358
-0.05029415023897185
0.0015813999971416534
-0.023982435512806072
-0.05948644320003689
-0.02169311167866995
-0.02313269002047047
-0.03854709680817312
-0.0257177887804512
-0.015160472637298947
-0.026183835474819415
0.007768752690425559
-0.05470577793896625
-0.026183835474819415
-0.004784588262385023
-0.026127904964759505
-0.0257177887804512
-0.0670923376559364
-0.04959696480194512
-0.027107939163122468
-0.05948644320003689
-0.0257177887804512
-0.030182632612778544
-0.0037213784229656248
-0.010079576280285307
-0.0257177887804512
-0.029449155672155832
-0.04959696480194512
-0.020874104474281282
-0.015160472637298947
-0.032073904421300176
-0.03315739099589999
-0.0006087196563094077
-0.014440710910224254
-0.03315739099589999
-0.04959696480194512
-0.014440710910224254
-0.029449155672155832
0.007768752690425559
-0.026127904964759505
-0.04403775176715773
-0.04959696480194512
-0.026127904964759505
-0.030182632612778544
0.007768752690425559
-0.03854709680817312
-0.023982435512806072
-0.02313269002047047
-0.026127904964759505
-0.05470577793896625
-0.017839712698380923
-0.0037213784229656248
-0.04959696480194512
-0.03854709680817312
-0.027107939163122468
-0.05029415023897185
-0.05470577793896625
-0.02542545178853893
-0.0037213784229656248
-0.030343639937776588
-0.0257177887804512
-0.03854709680817312
-0.05470577793896625
-0.030182632612778544
-0.029449155672155832
-0.004784588262385023
-0.0037213784229656248
-0.030963298423928462
-0.004784588262385023
-0.05470577793896625
-0.02313269002047047
-0.030963298423928462
-0.04403775176715773
-0.027107939163122468
0.0015813999971416534
-0.02542545178853893
-0.020874104474281282
-0.0006087196563094077
-0.03854709680817312
-0.03854709680817312
-0.030963298423928462
-0.0006087196563094077
-0.02169311167866995
-0.05029415023897185
-0.0670923376559364
-0.030343639937776588
-0.03489050903414797
-0.0761974099939587
-0.0257177887804512
-0.05470577793896625
-0.023982435512806072
-0.04959696480194512
-0.02169311167866995
-0.0006087196563094077
-0.03519802652361783
0.0015813999971416534
-0.017839712698380923
-0.02542545178853893
-0.05948644320003689
-0.027107939163122468
-0.004784588262385023
-0.03237979173519695
-0.027107939163122468
0.007768752690425559
-0.03315739099589999
-0.03315739099589999
-0.03237979173519695
-0.0670923376559364
-0.03854709680817312
-0.05948644320003689
-0.015987551289039358
-0.030963298423928462
-0.04403775176715773
-0.030963298423928462
-0.0037213784229656248
-0.017839712698380923
-0.020874104474281282
-0.04959696480194512
-0.015160472637298947
-0.03237979173519695
-0.03519802652361783
-0.014440710910224254
-0.029449155672155832
-0.010079576280285307
-0.026127904964759505
-0.023982435512806072
0.007768752690425559
-0.03854709680817312
-0.05029415023897185
-0.015160472637298947
-0.015987551289039358
-0.03237979173519695
-0.023982435512806072
-0.023982435512806072
-0.05470577793896625
-0.03854709680817312
-0.05470577793896625
-0.05470577793896625
-0.004784588262385023
-0.02313269002047047
-0.03519802652361783
-0.017839712698380923
-0.03489050903414797
-0.026183835474819415
-0.0257177887804512
-0.015987551289039358
-0.0006087196563094077
-0.03489050903414797
-0.04403775176715773
-0.04403775176715773
-0.014440710910224254
-0.0037213784229656248
-0.04959696480194512
-0.030182632612778544
-0.026127904964759505
-0.03237979173519695
-0.0761974099939587
-0.017839712698380923
-0.014440710910224254
0.0015813999971416534
-0.02169311167866995
-0.032073904421300176
-0.0257177887804512
-0.05470577793896625
-0.02313269002047047
-0.0037213784229656248
-0.017839712698380923
-0.026127904964759505
-0.0670923376559364
-0.0006087196563094077
-0.0006087196563094077
-0.05470577793896625
-0.029449155672155832
-0.015987551289039358
-0.029449155672155832
-0.014440710910224254
-0.004784588262385023
-0.05948644320003689
-0.04403775176715773
-0.015160472637298947
-0.030963298423928462
-0.026127904964759505
-0.015987551289039358
-0.03489050903414797
-0.03489050903414797
0.0015813999971416534
-0.0761974099939587
-0.029449155672155832
-0.015160472637298947
-0.032073904421300176
-0.004784588262385023
-0.0006087196563094077
-0.0257177887804512
-0.026127904964759505
-0.05470577793896625
-0.015987551289039358
-0.020874104474281282
-0.026183835474819415
-0.017839712698380923
-0.017839712698380923
-0.029449155672155832
0.0015813999971416534
-0.0037213784229656248
-0.04403775176715773
-0.04403775176715773
-0.017839712698380923
-0.02313269002047047
-0.020874104474281282
-0.04403775176715773
-0.029449155672155832
-0.04403775176715773
-0.05029415023897185
-0.017839712698380923
-0.04959696480194512
-0.05948644320003689
-0.03315739099589999
-0.02542545178853893
-0.030182632612778544
0.007768752690425559
-0.05948644320003689
-0.004784588262385023
0.0015813999971416534
-0.03315739099589999
-0.015160472637298947
-0.014440710910224254
-0.017839712698380923
-0.03854709680817312
-0.04959696480194512
-0.05029415023897185
-0.015987551289039358
-0.015987551289039358
-0.05470577793896625
-0.010079576280285307
-0.014440710910224254
-0.02169311167866995
0.007768752690425559
-0.0037213784229656248
-0.017839712698380923
-0.015160472637298947
-0.03854709680817312
-0.0037213784229656248
-0.03519802652361783
-0.0257177887804512
-0.0761974099939587
-0.004784588262385023
-0.05470577793896625
-0.03237979173519695
-0.05470577793896625
-0.014440710910224254
-0.026183835474819415
-0.0670923376559364
-0.032073904421300176
-0.026127904964759505
-0.015160472637298947
-0.0670923376559364
-0.0006087196563094077
-0.026183835474819415
-0.023982435512806072
0.007768752690425559
-0.04403775176715773
-0.02169311167866995
-0.032073904421300176
-0.03854709680817312
-0.02542545178853893
0.0015813999971416534
-0.029449155672155832
-0.04959696480194512
-0.03854709680817312
-0.0037213784229656248
-0.020874104474281282
-0.020874104474281282
0.007768752690425559
-0.004784588262385023
0.0015813999971416534
-0.030343639937776588
-0.030343639937776588
-0.03519802652361783
-0.030963298423928462
-0.030182632612778544
-0.03519802652361783
-0.02169311167866995
-0.05029415023897185
-0.03519802652361783
-0.030963298423928462
-0.02542545178853893
-0.04403775176715773
-0.030182632612778544
-0.05029415023897185
-0.015160472637298947
-0.0761974099939587
-0.032073904421300176
0.0015813999971416534
-0.05948644320003689
-0.020874104474281282
-0.03315739099589999
-0.0257177887804512
-0.0257177887804512
-0.030963298423928462
-0.03489050903414797
