-0.20699388387825646
0.03310019028645722
-0.05747669917789915
-0.09404778475514684
-0.04559632670026486
-0.20699388387825646
-0.07082441139761525
-0.05338111063626411
-0.024544683322467748
-0.03417607500816879
0.010610263542071941
0.005027688801954517
-0.08992584572508543
0.0008222374573073303
-0.03566895411070265
-0.00684111204247398
-0.04473617226189865
-0.04939877049890535
-0.03364435341052563
-0.05314611892596592
-0.004561446504092339
-0.10171888609037533
-0.06294194005219816
-0.052544372940032884
-0.06689248242941837
-0.10617414485376167
-0.03939295945822505
-0.008099927869154065
-0.0517796483915071
-0.02973691870582981
-0.030060496661356625
-0.05150775108407045
-0.030060496661356625
-0.05314611892596592
0.0013127694402901523
-0.0550171570965711
-0.037966064565332844
-0.03364435341052563
-0.05806351153635264
0.010610263542071941
-0.051981891742944535
-0.031191114628184264
-0.09182451943938791
0.014847246806228908
-0.05150775108407045
-0.037966064565332844
-0.05960374888196013
-0.00684111204247398
-0.00516874855211244
-0.08357891386909468
-0.07141321801128708
-0.06689248242941837
-0.09404778475514684
-0.09404778475514684
0.0008222374573073303
-0.16319381852706052
-0.12653835178921766
-0.008099927869154065
-0.0039369248132541425
-0.07643415044557708
-0.0587845516672527
-0.009962363503430945
0.03130825523728701
-0.09768618095375575
-0.022298389078073733
-0.037966064565332844
-0.031191114628184264
-0.030060496661356625
-0.08187003696340915
0.0013127694402901523
-0.052544372940032884
-0.061079451265526066
0.005760111288630589
-0.009962363503430945
-0.09609695909533167
-0.06689248242941837
-0.053615198878845534
-0.06061157531609371
-0.030326542777550338
-0.09404778475514684
-0.04559632670026486
-0.008099927869154065
-0.09404778475514684
-0.04473617226189865
-0.06954856852123768
-0.0039369248132541425
-0.045913694691281134
-0.07102428595493372
0.0008222374573073303
-0.039538685612177264
-0.039538685612177264
-0.02636700182148512
-0.014952377418244612
-0.058001551354861514
0.005760111288630589
-0.05895298580520195
-0.04051409691507815
-0.03566895411070265
-0.051981891742944535
-0.018983452418307768
-0.002904699132873123
-0.031580323438447716
-0.029325576267682573
-0.05905903297932596
-0.05895298580520195
-0.052544372940032884
-0.08992584572508543
-0.01044038872066478
0.008398979994930606
-0.04961605199108067
-0.012092743443631019
0.017305259229503503
-0.03253360604102784
-0.04481876469044721
0.017305259229503503
-0.031580323438447716
-0.0039369248132541425
-0.10330242680417533
-0.08373401113947056
-0.06923393501449014
-0.05960374888196013
-0.002904699132873123
-0.052544372940032884
0.009573246055527444
-0.009962363503430945
-0.07622821128147121
-0.0793849690463102
-0.06593146034982081
-0.09609695909533167
-0.01617792160206191
-0.07643415044557708
-0.06689248242941837
-0.010637438097810963
-0.07622821128147121
0.0013127694402901523
0.00918879161758519
-0.04350941590657511
0.00918879161758519
-0.052544372940032884
-0.025705956736690155
-0.03704896368027928
-0.05314611892596592
-0.07082441139761525
-0.07150987522388645
-0.006521270399290695
-0.009962363503430945
-0.061552111400489586
-0.04490572547701166
-0.025705956736690155
-0.06593146034982081
-0.03461843197461654
-0.02705679073463197
0.03528783181004102
-0.010637438097810963
-0.005251823593891658
-0.031580323438447716
-0.03717484275925318
-0.002904699132873123
-0.05905903297932596
0.024310400679211027
-0.06954856852123768
-0.0033153303187186582
-0.005251823593891658
-0.1088460176394463
-0.057790295034782196
-0.031191114628184264
-0.04051409691507815
-0.06760881485574602
-0.027543791127272864
0.00918879161758519
-0.02261946765292022
-0.03461843197461654
-0.008099927869154065
-0.06448431290675513
-0.15143987574830653
-0.027543791127272864
-0.04405611059828268
-0.051981891742944535
0.03528783181004102
-0.00684111204247398
-0.05310417091466161
-0.03783026175152273
-0.07141321801128708
-0.05150775108407045
-0.12653835178921766
-0.042820325406426864
-0.16319381852706052
-0.08357891386909468
-0.030060496661356625
-0.09768618095375575
-0.042369175875401295
-0.0033153303187186582
-0.04481876469044721
-0.03783026175152273
-0.018657961541380382
0.009573246055527444
0.03528783181004102
-0.04961605199108067
-0.042369175875401295
-0.061079451265526066
-0.09768618095375575
-0.07141321801128708
-0.006521270399290695
-0.04473617226189865
-0.07746434573508232
-0.03717484275925318
-0.03321108378808252
-0.08187003696340915
0.02074632702857639
-0.0517796483915071
-0.06820882632038695
0.02074632702857639
-0.0793849690463102
-0.08992584572508543
-0.06689248242941837
-0.06539917350466497
-0.07082441139761525
-0.026368156982209043
-0.020281181134172432
-0.07141321801128708
-0.12441751862716392
-0.06954856852123768
-0.027543791127272864
-0.07087500669568965
-0.053615198878845534
-0.045913694691281134
-0.027080625238663596
-0.02973691870582981
-0.01044038872066478
-0.03321108378808252
-0.04741539281110226
-0.014952377418244612
-0.03888450292229086
-0.02594777349089364
0.01983442248872867
-0.00516874855211244
-0.02705679073463197
-0.059421159383474344
-0.008099927869154065
0.009973468159080475
-0.051981891742944535
0.02074632702857639
-0.006521270399290695
-0.012092743443631019
-0.008485890950054987
0.017305259229503503
-0.00516874855211244
-0.031191114628184264
-0.04302016465886755
-0.04609731830418681
-0.018346358928825454
-0.061552111400489586
-0.11858839944731923
-0.10330242680417533
-0.04609731830418681
-0.05419840335807811
-0.016948462624678435
-0.0521685902649305
-0.02261946765292022
-0.05150775108407045
-0.008485890950054987
0.009269698071752923
-0.11157452009182253
0.03310019028645722
-0.005251823593891658
-0.02636700182148512
-0.04302016465886755
-0.019870551046449258
-0.07141321801128708
-0.030060496661356625
-0.16319381852706052
-0.08187003696340915
-0.046675812044991216
-0.07141321801128708
-0.06448431290675513
-0.061079451265526066
-0.039538685612177264
-0.030060496661356625
-0.0517796483915071
-0.06448431290675513
-0.020281181134172432
-0.04481876469044721
-0.09252208105749402
0.024310400679211027
-0.07141321801128708
-0.05314611892596592
-0.09609695909533167
-0.06943139953795859
-0.11157452009182253
0.0008222374573073303
-0.07746434573508232
-0.12653835178921766
-0.01617792160206191
-0.07102428595493372
-0.004561446504092339
-0.0014607316776241767
0.03310019028645722
-0.042820325406426864
-0.00855277633031175
-0.03704896368027928
-0.04490572547701166
0.025900515423083012
-0.09182451943938791
-0.01044038872066478
-0.07102428595493372
-0.0521685902649305
-0.04961605199108067
0.005760111288630589
-0.03321108378808252
-0.009962363503430945
-0.06061157531609371
-0.05895298580520195
-0.0892664978864233
-0.08187003696340915
-0.0521685902649305
-0.03890485736812189
0.0014150400553603365
-0.052544372940032884
-0.05239964081683422
-0.05314611892596592
-0.0587845516672527
-0.03300218606721177
-0.058352955928118226
-0.07141321801128708
-0.042369175875401295
-0.04302016465886755
-0.09087858382808114
0.002949213827403034
-0.045913694691281134
-0.031461938630150274
-0.01044038872066478
-0.02261946765292022
-0.02594777349089364
-0.03751865246472972
-0.010637438097810963
-0.061079451265526066
-0.08187003696340915
-0.02636700182148512
0.005027688801954517
-0.03300218606721177
-0.06820882632038695
0.005760111288630589
-0.014952377418244612
-0.053615198878845534
-0.0793849690463102
-0.006521270399290695
-0.030060496661356625
-0.002904699132873123
-0.00516874855211244
-0.04302016465886755
0.009269698071752923
-0.02973691870582981
0.010610263542071941
0.009573246055527444
-0.04405611059828268
0.03310019028645722
-0.03704896368027928
-0.020281181134172432
-0.07643415044557708
-0.16319381852706052
-0.06943139953795859
-0.04051409691507815
-0.031152839939327607
-0.00855277633031175
-0.05923346517307703
-0.07760573192501935
-0.07087500669568965
-0.053615198878845534
-0.05923346517307703
0.0008222374573073303
-0.03939295945822505
-0.0016583813078244255
-0.03783026175152273
-0.020909111114383223
-0.031461938630150274
0.009573246055527444
-0.02636700182148512
-0.05895298580520195
0.02074632702857639
-0.05806351153635264
-0.042047184768469
-0.06448431290675513
-0.05338111063626411
-0.08187003696340915
-0.06448431290675513
-0.03704896368027928
-0.04609731830418681
-0.03783026175152273
-0.10171888609037533
-0.06294194005219816
-0.0550171570965711
-0.009962363503430945
-0.06061157531609371
-0.051981891742944535
-0.11157452009182253
-0.0457831023854567
-0.0517796483915071
-0.15143987574830653
-0.02261946765292022
-0.16077418341590013
-0.02261946765292022
-0.07622821128147121
-0.07102428595493372
-0.0039369248132541425
-0.13666984922092776
-0.07746434573508232
-0.03704896368027928
-0.031152839939327607
0.009973468159080475
-0.06448431290675513
-0.08373401113947056
-0.05563615552053518
0.002949213827403034
-0.042047184768469
-0.05338111063626411
-0.07746434573508232
0.017305259229503503
-0.05747669917789915
-0.06294194005219816
-0.028023863137182997
-0.026368156982209043
-0.04939877049890535
-0.031580323438447716
-0.05923346517307703
-0.04211431665238958
-0.08373401113947056
-0.06923393501449014
-0.10171888609037533
0.03130825523728701
-0.06943139953795859
-0.004561446504092339
-0.031152839939327607
-0.009962363503430945
-0.0517796483915071
-0.07082441139761525
-0.06061157531609371
-0.11157452009182253
-0.034951315693944676
-0.04481876469044721
-0.053615198878845534
-0.053615198878845534
-0.039538685612177264
0.005760111288630589
-0.058352955928118226
-0.0793849690463102
0.02074632702857639
0.03310019028645722
0.009573246055527444
-0.07622821128147121
-0.07141321801128708
-0.10617414485376167
-0.15143987574830653
-0.04490572547701166
0.017305259229503503
-0.03751865246472972
-0.03699181050751566
-0.10171888609037533
-0.08992584572508543
-0.059421159383474344
0.005760111288630589
0.03528783181004102
-0.05338111063626411
-0.07887285793760615
-0.03297407809308509
-0.05150775108407045
0.0014150400553603365
-0.02164121150772839
-0.030326542777550338
-0.059421159383474344
-0.06760881485574602
-0.045913694691281134
-0.027080625238663596
0.03528783181004102
-0.16319381852706052
-0.13666984922092776
-0.034951315693944676
-0.02594777349089364
-0.059421159383474344
-0.0587845516672527
-0.08187003696340915
-0.07141321801128708
-0.009962363503430945
-0.10171888609037533
-0.020909111114383223
0.0013127694402901523
0.009973468159080475
-0.06539917350466497
-0.0587845516672527
-0.04961605199108067
-0.05563615552053518
-0.042820325406426864
-0.027080625238663596
-0.034951315693944676
-0.04609731830418681
-0.09087858382808114
-0.026299838798645617
-0.020281181134172432
-0.07760573192501935
-0.08357891386909468
0.009573246055527444
0.02074632702857639
-0.013376104758969247
-0.03321108378808252
-0.025705956736690155
-0.06954856852123768
-0.07141321801128708
-0.08992584572508543
-0.0587845516672527
0.06671506156990734
-0.12653835178921766
-0.018657961541380382
-0.10171888609037533
-0.03364435341052563
0.010610263542071941
0.03528783181004102
-0.020281181134172432
-0.04051409691507815
-0.08187003696340915
-0.058001551354861514
-0.09768618095375575
-0.018983452418307768
-0.03783026175152273
-0.09768618095375575
-0.031152839939327607
-0.04609731830418681
-0.04051409691507815
-0.019870551046449258
-0.059421159383474344
-0.025705956736690155
-0.04051409691507815
-0.020281181134172432
-0.12441751862716392
-0.028023863137182997
-0.20699388387825646
0.009973468159080475
-0.0016583813078244255
-0.031152839939327607
-0.058001551354861514
-0.00516874855211244
-0.09087858382808114
-0.004561446504092339
0.03528783181004102
0.009573246055527444
0.03130825523728701
0.014847246806228908
-0.05310417091466161
-0.09087858382808114
-0.002904699132873123
-0.02973691870582981
-0.05806351153635264
-0.04490572547701166
0.025900515423083012
-0.006521270399290695
-0.02594777349089364
-0.03417607500816879
0.025900515423083012
-0.053615198878845534
-0.05895298580520195
-0.06689248242941837
-0.07643415044557708
-0.06294194005219816
-0.08373401113947056
-0.04350941590657511
-0.008485890950054987
-0.05150775108407045
-0.04211431665238958
-0.027543791127272864
-0.061079451265526066
-0.07643415044557708
-0.08992584572508543
-0.061552111400489586
-0.029325576267682573
-0.07643415044557708
-0.05419840335807811
-0.053615198878845534
-0.042047184768469
-0.07622821128147121
-0.03783026175152273
-0.05338111063626411
-0.06061157531609371
0.010610263542071941
0.0008222374573073303
-0.05338111063626411
-0.027543791127272864
-0.00516874855211244
0.009973468159080475
-0.04866996489095784
-0.04609731830418681
0.06671506156990734
-0.030060496661356625
-0.04939877049890535
-0.014952377418244612
-0.034951315693944676
-0.04405611059828268
-0.06448431290675513
-0.06689248242941837
-0.05150775108407045
-0.050213919441158446
0.06671506156990734
-0.052544372940032884
-0.07141321801128708
-0.06760881485574602
-0.13666984922092776
-0.03297407809308509
-0.07150987522388645
-0.05563615552053518
0.0013127694402901523
-0.058352955928118226
-0.13666984922092776
-0.026299838798645617
-0.09087858382808114
-0.018346358928825454
-0.07082441139761525
-0.03751865246472972
-0.07150987522388645
-0.06539917350466497
-0.0016583813078244255
-0.03417607500816879
-0.01044038872066478
-0.07887285793760615
-0.06820882632038695
-0.018983452418307768
0.02074632702857639
-0.12441751862716392
-0.027080625238663596
-0.05895298580520195
-0.014952377418244612
-0.07760573192501935
-0.06294194005219816
-0.03417607500816879
-0.07141321801128708
-0.009962363503430945
-0.013376104758969247
-0.03300218606721177
-0.04405611059828268
0.03528783181004102
-0.018346358928825454
-0.09252208105749402
0.005027688801954517
-0.15143987574830653
-0.05338111063626411
-0.03364435341052563
-0.04490572547701166
-0.03297407809308509
0.01983442248872867
-0.06061157531609371
0.03130825523728701
-0.0014607316776241767
-0.03321108378808252
0.009973468159080475
-0.03253360604102784
-0.05150775108407045
-0.10617414485376167
-0.03566895411070265
-0.03364435341052563
-0.05960374888196013
-0.05150775108407045
-0.03417607500816879
-0.05905903297932596
-0.0550171570965711
-0.06448431290675513
0.03130825523728701
-0.07102428595493372
-0.11858839944731923
-0.09182451943938791
-0.08187003696340915
-0.037966064565332844
-0.031580323438447716
-0.046675812044991216
-0.06566468523980952
-0.008485890950054987
-0.07087500669568965
0.002949213827403034
-0.026299838798645617
-0.04085951430921251
-0.045913694691281134
-0.10171888609037533
-0.08373401113947056
-0.03297407809308509
-0.061079451265526066
-0.022298389078073733
-0.07887285793760615
0.01983442248872867
-0.04085951430921251
0.024310400679211027
-0.05150775108407045
0.01983442248872867
-0.07082441139761525
-0.031152839939327607
-0.037966064565332844
-0.06954856852123768
-0.04350941590657511
-0.061552111400489586
-0.07622821128147121
-0.09252208105749402
-0.05150775108407045
0.02074632702857639
-0.09609695909533167
-0.02164121150772839
-0.09768618095375575
0.010610263542071941
-0.01044038872066478
-0.027080625238663596
-0.052544372940032884
0.06671506156990734
-0.002904699132873123
-0.03939295945822505
-0.0014607316776241767
-0.07622821128147121
-0.02594777349089364
-0.058001551354861514
-0.02164121150772839
-0.00855277633031175
-0.05905903297932596
-0.05905903297932596
-0.03461843197461654
-0.002904699132873123
0.03310019028645722
-0.07887285793760615
-0.07141321801128708
-0.11858839944731923
-0.037966064565332844
-0.026299838798645617
-0.02261946765292022
0.025900515423083012
-0.008099927869154065
-0.058001551354861514
-0.0039369248132541425
-0.02261946765292022
-0.11157452009182253
-0.04939877049890535
-0.05806351153635264
-0.04961605199108067
-0.06943139953795859
-0.07082441139761525
-0.05563615552053518
-0.050213919441158446
-0.05806351153635264
-0.02164121150772839
-0.03566895411070265
-0.03300218606721177
-0.008099927869154065
-0.061552111400489586
-0.05310417091466161
-0.05150775108407045
-0.04741539281110226
-0.031191114628184264
-0.03751865246472972
-0.028023863137182997
-0.04866996489095784
-0.08187003696340915
-0.04481876469044721
-0.07643415044557708
-0.03699181050751566
-0.03417607500816879
-0.07141321801128708
-0.06820882632038695
-0.04490572547701166
-0.0033153303187186582
0.005760111288630589
-0.008099927869154065
-0.09404778475514684
-0.020281181134172432
-0.034951315693944676
-0.03321108378808252
-0.06294194005219816
-0.031191114628184264
-0.06061157531609371
-0.008485890950054987
-0.04559632670026486
-0.058001551354861514
-0.10330242680417533
-0.05419840335807811
-0.04866996489095784
0.03310019028645722
-0.04405611059828268
-0.02973691870582981
-0.03939295945822505
0.01983442248872867
-0.019870551046449258
-0.0016583813078244255
-0.04302016465886755
-0.03566895411070265
-0.059421159383474344
-0.031191114628184264
-0.0587845516672527
-0.05419840335807811
0.008398979994930606
-0.02973691870582981
-0.02705679073463197
-0.07150987522388645
-0.09252208105749402
-0.03783026175152273
0.03310019028645722
-0.02594777349089364
0.009973468159080475
-0.06061157531609371
-0.028023863137182997
-0.05960374888196013
-0.03417607500816879
-0.05310417091466161
-0.09087858382808114
-0.03751865246472972
-0.058001551354861514
0.009973468159080475
-0.057790295034782196
-0.09404778475514684
-0.031152839939327607
-0.037966064565332844
-0.07760573192501935
-0.0521685902649305
-0.07087500669568965
-0.04490572547701166
-0.15143987574830653
0.024310400679211027
-0.037966064565332844
0.014847246806228908
-0.057790295034782196
-0.00855277633031175
-0.05747669917789915
-0.04961605199108067
-0.004561446504092339
-0.06294194005219816
-0.04741539281110226
-0.04939877049890535
-0.08992584572508543
-0.04085951430921251
-0.04350941590657511
-0.061079451265526066
0.0008222374573073303
-0.03699181050751566
-0.031580323438447716
-0.01617792160206191
0.005027688801954517
0.06671506156990734
-0.00684111204247398
0.03310019028645722
-0.08187003696340915
-0.045913694691281134
-0.07087500669568965
-0.07622821128147121
-0.04866996489095784
-0.09404778475514684
-0.002904699132873123
-0.16319381852706052
-0.058352955928118226
-0.022298389078073733
-0.058001551354861514
0.005027688801954517
-0.013376104758969247
0.010610263542071941
-0.03699181050751566
-0.1088460176394463
0.06671506156990734
-0.018983452418307768
-0.00516874855211244
-0.02973691870582981
-0.002904699132873123
-0.016948462624678435
-0.03300218606721177
-0.06566468523980952
-0.09182451943938791
-0.030060496661356625
-0.05960374888196013
-0.031461938630150274
-0.05895298580520195
-0.04559632670026486
-0.06593146034982081
-0.03417607500816879
-0.05338111063626411
-0.053615198878845534
0.010610263542071941
-0.030060496661356625
-0.027080625238663596
-0.02636700182148512
-0.018657961541380382
-0.09087858382808114
-0.031191114628184264
-0.028023863137182997
-0.06294194005219816
-0.04051409691507815
0.009269698071752923
-0.034951315693944676
-0.07622821128147121
-0.08373401113947056
-0.07102428595493372
-0.02705679073463197
-0.016948462624678435
-0.02594777349089364
-0.0517796483915071
-0.028023863137182997
-0.052544372940032884
-0.051981891742944535
0.03130825523728701
-0.09252208105749402
0.005760111288630589
-0.03783026175152273
-0.03888450292229086
-0.08187003696340915
-0.05419840335807811
-0.05563615552053518
-0.03669300120195395
-0.026299838798645617
-0.02705679073463197
-0.03297407809308509
-0.029325576267682573
-0.05923346517307703
-0.057790295034782196
-0.03300218606721177
-0.051981891742944535
-0.03364435341052563
-0.07887285793760615
-0.008485890950054987
-0.05895298580520195
-0.02636700182148512
-0.053615198878845534
-0.024544683322467748
-0.04609731830418681
0.0014150400553603365
-0.009962363503430945
-0.03704896368027928
-0.03751865246472972
0.0014150400553603365
-0.0014607316776241767
-0.11858839944731923
-0.07150987522388645
-0.0521685902649305
-0.009962363503430945
-0.031580323438447716
-0.016948462624678435
-0.050213919441158446
-0.004561446504092339
-0.00516874855211244
-0.025705956736690155
-0.00684111204247398
-0.053615198878845534
0.017305259229503503
-0.05960374888196013
-0.10330242680417533
-0.009962363503430945
-0.04302016465886755
-0.03890485736812189
0.025900515423083012
-0.0550171570965711
-0.008099927869154065
-0.03300218606721177
-0.0016583813078244255
-0.009962363503430945
-0.027543791127272864
-0.028023863137182997
-0.05895298580520195
-0.07887285793760615
0.024310400679211027
0.0014150400553603365
-0.04741539281110226
-0.08373401113947056
-0.005251823593891658
-0.029325576267682573
-0.002904699132873123
-0.07087500669568965
-0.04350941590657511
-0.06593146034982081
-0.04481876469044721
-0.059421159383474344
-0.03461843197461654
-0.09182451943938791
-0.06923393501449014
-0.02261946765292022
-0.04085951430921251
-0.03566895411070265
-0.013376104758969247
-0.031461938630150274
-0.03364435341052563
-0.058001551354861514
-0.03461843197461654
-0.16319381852706052
-0.0892664978864233
0.009573246055527444
-0.008485890950054987
-0.03783026175152273
-0.03300218606721177
-0.03888450292229086
-0.03717484275925318
-0.046675812044991216
-0.029325576267682573
-0.07141321801128708
0.0008222374573073303
0.025900515423083012
-0.024544683322467748
-0.09404778475514684
-0.08187003696340915
-0.05806351153635264
-0.026299838798645617
-0.05563615552053518
-0.046675812044991216
-0.010637438097810963
0.02074632702857639
-0.019870551046449258
-0.019870551046449258
0.017305259229503503
