-0.02166778301685759
-0.04196308556629068
-0.062184678793195995
-0.062184678793195995
0.005751816413519293
0.02826871290590995
-0.04458812073989833
-0.019421712334384313
-0.04280916860366583
-0.02377493133651612
-0.02936205156992008
-0.015030959912063446
-0.01822930904407275
-0.026488871488150413
-0.022617879682438793
-0.025230366930113293
-0.005512284479359955
-0.030151245140824526
-0.009585130279992537
-0.04984291098152439
-0.02296066815097677
-0.025230366930113293
-0.051443766406585045
0.005751816413519293
-0.05118005421440011
-0.03032246231983911
-0.0023269320708463946
-0.009585130279992537
-0.02377493133651612
0.00010568109932094236
-0.02876016668501917
-0.01788224703503945
-0.04075208944498716
-0.0350763636057267
-0.013812047849846885
-0.016119040853448594
-0.030375984738609682
-0.024482031436847712
-0.020525654860453154
-0.006776744253737402
-0.032135976942143894
-0.05118005421440011
-0.026488871488150413
-0.0377960336380321
-0.03529916215032172
-0.03166765694464956
-0.015388311079555428
-0.04961491466897153
-0.01788224703503945
-0.03617479806392779
-0.019421712334384313
-0.04196308556629068
-0.015388311079555428
-0.030547058418382678
-0.039536727096640766
-0.015028416586884098
-0.04080175285092125
-0.03283778475462178
-0.04118344745377845
-0.005512284479359955
-0.022756266761793494
-0.029711006780203577
-0.09961601720780873
-0.02720290610983733
-0.03283778475462178
-0.044384914213141766
-0.012627512086015601
-0.07825126055041624
-0.018015948257411023
-0.08068971875093023
-0.036245473994808715
0.01410604860314618
-0.04062231727855871
-0.04458812073989833
-0.033482018189815894
-0.006609700882925879
-0.0282456531030656
0.00010568109932094236
-0.020088095065261515
-0.009385556891915897
-0.038351977242192095
-0.02114091627965804
-0.0056957573586694805
-0.017074815717215912
-0.033390656969662036
0.01410604860314618
0.018071829512433257
-0.03556327492500354
0.006303063807302549
-0.03751199287072244
-0.0350763636057267
-0.03471690081593905
-0.028218880025966096
-0.011290803081637203
0.00853660678665459
-0.030151245140824526
-0.008812656809438622
-0.021037496754697155
-0.057229495147984887
-0.042633679667693866
-0.05567981945185204
-0.006435022151063189
-0.029711006780203577
-0.0633495234268886
-0.04984291098152439
-0.0008319528380480238
-0.021355661932014325
-0.047790152150165896
-0.019195219401963705
-0.02114091627965804
-0.05045983258367557
-0.015357207782029618
-0.039536727096640766
-0.0689942373136406
-0.016580932182038936
-0.05360849910446389
-0.036245473994808715
0.027481603608549832
-0.02132421614328385
-0.0041699516865988774
-0.029554815079072608
-0.021073808139554267
-0.020139677298200372
-0.0633495234268886
-0.06553355386146287
-0.036232062400703785
-0.023819303450761317
-0.0041699516865988774
-0.02980307244612193
-0.032135976942143894
-0.042633679667693866
-0.0030170514927774094
-0.009585130279992537
-0.05934731193442565
-0.015030959912063446
-0.04124068536662088
-0.029944088919341263
-0.03032246231983911
-0.04823622511802485
-0.027007973196594415
-0.0073622305524745175
-0.05118005421440011
-0.03330666133535617
-0.05934731193442565
-0.057229495147984887
0.018778155808005702
-0.04062231727855871
-0.06725808108616281
-0.05045983258367557
-0.03964329984338534
-0.005112195895118034
-0.05345739379382193
-0.0008319528380480238
-0.04124068536662088
-0.04961491466897153
-0.011925579420530338
-0.023819303450761317
0.006303063807302549
-0.0237323074662182
-0.015357207782029618
-0.02936205156992008
-0.03516793293346066
-0.0362227183866055
-0.028218880025966096
-0.03529916215032172
0.005751816413519293
-0.03409996807385295
0.006303063807302549
-0.030547058418382678
-0.06999764748782988
-0.016119040853448594
-0.01617520472588505
-0.06072026558782501
-0.030547058418382678
0.013524139594767644
-0.054403956195544945
-0.022617879682438793
-0.05142712937301223
-0.010930766399609533
-0.011715948659203826
-0.06072026558782501
-0.027972240360653218
-0.042633679667693866
-0.03729061901081114
-0.02166778301685759
-0.025144879525175412
-0.0041699516865988774
-0.032890165098558646
-0.051443766406585045
-0.03529916215032172
-0.02515057090149313
0.00853660678665459
-0.01207429881996912
-0.020698295279660443
-0.011338463787370173
-0.04196308556629068
-0.03032246231983911
-0.04011277840134902
-0.02166778301685759
0.027481603608549832
-0.028218880025966096
-0.03617479806392779
-0.03859581787087851
-0.015030959912063446
-0.04124068536662088
-0.025393303584145044
0.00010568109932094236
-0.011026476666985328
-0.042633679667693866
-0.02936205156992008
-0.010427024903949
-0.05822111648171244
-0.03751199287072244
-0.06553355386146287
-0.0056957573586694805
-0.03162031088659613
-0.030375984738609682
-0.07318813433108473
-0.06422854496152032
-0.02377493133651612
-0.05113364664340097
-0.0889828416043788
-0.033390656969662036
-0.007547548863097917
-0.0041699516865988774
-0.007142625507298786
-0.032135976942143894
-0.044384914213141766
-0.0633495234268886
-0.02377493133651612
-0.033390656969662036
-0.062184678793195995
-0.03471690081593905
-0.006435022151063189
-0.030151245140824526
-0.04269879835352087
-0.04458812073989833
0.005313954367373685
-0.051443766406585045
-0.0362227183866055
0.00010568109932094236
-0.04124068536662088
-0.032135976942143894
-0.057935752426532885
-0.01860342347636198
-0.02412941137524806
-0.02936205156992008
-0.013462586263234887
-0.015028416586884098
-0.09053595192849766
-0.062184678793195995
-0.01295265856445188
-0.026207488959261113
-0.025230366930113293
-0.017482331371602766
-0.04011277840134902
-0.039536727096640766
-0.05484796152435219
-0.023819303450761317
-0.040650814510349374
0.027481603608549832
-0.057229495147984887
-0.05360849910446389
-0.058080785093575185
-0.05185836241777509
-0.027972240360653218
-0.016119040853448594
-0.022756266761793494
-0.02377493133651612
-0.051443766406585045
-0.019849569590143973
-0.055893722285220444
-0.03151754429208315
-0.0350763636057267
-0.03032246231983911
-0.04558677819399776
-0.030547058418382678
-0.011338463787370173
-0.019195219401963705
-0.055893722285220444
-0.020559969567493126
-0.08068971875093023
-0.04280916860366583
-0.012717606880738619
-0.020698295279660443
-0.022617879682438793
-0.033482018189815894
-0.020139677298200372
-0.01772007399187414
-0.06422854496152032
-0.02515553518073603
-0.007547548863097917
-0.08068971875093023
0.006303063807302549
-0.012702003118448964
-0.03516793293346066
-0.05113364664340097
-0.024482031436847712
-0.020559969567493126
-0.04735640310474937
-0.06999764748782988
-0.05360849910446389
-0.0689942373136406
-0.01860342347636198
0.018071829512433257
-0.02481495176052141
-0.05567981945185204
-0.019195219401963705
-0.03742373410060811
-0.03409996807385295
0.004797832541052767
-0.02296066815097677
-0.062184678793195995
-0.0008319528380480238
-0.023819303450761317
-0.033017707875740904
-0.03032246231983911
-0.02515057090149313
0.004797832541052767
-0.01788224703503945
-0.0633495234268886
-0.05345739379382193
-0.0237323074662182
-0.03751199287072244
-0.05345739379382193
-0.020559969567493126
-0.04280916860366583
-0.011338463787370173
-0.011715948659203826
-0.017074815717215912
-0.025393303584145044
-0.03409996807385295
-0.0362227183866055
-0.057935752426532885
-0.033482018189815894
-0.021037496754697155
-0.040240420753861465
-0.01207429881996912
-0.020139677298200372
0.0012185950992669337
-0.019011444584892345
-0.036245473994808715
-0.04196308556629068
-0.03320384619008112
-0.023726690841300555
-0.02377493133651612
-0.020698295279660443
-0.04837607585884011
-0.07825126055041624
-0.038351977242192095
-0.03471690081593905
-0.033017707875740904
-0.028121425331720868
-0.03330666133535617
-0.025144879525175412
-0.06553355386146287
-0.027007973196594415
-0.026207488959261113
-0.015030959912063446
-0.021037496754697155
-0.012717606880738619
-0.031030956241368694
-0.01617520472588505
-0.09961601720780873
-0.0002637915970887582
-0.025144879525175412
-0.040650814510349374
-0.07892546897061935
-0.029215921547173524
0.013524139594767644
-0.05360849910446389
-0.07318813433108473
-0.022617879682438793
-0.03859581787087851
-0.04823622511802485
-0.06999764748782988
-0.010427024903949
-0.04558677819399776
-0.03409996807385295
-0.06725808108616281
-0.0889828416043788
-0.01108299647220752
-0.03409996807385295
-0.016045977841426876
-0.016119040853448594
-0.02163785683339532
-0.04823622511802485
-0.005112195895118034
-0.011925579420530338
-0.006435022151063189
-0.05118005421440011
-0.026488871488150413
-0.02412941137524806
-0.02163785683339532
0.006303063807302549
-0.05299021043813478
-0.0056957573586694805
-0.010427024903949
-0.030547058418382678
0.005751816413519293
-0.014187893322134278
-0.04011277840134902
-0.028121425331720868
0.006303063807302549
0.0012185950992669337
-0.02774154074694068
-0.012702003118448964
-0.013462586263234887
-0.04011277840134902
-0.013462586263234887
-0.05822111648171244
-0.02296066815097677
-0.03751199287072244
0.00010568109932094236
-0.006776744253737402
-0.038351977242192095
-0.02515553518073603
-0.032890165098558646
-0.01822930904407275
-0.05113364664340097
-0.006587921982639483
-0.037883110234322094
-0.0030170514927774094
-0.013462586263234887
-0.057935752426532885
-0.05299021043813478
-0.04458812073989833
0.00853660678665459
-0.04823622511802485
-0.013812047849846885
-0.0030170514927774094
0.005997927269393401
-0.033240901013146223
-0.036245473994808715
-0.013812047849846885
-0.0362227183866055
-0.0030030436213851685
-0.028218880025966096
-0.0282456531030656
-0.027972240360653218
-0.026207488959261113
-0.026488871488150413
-0.03556327492500354
-0.0008319528380480238
-0.015030959912063446
-0.06072026558782501
-0.04075208944498716
-0.019195219401963705
-0.03471690081593905
-0.02114091627965804
-0.039536727096640766
-0.047790152150165896
-0.0237323074662182
-0.020525654860453154
0.00010568109932094236
-0.0349254452031698
-0.013812047849846885
-0.044384914213141766
-0.011715948659203826
-0.036232062400703785
-0.07377671817865347
-0.033240901013146223
-0.05142712937301223
-0.05113364664340097
-0.03859581787087851
-0.006776744253737402
-0.04984291098152439
-0.033482018189815894
-0.026207488959261113
-0.015357207782029618
-0.030151245140824526
-0.027127381525941578
-0.012702003118448964
0.027481603608549832
-0.029944088919341263
-0.033017707875740904
-0.019421712334384313
-0.03834812747511006
-0.019054276715055968
-0.060121202097827946
-0.020525654860453154
-0.03964329984338534
-0.03283778475462178
-0.03702303580205942
0.004797832541052767
-0.0030030436213851685
-0.02114091627965804
-0.02132421614328385
-0.025673874938143628
-0.01617520472588505
-0.009585130279992537
-0.038351977242192095
-0.02163785683339532
0.018778155808005702
-0.04075208944498716
-0.025393303584145044
-0.0237323074662182
-0.02163785683339532
-0.05299021043813478
0.013524139594767644
-0.03162031088659613
-0.02515057090149313
-0.0002637915970887582
-0.009385556891915897
-0.02166778301685759
-0.05360849910446389
0.013524139594767644
-0.05345739379382193
-0.022617879682438793
-0.03964329984338534
-0.033390656969662036
-0.06553355386146287
-0.03914445879974929
-0.03370498302071632
-0.03702303580205942
-0.011715948659203826
-0.02114091627965804
-0.03032246231983911
-0.013462586263234887
-0.057229495147984887
-0.0073622305524745175
-0.0362227183866055
-0.030151245140824526
-0.044384914213141766
-0.029944088919341263
-0.027007973196594415
-0.019849569590143973
-0.013462586263234887
-0.060121202097827946
0.01410604860314618
-0.027007973196594415
-0.025144879525175412
-0.03617479806392779
-0.06478541901528131
-0.027127381525941578
-0.022756266761793494
-0.06999764748782988
-0.022756266761793494
-0.011715948659203826
-0.03151754429208315
-0.013614389214651836
-0.08068971875093023
-0.008605771778286968
-0.021355661932014325
-0.08068971875093023
-0.06422854496152032
-0.025230366930113293
-0.07377671817865347
-0.0030170514927774094
-0.02774154074694068
-0.036232062400703785
-0.03751199287072244
-0.04735640310474937
-0.025144879525175412
-0.033240901013146223
0.005751816413519293
-0.014187893322134278
-0.02876016668501917
-0.029554815079072608
-0.04080175285092125
-0.031030956241368694
-0.0030170514927774094
-0.040650814510349374
-0.0030170514927774094
-0.01207429881996912
-0.05567981945185204
-0.009585130279992537
-0.03859581787087851
-0.015388311079555428
-0.02132421614328385
-0.04280916860366583
-0.006609700882925879
-0.030151245140824526
-0.054403956195544945
-0.022756266761793494
-0.033482018189815894
-0.013812047849846885
-0.010116362561873121
-0.020525654860453154
-0.051443766406585045
-0.025144879525175412
-0.015698728953327534
-0.016045977841426876
-0.020698295279660443
0.005997927269393401
-0.030375984738609682
-0.05934731193442565
-0.024452019810236526
-0.011026476666985328
-0.039536727096640766
-0.05822111648171244
-0.031030956241368694
-0.05360849910446389
-0.027007973196594415
-0.007547548863097917
-0.037883110234322094
-0.02774154074694068
-0.026207488959261113
-0.027265105363709893
-0.06690184797040963
-0.03914445879974929
-0.025144879525175412
-0.05045983258367557
-0.042633679667693866
-0.028121425331720868
-0.0073622305524745175
-0.04481639954636708
-0.04280916860366583
-0.09053595192849766
-0.020525654860453154
-0.042633679667693866
-0.027007973196594415
-0.017482331371602766
-0.030547058418382678
-0.0349254452031698
-0.024482031436847712
-0.02774154074694068
-0.02166778301685759
-0.008038009389002431
-0.062184678793195995
-0.015030959912063446
-0.04823622511802485
-0.05484796152435219
-0.010930766399609533
-0.07825126055041624
-0.0689942373136406
-0.03529916215032172
-0.06072026558782501
-0.033240901013146223
-0.020698295279660443
-0.018015948257411023
-0.031030956241368694
-0.02481495176052141
-0.013812047849846885
-0.007142625507298786
-0.04984291098152439
-0.033390656969662036
-0.036232062400703785
-0.006609700882925879
-0.04269879835352087
-0.04080175285092125
-0.017482331371602766
-0.010427024903949
0.006303063807302549
-0.0889828416043788
-0.07825126055041624
-0.0073622305524745175
-0.027972240360653218
-0.031030956241368694
-0.037488469620237636
-0.0041699516865988774
-0.006587921982639483
0.00853660678665459
-0.015028416586884098
-0.01295265856445188
-0.051443766406585045
-0.024482031436847712
0.018071829512433257
-0.040650814510349374
-0.08068971875093023
-0.01931274175495413
-0.008038009389002431
-0.012717606880738619
-0.027265105363709893
-0.020088095065261515
-0.026207488959261113
-0.02296066815097677
-0.009385556891915897
0.0012185950992669337
-0.032135976942143894
-0.027972240360653218
-0.0362227183866055
-0.030375984738609682
-0.0689942373136406
-0.033017707875740904
-0.015357207782029618
0.005751816413519293
-0.015388311079555428
-0.017074815717215912
-0.046471095186902026
-0.032890165098558646
-0.04118344745377845
-0.011026476666985328
-0.029711006780203577
-0.03409996807385295
-0.006776744253737402
-0.033482018189815894
-0.03330666133535617
-0.02774154074694068
-0.025144879525175412
-0.039536727096640766
-0.017482331371602766
-0.011925579420530338
-0.06690184797040963
-0.020088095065261515
-0.046471095186902026
-0.04458812073989833
-0.0633495234268886
-0.0377960336380321
-0.015030959912063446
-0.025393303584145044
0.013524139594767644
-0.04837607585884011
-0.012627512086015601
-0.020698295279660443
-0.007547548863097917
-0.055893722285220444
-0.010116362561873121
-0.023819303450761317
-0.029711006780203577
-0.028218880025966096
-0.010116362561873121
-0.030375984738609682
-0.04075208944498716
-0.02132421614328385
-0.03556327492500354
-0.029944088919341263
-0.016119040853448594
-0.033017707875740904
-0.021355661932014325
-0.05111632945423931
-0.03154534321126715
-0.03964329984338534
-0.019421712334384313
-0.02774154074694068
-0.019195219401963705
-0.037488469620237636
-0.04735640310474937
-0.057229495147984887
0.00010568109932094236
0.005997927269393401
-0.02980307244612193
-0.016045977841426876
-0.020525654860453154
-0.03283778475462178
-0.03859581787087851
-0.05345739379382193
-0.05111632945423931
-0.062184678793195995
-0.017074815717215912
-0.017873496201340235
-0.007142625507298786
-0.039536727096640766
-0.0689942373136406
-0.029554815079072608
-0.006587921982639483
-0.03409996807385295
-0.013462586263234887
-0.03914445879974929
-0.015028416586884098
-0.0362227183866055
0.02826871290590995
-0.01931274175495413
0.006303063807302549
-0.030547058418382678
-0.03471690081593905
-0.02936205156992008
-0.013812047849846885
-0.09961601720780873
-0.021037496754697155
-0.011026476666985328
-0.033482018189815894
-0.04558677819399776
0.00010568109932094236
-0.01207429881996912
-0.07377671817865347
-0.04118344745377845
-0.027127381525941578
-0.04481639954636708
-0.03617479806392779
-0.03151754429208315
-0.033482018189815894
-0.02876016668501917
-0.04984291098152439
-0.030375984738609682
-0.006435022151063189
-0.025144879525175412
-0.04481639954636708
-0.03617479806392779
-0.032135976942143894
0.004797832541052767
-0.026488871488150413
-0.062184678793195995
-0.06072026558782501
-0.08068971875093023
-0.036232062400703785
-0.0889828416043788
-0.026488871488150413
-0.04062231727855871
-0.016119040853448594
-0.006162200383081484
-0.042633679667693866
-0.04823622511802485
-0.040240420753861465
-0.01931274175495413
-0.05185836241777509
-0.0073622305524745175
0.0012185950992669337
-0.020525654860453154
-0.06553355386146287
-0.016580932182038936
-0.01295265856445188
-0.023726690841300555
-0.0633495234268886
-0.029215921547173524
-0.019054276715055968
-0.033390656969662036
-0.007142625507298786
-0.017074815717215912
-0.03283778475462178
-0.054403956195544945
-0.02412941137524806
-0.033482018189815894
-0.02519011873337713
-0.02980307244612193
-0.04124068536662088
-0.01931274175495413
-0.04124068536662088
-0.0056957573586694805
-0.03914445879974929
-0.0689942373136406
-0.01931274175495413
-0.029944088919341263
-0.03320384619008112
-0.0056957573586694805
-0.024452019810236526
-0.0002637915970887582
-0.022756266761793494
-0.03859581787087851
0.004797832541052767
-0.036245473994808715
-0.03617479806392779
-0.025230366930113293
-0.03154534321126715
0.01410604860314618
-0.01860342347636198
-0.0008319528380480238
-0.026207488959261113
-0.02515553518073603
-0.019054276715055968
-0.02774154074694068
-0.07377671817865347
-0.025144879525175412
-0.04961491466897153
-0.09961601720780873
-0.019849569590143973
-0.012717606880738619
-0.032135976942143894
-0.0349254452031698
-0.016827099352393706
-0.013462586263234887
0.00853660678665459
-0.028218880025966096
-0.011715948659203826
-0.028218880025966096
-0.02774154074694068
-0.02412941137524806
-0.05934731193442565
0.02826871290590995
0.013524139594767644
0.005313954367373685
-0.019054276715055968
-0.0023269320708463946
0.004797832541052767
-0.015357207782029618
-0.04984291098152439
-0.03751199287072244
-0.04837607585884011
-0.033390656969662036
-0.007547548863097917
-0.011715948659203826
0.02826871290590995
-0.010427024903949
-0.04558677819399776
-0.03283778475462178
-0.006609700882925879
-0.0008319528380480238
-0.033017707875740904
-0.030547058418382678
-0.03556327492500354
-0.012717606880738619
-0.01931274175495413
-0.03529916215032172
-0.01931274175495413
-0.03154534321126715
-0.012627512086015601
-0.025393303584145044
-0.016827099352393706
-0.016045977841426876
-0.07892546897061935
-0.03330666133535617
-0.05299021043813478
0.005751816413519293
-0.0237323074662182
-0.03742373410060811
-0.008605771778286968
-0.05111632945423931
-0.057935752426532885
-0.04196308556629068
-0.0030030436213851685
0.02826871290590995
-0.011338463787370173
-0.04984291098152439
-0.028218880025966096
0.0012185950992669337
-0.02412941137524806
-0.019849569590143973
-0.04823622511802485
-0.0377960336380321
-0.05111632945423931
-0.054403956195544945
-0.0237323074662182
-0.05118005421440011
-0.054403956195544945
-0.012717606880738619
-0.02980307244612193
-0.019195219401963705
-0.0030170514927774094
-0.01931274175495413
-0.03320384619008112
-0.016827099352393706
-0.01931274175495413
-0.026207488959261113
-0.036245473994808715
-0.03370498302071632
-0.03330666133535617
-0.07825126055041624
-0.06478541901528131
-0.03154534321126715
-0.060121202097827946
-0.060121202097827946
-0.03162031088659613
-0.017482331371602766
-0.010116362561873121
-0.01617520472588505
0.005313954367373685
-0.0377960336380321
-0.042633679667693866
-0.03834812747511006
0.01410604860314618
-0.015357207782029618
-0.020139677298200372
-0.06690184797040963
-0.037883110234322094
-0.020698295279660443
-0.028055012316409837
-0.04080175285092125
-0.042633679667693866
-0.019849569590143973
-0.025230366930113293
-0.027007973196594415
-0.02377493133651612
-0.027127381525941578
-0.030151245140824526
-0.024482031436847712
-0.01788224703503945
-0.023726690841300555
-0.02132421614328385
0.013524139594767644
-0.024482031436847712
-0.037883110234322094
-0.03330666133535617
-0.03702303580205942
-0.011026476666985328
-0.032890165098558646
-0.0030030436213851685
-0.04558677819399776
-0.033390656969662036
-0.06690184797040963
-0.019849569590143973
-0.015698728953327534
-0.0237323074662182
-0.027972240360653218
-0.027339055283061953
-0.05111632945423931
-0.07318813433108473
-0.05118005421440011
-0.05111632945423931
-0.09053595192849766
-0.015388311079555428
-0.05299021043813478
-0.012717606880738619
-0.010427024903949
-0.02114091627965804
-0.027972240360653218
-0.02412941137524806
-0.03166765694464956
-0.014187893322134278
-0.0041699516865988774
-0.03166765694464956
-0.019849569590143973
0.00010568109932094236
-0.058080785093575185
-0.040240420753861465
-0.02774154074694068
-0.024452019810236526
-0.006587921982639483
-0.0030030436213851685
-0.0889828416043788
-0.0237323074662182
