-0.07020031577455435
-0.081350764652299
-0.046456934882691474
-0.0807701061730992
-0.08496890125830343
-0.05493239142593834
-0.15594999937375012
-0.11660619795166847
0.001149319236883664
-0.02727482894503436
-0.00902759621325809
-0.12665218856257457
-0.1285046921276513
-0.0645148189737707
-0.17565539811841407
-0.07521505438592749
-0.13728727293763401
-0.07728788954126811
-0.0512721600750703
-0.0807701061730992
-0.06815498216145643
-0.07521505438592749
-0.07865107296697621
-0.1646484980245511
-0.07020031577455435
-0.05331713998232632
-0.019735859281257505
-0.1212175156943385
-0.09946945958241597
-0.00472046561081005
-0.04795349331900172
-0.10362225970944382
-0.11805904996937691
-0.1212175156943385
-0.08815457076862927
-0.03134040235850043
0.010978621919109097
-0.00902759621325809
-0.02063542185780053
-0.04075184480970912
-0.04042652882632253
-0.05493239142593834
-0.08080776474301737
-0.04540759873156557
-0.10193315147713675
-0.12665218856257457
-0.03667058908425086
-0.05249082280851288
-0.04540759873156557
-0.06105464284955377
-0.07191943840702625
-0.09514448536340782
-0.06890408337525064
-0.05193074224887181
-0.06105464284955377
-0.1289196075800953
-0.09071564385821221
-0.04895045643186264
-0.05193074224887181
-0.10992177279264942
-0.07020031577455435
-0.08133736636533498
-0.05231223498108047
-0.07521505438592749
0.007409880953788756
-0.05362930674747366
-0.20665776347272702
-0.10315634750649766
-0.04740988836656603
-0.038037771215651765
-0.08133736636533498
-0.17565539811841407
-0.07346878170735337
-0.09318102841358557
-0.09946945958241597
-0.019209805720971928
-0.01428471652441748
-0.03349101398823809
-0.07020031577455435
-0.03667058908425086
-0.13624557056477757
-0.06681556119875229
-0.1447212593088332
-0.10708208870926704
-0.06304736879518093
-0.12605642981017315
-0.05715585969198174
-0.07521505438592749
-0.060517958337893654
-0.1646484980245511
-0.0807701061730992
-0.07960873385635389
-0.046456934882691474
-0.06158384124250316
-0.17445981942652472
-0.05362930674747366
-0.05249082280851288
-0.01428471652441748
-0.1646484980245511
-0.0670626572636568
-0.03667058908425086
-0.057030913809589925
-0.07818856275591826
-0.07470567252444538
-0.04438969188851555
-0.09379958839840769
-0.038037771215651765
-0.01968688730606363
-0.10228323159790148
-0.17565539811841407
-0.08815457076862927
-0.0645148189737707
-0.03476764577942325
-0.10992177279264942
-0.09514448536340782
-0.12930615889726152
-0.05362930674747366
-0.05634987249183437
-0.06277312986921675
-0.009639844819403477
-0.040021055567102046
-0.06105464284955377
0.001149319236883664
-0.07823570451698321
-0.08613004148897875
-0.011835222280405053
-0.061289058597448785
-0.02361662598140489
-0.0512721600750703
-0.05715585969198174
-0.08613004148897875
-0.04540759873156557
-0.11295334822585801
-0.04349223489398609
-0.07823570451698321
-0.07191943840702625
-0.0645148189737707
-0.1285046921276513
-0.0790761716194737
-0.081350764652299
0.001149319236883664
-0.0047368941369250435
-0.08545640112054236
-0.05493239142593834
-0.02717537194928132
-0.0047368941369250435
-0.07786960758887194
-0.0807701061730992
-0.04042652882632253
-0.10193315147713675
-0.06681556119875229
-0.04042652882632253
-0.07823570451698321
-0.011835222280405053
-0.04895045643186264
-0.09345858830029045
-0.019209805720971928
-0.05249082280851288
-0.0670626572636568
-0.02361662598140489
-0.11874408081119707
-0.10315634750649766
-0.0512721600750703
-0.11317784272001814
-0.11443697410064765
-0.04740988836656603
-0.05633678661829973
-0.15470361382210704
-0.0868946734471153
-0.05465674507849899
-0.07960873385635389
-0.02717537194928132
-0.16648848065926164
-0.11805904996937691
-0.05231223498108047
-0.04795349331900172
-0.04438969188851555
-0.09946945958241597
-0.061289058597448785
-0.1038672475121978
-0.06890408337525064
-0.03181598078171612
-0.05231223498108047
-0.10228323159790148
-0.0645148189737707
-0.06304736879518093
-0.09318102841358557
-0.00472046561081005
-0.07191943840702625
-0.040021055567102046
-0.12605642981017315
-0.052517224171207647
-0.09514448536340782
-0.07064173939501019
-0.00472046561081005
-0.04075184480970912
-0.046456934882691474
-0.10362225970944382
-0.07064173939501019
-0.04540759873156557
0.0019430138933515374
-0.1447212593088332
-0.06105464284955377
-0.038037771215651765
-0.16648848065926164
-0.04540759873156557
-0.11317784272001814
-0.10193353681518459
-0.11295334822585801
-0.057030913809589925
-0.038037771215651765
-0.057030913809589925
-0.13624557056477757
-0.08545640112054236
-0.06681556119875229
-0.01428471652441748
0.0026433478399019617
-0.05465674507849899
0.007409880953788756
-0.07485347369765474
-0.04120780410379037
-0.0730659646404902
-0.05331713998232632
-0.057030913809589925
-0.0670626572636568
0.0019430138933515374
-0.17445981942652472
-0.20665776347272702
-0.00472046561081005
-0.12700533737547703
-0.05331713998232632
-0.029164355868211766
-0.036958447226795775
-0.12700533737547703
-0.05249082280851288
-0.11919616103020271
-0.10992177279264942
-0.04438969188851555
-0.05830615714386123
-0.05493239142593834
-0.09946945958241597
-0.05193074224887181
0.001149319236883664
-0.07960873385635389
-0.02727482894503436
-0.11660619795166847
-0.10193315147713675
-0.03353894402058977
-0.01428471652441748
-0.12700533737547703
-0.04895045643186264
-0.06815498216145643
-0.0838463122432345
-0.036958447226795775
-0.1289196075800953
-0.09318102841358557
0.0026433478399019617
-0.08496890125830343
-0.02361662598140489
-0.04438969188851555
-0.12665218856257457
-0.06158384124250316
-0.031057373552851222
-0.11295334822585801
-0.17565539811841407
-0.02717537194928132
-0.06967203822400644
-0.10737141868060221
-0.049939567587071576
-0.05267785582492641
-0.03353894402058977
-0.02063542185780053
-0.027326868276562784
-0.0047368941369250435
-0.02727482894503436
-0.1542163177584174
-0.06890408337525064
-0.019735859281257505
-0.05465674507849899
-0.07064173939501019
-0.03134040235850043
-0.019209805720971928
-0.10193315147713675
-0.07064173939501019
0.0019430138933515374
-0.03181598078171612
-0.0657380372879756
-0.08133736636533498
-0.0645148189737707
-0.04042652882632253
-0.02063542185780053
-0.07455616764187967
-0.027610503885006365
-0.027326868276562784
-0.04895045643186264
-0.02727482894503436
-0.057030913809589925
-0.08815457076862927
-0.05249082280851288
-0.06158384124250316
-0.04795349331900172
-0.05634987249183437
-0.057030913809589925
-0.05267785582492641
-0.1419282540798391
-0.04795349331900172
-0.05231223498108047
-0.07346878170735337
-0.07383297633079591
-0.031057373552851222
-0.12930615889726152
-0.07191943840702625
-0.12930615889726152
-0.04895045643186264
-0.06277312986921675
-0.11655827222956998
-0.08613004148897875
-0.1379563956045601
-0.15594999937375012
-0.08613004148897875
-0.09379958839840769
-0.0838463122432345
-0.05331713998232632
-0.10193353681518459
-0.06815498216145643
-0.06681556119875229
-0.05231223498108047
-0.036958447226795775
-0.13728727293763401
-0.06690279446585976
-0.1038672475121978
-0.05331713998232632
-0.10228323159790148
-0.05331713998232632
-0.10315634750649766
-0.081350764652299
-0.019735859281257505
-0.09318102841358557
-0.06853979694755652
-0.011835222280405053
-0.06158384124250316
-0.12930615889726152
-0.02361662598140489
-0.12700533737547703
-0.05247216244376536
-0.03353894402058977
-0.05362930674747366
-0.05231223498108047
-0.10578954770553861
-0.029164355868211766
-0.10708208870926704
-0.1212175156943385
-0.08128536695111059
-0.03349101398823809
-0.13624557056477757
-0.1038672475121978
-0.0645148189737707
-0.04795349331900172
-0.05715585969198174
-0.0730659646404902
-0.10193353681518459
-0.04438969188851555
-0.08121842339990173
-0.07455616764187967
-0.05231223498108047
-0.00902759621325809
-0.07020031577455435
-0.16648848065926164
-0.13952692987386475
-0.011835222280405053
-0.03353894402058977
-0.07020031577455435
-0.04795349331900172
-0.06105464284955377
-0.04349223489398609
-0.10193353681518459
-0.08133736636533498
-0.09946945958241597
-0.00472046561081005
-0.01968688730606363
-0.09071564385821221
-0.0868946734471153
-0.1285046921276513
-0.05193074224887181
-0.036958447226795775
-0.04904327224985458
-0.1038672475121978
-0.12700533737547703
-0.060517958337893654
-0.08496890125830343
-0.06815498216145643
-0.06690279446585976
-0.04540759873156557
-0.12605642981017315
-0.0868946734471153
-0.10992177279264942
-0.1038672475121978
-0.028630569934128446
-0.07521505438592749
-0.04120780410379037
-0.20665776347272702
-0.07818856275591826
-0.07470567252444538
-0.05362930674747366
-0.04349223489398609
-0.0790761716194737
-0.10228323159790148
-0.08613004148897875
-0.09139350848334403
-0.061289058597448785
-0.07528053846609913
-0.04438969188851555
-0.08545640112054236
-0.0657380372879756
-0.11317784272001814
-0.1646484980245511
-0.10992177279264942
-0.05249082280851288
-0.10708208870926704
-0.1285046921276513
-0.02717537194928132
-0.12665218856257457
-0.06853979694755652
-0.09345858830029045
-0.010849827244236578
0.007409880953788756
0.003679486038169036
-0.03349101398823809
0.0026433478399019617
-0.02361662598140489
-0.11805904996937691
-0.10193353681518459
-0.05231223498108047
-0.08121842339990173
-0.07528053846609913
-0.010849827244236578
-0.17445981942652472
-0.0807701061730992
-0.09157880698041224
-0.09946945958241597
-0.019209805720971928
-0.06328527100269243
-0.05715585969198174
-0.05247216244376536
-0.05247216244376536
-0.10708208870926704
-0.05830615714386123
-0.09514448536340782
-0.02717537194928132
-0.15594999937375012
-0.016118698308251436
-0.02063542185780053
-0.06967203822400644
-0.10193353681518459
0.001149319236883664
-0.028630569934128446
-0.08815457076862927
-0.01428471652441748
-0.029164355868211766
-0.07865107296697621
-0.03353894402058977
-0.09318102841358557
-0.04042652882632253
-0.09345858830029045
-0.04581331230722191
-0.060517958337893654
-0.1285046921276513
-0.13728727293763401
-0.04120780410379037
-0.057030913809589925
-0.07455616764187967
-0.07818856275591826
-0.05249082280851288
-0.07553558871639196
-0.09139350848334403
-0.04540759873156557
-0.06105464284955377
-0.07960873385635389
-0.03667058908425086
-0.12700533737547703
-0.03349101398823809
-0.02361662598140489
-0.040021055567102046
-0.01428471652441748
-0.10315634750649766
-0.0838463122432345
0.003679486038169036
-0.031057373552851222
-0.13952692987386475
-0.07346878170735337
-0.06277312986921675
-0.02361662598140489
-0.08496890125830343
-0.10708208870926704
-0.046456934882691474
-0.05231223498108047
-0.13952692987386475
-0.07346878170735337
-0.1646484980245511
-0.0047368941369250435
-0.05193074224887181
-0.08613004148897875
-0.06815498216145643
-0.12605642981017315
0.010978621919109097
-0.09514448536340782
-0.11534251426961502
-0.07020031577455435
-0.00472046561081005
-0.11874408081119707
-0.09139350848334403
-0.03476764577942325
-0.11317784272001814
-0.03353894402058977
-0.07470567252444538
-0.15470361382210704
-0.0807701061730992
-0.049939567587071576
-0.060517958337893654
-0.09345858830029045
-0.02361662598140489
-0.07865107296697621
-0.09139350848334403
-0.1447212593088332
-0.07455616764187967
-0.1285046921276513
-0.09139350848334403
-0.05633678661829973
-0.1447212593088332
-0.08128536695111059
-0.03181598078171612
-0.12930615889726152
-0.09318102841358557
-0.0047368941369250435
-0.07346878170735337
-0.09379958839840769
-0.016118698308251436
-0.1419282540798391
-0.05493239142593834
-0.04438969188851555
-0.049939567587071576
-0.10193353681518459
-0.0838463122432345
-0.05231223498108047
-0.08080776474301737
-0.05634987249183437
-0.061289058597448785
-0.1646484980245511
-0.0456700469100084
-0.057030913809589925
-0.20665776347272702
-0.04895045643186264
-0.10193353681518459
-0.1212175156943385
-0.07553558871639196
-0.049939567587071576
-0.01893932319658052
-0.0047368941369250435
-0.12665218856257457
-0.08496890125830343
-0.06681556119875229
-0.05715585969198174
-0.04895045643186264
-0.07553558871639196
-0.040021055567102046
-0.05493239142593834
-0.02717537194928132
-0.06105464284955377
-0.05830615714386123
-0.061289058597448785
-0.09139350848334403
-0.09139350848334403
-0.016118698308251436
-0.06328527100269243
-0.019209805720971928
-0.0456700469100084
-0.11805904996937691
0.0019430138933515374
-0.10193315147713675
-0.1379563956045601
-0.0670626572636568
-0.04740988836656603
-0.07553558871639196
-0.08496890125830343
-0.11317784272001814
-0.05634987249183437
-0.00472046561081005
-0.09157880698041224
-0.10193315147713675
-0.10362225970944382
-0.061289058597448785
-0.07865107296697621
0.001149319236883664
-0.05331713998232632
-0.09139350848334403
-0.05633678661829973
-0.0456700469100084
-0.09139350848334403
-0.04438969188851555
-0.027610503885006365
-0.11805904996937691
-0.0868946734471153
-0.07383297633079591
-0.016118698308251436
-0.05267785582492641
-0.05267785582492641
-0.05247216244376536
-0.06890408337525064
-0.09157880698041224
-0.07020031577455435
-0.10737141868060221
-0.1419282540798391
-0.12665218856257457
-0.0512721600750703
-0.08121842339990173
-0.0730659646404902
-0.1930280555817052
-0.06690279446585976
-0.07020031577455435
-0.05634987249183437
-0.09379958839840769
-0.04795349331900172
-0.031057373552851222
-0.06158384124250316
-0.04349223489398609
-0.07786960758887194
-0.15470361382210704
-0.04349223489398609
-0.0730659646404902
-0.11805904996937691
-0.027326868276562784
-0.03349101398823809
0.007409880953788756
-0.040021055567102046
-0.08121842339990173
-0.05634987249183437
-0.10578954770553861
-0.10193315147713675
-0.10992177279264942
-0.07995307839886928
-0.06304736879518093
-0.10362225970944382
-0.06853979694755652
0.0019430138933515374
-0.061289058597448785
-0.02727482894503436
-0.10992177279264942
-0.040842866051436125
-0.07521505438592749
-0.040842866051436125
-0.05634987249183437
-0.01428471652441748
-0.11874408081119707
-0.10193353681518459
-0.08128536695111059
-0.04120780410379037
-0.12605642981017315
-0.10193315147713675
-0.11919616103020271
-0.01428471652441748
-0.06304736879518093
-0.04581331230722191
-0.052517224171207647
-0.02727482894503436
-0.06277312986921675
-0.0730659646404902
-0.04042652882632253
-0.08121842339990173
-0.06690279446585976
-0.09946945958241597
-0.027610503885006365
-0.06277312986921675
-0.10315634750649766
-0.08545640112054236
-0.08496890125830343
-0.10737141868060221
-0.16648848065926164
-0.040842866051436125
-0.02063542185780053
-0.04581331230722191
-0.0456700469100084
-0.0790761716194737
-0.12700533737547703
-0.16648848065926164
-0.0645148189737707
-0.12665218856257457
-0.052517224171207647
-0.05493239142593834
-0.09345858830029045
-0.09514448536340782
-0.05830615714386123
-0.04895045643186264
-0.019209805720971928
-0.05362930674747366
-0.06328527100269243
-0.06105464284955377
-0.0670626572636568
-0.060517958337893654
-0.15470361382210704
-0.09514448536340782
-0.03353894402058977
-0.10578954770553861
-0.052517224171207647
-0.031057373552851222
-0.060517958337893654
-0.00472046561081005
-0.0670626572636568
-0.05830615714386123
-0.12605642981017315
-0.04438969188851555
-0.02361662598140489
-0.04042652882632253
-0.13624557056477757
-0.11317784272001814
-0.07960873385635389
-0.057030913809589925
-0.029164355868211766
-0.07960873385635389
-0.07995307839886928
-0.09379958839840769
-0.061289058597448785
-0.05862207452909395
-0.08128536695111059
0.003679486038169036
-0.04904327224985458
-0.05830615714386123
-0.1542163177584174
-0.027610503885006365
-0.16648848065926164
-0.15594999937375012
-0.07865107296697621
-0.0868946734471153
-0.10708208870926704
-0.20665776347272702
-0.04795349331900172
-0.13624557056477757
-0.11655827222956998
-0.05247216244376536
-0.08133736636533498
-0.05249082280851288
-0.011835222280405053
-0.02717537194928132
-0.01968688730606363
-0.0456700469100084
-0.12665218856257457
-0.07960873385635389
-0.12605642981017315
-0.06158384124250316
-0.00902759621325809
-0.04349223489398609
-0.02717537194928132
-0.08496890125830343
-0.11443697410064765
-0.08815457076862927
-0.11919616103020271
-0.06815498216145643
-0.027326868276562784
-0.11295334822585801
0.0026433478399019617
-0.046456934882691474
-0.02063542185780053
-0.04895045643186264
-0.00902759621325809
-0.07528053846609913
-0.08613004148897875
-0.07455616764187967
-0.06277312986921675
-0.11443697410064765
-0.054124851131818086
-0.05830615714386123
-0.06328527100269243
-0.11317784272001814
-0.09071564385821221
-0.05830615714386123
-0.0790761716194737
-0.00472046561081005
-0.05267785582492641
-0.057030913809589925
-0.0790761716194737
-0.04904327224985458
-0.15470361382210704
-0.06967203822400644
-0.09946945958241597
-0.05830615714386123
-0.10193353681518459
-0.10362225970944382
0.010978621919109097
-0.08613004148897875
-0.016118698308251436
-0.02361662598140489
-0.019209805720971928
-0.06853979694755652
-0.07383297633079591
-0.0838463122432345
-0.07823570451698321
-0.07455616764187967
-0.05362930674747366
-0.03134040235850043
-0.11874408081119707
-0.03667058908425086
-0.06681556119875229
-0.04795349331900172
-0.07383297633079591
-0.046456934882691474
-0.031057373552851222
-0.09157880698041224
-0.13624557056477757
-0.10193315147713675
0.001149319236883664
-0.07020031577455435
-0.10228323159790148
-0.11317784272001814
-0.046456934882691474
-0.009639844819403477
-0.1333899814076204
-0.05634987249183437
-0.019735859281257505
-0.10193353681518459
-0.11660619795166847
-0.11534251426961502
-0.05830615714386123
-0.060517958337893654
-0.11443697410064765
-0.081350764652299
-0.010849827244236578
-0.0868946734471153
-0.028630569934128446
-0.04795349331900172
-0.02063542185780053
-0.05249082280851288
-0.02727482894503436
-0.00472046561081005
-0.11317784272001814
-0.07346878170735337
-0.11660619795166847
-0.029164355868211766
-0.09157880698041224
-0.05247216244376536
-0.07865107296697621
-0.07995307839886928
-0.12605642981017315
-0.08121842339990173
-0.02717537194928132
-0.11443697410064765
-0.07528053846609913
-0.20665776347272702
-0.0047368941369250435
-0.10578954770553861
-0.0645148189737707
-0.07455616764187967
-0.11874408081119707
-0.04904327224985458
0.0019430138933515374
-0.06328527100269243
0.010978621919109097
-0.10737141868060221
-0.1289196075800953
-0.03134040235850043
-0.036958447226795775
-0.17565539811841407
-0.15594999937375012
-0.07865107296697621
-0.036958447226795775
-0.016118698308251436
-0.038037771215651765
-0.09514448536340782
-0.05193074224887181
-0.028630569934128446
-0.10578954770553861
-0.07020031577455435
-0.07960873385635389
-0.01893932319658052
-0.07470567252444538
-0.0790761716194737
-0.03181598078171612
-0.11317784272001814
-0.0790761716194737
-0.11874408081119707
-0.09514448536340782
-0.05231223498108047
-0.08080776474301737
-0.1212175156943385
-0.10193315147713675
0.001149319236883664
-0.12665218856257457
-0.08613004148897875
-0.04540759873156557
-0.057030913809589925
-0.12700533737547703
-0.02063542185780053
-0.04075184480970912
-0.02063542185780053
-0.10992177279264942
-0.07383297633079591
-0.11805904996937691
-0.05465674507849899
-0.02361662598140489
-0.11874408081119707
-0.1289196075800953
-0.0790761716194737
-0.03349101398823809
-0.13728727293763401
-0.010849827244236578
-0.07470567252444538
-0.03181598078171612
-0.02361662598140489
-0.04349223489398609
-0.1285046921276513
-0.08080776474301737
0.003679486038169036
-0.0730659646404902
-0.036958447226795775
-0.0807701061730992
-0.03349101398823809
0.007409880953788756
-0.05231223498108047
-0.1379563956045601
0.010978621919109097
-0.0838463122432345
-0.1289196075800953
-0.10193315147713675
-0.057030913809589925
-0.08128536695111059
0.001149319236883664
-0.08613004148897875
-0.07467070353209217
-0.15470361382210704
-0.07865107296697621
-0.07865107296697621
-0.05267785582492641
-0.09157880698041224
-0.11534251426961502
-0.07995307839886928
-0.07960873385635389
-0.07455616764187967
-0.10578954770553861
-0.10992177279264942
-0.05830615714386123
-0.1646484980245511
-0.12700533737547703
-0.04349223489398609
-0.07728788954126811
-0.05231223498108047
-0.09379958839840769
-0.01968688730606363
-0.09157880698041224
-0.052517224171207647
-0.03181598078171612
-0.1038672475121978
-0.07818856275591826
-0.04895045643186264
-0.1333899814076204
-0.13952692987386475
-0.05331713998232632
-0.01968688730606363
-0.0868946734471153
-0.10708208870926704
-0.052517224171207647
-0.06328527100269243
-0.05465674507849899
-0.07467070353209217
-0.05249082280851288
-0.01968688730606363
-0.11317784272001814
-0.05830615714386123
-0.10193315147713675
-0.05231223498108047
-0.05193074224887181
-0.05862207452909395
-0.031057373552851222
-0.13728727293763401
-0.05362930674747366
-0.10708208870926704
-0.07467070353209217
-0.081350764652299
-0.07191943840702625
-0.04904327224985458
-0.17565539811841407
-0.06105464284955377
-0.10578954770553861
-0.07960873385635389
-0.07485347369765474
-0.13624557056477757
-0.01428471652441748
-0.027610503885006365
-0.05830615714386123
-0.09379958839840769
-0.17445981942652472
-0.019209805720971928
-0.03353894402058977
-0.05231223498108047
-0.049939567587071576
-0.0047368941369250435
-0.052517224171207647
-0.04904327224985458
-0.10737141868060221
-0.11317784272001814
-0.06890408337525064
-0.0670626572636568
-0.0512721600750703
