-0.07310545086497901
-0.08400778670357033
-0.010602686026346942
-0.025609109635431546
-0.090795000684812
-0.07439567631272558
-0.04137126178299944
-0.12034232729789085
-0.025609109635431546
0.007444084055578866
-0.04728221849886905
-0.06648038837903603
-0.014641328612001216
0.017732836886346425
-0.05597831506086384
-0.18262848784631083
-0.020448418423547433
-0.010699342262645095
-0.08324619125635417
-0.03349897751706207
-0.043644832104930434
-0.027328090602137676
-0.050759112897143806
-0.011159391839011532
-0.04741912893805895
-0.018326786129015938
-0.03392722648341201
0.021738961327927717
-0.07200926703634129
-0.05591188493483856
-0.027631711744752777
-0.014374550401180637
-0.005583573423454685
-0.040170993627281
-0.06648038837903603
-0.033032229492940116
-0.005678122514946291
-0.004438480464363608
-0.03711209939254881
-0.036532458403446606
-0.1320754112561864
-0.0038644732371837577
-0.06962791836339843
-0.052842437774378616
-0.009882681478924314
-0.07220531320148847
-0.03693584210615431
-0.04765226120699332
-0.06924157350423858
-0.08350476797989799
-0.026208843545734842
-0.030927241169050785
-0.02393704826220911
-0.07200926703634129
-0.010602686026346942
-0.06068274858584748
-0.050759112897143806
-0.05745027483176137
-0.027173447312427403
-0.03914500756883061
-0.03047431976203944
-0.03259010246681342
-0.03800400809775067
-0.027328090602137676
-0.03438435644411491
-0.08400778670357033
-0.07959802602367146
-0.10294819584222431
-0.06983402153267655
-0.06924157350423858
-0.06289503270189073
-0.028496848422161006
-0.04743887197395548
-0.04954183792712446
-0.04587873105787569
-0.035664925920113395
0.014254214965492916
0.012626972734881302
-0.027832616548296298
-0.052510151184222684
-0.02393704826220911
0.0053373143660696044
-0.07204991230106707
-0.057161939627761324
-0.06832984175107848
-0.059609489691191786
0.012626972734881302
-0.03693584210615431
-0.0095928860207329
-0.018775924159726818
-0.04172736473989909
-0.03711209939254881
-0.016236013848218402
-0.011159391839011532
-0.02798156202448449
-0.04172736473989909
-0.014165094336344655
-0.060486878180996004
-0.057161939627761324
-0.09636428261948546
-0.04765226120699332
-0.02383555304551845
-0.07439567631272558
-0.026208843545734842
-0.017640242147185667
-0.028496848422161006
-0.027672134933161334
-0.07439567631272558
-0.027828964643669223
-0.0038644732371837577
-0.025657237364024536
-0.05597831506086384
0.003753268908694187
-0.0981852609878716
-0.05071955943318205
-0.04587873105787569
-0.02367114544437873
-0.00927366669852853
0.005898032697916092
-0.04137126178299944
-0.08502786894847222
-0.022986430644046332
-0.12569473079129154
-0.061944724360046576
-0.04741912893805895
-0.03693584210615431
-0.024977377922624833
-0.09465484257333666
-0.026208843545734842
-0.020724966984096795
-0.05222429972045958
-0.1244881175665047
-0.00927366669852853
-0.07460100458612465
-0.035664925920113395
-0.03711209939254881
-0.053792716652550074
-0.07460100458612465
-0.05966553719959628
-0.004566598350152261
-0.027828964643669223
-0.02211023577486279
-0.04282626570546031
-0.04361192311584082
-0.03730236194306781
-0.008956305696530331
-0.024082054877354434
-0.04701246569569916
-0.014825483136284805
-0.04728221849886905
-0.036539398334221804
-0.06289503270189073
-0.036015231163773975
-0.09465484257333666
-0.08547571310591631
-0.05365274622812367
-0.025657237364024536
-0.18262848784631083
-0.017640242147185667
-0.01066046618885813
-0.04730746116863667
-0.05591188493483856
-0.021230677008378464
-0.13283310274451704
-0.09321281376423236
0.014254214965492916
-0.051267111456479386
-0.00927366669852853
-0.03711209939254881
-0.027832616548296298
-0.0508621961023518
-0.03259010246681342
-0.07245745302643623
-0.0238123345030899
-0.050689495845172246
-0.05966346890963268
-0.027910835392854612
0.012626972734881302
-0.043992900496564784
-0.02114275130843021
-0.020448418423547433
-0.04420572713163608
-0.04317617700361247
-0.04317617700361247
-0.051267111456479386
-0.00927366669852853
-0.00927366669852853
-0.018053515798832576
-0.08324619125635417
-0.01044792712839843
-0.04282626570546031
-0.026641649934699772
-0.026641649934699772
-0.05158581118778882
-0.05365274622812367
-0.04420572713163608
-0.025609109635431546
-0.03209605654615317
-0.010602686026346942
-0.08780373412176488
-0.027328090602137676
0.021738961327927717
-0.025609109635431546
-0.014825483136284805
-0.04665597476936902
-0.02920928839082981
-0.033406988850975525
-0.07224780666260075
-0.12569473079129154
-0.03848146071052295
0.002157404817361528
-0.05966346890963268
-0.01066046618885813
-0.014825483136284805
-0.014394694167358444
0.012626972734881302
0.012626972734881302
-0.039451702686721275
-0.051267111456479386
-0.06962791836339843
-0.09465484257333666
-0.046298209242438326
-0.016087752791194013
-0.054166245560754604
-0.07313492771019255
-0.014825483136284805
-0.057161939627761324
-0.02367114544437873
-0.0030934224296505996
-0.018775924159726818
-0.05468075230719852
-0.0981852609878716
-0.014394694167358444
-0.14971388600776325
-0.03316732595744592
-0.05454055994542415
-0.05432398898882427
-0.01762383400860605
-0.042184326003967085
-0.03403669179576107
-0.0400536675789646
-0.05871881326692563
-0.05580886301231656
-0.059609489691191786
-0.13283310274451704
-0.010602686026346942
0.021738961327927717
-0.03047431976203944
-0.04741144064436336
-0.022983808406216825
-0.05580886301231656
-0.05074548924070305
-0.06426921949239806
-0.014861486593785183
-0.036015231163773975
-0.0148318581055465
-0.08629595839802695
-0.0400536675789646
-0.03730236194306781
-0.03693584210615431
-0.04587873105787569
-0.04730746116863667
-0.03259010246681342
-0.005583573423454685
-0.07913515264029834
0.007444084055578866
-0.06289503270189073
-0.024977377922624833
-0.043992900496564784
-0.022983808406216825
-0.059600590837287186
-0.12569473079129154
-0.04587873105787569
-0.006861379773434467
-0.042184326003967085
-0.0400536675789646
-0.02383555304551845
-0.04741912893805895
-0.020448418423547433
-0.043992900496564784
0.002157404817361528
-0.1244881175665047
-0.0981852609878716
-0.026208843545734842
-0.059609489691191786
-0.06537874592034641
0.005898032697916092
-0.016236013848218402
-0.016087752791194013
-0.016236013848218402
-0.02211023577486279
-0.051267111456479386
-0.00432162885254697
-0.0030934224296505996
-0.01848799719313079
-0.08950750641923923
-0.045001054857477366
-0.05222429972045958
-0.08324619125635417
-0.028496848422161006
-0.012442240774272148
-0.014374550401180637
-0.04979398891352814
-0.046298209242438326
-0.06766359015149444
-0.043084177695404194
-0.10294819584222431
-0.014641328612001216
-0.04979398891352814
-0.00626240875124598
-0.030846372654496544
-0.05365274622812367
0.014254214965492916
-0.010699342262645095
-0.07245745302643623
-0.009882681478924314
-0.01066046618885813
-0.0981852609878716
-0.033406988850975525
-0.07654745621023931
0.014254214965492916
-0.03848146071052295
-0.016120753316563655
-0.03316732595744592
-0.01066046618885813
0.003753268908694187
-0.05396587138130801
-0.04954183792712446
-0.11115785265230176
-0.06412078386608164
-0.05731586694182964
-0.03350186676116556
-0.014861486593785183
-0.07654745621023931
-0.004438480464363608
-0.009208280980839768
-0.01724962585466226
-0.04430007938258351
-0.04743887197395548
-0.0508621961023518
-0.033032229492940116
-0.020448418423547433
-0.026641649934699772
-0.016087752791194013
-0.027631711744752777
-0.03625049697126661
-0.052510151184222684
-0.10995296039888991
-0.04743887197395548
-0.12034232729789085
-0.041832964531729584
-0.004438480464363608
-0.027832616548296298
-0.03259010246681342
-0.07220531320148847
-0.01044792712839843
-0.0148318581055465
-0.024082054877354434
-0.009208280980839768
-0.03438435644411491
-0.005583573423454685
-0.10592830051845009
-0.02367114544437873
-0.03452197581002499
-0.12034232729789085
-0.01044792712839843
-0.02383555304551845
-0.045001054857477366
-0.03403669179576107
-0.0690855815144326
0.0053373143660696044
-0.05365274622812367
-0.005678122514946291
0.005898032697916092
-0.02798156202448449
-0.05731586694182964
-0.04971365092524508
-0.02114275130843021
-0.02393704826220911
-0.027910835392854612
-0.05864469117707597
-0.008870796732858507
-0.01724962585466226
-0.03177516634672405
-0.03452197581002499
-0.04956000446024643
-0.03403669179576107
-0.020448418423547433
0.005898032697916092
-0.027828964643669223
-0.05864469117707597
-0.045178440803683134
-0.10294819584222431
-0.0981852609878716
0.014254214965492916
-0.06068274858584748
-0.036539398334221804
-0.025657237364024536
-0.04172736473989909
-0.009208280980839768
-0.0508621961023518
-0.05071955943318205
-0.06426921949239806
-0.04439314273701462
-0.043644832104930434
-0.04282626570546031
-0.04361192311584082
-0.05432398898882427
-0.052761434401284064
-0.04587873105787569
-0.006861379773434467
-0.05158581118778882
-0.025609109635431546
-0.016236013848218402
-0.10515775182737216
0.017732836886346425
-0.02367114544437873
0.010450255607129586
-0.04954183792712446
-0.024977377922624833
0.0053373143660696044
-0.009882681478924314
-0.04317617700361247
-0.18262848784631083
-0.011159391839011532
-0.014861486593785183
-0.2603703406101559
-0.014861486593785183
-0.06962791836339843
-0.04110231533482839
-0.05966346890963268
-0.02798156202448449
-0.057987734668134526
-0.026208843545734842
-0.02367114544437873
-0.007895115797044437
-0.036514396391948395
-0.060486878180996004
-0.0095928860207329
-0.026208843545734842
-0.052842437774378616
-0.10995296039888991
-0.01848799719313079
-0.04915464330044422
-0.08780373412176488
-0.060486878180996004
-0.09636428261948546
-0.007895115797044437
-0.07913515264029834
-0.059600590837287186
0.0053373143660696044
-0.05468075230719852
-0.12569473079129154
-0.05222429972045958
-0.08350476797989799
-0.04420572713163608
-0.008870796732858507
-0.07078780508397102
0.0013930868778969914
-0.009208280980839768
-0.04954183792712446
-0.04956000446024643
-0.03438435644411491
-0.010699342262645095
-0.04420572713163608
-0.0400536675789646
-0.061477046050915474
-0.07310545086497901
-0.02352408035302374
-0.04954183792712446
-0.04730746116863667
-0.04971365092524508
-0.07439567631272558
-0.010699342262645095
-0.061944724360046576
-0.012442240774272148
-0.0400536675789646
-0.020724966984096795
-0.057987734668134526
-0.05174762831872491
-0.027910835392854612
0.005898032697916092
-0.04743887197395548
-0.05731586694182964
-0.014394694167358444
-0.06670894863163693
-0.04701246569569916
-0.036514396391948395
-0.00432162885254697
-0.027910835392854612
-0.02383555304551845
-0.0095928860207329
-0.05174762831872491
0.011797152367868009
-0.03625049697126661
-0.006861379773434467
-0.016236013848218402
-0.057161939627761324
-0.04743887197395548
-0.02211023577486279
-0.027173447312427403
-0.023475935279676795
-0.04137126178299944
-0.0400536675789646
-0.06426921949239806
-0.12034232729789085
-0.09669104634095296
-0.043992900496564784
-0.027631711744752777
-0.11115785265230176
-0.02765598387185226
-0.04430007938258351
-0.010699342262645095
-0.11540772429486713
-0.07460100458612465
-0.036514396391948395
-0.007895115797044437
0.011797152367868009
-0.09636428261948546
-0.0400536675789646
-0.006861379773434467
0.002157404817361528
-0.03209605654615317
-0.08400778670357033
0.011797152367868009
-0.010602686026346942
-0.05468075230719852
-0.014374550401180637
-0.01811951043026389
-0.04641910537946965
0.004900033853571334
-0.0981852609878716
-0.00626240875124598
-0.004566598350152261
-0.04641910537946965
-0.06983402153267655
-0.059600590837287186
-0.05222429972045958
-0.025609109635431546
-0.051267111456479386
-0.027694912633312575
-0.02573988385666509
-0.060486878180996004
-0.027694912633312575
-0.05365274622812367
-0.02211023577486279
-0.03316732595744592
-0.05174936753142967
-0.027694912633312575
-0.04658263548311938
-0.05222429972045958
0.010450255607129586
-0.04587873105787569
-0.05432398898882427
0.0053373143660696044
-0.025657237364024536
-0.027832616548296298
-0.026883303654769767
0.014254214965492916
-0.03578591925948601
-0.03595657842825471
-0.0693553182761657
-0.10294819584222431
-0.12034232729789085
-0.03595657842825471
-0.03800400809775067
-0.014825483136284805
-0.04743887197395548
-0.061944724360046576
-0.057987734668134526
-0.07913515264029834
-0.026883303654769767
-0.02352408035302374
-0.018775924159726818
-0.09465484257333666
-0.030927241169050785
-0.008870796732858507
-0.057987734668134526
0.0029966488819104455
0.011797152367868009
-0.016120753316563655
-0.04956000446024643
-0.018775924159726818
-0.05731586694182964
-0.00432162885254697
-0.03392722648341201
-0.050759112897143806
-0.052618267791897946
-0.0148318581055465
-0.004566598350152261
-0.05365274622812367
-0.03452197581002499
-0.027686089645165956
-0.004566598350152261
-0.02493293676869932
-0.08629595839802695
-0.04979398891352814
-0.0400536675789646
-0.016120753316563655
-0.052510151184222684
-0.027828964643669223
-0.14971388600776325
-0.011159391839011532
-0.03800400809775067
-0.061477046050915474
-0.008956305696530331
-0.01811951043026389
-0.02352408035302374
0.010450255607129586
-0.06537874592034641
-0.04730746116863667
-0.018228020171719428
-0.008956305696530331
-0.021230677008378464
-0.04730746116863667
-0.004566598350152261
-0.035664925920113395
0.021738961327927717
-0.08547571310591631
-0.033032229492940116
-0.04110231533482839
0.003753268908694187
-0.03604905636680645
-0.08780373412176488
-0.012442240774272148
-0.03147415525284102
-0.1320754112561864
-0.032020974795111394
-0.05745027483176137
-0.08350476797989799
-0.04979398891352814
0.0029966488819104455
-0.03392722648341201
-0.020724966984096795
-0.07959802602367146
-0.05432398898882427
-0.08324619125635417
-0.01066046618885813
-0.04701246569569916
-0.060486878180996004
-0.020448418423547433
-0.07959802602367146
-0.04730746116863667
-0.030846372654496544
-0.0030934224296505996
-0.007895115797044437
-0.054166245560754604
-0.06962791836339843
-0.041832964531729584
0.009069538417670463
-0.043992900496564784
-0.03452197581002499
0.0013930868778969914
-0.04954183792712446
-0.05591188493483856
-0.02114275130843021
-0.03595657842825471
-0.04728221849886905
-0.09397059180088448
-0.07439567631272558
-0.10592830051845009
-0.010602686026346942
-0.06832984175107848
0.003753268908694187
-0.014861486593785183
-0.04641910537946965
-0.050759112897143806
-0.05468075230719852
-0.09669104634095296
-0.050759112897143806
-0.05966346890963268
-0.004438480464363608
-0.12034232729789085
-0.0693553182761657
-0.02920928839082981
-0.06670894863163693
-0.0095928860207329
-0.09088095063923811
-0.10515775182737216
0.009069538417670463
-0.05864469117707597
-0.07245745302643623
-0.03316732595744592
-0.06766359015149444
-0.05719426648854161
-0.12569473079129154
-0.027694912633312575
-0.02653194033450799
-0.04743887197395548
-0.022983808406216825
-0.04117111633375087
-0.07245745302643623
-0.00927366669852853
-0.05174762831872491
-0.14971388600776325
-0.02573988385666509
-0.07654745621023931
-0.03438435644411491
-0.053792716652550074
-0.09669104634095296
-0.05396587138130801
-0.06412078386608164
-0.009208280980839768
0.002157404817361528
-0.014374550401180637
-0.030846372654496544
-0.11104094441872078
-0.052618267791897946
-0.02765598387185226
-0.01724962585466226
-0.06924157350423858
-0.018228020171719428
-0.010699342262645095
-0.017640242147185667
-0.027910835392854612
-0.06412078386608164
-0.014374550401180637
-0.018775924159726818
-0.052510151184222684
-0.009208280980839768
-0.10995296039888991
0.0053373143660696044
-0.021230677008378464
-0.004566598350152261
-0.03693584210615431
-0.04956000446024643
-0.09669104634095296
-0.036514396391948395
-0.014444691630545367
-0.03711209939254881
-0.007895115797044437
-0.06026501118687332
-0.01811951043026389
-0.04117111633375087
-0.03047431976203944
-0.06026501118687332
-0.08400778670357033
-0.014444691630545367
-0.06670894863163693
-0.12034232729789085
-0.02920928839082981
-0.024082054877354434
-0.06766359015149444
-0.02211023577486279
-0.054166245560754604
-0.020448418423547433
-0.027832616548296298
-0.039451702686721275
-0.027173447312427403
-0.09321281376423236
0.005898032697916092
-0.08324619125635417
-0.05719426648854161
-0.00927366669852853
-0.010602686026346942
-0.0508621961023518
-0.026883303654769767
-0.008870796732858507
-0.09669104634095296
-0.06832984175107848
-0.02493293676869932
-0.04954183792712446
-0.03595657842825471
-0.059600590837287186
-0.07913515264029834
0.014254214965492916
-0.036539398334221804
-0.010602686026346942
-0.03350186676116556
-0.050689495845172246
-0.04117111633375087
-0.021230677008378464
-0.025609109635431546
-0.08350476797989799
-0.025657237364024536
-0.04137126178299944
0.011797152367868009
-0.017640242147185667
-0.02573988385666509
-0.05174762831872491
-0.060486878180996004
-0.03147415525284102
-0.04110231533482839
0.009292380829290701
-0.11540772429486713
-0.02114275130843021
-0.06670894863163693
-0.05570218000488027
-0.052510151184222684
-0.04420572713163608
-0.04587873105787569
-0.026486352142515268
0.005898032697916092
-0.045001054857477366
-0.06412078386608164
-0.026883303654769767
-0.014444691630545367
-0.05158581118778882
-0.06924157350423858
-0.042184326003967085
-0.05731586694182964
-0.05966553719959628
-0.014394694167358444
-0.02367114544437873
-0.04956000446024643
-0.018326786129015938
-0.018775924159726818
-0.027672134933161334
-0.08780373412176488
-0.09088095063923811
-0.046298209242438326
-0.09636428261948546
-0.057161939627761324
-0.03848146071052295
-0.09321281376423236
-0.05222429972045958
-0.059600590837287186
-0.021230677008378464
-0.014394694167358444
-0.05864469117707597
-0.08350476797989799
-0.014394694167358444
-0.090795000684812
-0.11540772429486713
-0.025609109635431546
-0.07310545086497901
-0.06670894863163693
-0.04971365092524508
-0.026883303654769767
-0.02765598387185226
-0.05580886301231656
-0.05174936753142967
-0.059600590837287186
-0.12569473079129154
-0.04954183792712446
-0.07959802602367146
-0.03438435644411491
-0.018228020171719428
-0.030927241169050785
0.0013930868778969914
-0.008956305696530331
-0.01762383400860605
-0.018053515798832576
-0.006861379773434467
-0.07654745621023931
-0.04587873105787569
-0.040264311228781685
-0.014641328612001216
-0.043084177695404194
-0.02607854746401417
-0.04282626570546031
-0.05966553719959628
-0.02349504580566102
-0.00927366669852853
-0.05871881326692563
-0.016236013848218402
-0.04430007938258351
-0.04430007938258351
-0.06648038837903603
-0.07200926703634129
-0.0095928860207329
-0.033032229492940116
0.017732836886346425
-0.03177516634672405
-0.009882681478924314
-0.0400536675789646
-0.016713151561053803
-0.07439567631272558
-0.04954183792712446
-0.03438435644411491
-0.021230677008378464
-0.02383555304551845
-0.07310545086497901
-0.04743887197395548
-0.06026501118687332
-0.005583573423454685
-0.041832964531729584
-0.05864469117707597
-0.057987734668134526
0.009292380829290701
-0.053792716652550074
-0.04665597476936902
-0.020448418423547433
-0.036015231163773975
-0.045178440803683134
-0.05601350434930206
-0.06832984175107848
-0.014374550401180637
0.014254214965492916
-0.03349897751706207
-0.027832616548296298
-0.04665597476936902
-0.052510151184222684
-0.026641649934699772
-0.00042941304301740725
-0.057161939627761324
-0.07487672898965167
-0.050759112897143806
-0.0508621961023518
0.012626972734881302
-0.010699342262645095
-0.050689495845172246
-0.02573988385666509
-0.04172736473989909
-0.014394694167358444
-0.05719426648854161
-0.05074548924070305
-0.05966553719959628
-0.03349897751706207
-0.016236013848218402
-0.014374550401180637
-0.06026501118687332
0.009069538417670463
-0.0400536675789646
-0.03438435644411491
-0.051267111456479386
0.005898032697916092
-0.02349504580566102
-0.018775924159726818
-0.007895115797044437
-0.06068274858584748
-0.03730236194306781
-0.016120753316563655
-0.05158581118778882
-0.13283310274451704
-0.03604905636680645
-0.040264311228781685
-0.014641328612001216
-0.0400536675789646
-0.054166245560754604
-0.027631711744752777
-0.050689495845172246
-0.12569473079129154
-0.02653194033450799
-0.03848146071052295
-0.03693584210615431
-0.04741912893805895
-0.027828964643669223
-0.05597831506086384
-0.006861379773434467
-0.03800400809775067
-0.018053515798832576
-0.08165143890914685
-0.13283310274451704
-0.004438480464363608
-0.08502786894847222
-0.03403669179576107
-0.00927366669852853
-0.005678122514946291
-0.027173447312427403
-0.040264311228781685
-0.059609489691191786
-0.07204991230106707
-0.027328090602137676
-0.025016852352027528
-0.09636428261948546
-0.08350476797989799
-0.043084177695404194
-0.027328090602137676
-0.026208843545734842
-0.02393704826220911
-0.033032229492940116
-0.04741912893805895
-0.09321281376423236
-0.052842437774378616
-0.03711209939254881
-0.006861379773434467
-0.020448418423547433
-0.02393704826220911
-0.02607854746401417
-0.03625049697126661
-0.07913515264029834
0.021738961327927717
-0.036532458403446606
0.021738961327927717
-0.04954183792712446
-0.03711209939254881
-0.04701246569569916
-0.045001054857477366
-0.009882681478924314
-0.06537874592034641
-0.11540772429486713
0.0029966488819104455
-0.061477046050915474
-0.03438435644411491
-0.033032229492940116
0.010450255607129586
-0.04743887197395548
-0.032020974795111394
-0.09669104634095296
-0.06766359015149444
-0.07460100458612465
-0.05591188493483856
-0.027828964643669223
-0.00927366669852853
-0.040170993627281
-0.06537874592034641
-0.036514396391948395
-0.10294819584222431
-0.05731586694182964
