-0.018515364541010645
-0.007750254853803656
-0.03014290541955091
-0.03469566885838773
-0.016337484841266313
-0.03014290541955091
0.016359999484178378
-0.028941879236226573
-0.008629419149480773
-0.044938749743592764
-0.031189865664312515
-0.01749429304820045
-0.02928953775087478
-0.041042763325084816
-0.028941879236226573
-0.03014290541955091
-0.007750254853803656
-0.05725449159278495
-0.05373584626005778
-0.05725449159278495
-0.017433230344944775
-0.007191827039503074
-0.007735753523746516
-0.007735753523746516
-0.028941879236226573
-0.017433230344944775
-0.007191827039503074
-0.033509531216903456
-0.033509531216903456
-0.018515364541010645
-0.02928953775087478
-0.05373584626005778
-0.016183198265906883
-0.02120491665542129
-0.016337484841266313
-0.05725449159278495
-0.03520342032935971
-0.007750254853803656
-0.018515364541010645
-0.041042763325084816
-0.02120491665542129
-0.005268950193577199
-0.02120491665542129
-0.041042763325084816
-0.016183198265906883
-0.018515364541010645
-0.04148436486273442
-0.016337484841266313
-0.012954079077547372
-0.041042763325084816
-0.017433230344944775
-0.01749429304820045
-0.03520342032935971
-0.005268950193577199
-0.016183198265906883
0.03665334190545458
-0.041042763325084816
-0.01749429304820045
-0.05725449159278495
-0.03403779548810756
-0.03469566885838773
-0.02120491665542129
-0.012954079077547372
-0.03403779548810756
-0.02120491665542129
-0.016183198265906883
-0.03469566885838773
-0.03403779548810756
-0.05725449159278495
-0.012954079077547372
-0.016337484841266313
-0.03469566885838773
-0.008629419149480773
-0.01749429304820045
-0.012954079077547372
-0.03014290541955091
-0.012954079077547372
0.03665334190545458
-0.04148436486273442
-0.03469566885838773
0.016359999484178378
-0.03014290541955091
-0.02120491665542129
-0.008629419149480773
-0.04148436486273442
-0.05373584626005778
-0.02234446969763385
-0.02234446969763385
-0.01749429304820045
-0.031189865664312515
-0.008629419149480773
-0.016183198265906883
-0.041042763325084816
-0.017433230344944775
-0.02120491665542129
-0.044938749743592764
-0.03014290541955091
-0.033509531216903456
0.03665334190545458
-0.03014290541955091
-0.044938749743592764
-0.044938749743592764
-0.03469566885838773
-0.007191827039503074
-0.031189865664312515
-0.05725449159278495
-0.05373584626005778
-0.04148436486273442
-0.033509531216903456
-0.01749429304820045
-0.031189865664312515
-0.03469566885838773
-0.05725449159278495
-0.01749429304820045
-0.017433230344944775
0.03665334190545458
-0.02120491665542129
-0.02234446969763385
-0.02234446969763385
-0.017433230344944775
-0.031189865664312515
-0.044938749743592764
0.03665334190545458
-0.033509531216903456
-0.03469566885838773
-0.02928953775087478
-0.01749429304820045
-0.02120491665542129
-0.05373584626005778
-0.04148436486273442
-0.03403779548810756
-0.005268950193577199
-0.02928953775087478
-0.016183198265906883
-0.04148436486273442
-0.02234446969763385
-0.016183198265906883
-0.044938749743592764
-0.01749429304820045
-0.012954079077547372
-0.008629419149480773
-0.03469566885838773
-0.041042763325084816
-0.007750254853803656
-0.05725449159278495
-0.012954079077547372
-0.033509531216903456
-0.008629419149480773
-0.044938749743592764
-0.007191827039503074
-0.012954079077547372
-0.01749429304820045
-0.05725449159278495
-0.03403779548810756
-0.02234446969763385
-0.02234446969763385
-0.018515364541010645
-0.02234446969763385
-0.028941879236226573
-0.02928953775087478
-0.03014290541955091
-0.02120491665542129
-0.03469566885838773
0.016359999484178378
-0.018515364541010645
-0.012954079077547372
-0.05373584626005778
-0.008629419149480773
-0.008629419149480773
-0.02928953775087478
-0.02928953775087478
-0.02234446969763385
-0.03469566885838773
-0.033509531216903456
-0.05373584626005778
-0.008629419149480773
-0.018515364541010645
-0.05373584626005778
-0.016183198265906883
-0.05373584626005778
-0.008629419149480773
-0.017433230344944775
-0.05725449159278495
-0.05373584626005778
-0.007191827039503074
-0.028941879236226573
-0.02928953775087478
-0.007191827039503074
-0.02120491665542129
-0.02234446969763385
-0.041042763325084816
-0.007191827039503074
-0.031189865664312515
-0.028941879236226573
-0.041042763325084816
-0.016337484841266313
-0.017433230344944775
-0.007191827039503074
-0.007750254853803656
-0.02928953775087478
-0.05725449159278495
-0.03469566885838773
-0.007750254853803656
-0.007750254853803656
-0.044938749743592764
-0.03014290541955091
-0.033509531216903456
-0.044938749743592764
-0.01749429304820045
-0.007750254853803656
-0.03014290541955091
-0.033509531216903456
-0.041042763325084816
-0.007750254853803656
-0.018515364541010645
-0.03520342032935971
-0.05373584626005778
0.03665334190545458
-0.01749429304820045
-0.044938749743592764
-0.007191827039503074
0.03665334190545458
-0.02120491665542129
-0.04148436486273442
-0.028941879236226573
-0.016183198265906883
0.03665334190545458
0.016359999484178378
-0.012954079077547372
-0.041042763325084816
-0.012954079077547372
-0.03520342032935971
-0.018515364541010645
0.03665334190545458
-0.012954079077547372
-0.05373584626005778
0.03665334190545458
0.03665334190545458
-0.05373584626005778
-0.03520342032935971
-0.02120491665542129
-0.033509531216903456
-0.05725449159278495
-0.016183198265906883
-0.03014290541955091
-0.017433230344944775
-0.007735753523746516
-0.03469566885838773
-0.044938749743592764
-0.033509531216903456
-0.02120491665542129
-0.041042763325084816
-0.041042763325084816
-0.02234446969763385
-0.03520342032935971
-0.007735753523746516
-0.012954079077547372
-0.028941879236226573
-0.03469566885838773
-0.016337484841266313
-0.017433230344944775
-0.007191827039503074
-0.007191827039503074
-0.017433230344944775
-0.044938749743592764
-0.007735753523746516
-0.018515364541010645
-0.04148436486273442
-0.008629419149480773
-0.044938749743592764
-0.05373584626005778
-0.05725449159278495
-0.007735753523746516
-0.03469566885838773
0.016359999484178378
0.03665334190545458
-0.041042763325084816
-0.016183198265906883
-0.016183198265906883
-0.016337484841266313
-0.04148436486273442
-0.02928953775087478
-0.02928953775087478
-0.018515364541010645
0.03665334190545458
-0.02234446969763385
-0.044938749743592764
-0.03014290541955091
-0.028941879236226573
-0.007750254853803656
-0.03469566885838773
-0.02928953775087478
-0.05373584626005778
-0.05725449159278495
-0.012954079077547372
0.03665334190545458
-0.041042763325084816
-0.01749429304820045
-0.041042763325084816
-0.008629419149480773
-0.008629419149480773
-0.031189865664312515
-0.018515364541010645
-0.03469566885838773
-0.031189865664312515
-0.02234446969763385
-0.03469566885838773
-0.01749429304820045
-0.033509531216903456
-0.017433230344944775
0.016359999484178378
0.03665334190545458
-0.03403779548810756
-0.005268950193577199
-0.018515364541010645
-0.05725449159278495
-0.02234446969763385
-0.007750254853803656
-0.041042763325084816
-0.03014290541955091
-0.01749429304820045
-0.02120491665542129
-0.03520342032935971
-0.016337484841266313
-0.033509531216903456
-0.04148436486273442
-0.01749429304820045
-0.03403779548810756
-0.02234446969763385
-0.018515364541010645
-0.02120491665542129
-0.02120491665542129
-0.007191827039503074
-0.007750254853803656
-0.016183198265906883
-0.016183198265906883
0.016359999484178378
-0.04148436486273442
-0.02234446969763385
-0.007735753523746516
-0.03014290541955091
-0.03014290541955091
-0.016337484841266313
-0.03469566885838773
-0.041042763325084816
-0.008629419149480773
-0.008629419149480773
0.03665334190545458
-0.028941879236226573
-0.05373584626005778
-0.018515364541010645
-0.02928953775087478
-0.007750254853803656
-0.005268950193577199
-0.007191827039503074
-0.017433230344944775
-0.007750254853803656
-0.016337484841266313
-0.044938749743592764
-0.03469566885838773
-0.03520342032935971
-0.04148436486273442
-0.02120491665542129
-0.017433230344944775
-0.03014290541955091
-0.031189865664312515
-0.007191827039503074
-0.018515364541010645
-0.031189865664312515
-0.008629419149480773
-0.01749429304820045
-0.02120491665542129
-0.008629419149480773
-0.017433230344944775
-0.01749429304820045
-0.01749429304820045
-0.028941879236226573
-0.005268950193577199
-0.02120491665542129
-0.005268950193577199
-0.05725449159278495
-0.041042763325084816
-0.012954079077547372
-0.017433230344944775
-0.016337484841266313
-0.007750254853803656
-0.017433230344944775
-0.008629419149480773
-0.007735753523746516
0.03665334190545458
-0.016183198265906883
-0.016337484841266313
-0.05725449159278495
-0.028941879236226573
-0.018515364541010645
-0.008629419149480773
-0.044938749743592764
-0.01749429304820045
-0.02928953775087478
-0.012954079077547372
-0.04148436486273442
-0.041042763325084816
-0.016183198265906883
-0.018515364541010645
-0.008629419149480773
0.016359999484178378
-0.016183198265906883
-0.05373584626005778
-0.007750254853803656
-0.01749429304820045
-0.031189865664312515
-0.008629419149480773
-0.02120491665542129
-0.033509531216903456
-0.03520342032935971
-0.031189865664312515
-0.03469566885838773
-0.02928953775087478
-0.03469566885838773
-0.016337484841266313
-0.016183198265906883
-0.03520342032935971
-0.017433230344944775
-0.03014290541955091
-0.02120491665542129
-0.03403779548810756
-0.007191827039503074
-0.05725449159278495
-0.012954079077547372
-0.016183198265906883
-0.033509531216903456
-0.03469566885838773
-0.01749429304820045
0.03665334190545458
-0.016183198265906883
-0.05725449159278495
-0.02928953775087478
-0.03014290541955091
-0.05373584626005778
-0.044938749743592764
-0.05373584626005778
-0.033509531216903456
-0.041042763325084816
0.03665334190545458
-0.008629419149480773
-0.041042763325084816
-0.033509531216903456
-0.03014290541955091
-0.018515364541010645
-0.016183198265906883
-0.008629419149480773
-0.041042763325084816
-0.05725449159278495
-0.02120491665542129
-0.041042763325084816
-0.03469566885838773
-0.016337484841266313
-0.028941879236226573
-0.016337484841266313
-0.01749429304820045
-0.02234446969763385
-0.03014290541955091
-0.016337484841266313
-0.03403779548810756
-0.033509531216903456
-0.02120491665542129
0.016359999484178378
-0.02928953775087478
-0.016337484841266313
-0.02234446969763385
-0.03520342032935971
-0.007735753523746516
-0.03014290541955091
0.016359999484178378
-0.016337484841266313
-0.007735753523746516
-0.007191827039503074
-0.007750254853803656
-0.044938749743592764
-0.03520342032935971
-0.008629419149480773
-0.017433230344944775
-0.008629419149480773
-0.016337484841266313
-0.03403779548810756
-0.016183198265906883
0.016359999484178378
-0.016337484841266313
-0.03014290541955091
-0.03520342032935971
-0.033509531216903456
-0.05725449159278495
-0.018515364541010645
-0.03469566885838773
-0.007750254853803656
-0.03014290541955091
-0.008629419149480773
-0.03469566885838773
-0.028941879236226573
-0.028941879236226573
-0.03520342032935971
-0.03520342032935971
-0.02928953775087478
-0.007191827039503074
-0.02234446969763385
-0.02234446969763385
-0.007191827039503074
-0.01749429304820045
-0.017433230344944775
-0.05373584626005778
-0.03403779548810756
-0.044938749743592764
0.03665334190545458
-0.041042763325084816
0.016359999484178378
-0.033509531216903456
-0.031189865664312515
-0.01749429304820045
0.016359999484178378
-0.05373584626005778
0.03665334190545458
-0.04148436486273442
-0.044938749743592764
-0.017433230344944775
-0.016183198265906883
-0.03403779548810756
-0.03403779548810756
-0.012954079077547372
-0.04148436486273442
-0.02120491665542129
-0.007750254853803656
-0.03469566885838773
-0.031189865664312515
-0.016183198265906883
-0.03403779548810756
-0.03520342032935971
-0.016337484841266313
-0.02928953775087478
-0.01749429304820045
-0.03014290541955091
-0.04148436486273442
0.03665334190545458
-0.005268950193577199
-0.03469566885838773
-0.01749429304820045
-0.007735753523746516
-0.017433230344944775
-0.007750254853803656
-0.012954079077547372
-0.03520342032935971
0.016359999484178378
-0.02120491665542129
-0.007191827039503074
-0.03469566885838773
-0.02928953775087478
-0.018515364541010645
-0.007191827039503074
-0.02120491665542129
-0.005268950193577199
-0.041042763325084816
-0.041042763325084816
-0.03520342032935971
-0.018515364541010645
-0.017433230344944775
0.016359999484178378
-0.012954079077547372
-0.028941879236226573
-0.005268950193577199
-0.02234446969763385
-0.03403779548810756
-0.05725449159278495
-0.007735753523746516
-0.044938749743592764
-0.03014290541955091
-0.01749429304820045
-0.05373584626005778
-0.05373584626005778
-0.03403779548810756
-0.007750254853803656
-0.031189865664312515
-0.018515364541010645
-0.005268950193577199
-0.008629419149480773
-0.05725449159278495
-0.028941879236226573
0.03665334190545458
-0.03014290541955091
-0.016337484841266313
-0.033509531216903456
-0.02928953775087478
-0.02120491665542129
0.016359999484178378
-0.007191827039503074
-0.044938749743592764
-0.05373584626005778
-0.033509531216903456
-0.028941879236226573
-0.018515364541010645
-0.05373584626005778
-0.02928953775087478
-0.02928953775087478
-0.005268950193577199
-0.03520342032935971
0.016359999484178378
-0.03520342032935971
-0.03520342032935971
-0.03469566885838773
-0.005268950193577199
-0.007735753523746516
-0.012954079077547372
-0.031189865664312515
-0.05373584626005778
-0.016183198265906883
-0.028941879236226573
0.03665334190545458
-0.012954079077547372
-0.016183198265906883
-0.01749429304820045
-0.016337484841266313
-0.007750254853803656
-0.02234446969763385
-0.02234446969763385
-0.008629419149480773
-0.007735753523746516
-0.03014290541955091
-0.033509531216903456
-0.016337484841266313
-0.007750254853803656
-0.018515364541010645
-0.007750254853803656
-0.02234446969763385
-0.05373584626005778
-0.01749429304820045
-0.018515364541010645
-0.03403779548810756
-0.007735753523746516
-0.04148436486273442
-0.008629419149480773
-0.007735753523746516
-0.008629419149480773
-0.01749429304820045
-0.04148436486273442
-0.016183198265906883
-0.03520342032935971
-0.018515364541010645
-0.01749429304820045
-0.028941879236226573
-0.01749429304820045
-0.02234446969763385
-0.05373584626005778
-0.007735753523746516
-0.008629419149480773
-0.04148436486273442
-0.016337484841266313
-0.017433230344944775
0.03665334190545458
-0.03520342032935971
-0.04148436486273442
0.03665334190545458
-0.02120491665542129
-0.031189865664312515
-0.03520342032935971
-0.05725449159278495
-0.028941879236226573
-0.016183198265906883
-0.05725449159278495
-0.008629419149480773
-0.03469566885838773
-0.012954079077547372
-0.02234446969763385
-0.05373584626005778
-0.007191827039503074
-0.016337484841266313
-0.028941879236226573
-0.016337484841266313
-0.012954079077547372
-0.012954079077547372
-0.01749429304820045
-0.007750254853803656
-0.04148436486273442
-0.04148436486273442
-0.05725449159278495
-0.033509531216903456
-0.05373584626005778
-0.031189865664312515
-0.02928953775087478
-0.016337484841266313
-0.05373584626005778
-0.03469566885838773
-0.02234446969763385
-0.033509531216903456
-0.016183198265906883
0.03665334190545458
-0.007735753523746516
-0.016183198265906883
-0.016337484841266313
-0.03014290541955091
-0.03520342032935971
-0.018515364541010645
-0.008629419149480773
-0.008629419149480773
-0.028941879236226573
-0.016183198265906883
-0.044938749743592764
-0.031189865664312515
-0.007735753523746516
-0.05725449159278495
-0.007735753523746516
-0.028941879236226573
-0.02120491665542129
-0.01749429304820045
-0.05725449159278495
-0.01749429304820045
-0.02234446969763385
-0.041042763325084816
-0.02234446969763385
-0.007735753523746516
-0.044938749743592764
-0.02234446969763385
-0.05725449159278495
-0.01749429304820045
-0.05373584626005778
-0.041042763325084816
-0.02234446969763385
-0.044938749743592764
-0.03520342032935971
-0.02928953775087478
-0.007735753523746516
-0.016337484841266313
-0.03469566885838773
-0.007191827039503074
-0.005268950193577199
-0.031189865664312515
-0.03014290541955091
-0.012954079077547372
-0.041042763325084816
-0.017433230344944775
-0.033509531216903456
-0.03403779548810756
-0.02120491665542129
-0.012954079077547372
-0.03469566885838773
-0.01749429304820045
-0.041042763325084816
-0.05373584626005778
-0.008629419149480773
-0.007735753523746516
0.016359999484178378
-0.03014290541955091
-0.044938749743592764
-0.028941879236226573
-0.028941879236226573
-0.03520342032935971
-0.03403779548810756
-0.007191827039503074
0.03665334190545458
-0.008629419149480773
-0.04148436486273442
-0.02120491665542129
-0.03469566885838773
-0.007735753523746516
-0.018515364541010645
-0.05373584626005778
0.016359999484178378
-0.02234446969763385
-0.03014290541955091
0.016359999484178378
-0.005268950193577199
-0.03469566885838773
-0.03469566885838773
-0.016183198265906883
-0.007750254853803656
-0.03469566885838773
-0.03520342032935971
-0.03520342032935971
-0.018515364541010645
-0.03520342032935971
-0.033509531216903456
-0.02928953775087478
-0.008629419149480773
-0.03469566885838773
-0.03014290541955091
-0.05725449159278495
-0.031189865664312515
-0.008629419149480773
-0.04148436486273442
-0.007735753523746516
-0.03520342032935971
-0.017433230344944775
-0.016337484841266313
-0.05373584626005778
-0.017433230344944775
0.03665334190545458
0.016359999484178378
-0.02928953775087478
-0.033509531216903456
0.016359999484178378
-0.007735753523746516
-0.031189865664312515
-0.02928953775087478
-0.02120491665542129
-0.02234446969763385
-0.04148436486273442
-0.05373584626005778
-0.02234446969763385
-0.007735753523746516
0.016359999484178378
-0.017433230344944775
-0.01749429304820045
-0.031189865664312515
-0.05725449159278495
-0.03014290541955091
-0.007735753523746516
0.016359999484178378
-0.02928953775087478
0.016359999484178378
-0.007191827039503074
-0.044938749743592764
-0.044938749743592764
-0.02234446969763385
-0.02120491665542129
-0.031189865664312515
-0.02120491665542129
-0.03469566885838773
-0.05725449159278495
-0.01749429304820045
-0.041042763325084816
-0.02928953775087478
-0.03403779548810756
-0.03403779548810756
-0.041042763325084816
-0.005268950193577199
-0.033509531216903456
-0.008629419149480773
-0.005268950193577199
-0.04148436486273442
-0.044938749743592764
-0.005268950193577199
-0.016337484841266313
-0.008629419149480773
-0.02120491665542129
-0.007191827039503074
-0.017433230344944775
-0.02234446969763385
-0.033509531216903456
-0.007735753523746516
-0.044938749743592764
-0.018515364541010645
-0.05373584626005778
-0.007750254853803656
-0.01749429304820045
-0.012954079077547372
-0.02928953775087478
-0.044938749743592764
-0.041042763325084816
-0.03469566885838773
-0.016183198265906883
-0.016183198265906883
-0.02234446969763385
-0.016183198265906883
-0.012954079077547372
-0.04148436486273442
-0.031189865664312515
-0.01749429304820045
-0.05373584626005778
-0.02234446969763385
-0.016337484841266313
-0.018515364541010645
-0.007735753523746516
-0.03469566885838773
-0.02234446969763385
-0.02234446969763385
-0.005268950193577199
-0.03014290541955091
-0.012954079077547372
-0.007735753523746516
-0.017433230344944775
-0.03403779548810756
-0.03469566885838773
0.016359999484178378
-0.03014290541955091
-0.03520342032935971
-0.04148436486273442
0.03665334190545458
-0.05725449159278495
-0.005268950193577199
-0.03469566885838773
-0.007735753523746516
-0.012954079077547372
-0.005268950193577199
-0.031189865664312515
-0.007750254853803656
-0.028941879236226573
-0.007191827039503074
-0.007750254853803656
-0.031189865664312515
-0.028941879236226573
-0.005268950193577199
-0.033509531216903456
-0.02928953775087478
-0.02928953775087478
-0.02120491665542129
0.03665334190545458
-0.018515364541010645
-0.02234446969763385
-0.017433230344944775
-0.03469566885838773
-0.03403779548810756
-0.012954079077547372
-0.041042763325084816
-0.012954079077547372
-0.031189865664312515
-0.03403779548810756
-0.005268950193577199
-0.018515364541010645
-0.007735753523746516
-0.01749429304820045
-0.007750254853803656
-0.007735753523746516
-0.012954079077547372
-0.007191827039503074
-0.03014290541955091
-0.007750254853803656
-0.016337484841266313
-0.016337484841266313
-0.041042763325084816
-0.012954079077547372
-0.04148436486273442
-0.03403779548810756
-0.007735753523746516
-0.03014290541955091
-0.03403779548810756
-0.007750254853803656
-0.007191827039503074
-0.03014290541955091
-0.007750254853803656
-0.044938749743592764
-0.017433230344944775
0.03665334190545458
0.016359999484178378
-0.04148436486273442
-0.03520342032935971
-0.02120491665542129
-0.033509531216903456
-0.028941879236226573
-0.05373584626005778
-0.008629419149480773
0.016359999484178378
-0.01749429304820045
-0.007191827039503074
-0.031189865664312515
-0.028941879236226573
-0.018515364541010645
0.03665334190545458
0.016359999484178378
-0.031189865664312515
-0.016183198265906883
-0.02234446969763385
-0.007735753523746516
-0.05373584626005778
-0.031189865664312515
-0.02234446969763385
-0.04148436486273442
-0.05373584626005778
-0.03520342032935971
-0.05725449159278495
0.016359999484178378
0.016359999484178378
-0.03469566885838773
-0.03520342032935971
-0.033509531216903456
-0.03520342032935971
-0.02234446969763385
-0.012954079077547372
-0.007191827039503074
-0.007191827039503074
-0.01749429304820045
-0.03469566885838773
-0.03520342032935971
-0.018515364541010645
0.03665334190545458
-0.05725449159278495
-0.03520342032935971
-0.05373584626005778
-0.018515364541010645
-0.007191827039503074
-0.031189865664312515
-0.044938749743592764
-0.041042763325084816
-0.033509531216903456
-0.028941879236226573
-0.05373584626005778
0.03665334190545458
0.03665334190545458
0.03665334190545458
-0.005268950193577199
-0.007750254853803656
-0.02120491665542129
-0.008629419149480773
-0.03403779548810756
