0.055648222069358017
-0.03947472693310345
-0.00468059459471276
0.058865193235412575
-0.015015113957916932
-0.031222661880912057
-0.02840738560169878
-0.007702772487596661
-0.02286814326641372
-0.057433510892083234
-0.13113471757240502
-0.06588428304338585
0.0009261769148349707
0.007585655907397947
-0.015015113957916932
-0.03122092698432994
-0.13035890178097717
-0.01923801601973843
-0.026472885165824047
-0.025887631838202085
-0.21713045846102494
-0.01941358524575248
-0.02840738560169878
-0.02286814326641372
0.039889182262148895
-0.001508028691448392
-0.02443374718460677
-0.01651318277191888
-0.03447066999430835
-0.01427780808573579
0.08104661711018932
-0.007702772487596661
0.006151789793074648
-0.1349377254277163
0.007585655907397947
-0.01923801601973843
-0.018172661463063726
0.008894799899692038
0.005867841043632978
0.058865193235412575
-0.049612262598103814
-0.010192037858768654
0.007857702556038333
-0.01904449633058234
-0.05814664629643437
0.01801166329782793
-0.049612262598103814
0.007589379865321079
-0.01824749468987515
0.033210376120470064
-0.03947472693310345
-0.10520132843460658
-0.02286814326641372
-0.037491434767404866
-0.044434156416310766
-0.08679588519871329
-0.05814664629643437
-0.03203822993188657
-0.02840738560169878
-0.07575379765934485
-0.02286814326641372
-0.0020773824302073116
-0.03536967674906126
-0.01941358524575248
0.007857702556038333
0.0006551320767549013
-0.023076760093651096
-0.009890219511267964
-0.13035890178097717
-0.03354780666574428
0.007866581362721049
-0.04337110028190763
0.058865193235412575
0.13677796370417655
-0.01914431000453921
-0.03122092698432994
-0.044434156416310766
0.008894799899692038
0.039889182262148895
0.04758904246846448
-0.021755128680224882
-0.01156952318485703
-0.057433510892083234
0.01966641723411004
-0.01651318277191888
0.055648222069358017
-0.02069087161782595
-0.025176337969956258
-0.02443374718460677
-0.013432157977883694
-0.03109040204255577
-0.09721825256185272
-0.002366577321277552
-0.020587028352423906
-0.0006714821562187168
-0.09339111948625978
-0.031222661880912057
-0.08679588519871329
-0.025887631838202085
0.033210376120470064
-0.044434156416310766
0.055648222069358017
-0.08377316795869542
-0.05590706360258094
-0.014346771251272528
-0.024485997828966252
-0.05590706360258094
0.016668519920836834
0.011407820314284434
0.02697650948061968
-0.037491434767404866
-0.08679588519871329
-0.0076208963267431805
-0.03203822993188657
-0.13113471757240502
-0.17220886880443592
-0.013432157977883694
0.019457845690781843
-0.06396791215548449
-0.04397014167949947
-0.016592965783193622
0.01966641723411004
-0.02269881747306002
-0.018172661463063726
-0.026419937751130766
0.01835062734177288
0.01801166329782793
0.033210376120470064
-0.033024055575564135
-0.030835991063436298
-0.01156952318485703
0.005704365698335204
-0.044895517422598834
-0.09717926298936679
-0.025887631838202085
-0.03109040204255577
-0.021755128680224882
0.13677796370417655
-0.049612262598103814
-0.025887631838202085
0.011407820314284434
-0.022633610662496022
-0.021755128680224882
-0.05590706360258094
-0.004455818640412148
-0.026472885165824047
0.12761654519448348
-0.09339111948625978
-0.03367748365086391
-0.01824749468987515
-0.002701736497762095
0.011407820314284434
-0.0006714821562187168
0.058865193235412575
0.016668519920836834
-0.03649504824446506
-0.004455818640412148
-0.010211374698185682
0.033210376120470064
0.016668519920836834
-0.02269881747306002
-0.04397014167949947
-0.06286034740419337
-0.015335885668179892
-0.03318970225317727
-0.010781991824283748
-0.057865747991250445
-0.01286238869037842
-0.0020773824302073116
-0.031222661880912057
-0.030835991063436298
-0.007956430979382425
-0.04410086648433878
-0.05590706360258094
-0.03536967674906126
-0.025018865795803338
0.019457845690781843
0.005867841043632978
0.007866581362721049
-0.01941358524575248
-0.02195494060305598
-0.026472885165824047
-0.02097608649192964
-0.15656736631656448
-0.06397646377808028
-0.03109040204255577
-0.001508028691448392
-0.09721825256185272
0.01966641723411004
-0.037491434767404866
-0.21713045846102494
0.13677796370417655
-0.007702772487596661
0.007589379865321079
-0.030842995176353544
-0.021204777837501017
0.019457845690781843
-0.05814664629643437
-0.06396791215548449
-0.10520132843460658
0.007585655907397947
0.0009261769148349707
-0.044434156416310766
-0.057433510892083234
-0.002366577321277552
-0.21713045846102494
-0.1349377254277163
-0.044434156416310766
-0.03122092698432994
0.01966641723411004
-0.0056831589029027185
-0.021755128680224882
0.0193161648510593
-0.044895517422598834
-0.03447066999430835
-0.04337110028190763
0.011407820314284434
-0.03947472693310345
0.0193161648510593
-0.09721825256185272
0.039889182262148895
-0.031222661880912057
-0.05814664629643437
-0.007165573433807326
-0.03354780666574428
0.018213693828944912
-0.007702772487596661
-0.03649504824446506
-0.013432157977883694
-0.06396791215548449
0.005704365698335204
-0.060079483798633364
-0.02269881747306002
-0.015015113957916932
-0.09339111948625978
-0.024485997828966252
-0.009890219511267964
-0.02269881747306002
0.08104661711018932
-0.02840738560169878
-0.032902298601427224
-0.009890219511267964
0.002748661041609638
0.01966641723411004
0.01801166329782793
-0.01904449633058234
-0.044434156416310766
-0.022413494020257045
-0.06397646377808028
-0.02069087161782595
0.033210376120470064
-0.01427780808573579
0.01801166329782793
0.0009261769148349707
-0.010211374698185682
-0.025176337969956258
-0.044895517422598834
-0.08377316795869542
-0.05590706360258094
0.009593147113922548
0.01966641723411004
0.005704365698335204
-0.13113471757240502
-0.02195494060305598
0.005867841043632978
-0.03367748365086391
-0.0046387937130827886
-0.047593233559347456
0.055648222069358017
-0.044434156416310766
0.04758904246846448
-0.21713045846102494
-0.02097608649192964
-0.03109040204255577
-0.030835991063436298
-0.060079483798633364
-0.05590706360258094
-0.02443374718460677
0.005704365698335204
-0.00468059459471276
-0.04397014167949947
-0.10165837661980318
-0.0041869052805951525
-0.025887631838202085
-0.01427780808573579
-0.018172661463063726
-0.07213655671003881
0.0009261769148349707
-0.09721825256185272
0.007585655907397947
-0.026419937751130766
0.002748661041609638
-0.09339111948625978
-0.03318970225317727
-0.19006706681425228
-0.026472885165824047
0.0600625429348704
-0.02269881747306002
-0.021204777837501017
-0.01914431000453921
-0.0020773824302073116
-0.01156952318485703
-0.1483991762228881
-0.007956430979382425
0.055648222069358017
-0.0020773824302073116
-0.0020710395882390254
-0.01824749468987515
-0.01914431000453921
-0.015015113957916932
0.007585655907397947
-0.10520132843460658
-0.037491434767404866
-0.021204777837501017
-0.010192037858768654
-0.049612262598103814
-0.007702772487596661
-0.010192037858768654
-0.004455818640412148
-0.21713045846102494
0.018213693828944912
-0.013432157977883694
-0.02195494060305598
0.018213693828944912
-0.01914431000453921
-0.01156952318485703
-0.032902298601427224
0.007866581362721049
-0.08377316795869542
-0.060079483798633364
-0.02443374718460677
-0.007956430979382425
0.05070343916328682
-0.02069087161782595
0.02697650948061968
-0.02286814326641372
0.033210376120470064
-0.03203822993188657
-0.008638534063686627
-0.057865747991250445
-0.02097608649192964
-0.03310180975283813
-0.03947472693310345
-0.01904449633058234
-0.04337110028190763
-0.0041869052805951525
-0.044895517422598834
-0.1483991762228881
0.09676881276704967
-0.024485997828966252
-0.08176501583160234
-0.01904449633058234
-0.07213655671003881
0.007585655907397947
-0.0046387937130827886
-0.025176337969956258
-0.03447066999430835
-0.015015113957916932
0.0600625429348704
-0.047593233559347456
-0.023076760093651096
-0.09339111948625978
-0.03447066999430835
-0.03354780666574428
0.011407820314284434
0.0006551320767549013
0.005867841043632978
-0.02269881747306002
-0.01427780808573579
-0.03310180975283813
0.02697650948061968
-0.0020710395882390254
-0.00468059459471276
-0.01427780808573579
-0.00468059459471276
-0.13113471757240502
-0.049612262598103814
-0.02195494060305598
-0.05590706360258094
-0.002701736497762095
-0.022413494020257045
-0.09717926298936679
-0.1745332244092474
-0.0076208963267431805
-0.0056831589029027185
-0.00468059459471276
-0.02443374718460677
0.0006551320767549013
-0.030835991063436298
-0.06397646377808028
-0.03447066999430835
0.12761654519448348
-0.0056831589029027185
-0.015503682274132407
-0.08679588519871329
0.12761654519448348
-0.060079483798633364
-0.04410086648433878
0.002748661041609638
-0.0041869052805951525
-0.01941358524575248
-0.007702772487596661
-0.044895517422598834
-0.009890219511267964
-0.021204777837501017
-0.02097608649192964
0.019457845690781843
-0.030842995176353544
-0.013432157977883694
-0.05590706360258094
0.12761654519448348
-0.032902298601427224
-0.1349377254277163
-0.13035890178097717
-0.08679588519871329
0.08104661711018932
-0.025176337969956258
-0.002701736497762095
0.13677796370417655
-0.007956430979382425
-0.0041869052805951525
-0.06396791215548449
-0.03109040204255577
-0.008983341232875516
-0.0020710395882390254
0.0009261769148349707
-0.016592965783193622
0.007857702556038333
-0.007165573433807326
-0.04792580308098284
-0.010192037858768654
0.019457845690781843
-0.024485997828966252
-0.021755128680224882
0.039889182262148895
-0.08377316795869542
-0.013432157977883694
0.0006551320767549013
-0.08176501583160234
-0.025018865795803338
0.01801166329782793
0.007585655907397947
0.018213693828944912
-0.007165573433807326
-0.014346771251272528
-0.04792580308098284
-0.032902298601427224
0.019457845690781843
-0.00468059459471276
-0.09721825256185272
-0.060079483798633364
-0.03109040204255577
-0.04337110028190763
-0.19006706681425228
-0.00468059459471276
0.007857702556038333
-0.04337110028190763
-0.01904449633058234
-0.010211374698185682
-0.03771859564217671
-0.008983341232875516
-0.03318970225317727
-0.015015113957916932
-0.03318970225317727
-0.032902298601427224
-0.03780664226259096
-0.0020773824302073116
0.008894799899692038
0.007589379865321079
-0.0020773824302073116
-0.025887631838202085
-0.13035890178097717
-0.0056831589029027185
-0.1349377254277163
-0.02195494060305598
-0.01904449633058234
-0.08679588519871329
-0.057433510892083234
-0.06286034740419337
0.09676881276704967
-0.0056831589029027185
-0.07213655671003881
-0.0056831589029027185
-0.02069087161782595
-0.037491434767404866
-0.021755128680224882
-0.025176337969956258
0.016668519920836834
-0.01156952318485703
-0.03109040204255577
-0.03318970225317727
-0.007956430979382425
0.12761654519448348
0.10470952572466885
-0.01904449633058234
-0.07491597180116749
-0.015503682274132407
-0.03367748365086391
0.0193161648510593
-0.011953485977206572
0.009593147113922548
-0.13113471757240502
0.09676881276704967
0.007585655907397947
-0.04337110028190763
0.055648222069358017
-0.0076208963267431805
-0.0041869052805951525
-0.014346771251272528
-0.01904449633058234
-0.05814664629643437
0.01966641723411004
-0.03310180975283813
0.01835062734177288
-0.01156952318485703
0.01966641723411004
-0.04337110028190763
-0.02269881747306002
-0.01824749468987515
0.01801166329782793
-0.044895517422598834
-0.03447066999430835
-0.018172661463063726
-0.02840738560169878
-0.057865747991250445
-0.10520132843460658
-0.009890219511267964
-0.08679588519871329
-0.01286238869037842
0.09676881276704967
0.12761654519448348
0.04758904246846448
0.13677796370417655
-0.1349377254277163
-0.06286034740419337
-0.047593233559347456
-0.057865747991250445
0.002748661041609638
0.09676881276704967
-0.021113328215234796
-0.044434156416310766
-0.1745332244092474
-0.06397646377808028
-0.04397014167949947
-0.10165837661980318
-0.01824749468987515
-0.07213655671003881
-0.0020773824302073116
-0.06588428304338585
-0.1483991762228881
-0.03536967674906126
-0.0041869052805951525
-0.049612262598103814
-0.025018865795803338
0.02697650948061968
0.002748661041609638
-0.060079483798633364
-0.03367748365086391
-0.10520132843460658
-0.06396791215548449
0.016668519920836834
0.007866581362721049
0.009101614310627766
-0.022413494020257045
-0.015335885668179892
0.009593147113922548
-0.002701736497762095
-0.007956430979382425
-0.03947472693310345
-0.01904449633058234
-0.03536967674906126
0.009101614310627766
-0.030835991063436298
-0.21713045846102494
-0.0006714821562187168
-0.044895517422598834
-0.08377316795869542
-0.010781991824283748
0.055648222069358017
0.10470952572466885
0.10470952572466885
-0.03367748365086391
-0.01941358524575248
-0.09339111948625978
0.007589379865321079
-0.020587028352423906
-0.007165573433807326
-0.021204777837501017
-0.021113328215234796
-0.09721825256185272
-0.05590706360258094
-0.015503682274132407
-0.03122092698432994
-0.025176337969956258
0.018213693828944912
0.007866581362721049
-0.01651318277191888
0.04758904246846448
-0.10520132843460658
-0.057433510892083234
-0.1745332244092474
-0.00468059459471276
-0.014346771251272528
-0.04397014167949947
-0.060079483798633364
-0.033024055575564135
-0.06588428304338585
-0.02269881747306002
-0.02097608649192964
0.005704365698335204
0.12761654519448348
0.009593147113922548
-0.007956430979382425
0.0600625429348704
-0.05590706360258094
-0.02069087161782595
-0.13035890178097717
-0.015335885668179892
-0.008983341232875516
0.01835062734177288
-0.010211374698185682
-0.007956430979382425
0.13677796370417655
-0.03367748365086391
-0.01904449633058234
0.01835062734177288
-0.010211374698185682
-0.010192037858768654
-0.009890219511267964
-0.0020773824302073116
-0.1349377254277163
-0.047593233559347456
-0.031222661880912057
-0.09339111948625978
-0.02390664865460733
0.01966641723411004
-0.03447066999430835
0.05070343916328682
-0.06588428304338585
-0.026419937751130766
0.02697650948061968
-0.10165837661980318
-0.008638534063686627
-0.21713045846102494
-0.016592965783193622
0.04758904246846448
0.007866581362721049
-0.007956430979382425
-0.03122092698432994
-0.06588428304338585
0.005867841043632978
-0.014346771251272528
-0.10520132843460658
-0.06588428304338585
-0.03203822993188657
0.005867841043632978
-0.011953485977206572
-0.08176501583160234
-0.03318970225317727
-0.025176337969956258
-0.010192037858768654
-0.010211374698185682
-0.025887631838202085
-0.020587028352423906
-0.007702772487596661
-0.0041869052805951525
-0.016592965783193622
-0.13035890178097717
-0.01904449633058234
-0.03649504824446506
-0.19006706681425228
-0.1483991762228881
-0.07575379765934485
-0.00468059459471276
-0.06397646377808028
-0.032902298601427224
0.0193161648510593
-0.033024055575564135
-0.016592965783193622
-0.022633610662496022
-0.010192037858768654
-0.06396791215548449
0.13677796370417655
-0.02195494060305598
0.055648222069358017
-0.032902298601427224
-0.033024055575564135
0.0600625429348704
-0.007702772487596661
-0.02269881747306002
-0.01941358524575248
-0.1483991762228881
-0.06588428304338585
-0.06588428304338585
-0.020587028352423906
-0.010781991824283748
-0.08377316795869542
-0.07575379765934485
-0.03947472693310345
0.0006551320767549013
-0.013432157977883694
0.008894799899692038
-0.02443374718460677
0.033210376120470064
-0.033024055575564135
0.13677796370417655
0.02697650948061968
-0.19006706681425228
-0.03447066999430835
-0.0006714821562187168
-0.013432157977883694
0.011407820314284434
-0.1483991762228881
-0.03122092698432994
-0.021204777837501017
-0.0056831589029027185
-0.06588428304338585
-0.03203822993188657
-0.07575379765934485
-0.06588428304338585
-0.0041869052805951525
-0.03947472693310345
-0.057865747991250445
-0.03771859564217671
-0.020587028352423906
0.007857702556038333
0.007857702556038333
0.10470952572466885
-0.024485997828966252
-0.0006714821562187168
0.01966641723411004
-0.06396791215548449
-0.0076208963267431805
0.006151789793074648
-0.06286034740419337
0.01966641723411004
-0.19006706681425228
-0.025887631838202085
-0.04337110028190763
-0.008983341232875516
-0.03109040204255577
-0.01824749468987515
-0.004455818640412148
-0.008638534063686627
-0.01824749468987515
-0.0076208963267431805
-0.03947472693310345
-0.04792580308098284
0.009593147113922548
-0.022413494020257045
0.0600625429348704
-0.19006706681425228
-0.07491597180116749
-0.013432157977883694
0.002748661041609638
-0.01923801601973843
-0.0046387937130827886
0.011407820314284434
0.016668519920836834
0.0006551320767549013
-0.1483991762228881
0.019457845690781843
0.002748661041609638
0.058865193235412575
-0.044434156416310766
0.058865193235412575
-0.19006706681425228
-0.05590706360258094
0.05070343916328682
-0.011953485977206572
-0.1745332244092474
-0.047593233559347456
-0.013432157977883694
-0.04410086648433878
-0.05590706360258094
-0.0046387937130827886
-0.01651318277191888
-0.023076760093651096
0.019457845690781843
-0.0076208963267431805
0.018213693828944912
-0.06286034740419337
-0.044895517422598834
-0.02069087161782595
-0.049612262598103814
0.13677796370417655
-0.03310180975283813
0.058865193235412575
-0.007165573433807326
-0.01651318277191888
-0.07575379765934485
0.12761654519448348
-0.03310180975283813
0.007585655907397947
-0.06396791215548449
-0.023076760093651096
-0.007702772487596661
0.007866581362721049
-0.09339111948625978
-0.01941358524575248
-0.032902298601427224
-0.08377316795869542
-0.010781991824283748
-0.02269881747306002
-0.02443374718460677
0.04758904246846448
-0.008638534063686627
-0.09339111948625978
-0.07491597180116749
-0.023076760093651096
-0.008983341232875516
0.04758904246846448
-0.03447066999430835
-0.02443374718460677
-0.01941358524575248
-0.047593233559347456
-0.0041869052805951525
-0.007956430979382425
0.018213693828944912
-0.13113471757240502
0.02697650948061968
-0.02097608649192964
-0.00468059459471276
-0.015503682274132407
-0.02097608649192964
-0.01923801601973843
-0.025887631838202085
-0.1483991762228881
-0.15656736631656448
-0.011953485977206572
-0.015335885668179892
-0.01286238869037842
-0.01941358524575248
-0.03310180975283813
0.007589379865321079
-0.03122092698432994
-0.057865747991250445
-0.03367748365086391
-0.06397646377808028
-0.04337110028190763
-0.13113471757240502
-0.03780664226259096
0.10470952572466885
0.01801166329782793
-0.060079483798633364
-0.01156952318485703
-0.018172661463063726
-0.07575379765934485
-0.06396791215548449
-0.02097608649192964
-0.047593233559347456
-0.03109040204255577
-0.05814664629643437
-0.01824749468987515
0.13677796370417655
-0.02286814326641372
-0.09721825256185272
-0.04410086648433878
-0.1349377254277163
-0.04792580308098284
-0.0020710395882390254
-0.002701736497762095
-0.007165573433807326
-0.032902298601427224
-0.05814664629643437
-0.03536967674906126
-0.0020773824302073116
-0.014346771251272528
-0.02286814326641372
-0.17220886880443592
-0.01941358524575248
-0.010781991824283748
0.02697650948061968
-0.02840738560169878
-0.01941358524575248
-0.03447066999430835
0.007857702556038333
-0.00468059459471276
-0.01286238869037842
-0.008638534063686627
-0.044895517422598834
-0.01941358524575248
0.011407820314284434
-0.031222661880912057
-0.0020773824302073116
-0.020587028352423906
-0.007956430979382425
-0.08377316795869542
0.016668519920836834
-0.03771859564217671
-0.13035890178097717
-0.01914431000453921
-0.014346771251272528
0.039889182262148895
0.05070343916328682
0.005704365698335204
-0.02195494060305598
-0.04337110028190763
-0.03771859564217671
-0.008983341232875516
-0.0006714821562187168
-0.13113471757240502
-0.013432157977883694
-0.021204777837501017
0.01966641723411004
-0.07213655671003881
0.02697650948061968
-0.026472885165824047
-0.001508028691448392
-0.19006706681425228
-0.021755128680224882
-0.030842995176353544
-0.02390664865460733
-0.01941358524575248
0.04758904246846448
-0.02286814326641372
-0.037491434767404866
0.009101614310627766
-0.057865747991250445
-0.021113328215234796
-0.04337110028190763
-0.007165573433807326
-0.060079483798633364
0.019457845690781843
-0.03447066999430835
0.02697650948061968
-0.010211374698185682
-0.030842995176353544
-0.015503682274132407
-0.0006714821562187168
0.10470952572466885
-0.03122092698432994
-0.01923801601973843
-0.047593233559347456
-0.02286814326641372
-0.03536967674906126
-0.06397646377808028
-0.010192037858768654
-0.07491597180116749
0.007585655907397947
-0.014346771251272528
0.05070343916328682
-0.01286238869037842
0.0006551320767549013
-0.010781991824283748
-0.031222661880912057
0.08104661711018932
0.039889182262148895
-0.08679588519871329
0.0009261769148349707
0.007589379865321079
-0.03122092698432994
-0.08679588519871329
-0.020587028352423906
-0.01427780808573579
-0.09339111948625978
-0.009890219511267964
-0.021113328215234796
-0.07491597180116749
0.01966641723411004
-0.02097608649192964
-0.022633610662496022
-0.10165837661980318
-0.08176501583160234
0.02697650948061968
0.05070343916328682
-0.09339111948625978
-0.01904449633058234
-0.03649504824446506
0.0193161648510593
-0.013432157977883694
-0.021204777837501017
-0.06396791215548449
-0.0020773824302073116
-0.00468059459471276
0.12761654519448348
-0.007165573433807326
-0.03354780666574428
-0.007165573433807326
0.002748661041609638
-0.03771859564217671
-0.03947472693310345
-0.007956430979382425
0.05070343916328682
0.08104661711018932
0.009593147113922548
-0.057433510892083234
0.009101614310627766
-0.10165837661980318
-0.08176501583160234
-0.007956430979382425
-0.01824749468987515
-0.10520132843460658
-0.03649504824446506
-0.015335885668179892
-0.0076208963267431805
-0.08679588519871329
-0.21713045846102494
0.009593147113922548
-0.022413494020257045
