-0.0560078899930952
-0.003273754591806197
-0.018719928419750995
-0.0004529616808740245
-0.04712046601334089
-0.07429109248343793
-0.061094242448637634
-0.08619307584820746
-0.022433912656985182
-0.021931678222997287
-0.14270969479344328
-0.08419364279086898
-0.02495266455195576
-0.033097765252051346
-0.022433912656985182
-0.03426247751619997
-0.009110298612710057
-0.011600689707458537
-0.05888377224268652
-0.062127404192599336
-0.033097765252051346
0.020856448490671167
-0.010024702436875811
-0.022998358110594048
-0.02386313246155594
-0.1339407334510022
-0.02147374585701877
-0.0027416724985769225
-0.037222065775978704
0.00407820249618844
-0.07695491079287202
0.04432782394037646
-0.0351572692535458
-0.006876367701483162
-0.026160984115217226
0.020475622269865636
-0.011649315022129103
-0.03616110815530321
-0.06713813838542777
0.004722756268022128
-0.10518347935724706
-0.13992068654772313
-0.08560789926351785
-0.08142536216770026
-0.02159940278487546
-0.0351364248259221
-0.01166647402889394
-0.05676012986333742
-0.019083995987338714
-0.05548131972479302
-0.06502735810456015
-0.03788881553436195
-0.026396201650069916
-0.059312093161695494
-0.062319482542020875
-0.008797249442602764
-0.02147374585701877
0.0009338207372685265
-0.07180361786987977
-0.06752941863826215
-0.019429439029817638
-0.02341653657106524
-0.028781502617286042
-0.060505309913226335
-0.18410622905466087
-0.015536298560681209
0.0004047819306438513
-0.07429109248343793
-0.13992068654772313
0.004722756268022128
-0.0656647008550047
-0.05676988505056971
-0.018719928419750995
-0.08068606058728117
-0.18172005091022556
-0.1212844988159073
-0.03346941937980369
-0.12276054384700409
0.006427177231954452
-0.07469810523318979
0.011226086513440392
-0.04372754735309729
-0.07380693884949709
-0.042563183848434785
-0.07064912117487213
-0.04802432019685465
-0.08855236765423498
0.020856448490671167
-0.14270969479344328
-0.03374379761740049
-0.026396201650069916
-0.1044707468736184
-0.07322832635839588
-0.05326755339551516
-0.05968857458035265
-0.022892334461774102
-0.011781619608400002
0.003156358412829671
-0.0433337250997027
-0.028334491978546393
-0.05326755339551516
-0.08809813311582523
0.03579436141859538
0.00931949755607253
-0.015842929267238008
0.02781527506503219
-0.014621543441322016
-0.02495266455195576
-0.018161384108955233
-0.044738660446985774
-0.03788881553436195
-0.03153967048690832
-0.008797249442602764
0.03579436141859538
-0.0007628380015514801
-0.011361224276056084
-0.0004529616808740245
-0.059312093161695494
-0.02306939280286056
-0.0182549725245447
-0.021931678222997287
-0.06221465781234473
-0.02043698347181621
-0.05676988505056971
-0.06477169254183596
-0.024169934491591796
0.013678817991963193
-0.028334491978546393
-0.08619307584820746
-0.1138539946318733
-0.03676926775329824
-0.006926247079170142
0.0030030261843519493
-0.04706933724534059
-0.028614504025244278
0.04432782394037646
-0.044851398522179106
-0.1138539946318733
-0.06551916138045416
-0.016097799680345637
-0.11999114865922232
-0.0560078899930952
-0.05676012986333742
-0.11999114865922232
-0.08809813311582523
-0.07590184440145356
-0.062127404192599336
-0.0046454115382175715
-0.004051662716897121
-0.08619307584820746
-0.02064711479493058
-0.038045518886808447
-0.018161384108955233
-0.03799871387779559
-0.06397111792348789
0.014461668104718719
-0.035111039720200715
-0.009584861218708458
-0.018759897634998902
-0.016529721977186183
-0.025516193405548674
-0.09842333252895377
-0.07695491079287202
-0.025143217775822325
-0.010664278109525485
-0.04187619007837949
0.02781527506503219
-0.12325910901883672
-0.055157957420378156
-0.04502844547159708
-0.028614504025244278
-0.024273851040578342
-0.03347760839548146
-0.07027696141638769
-0.005347894831390339
-0.016112773524937153
-0.026742274585373475
-0.06713813838542777
-0.06205728505342879
0.004034601794260734
-0.08419364279086898
-0.0299476584586961
0.01229546293866334
-0.1339407334510022
-0.03792142724942476
-0.0023380634230395388
0.05061787641979238
-0.06221465781234473
-0.0033861530941964595
-0.06502735810456015
-0.021753903536078867
-0.010458956614314601
-0.021931678222997287
-0.0351364248259221
-0.05942518251265057
-0.08619307584820746
-0.06947568541305488
-0.041130938377541434
-0.0072388465945431345
-0.08619307584820746
0.012075160075477587
-0.004327909931847025
0.028784368657305433
-0.043989651033813526
-0.028781502617286042
-0.012906941425878825
-0.0821241607046849
-0.004327909931847025
-0.0007628380015514801
-0.06925439857163446
-0.019083995987338714
-0.012413968652759875
-0.022433912656985182
-0.030827576872576475
-0.0351572692535458
-0.01616257389806265
-0.04882107514183573
-0.02402384405877731
-0.023541889059846777
-0.08295419618656544
-0.07469810523318979
-0.08068606058728117
-0.08233737026977482
-0.03676926775329824
-0.05676012986333742
0.044763487941547234
-0.019926567965657657
-0.03153967048690832
-0.02597787116920301
-0.06498421145620516
-0.11646490872736139
-0.02628873841886448
-0.043935481728939595
-0.08068606058728117
-0.0656647008550047
-0.007976558734778908
-0.06321610454245402
-0.03811019915613323
0.028784368657305433
-0.034688167258655825
-0.050389833086725594
-0.01964093623139675
-0.01715513898673564
-0.034688167258655825
-0.02064711479493058
0.020475622269865636
-0.0017230799233378525
-0.05605583119320507
-0.026742274585373475
0.016133951340598692
-0.006926247079170142
-0.06713813838542777
-0.009451215634040704
-0.028334491978546393
-0.02341653657106524
-0.005960289808494087
0.011226086513440392
-0.09519149804480256
-0.0073367404969434166
-0.13992068654772313
-0.03233231412937307
-3.8143973724774e-05
-0.062127404192599336
-0.02343696593628761
-0.03234012815226101
-0.018144855669717328
-0.0013360329810385523
-0.059312093161695494
-0.021753903536078867
-0.03934478247234329
0.0035276906782216438
-0.018161384108955233
-0.12276054384700409
-0.015109399324888325
-0.046081983214350745
-0.09509301044990845
-0.023541889059846777
-0.042563183848434785
-0.048629760123898004
0.008818769400294446
0.0017050710749303226
-0.0650823009125238
-0.023210142383038403
-0.027528443255323064
-0.02024072163984156
-0.1138539946318733
-0.04476889955487894
-0.014527126450244246
-0.04143181102311438
-0.09360660348366905
-0.08419364279086898
0.00046276014018022284
-0.007147770214860847
-0.003077217575131402
-0.10518347935724706
-0.0560078899930952
-0.004327909931847025
-0.007976558734778908
-0.03426247751619997
0.012537453884253397
-0.044851398522179106
0.01229546293866334
-0.04459151490404306
-0.006876367701483162
-0.06221465781234473
-0.03426247751619997
-0.11999114865922232
-0.014621543441322016
0.038307584711528606
-0.12268799758937225
-0.02084983464077219
-0.020705278789207335
-0.0033861530941964595
-0.014219321245333623
-0.005960289808494087
0.04432782394037646
-0.08295419618656544
-0.07064912117487213
-0.07429109248343793
-0.046081983214350745
-0.07180361786987977
-0.048629760123898004
-0.03838798063406212
-0.022843576119800108
-0.08295419618656544
-0.043400625910949335
-0.022272868924985628
-0.016112773524937153
-0.07027696141638769
-0.011649315022129103
-0.03269783341108664
-0.0887624421390817
-0.03374379761740049
-0.10087110509811902
-0.06894109619595225
-0.062127404192599336
-0.03380159022253055
-0.02209565116452995
-0.04370988100881511
-0.11155576182362899
-0.02209565116452995
-0.03788881553436195
-0.08354311305947747
-0.03234012815226101
-0.043935481728939595
-0.02402384405877731
-0.03489313892271747
-0.05676012986333742
-0.07027696141638769
-0.01715513898673564
-0.002423830553945681
-0.030827576872576475
-0.01277407083569883
-0.14481775625704443
-0.04060770550413413
-0.0465936797771104
-0.043935481728939595
-0.03792142724942476
-0.050389833086725594
0.00407820249618844
0.013678817991963193
0.00046276014018022284
-0.021753903536078867
-0.033245487698758576
-0.04143181102311438
-0.07590184440145356
-0.016327163681467964
-0.046081983214350745
-0.009110298612710057
-0.03374379761740049
-0.018161384108955233
-0.034688167258655825
-0.012010365372746938
-0.08918613594212313
-0.07027696141638769
-0.0567656005142586
-0.047699379569548624
0.01295594081545654
-0.07580286602275188
-0.04379673069570685
-0.12223933663142197
0.011226086513440392
-0.08233737026977482
-0.0465936797771104
-0.04802432019685465
-0.016112773524937153
-0.008797249442602764
-0.01694539945867802
-0.026742274585373475
-0.02988516164599155
-0.12268799758937225
-0.07027696141638769
-0.21625040321256778
-0.010024702436875811
-0.01616257389806265
-0.04508865783514144
0.00931949755607253
-0.10927579682106903
-0.012413968652759875
-0.010024702436875811
-0.016112773524937153
-0.022433912656985182
-0.03233231412937307
0.011797712717657203
-0.006876367701483162
-0.10663692405704511
-0.1212844988159073
0.005020366253153487
-0.04016822421410989
0.028784368657305433
-0.04372754735309729
-0.05888377224268652
-0.025163775255309363
-0.040693050667541475
-0.009451215634040704
-0.01715513898673564
0.02781527506503219
-0.020231651787257072
-0.034738292505332474
0.004034601794260734
-0.034688167258655825
-0.11483256070890939
0.0035276906782216438
-0.03489313892271747
-0.18410622905466087
-0.04060770550413413
-0.08862306120693711
-0.0351364248259221
-0.041130938377541434
-0.12325910901883672
-0.009877378469619938
0.020856448490671167
0.004034601794260734
-0.06298836143000541
-0.02147374585701877
-0.01328068561124458
-0.037222065775978704
-0.047939693914654316
-0.03346941937980369
-0.08918613594212313
-0.02495266455195576
0.011797712717657203
-0.06477169254183596
-0.03792142724942476
0.03579436141859538
-0.06128140637627399
-0.015842929267238008
-0.05150519164592762
-0.12276054384700409
-0.03676926775329824
0.0033858528864549728
-0.04882107514183573
-0.07020391230385403
-0.05605583119320507
-0.07429109248343793
-0.05548131972479302
-0.02043698347181621
-0.015109399324888325
-0.033245487698758576
-0.06584892935510327
-0.010687834829270416
-0.02597787116920301
-0.048310284346888395
-0.12223933663142197
-0.03189551659182753
-0.08619307584820746
-0.03934478247234329
-0.018161384108955233
-0.03347760839548146
-0.015344756571989065
-0.02402384405877731
-0.07027696141638769
-0.08862306120693711
-0.02988516164599155
-0.016514401498755528
-0.020231651787257072
-0.01948137791647895
-0.06321610454245402
-0.016097799680345637
-0.044199931199243404
-0.06713813838542777
-0.10518347935724706
-0.024341849837517537
-0.13616317307949655
0.02781527506503219
-0.09842333252895377
-0.008797249442602764
-0.05326755339551516
-0.012010365372746938
0.0030030261843519493
-0.03189551659182753
0.020475622269865636
-0.09263052900141215
0.01295594081545654
-0.0543163786954866
-0.048629760123898004
-0.14270969479344328
-0.04706933724534059
-0.028614504025244278
-0.11155576182362899
0.043909061621616854
-0.0352853305794852
0.038307584711528606
0.008818769400294446
-0.02402384405877731
-0.03569099790938541
-0.06298836143000541
-0.13020596836679185
0.07738938217919861
0.044763487941547234
-0.01964093623139675
-0.05493293236209949
-0.027528443255323064
-0.021753903536078867
-0.055341040963781694
0.043909061621616854
-0.06584892935510327
-0.07059659522101072
0.0009338207372685265
-0.040693050667541475
-0.022510130521602945
-0.11646490872736139
-0.08068606058728117
-0.12268799758937225
-0.02588542164286405
-0.047939693914654316
-0.07429109248343793
-0.021486523444832966
-0.06128140637627399
0.003156358412829671
-0.04502844547159708
-0.02159940278487546
-0.034688167258655825
-0.0299476584586961
-0.02588542164286405
-0.03799871387779559
-0.08560789926351785
-0.01208986410175598
-0.05942518251265057
0.044763487941547234
0.014461668104718719
-0.014648473382623343
-0.048310284346888395
-0.0887624421390817
-0.04508865783514144
-0.02192730447445687
-0.018161384108955233
-0.08164767454142431
0.01295594081545654
-0.028781502617286042
-0.07027696141638769
-0.04508865783514144
-0.011649315022129103
-0.07020391230385403
-0.049278480664709655
-0.1212844988159073
-0.033097765252051346
-0.02209565116452995
-0.02343696593628761
-0.062319482542020875
-0.05033685330195276
-0.14270969479344328
-0.09477219418569319
-0.08142536216770026
-0.010458956614314601
-0.07003919945376408
-0.02478841860482064
-0.08855236765423498
-0.009584861218708458
-0.10927579682106903
-0.004495277589300352
-0.01583386862126322
-0.04187619007837949
-0.06752941863826215
0.05061787641979238
0.0017050710749303226
-0.11483256070890939
-0.06584892935510327
-0.05742334010811704
-0.10905721290504232
-0.018161384108955233
0.032882261031843704
0.02012199411109985
0.004722756268022128
-0.02478841860482064
0.009216126632832618
-0.04706933724534059
-0.12268799758937225
-0.040693050667541475
-0.06128140637627399
-0.005580161181700246
0.009216126632832618
0.02009471845070614
0.01229546293866334
-0.06894109619595225
-0.03616110815530321
-0.1138539946318733
-0.011649315022129103
0.006427177231954452
0.01988405024600532
-0.017920119930848105
-0.05676988505056971
-0.013497340045896988
-0.026742274585373475
-0.045314884390756274
-0.03234012815226101
-0.1339407334510022
-0.03863084616858376
-0.022843576119800108
-0.015842929267238008
-0.03233231412937307
-0.028709727735581527
-0.08068606058728117
-0.03811019915613323
0.020475622269865636
-0.014219321245333623
-0.0013697829404221227
-0.10905721290504232
-0.07580286602275188
-0.021486523444832966
0.0004047819306438513
0.0017050710749303226
-0.11342016904702532
-0.049278480664709655
-0.04016822421410989
-0.003273754591806197
-0.08164767454142431
-0.04909815501995639
-0.019429439029817638
-0.040939757984480823
-0.062127404192599336
-0.021486523444832966
-0.0351364248259221
-0.011781619608400002
-0.016327163681467964
-0.006926247079170142
-0.028614504025244278
0.003156358412829671
0.016133951340598692
-0.06205728505342879
-0.02478841860482064
-0.06128140637627399
-0.0352853305794852
-0.07075374579128522
-0.10518347935724706
-0.020967097243973467
0.012117319385744925
-0.0023380634230395388
-0.0005047493048961123
-0.06925439857163446
-0.002423830553945681
-0.0560078899930952
-0.04370988100881511
0.043909061621616854
-0.0656647008550047
-0.07695491079287202
-0.021486523444832966
0.0035276906782216438
-0.04882107514183573
-0.07322832635839588
0.028784368657305433
-0.0173289109708639
-0.009110298612710057
-0.0560078899930952
-0.0225200386942054
-0.009110298612710057
-0.06205728505342879
-0.05493293236209949
-0.028334491978546393
-0.043935481728939595
-0.02478841860482064
-0.010664278109525485
-0.028709727735581527
-0.02478841860482064
-0.026742274585373475
-0.016529721977186183
-0.03347760839548146
-0.025163775255309363
-0.03269783341108664
0.01988405024600532
-0.043400625910949335
-0.043400625910949335
0.012537453884253397
-0.09263052900141215
-0.010239108177246943
0.0004047819306438513
-0.0173289109708639
-0.010024702436875811
-0.0033861530941964595
-0.017920119930848105
-0.003273754591806197
-0.02988516164599155
-0.02628873841886448
0.02781527506503219
-0.030351424598479112
-0.04060770550413413
-0.010024702436875811
-0.022843576119800108
-0.08354311305947747
-0.016112773524937153
-0.026396201650069916
-0.09509301044990845
-0.046081983214350745
-0.02306939280286056
-0.06551916138045416
-0.04187619007837949
-0.04143181102311438
-0.03426247751619997
-0.02306939280286056
-0.01694539945867802
-0.0005047493048961123
-0.02024072163984156
-0.12223933663142197
-0.02597787116920301
-0.05942518251265057
-0.019429439029817638
-0.027457684719046575
-0.022843576119800108
-0.11394233387659303
-0.0073367404969434166
0.020856448490671167
-0.13200626176451477
0.043909061621616854
-0.06502735810456015
-0.0225200386942054
0.043909061621616854
0.0017835792015590403
-0.06925439857163446
-0.06205728505342879
-0.014527126450244246
-0.05605583119320507
-0.10905721290504232
-0.024260070214149283
-0.030827576872576475
-0.1044707468736184
-0.10287046237962001
-0.007731260668531154
-0.022843576119800108
0.044763487941547234
-0.07003919945376408
-0.04379673069570685
-0.11646490872736139
-0.04476889955487894
-0.062319482542020875
-0.0073367404969434166
-0.01277407083569883
-0.0017230799233378525
-0.13992068654772313
-0.09051611049678898
0.011226086513440392
-0.06479490484922171
-0.049554575933557825
-0.07180361786987977
-0.018388590919322042
-0.005960289808494087
-0.05968857458035265
-0.01694539945867802
-0.055341040963781694
-0.016327163681467964
-0.02988516164599155
-0.04060770550413413
-0.06713813838542777
-0.02084983464077219
-0.010858406410932553
-0.05968857458035265
0.00407820249618844
-0.03676926775329824
0.0035276906782216438
-0.021947357523361646
-0.024273851040578342
-0.024260070214149283
-0.023210142383038403
-0.07059659522101072
-0.0013697829404221227
-0.028709727735581527
-0.018545732211504247
-3.8143973724774e-05
-0.024273851040578342
-0.06221465781234473
-0.003273754591806197
-0.018388590919322042
-0.013497340045896988
-0.06584892935510327
-0.14270969479344328
0.016133951340598692
-0.062127404192599336
-0.10518347935724706
-0.08918613594212313
-0.026449642384049756
-0.13616317307949655
-0.022433912656985182
0.020475622269865636
-0.05742334010811704
-0.0656647008550047
0.0009338207372685265
-0.010858406410932553
-0.025516193405548674
-0.04187619007837949
-0.14270969479344328
-0.0567656005142586
-0.049554575933557825
-0.018388590919322042
-0.0887624421390817
-0.11483256070890939
0.028784368657305433
-0.0656647008550047
0.016133951340598692
-0.03426247751619997
0.004722756268022128
-0.062319482542020875
-0.026742274585373475
-0.018161384108955233
-0.055341040963781694
-0.01166647402889394
-0.009584861218708458
-0.04502844547159708
-0.08068606058728117
-0.1044707468736184
-0.01964093623139675
-0.04502844547159708
-0.13200626176451477
0.006427177231954452
-0.06205728505342879
-0.025285198733754944
-0.04379673069570685
-0.004408491408386207
-0.034738292505332474
0.016133951340598692
-0.09360660348366905
-0.06947568541305488
-0.024273851040578342
-0.11155576182362899
0.02012199411109985
-0.025163775255309363
0.01295594081545654
-0.058968136849504096
-0.037222065775978704
-0.016112773524937153
-0.08233737026977482
0.017236440123672158
-0.030827576872576475
-0.05161905187778852
-0.044738660446985774
-0.012010365372746938
-0.006876367701483162
0.017236440123672158
-0.02064711479493058
-0.07590184440145356
0.0004047819306438513
-0.028614504025244278
-0.04372754735309729
-0.020967097243973467
-0.015109399324888325
-0.019429439029817638
-0.02341653657106524
-0.062319482542020875
-0.046081983214350745
-0.03389613329651869
-0.02306939280286056
-0.028614504025244278
-0.04143181102311438
0.0035276906782216438
-0.004595636572989659
-0.07064912117487213
-0.0017230799233378525
-0.019429439029817638
-0.02343696593628761
-0.020705278789207335
-0.048629760123898004
-0.026576098796848625
-0.023541889059846777
-0.005347894831390339
-0.019926567965657657
-0.023210142383038403
-0.014219321245333623
-0.03389613329651869
-0.05150519164592762
0.03579436141859538
-0.02378340206643788
-0.018759897634998902
-0.10210783363585439
-0.0543163786954866
-0.07075374579128522
-0.04882107514183573
-0.05888377224268652
0.016133951340598692
-0.06477169254183596
0.028784368657305433
-0.043400625910949335
-0.1044707468736184
-0.08068606058728117
-0.009877378469619938
-0.030617274814266786
-0.0205083339413831
0.008818769400294446
-0.003077217575131402
0.005020366253153487
-0.0543163786954866
-0.012413968652759875
-0.012906941425878825
0.010567126455596682
0.03579436141859538
-0.0352853305794852
-0.01208986410175598
-0.10518347935724706
-0.033245487698758576
-0.03269783341108664
-0.018545732211504247
-0.03234012815226101
-0.08809813311582523
-0.02378340206643788
-0.09842333252895377
-0.08918613594212313
-0.007147770214860847
-0.07003919945376408
-0.02159940278487546
-0.04909815501995639
-0.03838798063406212
-0.012413968652759875
-0.03269783341108664
-0.0887624421390817
-0.044199931199243404
-0.08233737026977482
-0.0560078899930952
-0.06947568541305488
-0.07180361786987977
-0.0433337250997027
-0.03569099790938541
0.0004047819306438513
-0.08142536216770026
-0.03792142724942476
-0.009584861218708458
-0.0299476584586961
-0.022892334461774102
-0.005347894831390339
-0.07533387279285825
-0.07322832635839588
0.00046276014018022284
-0.02402384405877731
-0.002423830553945681
-0.09519149804480256
-0.03765109656706327
0.016133951340598692
0.0009338207372685265
-0.018759897634998902
-0.009971737414630203
-0.010687834829270416
-0.12325910901883672
-0.06161490295177672
-0.03838798063406212
0.038307584711528606
-0.07429109248343793
-0.024169934491591796
-0.07180361786987977
-0.014527126450244246
0.028784368657305433
-0.009584861218708458
-0.011649315022129103
-0.09519149804480256
-0.047699379569548624
-0.044199931199243404
-0.012010365372746938
-0.05493293236209949
-0.13200626176451477
-0.062319482542020875
-0.027457684719046575
-0.028614504025244278
-0.004595636572989659
-0.016514401498755528
-0.03811019915613323
-0.049278480664709655
-0.02588542164286405
-0.11394233387659303
-0.04802432019685465
-0.02378340206643788
-0.06397111792348789
-0.034738292505332474
-0.06925439857163446
-0.07075374579128522
-0.05033685330195276
-0.021947357523361646
-0.0013360329810385523
-0.013549414957493795
-0.018144855669717328
-0.042563183848434785
-0.11155576182362899
-0.05493293236209949
-0.01715513898673564
0.01988405024600532
-0.05676988505056971
0.011226086513440392
-0.07469810523318979
-0.0004529616808740245
-0.14270969479344328
-0.033097765252051346
-0.06298836143000541
-0.0567656005142586
0.012537453884253397
-0.010024702436875811
-0.04502844547159708
