-0.04087296235000198
-0.01395038416187642
-0.0029063639379909535
-0.024329492167079855
-0.015234441891349475
-0.022147001726917116
-0.02827353376567726
-0.0061950919400369404
-0.007744811643306661
0.012098256907840778
-0.00948614821494884
-0.02097431632502423
-0.032261098220508454
-0.01367811224760407
-0.019758183301493672
-0.0015147485278627954
0.026088098583384983
-0.015099592215551004
-0.07480604316162272
0.0015887067139324443
-0.013664474993234314
-0.022553722732346963
-0.02474414372480795
-0.01367811224760407
-0.014828688483962217
-0.021124753848876094
-0.02021052904261019
-0.013782841883957137
-0.024329492167079855
-0.01798983074058487
-0.020664347620630418
-0.012384772633332933
-0.02322333330495893
-0.025310683405524316
-0.006127410539996727
0.0024797979815892953
-0.01544522251518665
-0.0030540072449054753
-0.0034561378912172946
-0.013224681924870972
0.002627818636701579
-0.014676326042971935
-0.01014011759822789
0.008419181416510654
-0.0009474888971788425
-0.021003262600128893
-0.005543206914712316
-0.013058026268929436
0.002674863042660898
-0.034469095631406176
-0.01260305773553849
-0.01560663003070619
-0.017146544934808484
-0.024770894679296256
-0.009659429962419417
0.0009573210951798829
-0.01129860406943275
-0.017175214208062017
-0.005338596572809371
-0.007770561218923328
-0.0032733825054209404
-0.008219716112009784
-0.021332255997759036
-0.018790854530311714
-0.02339065864570258
0.0005628669387366243
0.0021609698078282054
-0.013645075729586603
-0.017495478934271273
-0.0029649086371304634
0.014403559260577091
-0.016215572204216214
-0.023541229693387178
-0.012015078619403529
-0.013779018967347097
-0.0014624061902448523
-0.041219088443189
-0.01258498716070721
-0.013410444182034291
0.007537308905591928
0.006062832004476067
-0.04203977392708788
-0.005319322647552048
0.004974413243365164
-0.016643733180240258
-0.02764208820719424
0.002277790246534264
-0.013779018967347097
-0.003242649304405983
-0.02566896946248153
0.008419181416510654
0.004464944712578614
0.013389771207125919
-0.008986122785952184
-0.0075236289418064446
0.004187330385501637
-0.019775387043464546
-0.025310683405524316
-0.007611344766471395
-0.0007827624244332558
-0.019758183301493672
-0.0016809422785292467
-0.01240691247392143
-0.03130434586358364
0.021007086747416942
-0.005532883722151062
-0.017271428650504933
-0.033307461662887006
-0.03833127755610462
-0.0009474888971788425
-0.027902433062115335
-0.016742671255268758
0.010447439924319856
-0.016722204190163948
-0.024090106399960915
-0.018707078897409017
-0.0191147574127545
-0.016742671255268758
-0.017484243204311845
-0.00772781523270135
-0.014899740077564259
-0.03890840402232391
-0.019104549663881185
-0.007124012569584888
-0.013255090680862093
-0.016215572204216214
0.00944880236377052
-0.014407859208745722
-0.010345344350471727
-0.04989906344457638
-0.010946521414362208
0.024745611464090767
-0.015412728386902566
-0.018478657098325572
0.0059806260473861715
-0.019285269238142513
-0.0015147485278627954
-0.031297186719074756
-0.01779625442118474
-0.01250852246466409
-0.01550568260228785
-0.016722204190163948
-0.002883711026017208
-0.00498578930759171
-0.0029447733644905267
-0.00978148096698732
-0.023541229693387178
-0.006021959353715673
0.0009728052835583968
0.014604855470339004
-0.00978148096698732
-0.018311433484497153
-0.0005667366928170959
-0.009050665806607766
-0.025454895688675518
-0.0036203161653638027
-0.039056017945718946
-0.021692179381510152
-0.0055976033592908155
-0.011795158548452825
-0.015234441891349475
-0.008414815557400725
0.014808918751420798
0.07900801759778647
-0.0029063639379909535
-0.02302957340336896
-0.010670502746165631
-0.018432884477140386
-0.007852856912237617
-0.004686053495623155
-0.017175214208062017
0.006875596357171961
-0.021336415681907826
-0.005552878182484278
-0.021140454928767108
-0.01560663003070619
-0.007695837096230587
-0.02486913469583206
-0.007094629247769369
-0.010036398176299624
-0.012612350179576667
-0.027391424253592433
-0.005077590953916235
-0.028527836249895237
-0.029772110487421594
-0.016025799234182368
0.004413604847809265
-0.011547910120092092
-0.025310683405524316
0.014626917283282557
-0.01909898351507108
-0.017696087006279594
-0.024873907818628197
-0.006269771820455421
-0.021227173334112347
-0.01177377280603468
-0.004686053495623155
-0.01477335101648161
-0.020544076625880037
-0.007128173185173244
-0.02273164430393943
-0.01382406323920695
-0.014149283642616152
-0.016167588262382817
-0.03904893642146201
-0.006269771820455421
-0.0389878892262359
-0.010345344350471727
-0.032585382343452256
-0.02302957340336896
-0.02339375786264993
-0.01289064453391362
-0.00380850157753633
0.018812334839757486
-0.015685969525084196
-0.007880759254647948
-0.007050731923858808
-0.011546796856800573
0.019753501675770408
-0.014149283642616152
-0.003944925186881
-0.017149581988115017
-0.025923033857894455
0.004347418444894768
-0.01564196646053028
-0.013981367188808625
0.0015887067139324443
-0.04087296235000198
-0.0628143656233298
-0.011161920167994381
-0.0027266017414498372
0.0124594393100981
-0.021749058901000012
-0.023674794914432785
-0.015540482476694734
-0.012906220325145117
-0.015716314023695593
-0.024873907818628197
0.0027263485312145736
-0.02602149121676227
-0.01051177291808919
-0.017433135943746302
0.006696005085842882
0.004179860020031065
-0.03180412430771967
-0.013779018967347097
0.008347059585515652
-0.013779018967347097
-0.028210669592509632
-0.011547910120092092
-0.0053961874424407665
-0.01204621248055022
-0.009435277101725424
-0.01153422002632945
-0.01907979575316305
-0.045189281069007305
-0.005532883722151062
-0.014407859208745722
-0.033307461662887006
-0.015234441891349475
0.012609777483688675
-0.008986122785952184
0.025248037310653407
0.006696005085842882
-0.011691901169192907
-0.0236004265281951
-0.027971601096194783
-0.018448153086601013
-0.017633348467955768
0.0004125490840684501
-0.006633068839923419
-0.021213811461265098
-0.015716314023695593
-0.07132364827547232
-0.028527836249895237
0.0015887067139324443
-0.05258987354811557
-0.012666375443744937
-0.020544076625880037
-0.018897146732117044
-0.007722419678668052
0.007923140367000502
-0.01204621248055022
-0.01375144859613624
0.006111364820785374
0.007923140367000502
-0.025923033857894455
-0.006633068839923419
-0.031297186719074756
-0.016215572204216214
-0.02701066375448864
-0.0029271407362121463
-0.027391424253592433
-0.01909898351507108
-0.013782841883957137
-0.014284699194017546
-0.01571156034029782
-0.015611450490431023
-0.007770561218923328
-0.05522669850991948
-0.01779625442118474
-0.01177377280603468
-0.02701066375448864
-0.014620341225449723
0.004713493767425078
0.0059806260473861715
-0.016215572204216214
-0.010106038707724557
-0.027902433062115335
-0.01382406323920695
-0.01177377280603468
0.004554173824553808
-0.0323970048269652
-0.0033845600940530483
-0.0029447733644905267
0.025248037310653407
-0.007219394263544662
-0.013058026268929436
0.002277790246534264
-0.0004625699325850124
0.024745611464090767
-0.019083435746913707
0.004187330385501637
-0.04324016368699175
-0.019083435746913707
-0.03180412430771967
-0.039056017945718946
-0.0389878892262359
-0.030094095537912768
0.012609777483688675
-0.027588282894499085
0.0030753158983707406
-0.02339375786264993
-0.008060765595930641
-0.01477335101648161
-0.00498578930759171
-0.0191147574127545
-0.015973747587293207
-0.021124753848876094
-0.0062474462066313
-0.04554957471948508
-0.015005143474860025
0.005378358941892621
-0.022147001726917116
-0.006543017757249734
-0.018171355317133025
-0.00784459273062117
0.019753501675770408
-0.016025799234182368
-0.02710402589252066
-0.0061950919400369404
-0.017696087006279594
-0.02315916264329573
-0.048087517167342546
-0.007124012569584888
-0.021749058901000012
-0.015650283311246304
-0.012906220325145117
-0.02602149121676227
-0.016025799234182368
-0.020544076625880037
-0.048087517167342546
0.01530024463884597
-0.0040015156515416555
-0.01729727237708911
-0.010036398176299624
-0.019104549663881185
-0.04997361172469623
-0.01515280605227653
0.0036871984238893486
-0.009345851282208292
0.003453941185683925
-0.020674908302593258
-0.018432884477140386
-0.004435350282458644
-0.008728290763420497
-0.02322333330495893
-0.017376548507579876
-0.004800238500869945
0.0002227874861303368
-0.022229542166381195
-0.005832159903246099
0.014626917283282557
-0.03298784512207766
-0.01798983074058487
-0.01382406323920695
-0.015685969525084196
-0.019357085295082472
-0.019059936625649698
-0.02474414372480795
-0.0050636196762187495
0.012316431526895367
-0.003284566570329385
-0.0029649086371304634
-0.015884359736599674
-0.024723769842194567
5.283847472468619e-05
-0.0014624061902448523
-0.021227173334112347
-0.01909898351507108
-0.01014011759822789
-0.012318421923283241
-0.017376548507579876
0.0124594393100981
-0.004273568618983864
-0.02583349370537481
-0.01250852246466409
-0.014407859208745722
-0.0007827624244332558
-0.02486913469583206
-0.016449639081589244
-0.015884359736599674
-0.01289064453391362
-0.00630615703901525
-0.0062474462066313
-0.033307461662887006
-0.006269771820455421
-0.013410444182034291
0.019753501675770408
-0.0017046677678418697
-0.020664347620630418
-0.005023438139750104
-0.00630615703901525
-0.0016809422785292467
-0.007840930461769305
-0.0016096539476598475
-0.034469095631406176
-0.0091767379040922
-0.02602149121676227
-0.026344479644901993
-0.014620341225449723
-0.022229542166381195
-0.016499509344092306
-0.004207941615005383
0.0030160235501292317
-0.01382406323920695
0.024745611464090767
-0.017484243204311845
-0.011926244606979605
-0.00014207252420210165
0.0013119826619310837
-0.021332255997759036
0.025248037310653407
-0.019357085295082472
-0.017433135943746302
0.0009247848437658329
-0.021336415681907826
-0.01240691247392143
-0.006846659178122512
-0.017376548507579876
-0.0323970048269652
0.014626917283282557
-0.013255090680862093
-0.018897146732117044
0.0038153492526208145
-0.02381925489282702
-0.007868645728875245
-0.012015078619403529
-0.005319322647552048
-0.032261098220508454
-0.021692179381510152
-0.03480575356783644
-0.026030001951928908
-0.010053443418434595
-0.016215572204216214
-0.007880759254647948
-0.003944925186881
-0.007611344766471395
-0.006766492713628605
-0.00685710772586751
-0.019059936625649698
-0.0005667366928170959
-0.03298784512207766
-0.019059936625649698
-0.014407859208745722
-0.014604935853446886
0.017217664307108055
0.014808918751420798
-0.014338422031241263
-0.01779625442118474
-0.013410444182034291
0.002627818636701579
0.005120149130080334
-0.03890840402232391
0.004187330385501637
-0.007372108863859768
-0.019758183301493672
-0.020674908302593258
-0.007078229324686059
-0.01375144859613624
-0.0030540072449054753
-0.01220877139651113
-0.024873907818628197
-0.0016809422785292467
-0.013058026268929436
-0.014407859208745722
-0.006262131858948054
-0.05721527531454335
-0.019059936625649698
-0.008967690678282033
-0.0075935325709987
-0.00685710772586751
-0.0005667366928170959
-0.013058026268929436
-0.012906220325145117
-0.018893300118282816
0.0016868471774194095
-0.017175214208062017
-0.007834118089028496
-0.013723724486605126
-0.004821821045898856
0.0023597108184171206
-0.008967690678282033
-0.014042201109224776
0.017217664307108055
-0.01821617737485355
-0.01951447744718483
0.003877044896311699
-0.02021052904261019
-0.0323970048269652
-0.03881735940695793
-0.014284699194017546
0.004713493767425078
0.004187330385501637
-0.013410444182034291
-0.0033845600940530483
-0.03890840402232391
-0.016428561285926974
-0.0011982876963699779
0.0059806260473861715
-0.00498578930759171
-0.021003262600128893
0.007475421087670086
-0.034862937795426645
-0.03950072189756064
-0.034744998625101664
-0.017376548507579876
0.07900801759778647
0.006111364820785374
-0.018800694209597856
-0.011387389445593095
-0.016167588262382817
-0.020372253505694566
-0.0032733825054209404
-0.0061950919400369404
-0.014149283642616152
-0.020565006811281487
-0.006633068839923419
-0.03679205221408864
-0.023193080357516483
-0.03029655122266007
0.014403559260577091
-0.027391424253592433
-0.010985155146817712
-0.0061950919400369404
-0.012620804035936736
-0.01694804684886076
-0.013796074218015287
-0.006633068839923419
-0.002883711026017208
-0.007770561218923328
0.00013880703714370257
0.0012739305910673246
0.024745611464090767
-0.0029649086371304634
-0.023134725528203184
-0.00799608991056237
-0.008414815557400725
-0.010946521414362208
-0.010946521414362208
-0.014899740077564259
-0.027670715389492603
-0.05721527531454335
-0.030094095537912768
0.0012739305910673246
-0.0075935325709987
-0.03226334826582763
0.00013880703714370257
-0.014604935853446886
-0.016371091569691944
-0.02711784171508309
-0.0050636196762187495
-0.024090106399960915
-0.010106038707724557
-0.019083435746913707
-0.015564353026112606
-0.0062474462066313
-0.04203977392708788
-0.0029649086371304634
-0.039056017945718946
-0.04001093041323815
-0.014676326042971935
-0.03128146556113114
-0.015412728386902566
-0.004175757853307458
0.017217664307108055
-0.027911754120162304
-0.006633068839923419
0.0030753158983707406
-0.018897146732117044
-0.015884359736599674
-0.03298784512207766
-0.018305424786048567
-0.02754709494298002
0.004347418444894768
-0.031183151181329364
0.005082847548487678
0.0038153492526208145
-0.01515280605227653
-0.017149581988115017
-0.043014178822694274
-0.0061950919400369404
-0.0236004265281951
-0.017149581988115017
0.0030753158983707406
0.012443123588513993
-0.001994729250736138
-0.00978148096698732
-0.05721527531454335
-0.03881735940695793
-0.013224681924870972
-0.016371091569691944
0.003877044896311699
-0.010106038707724557
-0.01821617737485355
-0.012947022503888756
-0.014579575100927462
-0.04065327127716045
-0.016428561285926974
-0.02384992744006616
0.005333203746846606
-0.0144460689227036
0.025248037310653407
-0.018171355317133025
0.0303160890316386
-0.0144460689227036
0.004713493767425078
-0.008326309342795398
-0.003944925186881
-0.0389878892262359
-0.010143510695994465
-0.03130434586358364
-0.02707122146000057
-0.018432884477140386
-0.009612427634037468
0.007923140367000502
-0.015099592215551004
-0.009472964293777341
0.019753501675770408
-0.039056017945718946
-0.01729727237708911
-0.01222351996226362
-0.016627515893734623
-0.024548296855032226
-0.008326309342795398
-0.014338422031241263
-0.016215572204216214
-0.013410444182034291
-0.00772781523270135
-0.0014624061902448523
-0.0005667366928170959
0.007923140367000502
-0.019060492372996396
-0.016025799234182368
-0.0038700447405904596
-0.0013067204530295125
-0.011262443350270263
0.004726084846433699
-0.014100438176751105
0.005378358941892621
-0.015884359736599674
-0.006846659178122512
-0.019059936625649698
-0.03639196183242638
-0.04989906344457638
-0.026700402004879293
-0.0012060993513349472
-0.005832159903246099
-0.012620804035936736
-0.014284699194017546
-0.0021274136637352723
-0.019060492372996396
-0.042987071177756006
-0.008986122785952184
-0.004175757853307458
-0.034862937795426645
-0.04729336856801477
-0.04065327127716045
-0.0040015156515416555
-0.018311433484497153
-0.018800694209597856
-0.008986122785952184
-0.030094095537912768
-0.07480604316162272
-0.05312965838065678
0.0303160890316386
-0.01367811224760407
-0.04324016368699175
0.0008464855805263205
-0.013796074218015287
-0.01560663003070619
-0.0017046677678418697
-0.021243163742015955
0.014808918751420798
-0.009050665806607766
-0.0010263011814219507
0.003073685846860433
-0.006633068839923419
-0.0040015156515416555
-0.017484243204311845
-0.014042201109224776
-0.013820775146616098
-0.019758183301493672
-0.005338596572809371
-0.03679205221408864
-0.026026588840651125
-0.042987071177756006
-0.014338422031241263
-0.033307461662887006
-0.004311519281097974
0.004484094330961633
-0.01821617737485355
-0.036011759224961096
-0.0038700447405904596
-0.018066896509812976
-0.027391424253592433
-0.010946521414362208
0.003107682886100046
-0.026026588840651125
0.019841972716136823
-0.019085706857917474
0.0303160890316386
0.0015887067139324443
0.0017969718532787427
-0.01798983074058487
-0.01220877139651113
-0.019104549663881185
-0.019767779679080614
-0.004686053495623155
-0.01564196646053028
-0.015973747587293207
-0.0628143656233298
-0.018577870562792292
-0.031832302877128384
-0.05371522654422028
-0.004175757853307458
-0.005822443250956674
-0.009574432280787946
-0.04729336856801477
-0.002883711026017208
-0.010884468505017227
-0.026030001951928908
-0.010036398176299624
-0.008414815557400725
-0.008967690678282033
-0.013858892047105659
-0.01382406323920695
0.03946765159896469
-0.010884468505017227
-0.019085706857917474
-0.00784459273062117
-0.013320746815762655
-0.03881735940695793
-0.01907979575316305
-0.0053961874424407665
-0.02043128298472266
-0.02286264209356843
-0.01977139409631501
-0.02754709494298002
-0.016449639081589244
0.014403559260577091
-0.0016096539476598475
0.004726084846433699
-0.022759336323037224
-0.019775387043464546
-0.011546796856800573
-0.016742671255268758
-0.02583349370537481
-0.031361059626344084
-0.04001093041323815
-0.010912972044719887
-0.004686053495623155
-0.020674908302593258
-0.049261318522446626
-0.024770894679296256
-0.018305424786048567
-0.024770894679296256
-0.030267111140519533
-0.02322333330495893
-0.015884359736599674
0.006875596357171961
-0.01521124481589911
-0.01951447744718483
-0.029900601177786798
-0.018311433484497153
0.013389771207125919
-0.0021337826814518206
-0.01977139409631501
-0.02046181780891325
-0.011926244606979605
0.021476811121437372
-0.011691901169192907
0.003003117238536145
0.0028131723893049776
-0.006047031314058751
-0.0011075447212775065
-0.03298784512207766
0.0059806260473861715
-0.0031980813553117446
-0.0018808953942923122
-0.02764208820719424
-0.0029649086371304634
-0.04324016368699175
-0.01837234936634204
-0.0067144552764497375
0.0013119826619310837
-0.009726314472218162
-0.017696087006279594
-0.010345344350471727
0.0030753158983707406
0.004974413243365164
0.00013880703714370257
-0.0062474462066313
-0.013820775146616098
-0.010143510695994465
-0.020544076625880037
-0.004435350282458644
-0.01338842412228972
-0.017976061751629337
-0.04997361172469623
0.0036871984238893486
-0.017376548507579876
-0.006846659178122512
-0.02384992744006616
-0.03442701817570811
-0.02427055869996546
0.005120149130080334
-0.003378209162119112
-0.012602118296200818
-0.022229542166381195
-0.02339065864570258
0.003107682886100046
-0.01443144938457614
-0.018707078897409017
0.0012739305910673246
0.0036871984238893486
-0.02178414186509704
-0.02384992744006616
-0.01918608402477408
-0.02710402589252066
-0.008986122785952184
0.0016868471774194095
-0.023142839294011553
-0.005077590953916235
-0.011033273397283907
0.0303160890316386
0.008419181416510654
-0.009868170318911788
-0.018800694209597856
-0.018305424786048567
-0.009175396548921905
-0.025310683405524316
-0.006262131858948054
-0.019150451450466264
-0.021243163742015955
-0.00630615703901525
0.005333203746846606
-0.009726314472218162
0.0009573210951798829
-0.019150451450466264
-0.008219716112009784
-0.022166135588328768
-0.004273568618983864
-0.02381925489282702
0.0043012805727884835
-0.01521124481589911
0.014808918751420798
-0.04554957471948508
-0.039056017945718946
0.0124594393100981
-0.01907979575316305
-0.02827353376567726
-0.0014624061902448523
-0.011387389445593095
-0.017843094106646654
-0.014277766620327651
-0.005023438139750104
0.012098256907840778
-0.012015078619403529
-0.010345344350471727
-0.02664423767420316
0.0003785009309449314
-0.019060492372996396
-0.026344479644901993
-0.017976061751629337
0.010447439924319856
-0.020228828598580564
-0.0002976675446793125
-0.011387389445593095
-0.026700402004879293
0.004347418444894768
-0.014284699194017546
-0.009345851282208292
0.003073685846860433
-0.01731274401305081
0.025372395514969955
-0.019357085295082472
-0.005077590953916235
-0.04087296235000198
-0.021003262600128893
-0.02764208820719424
-0.0005667366928170959
-0.005319322647552048
-0.021336415681907826
-0.013796074218015287
-0.015412728386902566
-0.016371091569691944
-0.018707078897409017
-0.015895706418648136
-0.017149581988115017
0.004179860020031065
-0.008967690678282033
-0.01220877139651113
0.0062774825311872375
-0.02710402589252066
-0.005543206914712316
-0.019775387043464546
-0.004175564844485908
-0.001994729250736138
-0.017633348467955768
-0.02273164430393943
-0.01662684228967504
0.0001830963921597831
-0.014149283642616152
-0.0056920298853827345
-0.016215572204216214
-0.007094629247769369
0.011790018881263957
-0.005023438139750104
-0.008060765595930641
-0.01494597271625666
-0.019060492372996396
-0.02711784171508309
-0.02710402589252066
0.0023597108184171206
-0.009175396548921905
-0.025923033857894455
-0.007880759254647948
-0.0204938770101627
-0.005319322647552048
-0.023134725528203184
-0.01064178894881573
-0.014604935853446886
-0.03391136739158252
0.006696005085842882
-0.007662462871114331
-0.03391136739158252
-0.01250852246466409
0.026088098583384983
-0.008986122785952184
-0.008214192727079865
-0.006269771820455421
0.0124594393100981
-0.01564196646053028
-0.018541269262234497
-0.009435277101725424
-0.03833127755610462
-0.013224681924870972
-0.04203977392708788
-0.014277766620327651
-0.00498578930759171
-0.005077590953916235
-0.013645075729586603
-0.00799608991056237
-0.007840930461769305
-0.08420091154805662
-0.02302957340336896
-0.0091767379040922
-0.021003262600128893
0.006696005085842882
-0.024637681912468
-0.001994729250736138
-0.04087296235000198
0.012304378316109718
-0.01662684228967504
-0.019060492372996396
-0.021103938302604652
-0.007781790964946029
-0.012015078619403529
-0.015540482476694734
-0.015099592215551004
-0.02486913469583206
0.0030160235501292317
-0.010884468505017227
-0.0032733825054209404
0.006715930181821424
0.02130265361083134
-0.026026588840651125
0.004365194910914562
-0.025857600159776117
