-0.025455882840042545
0.03801113067445334
-0.04250763352132476
-0.07077415765979841
-0.018073133489939087
0.03801113067445334
-0.038019759902594735
-0.07346479922994183
-0.043427672247428016
-0.038019759902594735
-0.03523126671097741
-0.018073133489939087
0.03801113067445334
-0.03841366585203161
-0.05684453717560497
-0.06426764783308996
-0.10899045016231954
-0.02351314735616502
-0.03841366585203161
0.03801113067445334
-0.07346479922994183
-0.06426764783308996
-0.04250763352132476
-0.10899045016231954
-0.052885898469197334
-0.05684453717560497
-0.04250763352132476
-0.03841366585203161
-0.03523126671097741
-0.09417668199733237
0.06688670704311687
-0.03841366585203161
-0.01835826436257306
0.01222207381028646
-0.05684453717560497
-0.03841366585203161
-0.08823024579668856
-0.052885898469197334
-0.05684453717560497
-0.03841366585203161
-0.03523126671097741
-0.025455882840042545
-0.043427672247428016
-0.09417668199733237
-0.07104701423341629
0.020449365896724
-0.02351314735616502
0.02862910569138186
-0.09417668199733237
-0.04138398924913493
-0.038019759902594735
-0.01835826436257306
-0.018073133489939087
0.020449365896724
-0.09417668199733237
-0.027140137452789485
0.01222207381028646
0.02862910569138186
-0.02351314735616502
0.02862910569138186
-0.04138398924913493
-0.07104701423341629
0.020449365896724
0.020449365896724
0.01222207381028646
-0.01835826436257306
-0.038019759902594735
-0.02351314735616502
-0.08823024579668856
0.01222207381028646
-0.08823024579668856
-0.07077415765979841
-0.07077415765979841
-0.043427672247428016
-0.027140137452789485
-0.01835826436257306
-0.08823024579668856
-0.03841366585203161
-0.03523126671097741
-0.052885898469197334
-0.0774963456950301
-0.027140137452789485
-0.08823024579668856
-0.04250763352132476
-0.05684453717560497
0.06688670704311687
-0.10899045016231954
0.020449365896724
0.03801113067445334
-0.03523126671097741
0.020449365896724
-0.07346479922994183
-0.027140137452789485
-0.02351314735616502
-0.03523126671097741
-0.07346479922994183
-0.10899045016231954
-0.07104701423341629
0.03801113067445334
-0.025455882840042545
-0.02351314735616502
-0.01835826436257306
-0.07104701423341629
-0.052885898469197334
-0.06426764783308996
-0.07077415765979841
0.02862910569138186
-0.07104701423341629
-0.052885898469197334
-0.07104701423341629
-0.025455882840042545
-0.043427672247428016
-0.05684453717560497
-0.02351314735616502
-0.0774963456950301
-0.01835826436257306
-0.04250763352132476
-0.03841366585203161
0.06688670704311687
-0.0774963456950301
-0.08823024579668856
-0.06608458678649858
-0.06608458678649858
-0.025455882840042545
-0.05684453717560497
-0.06426764783308996
-0.06608458678649858
-0.01835826436257306
-0.027140137452789485
-0.038019759902594735
-0.052885898469197334
-0.06426764783308996
-0.10899045016231954
-0.03841366585203161
-0.06608458678649858
-0.03523126671097741
-0.018073133489939087
-0.03523126671097741
-0.03841366585203161
-0.03523126671097741
-0.01835826436257306
-0.03523126671097741
-0.06426764783308996
-0.06426764783308996
0.020449365896724
-0.02351314735616502
0.02862910569138186
-0.07077415765979841
0.020449365896724
-0.07346479922994183
-0.04138398924913493
-0.038019759902594735
0.020449365896724
-0.03841366585203161
-0.08823024579668856
-0.04250763352132476
-0.09417668199733237
-0.07346479922994183
0.020449365896724
-0.06426764783308996
-0.07077415765979841
-0.0774963456950301
-0.09417668199733237
-0.052885898469197334
0.01222207381028646
-0.06426764783308996
-0.025455882840042545
-0.06426764783308996
-0.03523126671097741
-0.043427672247428016
-0.08823024579668856
0.06688670704311687
-0.07077415765979841
-0.052885898469197334
-0.04250763352132476
0.03801113067445334
0.020449365896724
-0.06426764783308996
-0.027140137452789485
0.06688670704311687
-0.038019759902594735
0.06688670704311687
-0.07104701423341629
-0.09417668199733237
-0.09417668199733237
-0.038019759902594735
-0.052885898469197334
-0.07104701423341629
-0.06426764783308996
-0.08823024579668856
0.02862910569138186
-0.04138398924913493
-0.06426764783308996
-0.06608458678649858
-0.038019759902594735
-0.06426764783308996
-0.04250763352132476
0.02862910569138186
-0.08823024579668856
-0.04138398924913493
0.01222207381028646
-0.06608458678649858
-0.025455882840042545
-0.07104701423341629
-0.025455882840042545
-0.052885898469197334
-0.04138398924913493
0.03801113067445334
-0.07346479922994183
-0.10899045016231954
-0.052885898469197334
-0.0774963456950301
-0.018073133489939087
-0.025455882840042545
-0.04138398924913493
-0.043427672247428016
-0.07077415765979841
-0.052885898469197334
-0.07077415765979841
-0.05684453717560497
-0.01835826436257306
-0.03841366585203161
0.01222207381028646
-0.09417668199733237
-0.052885898469197334
-0.07104701423341629
-0.10899045016231954
-0.018073133489939087
-0.02351314735616502
-0.052885898469197334
-0.05684453717560497
-0.043427672247428016
-0.07077415765979841
-0.02351314735616502
-0.07104701423341629
0.02862910569138186
0.03801113067445334
-0.038019759902594735
-0.0774963456950301
-0.043427672247428016
-0.06426764783308996
-0.018073133489939087
0.020449365896724
-0.0774963456950301
0.020449365896724
-0.07104701423341629
-0.03841366585203161
-0.04138398924913493
0.03801113067445334
-0.08823024579668856
-0.04138398924913493
-0.052885898469197334
-0.038019759902594735
0.06688670704311687
-0.018073133489939087
0.06688670704311687
-0.025455882840042545
0.01222207381028646
-0.018073133489939087
-0.0774963456950301
0.06688670704311687
-0.07104701423341629
-0.08823024579668856
0.01222207381028646
-0.018073133489939087
-0.0774963456950301
-0.01835826436257306
-0.03523126671097741
-0.02351314735616502
-0.01835826436257306
-0.018073133489939087
-0.043427672247428016
-0.02351314735616502
-0.09417668199733237
-0.07346479922994183
0.02862910569138186
-0.08823024579668856
0.02862910569138186
-0.02351314735616502
0.06688670704311687
-0.043427672247428016
-0.04250763352132476
-0.025455882840042545
-0.06426764783308996
0.03801113067445334
-0.05684453717560497
-0.08823024579668856
-0.025455882840042545
-0.08823024579668856
-0.038019759902594735
-0.09417668199733237
-0.07104701423341629
-0.06608458678649858
-0.07104701423341629
-0.018073133489939087
-0.04250763352132476
-0.07104701423341629
-0.09417668199733237
-0.06608458678649858
0.03801113067445334
0.06688670704311687
-0.06608458678649858
-0.07104701423341629
-0.038019759902594735
-0.043427672247428016
-0.03841366585203161
0.020449365896724
-0.07077415765979841
-0.05684453717560497
0.06688670704311687
-0.038019759902594735
-0.03523126671097741
-0.038019759902594735
-0.09417668199733237
-0.03523126671097741
-0.03841366585203161
-0.01835826436257306
-0.07104701423341629
-0.07104701423341629
-0.03523126671097741
-0.018073133489939087
-0.10899045016231954
-0.07077415765979841
-0.05684453717560497
0.02862910569138186
0.020449365896724
-0.02351314735616502
-0.01835826436257306
-0.025455882840042545
-0.043427672247428016
-0.027140137452789485
-0.07077415765979841
-0.025455882840042545
0.01222207381028646
-0.043427672247428016
-0.06426764783308996
-0.03523126671097741
-0.025455882840042545
0.06688670704311687
-0.03523126671097741
-0.03523126671097741
-0.03523126671097741
-0.03523126671097741
-0.10899045016231954
-0.07104701423341629
-0.07346479922994183
-0.07104701423341629
-0.07104701423341629
-0.03841366585203161
-0.01835826436257306
-0.043427672247428016
-0.02351314735616502
-0.03841366585203161
-0.04250763352132476
-0.06426764783308996
-0.018073133489939087
-0.07346479922994183
-0.10899045016231954
-0.025455882840042545
-0.10899045016231954
-0.027140137452789485
-0.043427672247428016
-0.027140137452789485
-0.043427672247428016
-0.07346479922994183
-0.06608458678649858
-0.07104701423341629
-0.09417668199733237
0.020449365896724
-0.043427672247428016
-0.02351314735616502
-0.07346479922994183
-0.03523126671097741
0.02862910569138186
-0.0774963456950301
-0.04250763352132476
-0.08823024579668856
-0.06426764783308996
-0.027140137452789485
-0.06426764783308996
-0.06426764783308996
-0.04138398924913493
-0.05684453717560497
-0.0774963456950301
-0.0774963456950301
-0.05684453717560497
0.06688670704311687
-0.043427672247428016
-0.05684453717560497
-0.08823024579668856
0.03801113067445334
-0.07077415765979841
-0.03841366585203161
-0.06426764783308996
0.02862910569138186
-0.03841366585203161
0.02862910569138186
-0.06426764783308996
-0.043427672247428016
-0.08823024579668856
-0.04138398924913493
-0.03841366585203161
-0.043427672247428016
-0.03523126671097741
0.03801113067445334
-0.018073133489939087
-0.0774963456950301
-0.05684453717560497
0.01222207381028646
-0.027140137452789485
0.06688670704311687
-0.038019759902594735
-0.038019759902594735
-0.0774963456950301
-0.0774963456950301
-0.02351314735616502
-0.018073133489939087
-0.018073133489939087
-0.06426764783308996
-0.06608458678649858
-0.06608458678649858
-0.0774963456950301
-0.04138398924913493
-0.07346479922994183
-0.09417668199733237
-0.02351314735616502
-0.043427672247428016
-0.027140137452789485
-0.03523126671097741
-0.052885898469197334
-0.025455882840042545
0.02862910569138186
-0.0774963456950301
0.02862910569138186
0.03801113067445334
0.01222207381028646
-0.052885898469197334
0.03801113067445334
-0.07077415765979841
-0.01835826436257306
-0.07077415765979841
-0.0774963456950301
-0.027140137452789485
-0.027140137452789485
-0.07104701423341629
-0.10899045016231954
0.01222207381028646
-0.052885898469197334
0.03801113067445334
-0.08823024579668856
-0.01835826436257306
-0.07077415765979841
-0.04138398924913493
-0.038019759902594735
0.03801113067445334
0.020449365896724
-0.0774963456950301
-0.06426764783308996
0.02862910569138186
-0.07346479922994183
0.020449365896724
-0.06426764783308996
-0.03841366585203161
-0.10899045016231954
-0.04250763352132476
-0.05684453717560497
-0.04138398924913493
-0.06426764783308996
0.02862910569138186
-0.025455882840042545
-0.06426764783308996
-0.0774963456950301
-0.03523126671097741
-0.06608458678649858
-0.04250763352132476
-0.07077415765979841
-0.03841366585203161
0.02862910569138186
-0.018073133489939087
0.06688670704311687
0.06688670704311687
-0.038019759902594735
-0.07077415765979841
-0.06426764783308996
-0.08823024579668856
-0.02351314735616502
-0.04250763352132476
-0.04138398924913493
-0.03841366585203161
-0.04250763352132476
0.06688670704311687
-0.025455882840042545
-0.052885898469197334
-0.06426764783308996
-0.06608458678649858
-0.0774963456950301
-0.038019759902594735
0.03801113067445334
-0.025455882840042545
0.01222207381028646
-0.04250763352132476
-0.05684453717560497
0.01222207381028646
-0.06426764783308996
-0.027140137452789485
-0.08823024579668856
-0.09417668199733237
-0.09417668199733237
-0.03523126671097741
-0.06608458678649858
0.01222207381028646
-0.027140137452789485
-0.06426764783308996
-0.02351314735616502
-0.04138398924913493
-0.0774963456950301
-0.0774963456950301
-0.10899045016231954
-0.052885898469197334
-0.06426764783308996
-0.07077415765979841
-0.03841366585203161
-0.027140137452789485
-0.07077415765979841
0.020449365896724
-0.10899045016231954
-0.10899045016231954
-0.025455882840042545
0.03801113067445334
0.01222207381028646
-0.08823024579668856
-0.0774963456950301
0.03801113067445334
-0.027140137452789485
-0.07077415765979841
-0.05684453717560497
0.02862910569138186
-0.07104701423341629
0.01222207381028646
-0.07346479922994183
-0.01835826436257306
-0.04250763352132476
0.06688670704311687
-0.06426764783308996
-0.03523126671097741
-0.03523126671097741
0.02862910569138186
-0.025455882840042545
-0.07346479922994183
0.02862910569138186
-0.06426764783308996
-0.06426764783308996
-0.03523126671097741
-0.038019759902594735
-0.06608458678649858
-0.04138398924913493
-0.027140137452789485
-0.018073133489939087
-0.07104701423341629
-0.02351314735616502
0.01222207381028646
0.02862910569138186
-0.04138398924913493
-0.06608458678649858
-0.01835826436257306
-0.03841366585203161
-0.038019759902594735
0.020449365896724
-0.10899045016231954
0.020449365896724
0.02862910569138186
-0.04138398924913493
-0.08823024579668856
-0.03523126671097741
-0.027140137452789485
-0.01835826436257306
-0.07346479922994183
-0.018073133489939087
0.06688670704311687
-0.08823024579668856
-0.09417668199733237
-0.04138398924913493
-0.06426764783308996
-0.09417668199733237
-0.018073133489939087
-0.07346479922994183
0.01222207381028646
0.02862910569138186
0.02862910569138186
-0.027140137452789485
-0.01835826436257306
-0.10899045016231954
-0.01835826436257306
-0.025455882840042545
-0.052885898469197334
-0.03841366585203161
-0.0774963456950301
-0.10899045016231954
-0.025455882840042545
-0.09417668199733237
-0.025455882840042545
0.020449365896724
-0.03523126671097741
-0.09417668199733237
-0.06608458678649858
0.020449365896724
-0.03523126671097741
-0.03841366585203161
-0.0774963456950301
0.01222207381028646
-0.08823024579668856
-0.038019759902594735
-0.08823024579668856
-0.052885898469197334
-0.08823024579668856
-0.01835826436257306
-0.06426764783308996
-0.09417668199733237
0.03801113067445334
-0.027140137452789485
-0.052885898469197334
-0.038019759902594735
-0.018073133489939087
0.03801113067445334
-0.07077415765979841
0.03801113067445334
-0.03841366585203161
-0.03523126671097741
-0.09417668199733237
-0.03841366585203161
0.01222207381028646
-0.04138398924913493
-0.10899045016231954
-0.038019759902594735
0.020449365896724
-0.08823024579668856
0.01222207381028646
-0.06608458678649858
-0.06608458678649858
0.02862910569138186
-0.07346479922994183
-0.03841366585203161
-0.07077415765979841
-0.09417668199733237
-0.03523126671097741
-0.10899045016231954
-0.052885898469197334
-0.07104701423341629
-0.09417668199733237
-0.043427672247428016
-0.038019759902594735
-0.06426764783308996
0.03801113067445334
-0.052885898469197334
-0.10899045016231954
-0.02351314735616502
-0.10899045016231954
-0.0774963456950301
0.03801113067445334
-0.025455882840042545
-0.07104701423341629
-0.07346479922994183
-0.05684453717560497
-0.07346479922994183
-0.06608458678649858
-0.02351314735616502
-0.04250763352132476
-0.07104701423341629
-0.10899045016231954
-0.07346479922994183
-0.03841366585203161
-0.04138398924913493
0.01222207381028646
-0.027140137452789485
-0.038019759902594735
0.06688670704311687
-0.06608458678649858
-0.07346479922994183
-0.08823024579668856
-0.07346479922994183
-0.052885898469197334
-0.027140137452789485
-0.025455882840042545
-0.043427672247428016
-0.10899045016231954
-0.09417668199733237
0.03801113067445334
-0.10899045016231954
-0.08823024579668856
0.020449365896724
-0.01835826436257306
-0.025455882840042545
-0.0774963456950301
-0.025455882840042545
-0.0774963456950301
-0.025455882840042545
-0.025455882840042545
-0.043427672247428016
-0.03523126671097741
-0.04250763352132476
-0.04250763352132476
0.020449365896724
0.06688670704311687
-0.03841366585203161
-0.07104701423341629
-0.05684453717560497
0.01222207381028646
0.02862910569138186
-0.07077415765979841
-0.05684453717560497
-0.06426764783308996
-0.027140137452789485
-0.03841366585203161
-0.027140137452789485
-0.03841366585203161
-0.09417668199733237
-0.043427672247428016
0.020449365896724
0.06688670704311687
-0.018073133489939087
-0.02351314735616502
-0.0774963456950301
-0.03523126671097741
-0.07346479922994183
-0.038019759902594735
-0.0774963456950301
-0.05684453717560497
-0.025455882840042545
-0.07104701423341629
-0.05684453717560497
-0.10899045016231954
-0.07104701423341629
-0.07104701423341629
-0.09417668199733237
-0.07077415765979841
-0.027140137452789485
-0.027140137452789485
0.03801113067445334
-0.06608458678649858
-0.09417668199733237
-0.08823024579668856
-0.06608458678649858
-0.043427672247428016
0.020449365896724
-0.07104701423341629
-0.052885898469197334
-0.052885898469197334
-0.018073133489939087
0.03801113067445334
0.01222207381028646
-0.043427672247428016
-0.10899045016231954
-0.07346479922994183
-0.043427672247428016
-0.027140137452789485
0.01222207381028646
-0.10899045016231954
0.020449365896724
-0.052885898469197334
-0.07104701423341629
0.02862910569138186
-0.025455882840042545
-0.04138398924913493
-0.04138398924913493
0.01222207381028646
-0.09417668199733237
-0.0774963456950301
-0.02351314735616502
-0.08823024579668856
-0.0774963456950301
-0.01835826436257306
-0.027140137452789485
-0.04138398924913493
-0.018073133489939087
-0.03523126671097741
-0.05684453717560497
-0.03523126671097741
-0.043427672247428016
-0.07077415765979841
-0.027140137452789485
0.06688670704311687
-0.01835826436257306
-0.04250763352132476
-0.03523126671097741
-0.07077415765979841
-0.07346479922994183
-0.01835826436257306
-0.07346479922994183
-0.05684453717560497
0.06688670704311687
-0.043427672247428016
-0.038019759902594735
-0.02351314735616502
-0.09417668199733237
0.03801113067445334
-0.0774963456950301
0.06688670704311687
0.02862910569138186
-0.04138398924913493
-0.038019759902594735
-0.06426764783308996
0.01222207381028646
-0.03523126671097741
-0.10899045016231954
-0.01835826436257306
0.03801113067445334
-0.03841366585203161
-0.018073133489939087
-0.02351314735616502
0.01222207381028646
-0.05684453717560497
-0.0774963456950301
-0.04138398924913493
-0.04250763352132476
-0.03841366585203161
-0.07346479922994183
-0.08823024579668856
-0.027140137452789485
-0.0774963456950301
-0.04138398924913493
0.06688670704311687
-0.04138398924913493
-0.038019759902594735
0.03801113067445334
-0.02351314735616502
-0.038019759902594735
0.03801113067445334
-0.0774963456950301
-0.01835826436257306
0.02862910569138186
-0.08823024579668856
0.02862910569138186
-0.03523126671097741
-0.05684453717560497
-0.04138398924913493
0.01222207381028646
-0.07077415765979841
-0.07346479922994183
-0.06426764783308996
0.01222207381028646
-0.03841366585203161
-0.052885898469197334
-0.07077415765979841
-0.04250763352132476
-0.06608458678649858
-0.01835826436257306
-0.08823024579668856
-0.04138398924913493
-0.027140137452789485
-0.0774963456950301
-0.04250763352132476
0.01222207381028646
-0.043427672247428016
0.03801113067445334
-0.043427672247428016
-0.05684453717560497
-0.018073133489939087
-0.10899045016231954
-0.10899045016231954
-0.04250763352132476
-0.05684453717560497
-0.018073133489939087
0.020449365896724
0.020449365896724
-0.06426764783308996
-0.027140137452789485
0.03801113067445334
-0.07104701423341629
0.02862910569138186
-0.052885898469197334
-0.043427672247428016
-0.09417668199733237
0.01222207381028646
-0.06426764783308996
-0.0774963456950301
0.02862910569138186
-0.02351314735616502
0.02862910569138186
-0.0774963456950301
-0.07104701423341629
-0.06426764783308996
-0.07346479922994183
-0.052885898469197334
-0.038019759902594735
-0.0774963456950301
-0.05684453717560497
-0.04138398924913493
-0.09417668199733237
-0.02351314735616502
-0.07104701423341629
-0.025455882840042545
-0.0774963456950301
-0.04138398924913493
-0.043427672247428016
-0.03523126671097741
-0.03841366585203161
0.02862910569138186
-0.038019759902594735
-0.03523126671097741
0.02862910569138186
-0.07104701423341629
-0.03841366585203161
-0.03523126671097741
-0.043427672247428016
-0.038019759902594735
-0.052885898469197334
-0.03841366585203161
-0.06608458678649858
-0.04138398924913493
-0.038019759902594735
-0.038019759902594735
-0.025455882840042545
-0.07346479922994183
-0.03841366585203161
-0.07077415765979841
0.02862910569138186
-0.06608458678649858
-0.07346479922994183
0.03801113067445334
0.06688670704311687
0.06688670704311687
-0.04138398924913493
-0.08823024579668856
-0.06608458678649858
-0.07104701423341629
-0.0774963456950301
-0.05684453717560497
0.02862910569138186
-0.01835826436257306
0.020449365896724
-0.025455882840042545
-0.01835826436257306
-0.01835826436257306
-0.03841366585203161
-0.018073133489939087
-0.08823024579668856
-0.043427672247428016
0.03801113067445334
-0.07346479922994183
0.020449365896724
-0.04138398924913493
-0.08823024579668856
-0.03841366585203161
-0.043427672247428016
-0.04138398924913493
-0.05684453717560497
-0.025455882840042545
0.02862910569138186
0.06688670704311687
0.06688670704311687
-0.05684453717560497
-0.08823024579668856
-0.01835826436257306
-0.025455882840042545
0.020449365896724
-0.03841366585203161
-0.027140137452789485
-0.04138398924913493
0.02862910569138186
0.03801113067445334
-0.07346479922994183
-0.03523126671097741
-0.02351314735616502
-0.027140137452789485
-0.07104701423341629
-0.07346479922994183
0.06688670704311687
-0.07104701423341629
-0.01835826436257306
-0.04138398924913493
-0.038019759902594735
-0.06608458678649858
-0.03841366585203161
-0.0774963456950301
0.01222207381028646
-0.043427672247428016
-0.038019759902594735
0.020449365896724
-0.06608458678649858
-0.01835826436257306
-0.018073133489939087
-0.038019759902594735
-0.04138398924913493
-0.043427672247428016
-0.03523126671097741
0.06688670704311687
0.06688670704311687
-0.06426764783308996
0.06688670704311687
-0.04250763352132476
-0.027140137452789485
0.02862910569138186
-0.03841366585203161
-0.07077415765979841
-0.06426764783308996
-0.038019759902594735
0.03801113067445334
-0.06608458678649858
-0.06608458678649858
-0.027140137452789485
