0.03978495898019096
0.024357746412798278
-0.1068111304382252
-0.006715820570238069
0.006585619206199301
0.034473218809370876
-0.05937738040715627
-0.12379871350069603
-0.05067461820398569
-0.004464406276296657
0.20933187551101362
0.024286521746412708
0.032438584475122996
0.19785062597287853
-0.11174816313240367
-0.08291376532088948
0.06139684219859734
-0.14455411131477833
0.04134902852720672
0.07781980745365416
-0.1536609366084465
-0.026914406709145727
-0.13605858109551164
0.012859609981001018
-0.05120308494238573
-0.01825911569061708
-0.08168994473368497
0.02003330738152471
-0.07743518529196862
0.012199939645154452
-0.09413331020710802
-0.04177010733625705
0.07781980745365416
-0.03899240798457535
0.0464407594293466
0.07773931709299951
-0.05728615826304908
-0.07192669435309934
0.014122861658646905
0.10089845097978649
-0.01825911569061708
0.01440562239611788
0.10089845097978649
-0.1513087230648422
-0.2934237780071964
-0.17029679229385514
0.20933187551101362
0.1854661610543298
-0.11570603658425135
-0.07391102168888875
-0.08291376532088948
-0.1068111304382252
-0.0748535815329287
-0.3083725218697094
-0.03320071431947623
-0.12480447566063618
-0.03223186696688165
-0.11897960173990588
-0.20638260756106952
-0.0480670652357951
-0.1068111304382252
-0.12148649411896492
0.07151468682782061
-0.09584854520288105
-0.14455411131477833
-0.1068111304382252
-0.026180646996447364
-0.10382806592882736
-0.05728615826304908
-0.07545188984637527
-0.12480447566063618
-0.03696322175850955
0.024286521746412708
0.02911352307783761
0.014122861658646905
0.04134902852720672
0.1971286122128381
-0.05526006392832714
-0.08270454919774789
-0.12148649411896492
-0.07711045063217654
-0.04177010733625705
-0.09413331020710802
-0.2934237780071964
-0.03899240798457535
0.0706946571963681
0.06139684219859734
-0.13605858109551164
0.04134902852720672
-0.14455411131477833
0.09711117480512924
-0.04177010733625705
0.2343334850204944
0.1971286122128381
0.07781980745365416
-0.13736492107440978
0.030912622495577614
-0.07521846314302236
-0.1536609366084465
-0.12379871350069603
0.05962293264093364
-0.2934237780071964
0.0706946571963681
0.020229268738380775
0.07556606446311837
-0.08631395379408485
0.024286521746412708
0.030912622495577614
0.05478902558537612
-0.0952794389981565
0.07340783496952506
-0.03899240798457535
-0.10382806592882736
-0.007480036419435523
0.09711117480512924
-0.13736492107440978
-0.17029679229385514
0.03375698119749062
0.0648946462431149
-0.07711045063217654
-0.085950404221974
-0.034360886145370056
-0.20303537249140566
-0.11512730692214809
0.19785062597287853
-0.19523985230201601
-0.085950404221974
-0.19311572166843685
-0.026914406709145727
-0.24599282879617634
-0.08270454919774789
-0.07192669435309934
0.0706946571963681
0.2597326228157638
0.0956502866092554
0.04238704206903646
0.19785062597287853
-0.0480670652357951
-0.2934237780071964
-0.052450670473036566
0.0706946571963681
-0.1333490016617053
0.012199939645154452
0.05962293264093364
-0.20303537249140566
-0.06657394336078667
-0.06795801507523172
-0.12258133208908988
0.07781980745365416
-0.06576163374667661
0.06698334690399056
0.14850111525867044
-0.07711045063217654
0.07151468682782061
0.05532986177618882
0.1971286122128381
0.0956502866092554
0.03375698119749062
0.020229268738380775
0.016325832560909876
-0.08836231147527156
-0.09330094394380797
0.02911352307783761
-0.11222134378518148
0.06139684219859734
-0.09584854520288105
0.024286521746412708
-0.05526006392832714
-0.11897960173990588
-0.0076192622172631
-0.08631395379408485
-0.10987131656531748
-0.01443494136669312
0.012859609981001018
-0.10017880324245575
-0.03320071431947623
-0.004377438160657931
0.0464407594293466
-0.09413331020710802
0.04238704206903646
-0.1536609366084465
-0.24599282879617634
0.0956502866092554
-0.05526006392832714
0.034473218809370876
-0.07612384108694584
-0.22700649553422722
0.10089845097978649
-0.07612384108694584
-0.05728615826304908
0.032438584475122996
-0.09654997876513678
0.2597326228157638
0.04238704206903646
0.08151752657271932
-0.0480670652357951
-0.13605858109551164
0.20933187551101362
-0.10987131656531748
0.032390484290065205
-0.06448262494477475
-0.06302400914291909
-0.038397954177875844
-0.09584854520288105
-0.3028744097898347
-0.17029679229385514
0.05233516239476692
-0.32684386593324977
-0.19523985230201601
-0.24599282879617634
-0.07391102168888875
-0.11570603658425135
-0.11222134378518148
0.003914232748988288
0.0071857194260252595
-0.12023901147192083
-0.1536609366084465
-0.01443494136669312
0.02911352307783761
0.07151468682782061
-0.085950404221974
-0.1536609366084465
-0.08836231147527156
0.032438584475122996
-0.06937476487017194
0.02911352307783761
-0.07612384108694584
-0.026180646996447364
-0.07521846314302236
-0.05623627341857194
0.0464407594293466
-0.1005566554292771
-0.026914406709145727
-0.1513087230648422
-0.004005355098347692
0.032438584475122996
-0.004377438160657931
-0.07711045063217654
-0.05728615826304908
-0.1068111304382252
-0.026180646996447364
-0.05120308494238573
-0.24599282879617634
-0.05728615826304908
-0.3028744097898347
-0.06302400914291909
-0.03696322175850955
-0.02646921397700123
0.282165827781447
0.017184274321293144
-0.10120690224156835
-0.04690419329576658
-0.1333490016617053
0.030912622495577614
-0.09413331020710802
-0.11570603658425135
-0.2435094373330976
-0.1859300299597435
-0.07612384108694584
0.012199939645154452
0.11720941057269527
-0.05683764979692999
0.032390484290065205
0.0648946462431149
0.06698334690399056
0.030912622495577614
-0.004464406276296657
0.05962293264093364
0.02003330738152471
-0.07521846314302236
-0.003629575387442299
-0.08291376532088948
0.17277617999705458
-0.01443494136669312
0.07556606446311837
0.012859609981001018
-0.09584854520288105
0.2597326228157638
-0.12379871350069603
0.07151468682782061
-0.03899240798457535
-0.19311572166843685
-0.08168994473368497
0.07498401038216737
0.032390484290065205
0.19785062597287853
-0.06448262494477475
-0.07192669435309934
0.09711117480512924
-0.14455411131477833
0.0956502866092554
0.06139684219859734
-0.10017880324245575
-0.16160369994527898
-0.12379871350069603
-0.007480036419435523
0.0956502866092554
0.1971286122128381
-0.09584854520288105
0.07311312193410538
0.02911352307783761
-0.25964047276747565
0.0071857194260252595
0.05478902558537612
0.14850111525867044
0.032438584475122996
-0.08270454919774789
-0.25964047276747565
0.012859609981001018
0.020229268738380775
-0.09413331020710802
0.19785062597287853
0.043930368391377955
-0.06576163374667661
-0.0022358610754963345
-0.03899240798457535
-0.1068111304382252
-0.10987131656531748
-0.06448262494477475
0.003914232748988288
-0.0748535815329287
-0.3028744097898347
-0.04177010733625705
0.0464407594293466
0.10089845097978649
-0.12258133208908988
-0.3028744097898347
0.07340783496952506
-0.2934237780071964
0.05312461031857087
-0.12258133208908988
-0.07545188984637527
-0.09584854520288105
-0.19523985230201601
-0.11512730692214809
0.0956502866092554
0.07773931709299951
-0.08836231147527156
0.17277617999705458
-0.11897960173990588
-0.24599282879617634
-0.0952794389981565
-0.19523985230201601
-0.14455411131477833
-0.05120308494238573
-0.0076192622172631
0.0071857194260252595
0.034473218809370876
-0.07612384108694584
0.1854661610543298
-0.09584854520288105
0.003914232748988288
-0.13605858109551164
0.02003330738152471
0.0648946462431149
-0.1005566554292771
-0.028583969378678294
-0.07402112700392349
-0.05526006392832714
0.0956502866092554
-0.09330094394380797
-0.12379871350069603
-0.003629575387442299
-0.01443494136669312
-0.11570603658425135
-0.08836231147527156
-0.0748535815329287
-0.07612384108694584
-0.08631395379408485
0.003914232748988288
-0.12148649411896492
-0.06302400914291909
-0.006715820570238069
0.04702248663143337
-0.1536609366084465
-0.0952794389981565
-0.17029679229385514
-0.002247177027800284
-0.14455411131477833
0.012859609981001018
0.09711117480512924
0.05233516239476692
-0.07545188984637527
0.0464407594293466
0.282165827781447
-0.08836231147527156
-0.1347977028218586
-0.07521846314302236
-0.05937738040715627
-0.3028744097898347
0.07498401038216737
0.05532986177618882
-0.1333490016617053
-0.11222134378518148
-0.06986955493741742
-0.2435094373330976
-0.16160369994527898
-0.05526006392832714
-0.1333490016617053
-0.03237281730988047
-0.026914406709145727
0.05532986177618882
-0.04177010733625705
0.09711117480512924
-0.07192669435309934
-0.004464406276296657
0.2597326228157638
0.07498401038216737
-0.034360886145370056
-0.085950404221974
-0.03899240798457535
-0.034360886145370056
-0.026180646996447364
-0.12379871350069603
-0.0022358610754963345
-0.10987131656531748
0.02003330738152471
-0.0022358610754963345
0.05532986177618882
-0.11222134378518148
0.05312461031857087
0.06698334690399056
0.034473218809370876
-0.0748535815329287
-0.08631395379408485
-0.2435094373330976
-0.07743518529196862
-0.11897960173990588
-0.16160369994527898
-0.09654997876513678
0.0706946571963681
-0.24599282879617634
-0.0480670652357951
-0.17384171226165412
-0.10120690224156835
-0.05683764979692999
-0.003629575387442299
0.09480230732678725
-0.08270454919774789
-0.11512730692214809
0.14850111525867044
0.04702248663143337
0.0071857194260252595
-0.06986955493741742
0.006585619206199301
0.10089845097978649
-0.07110576691827579
-0.11512730692214809
-0.002247177027800284
0.09711117480512924
-0.028583969378678294
-0.0076192622172631
0.05478902558537612
-0.04177010733625705
-0.05937738040715627
-0.07402112700392349
-0.06795801507523172
0.0464407594293466
-0.12480447566063618
0.05478902558537612
-0.06576163374667661
0.032438584475122996
-0.12480447566063618
-0.06657394336078667
0.0648946462431149
-0.3028744097898347
-0.0952794389981565
0.09480230732678725
-0.09654997876513678
-0.03223186696688165
-0.03237281730988047
-0.12148649411896492
-0.0952794389981565
-0.12148649411896492
-0.13605858109551164
-0.085950404221974
0.02003330738152471
-0.07612384108694584
-0.004005355098347692
-0.05683764979692999
0.07773931709299951
-0.12023901147192083
-0.20638260756106952
0.08151752657271932
0.07311312193410538
-0.12148649411896492
-0.08631395379408485
-0.06657394336078667
-0.11570603658425135
0.17277617999705458
0.05478902558537612
-0.05623627341857194
0.07311312193410538
-0.12512949824154282
0.04238704206903646
-0.05623627341857194
-0.0748535815329287
-0.1859300299597435
-0.07545188984637527
0.04702248663143337
0.05962293264093364
-0.03899240798457535
0.0071857194260252595
-0.12258133208908988
0.07498401038216737
-0.003629575387442299
0.032390484290065205
-0.08168994473368497
-0.10987131656531748
-0.1513087230648422
-0.07612384108694584
-0.05623627341857194
0.05312461031857087
-0.007480036419435523
0.07781980745365416
0.04238704206903646
0.07340783496952506
-0.0076192622172631
-0.004005355098347692
0.07151468682782061
-0.2435094373330976
0.04702248663143337
-0.06448262494477475
-0.01443494136669312
-0.11174816313240367
-0.03237281730988047
-0.14455411131477833
-0.038397954177875844
-0.20303537249140566
-0.1513087230648422
0.043930368391377955
-0.05067461820398569
-0.034360886145370056
0.032390484290065205
0.2343334850204944
0.10089845097978649
0.02911352307783761
-0.05683764979692999
-0.12480447566063618
0.020229268738380775
0.034473218809370876
-0.10987131656531748
-0.12480447566063618
-0.06657394336078667
-0.07110576691827579
0.11720941057269527
-0.19523985230201601
0.09711117480512924
-0.0022358610754963345
0.043930368391377955
-0.22700649553422722
-0.05067461820398569
0.05312461031857087
0.032390484290065205
-0.12148649411896492
0.012859609981001018
-0.0748535815329287
-0.01443494136669312
0.14850111525867044
-0.1347977028218586
-0.12148649411896492
-0.20303537249140566
0.030912622495577614
0.14850111525867044
-0.11512730692214809
-0.05120308494238573
-0.12694753845650034
-0.11174816313240367
0.282165827781447
-0.04177010733625705
0.282165827781447
0.05312461031857087
-0.3083725218697094
-0.1333490016617053
0.03375698119749062
-0.19311572166843685
-0.1333490016617053
-0.1536609366084465
0.07781980745365416
0.07311312193410538
-0.03223186696688165
-0.007480036419435523
0.02003330738152471
-0.11512730692214809
0.04238704206903646
0.06139684219859734
-0.03696322175850955
0.006585619206199301
0.07311312193410538
-0.002247177027800284
0.07311312193410538
-0.11897960173990588
0.2597326228157638
0.02911352307783761
-0.0076192622172631
-0.05728615826304908
-0.11222134378518148
-0.01443494136669312
0.282165827781447
-0.2435094373330976
-0.05623627341857194
0.014122861658646905
-0.1513087230648422
-0.08836231147527156
-0.11512730692214809
-0.08668578823953392
-0.12512949824154282
-0.1005566554292771
-0.25964047276747565
0.01440562239611788
0.1854661610543298
-0.13605858109551164
0.006585619206199301
0.09711117480512924
0.14850111525867044
-0.05526006392832714
0.08151752657271932
-0.03223186696688165
0.04702248663143337
0.016325832560909876
-0.22700649553422722
-0.11512730692214809
0.19785062597287853
-0.09584854520288105
0.09480230732678725
-0.32684386593324977
-0.11222134378518148
-0.1513087230648422
-0.09584854520288105
0.14850111525867044
-0.3028744097898347
-0.026914406709145727
-0.03223186696688165
-0.19523985230201601
0.0071857194260252595
0.05478902558537612
-0.17029679229385514
-0.2934237780071964
-0.10120690224156835
-0.07192669435309934
-0.12258133208908988
0.04238704206903646
-0.04690419329576658
0.006585619206199301
-0.05623627341857194
-0.09330094394380797
0.07151468682782061
-0.007480036419435523
-0.03696322175850955
-0.07402112700392349
-0.10120690224156835
-0.07545188984637527
0.006585619206199301
0.03978495898019096
0.0956502866092554
-0.20638260756106952
0.17277617999705458
-0.06302400914291909
-0.006715820570238069
-0.08836231147527156
-0.026914406709145727
-0.004464406276296657
-0.002247177027800284
-0.1333490016617053
0.04134902852720672
-0.06986955493741742
0.012199939645154452
0.04702248663143337
-0.085950404221974
0.11720941057269527
-0.09654997876513678
-0.07545188984637527
-0.0748535815329287
-0.1005566554292771
-0.07192669435309934
-0.06448262494477475
-0.05728615826304908
0.06698334690399056
-0.01825911569061708
0.07773931709299951
-0.02646921397700123
0.1854661610543298
-0.004005355098347692
-0.2435094373330976
-0.08270454919774789
-0.03223186696688165
-0.11512730692214809
0.016325832560909876
0.012199939645154452
-0.01825911569061708
-0.11570603658425135
-0.12379871350069603
-0.004377438160657931
0.0071857194260252595
0.034473218809370876
0.017184274321293144
-0.05526006392832714
0.014122861658646905
0.014122861658646905
-0.1005566554292771
0.05962293264093364
0.0464407594293466
-0.19311572166843685
-0.03320071431947623
0.043930368391377955
-0.03223186696688165
0.07498401038216737
0.03978495898019096
0.012859609981001018
-0.07612384108694584
-0.12512949824154282
0.1971286122128381
-0.1513087230648422
-0.0076192622172631
-0.0022358610754963345
0.06698334690399056
0.024286521746412708
-0.09330094394380797
-0.07192669435309934
0.06139684219859734
-0.20638260756106952
-0.12148649411896492
-0.22700649553422722
-0.06302400914291909
-0.0748535815329287
-0.07391102168888875
0.04134902852720672
-0.3028744097898347
-0.003629575387442299
0.003914232748988288
-0.05623627341857194
0.1854661610543298
-0.2435094373330976
-0.05937738040715627
-0.07612384108694584
-0.11897960173990588
0.07781980745365416
-0.02646921397700123
-0.11174816313240367
-0.32684386593324977
-0.05120308494238573
-0.2435094373330976
0.07151468682782061
-0.1005566554292771
-0.11512730692214809
-0.32684386593324977
-0.05120308494238573
-0.034360886145370056
-0.12258133208908988
-0.1333490016617053
-0.007480036419435523
-0.07402112700392349
-0.09413331020710802
0.0464407594293466
0.024357746412798278
-0.09584854520288105
0.05478902558537612
-0.07743518529196862
0.04134902852720672
0.05233516239476692
-0.09654997876513678
-0.1513087230648422
-0.006715820570238069
-0.17384171226165412
-0.12379871350069603
-0.038397954177875844
-0.09330094394380797
0.06698334690399056
-0.2435094373330976
0.1971286122128381
0.04134902852720672
0.0648946462431149
-0.22700649553422722
-0.07192669435309934
0.04134902852720672
-0.0480670652357951
0.0648946462431149
0.01440562239611788
-0.07110576691827579
0.282165827781447
-0.0076192622172631
-0.034360886145370056
-0.05120308494238573
-0.1536609366084465
-0.03320071431947623
0.030912622495577614
-0.03899240798457535
0.04702248663143337
-0.038397954177875844
-0.03223186696688165
0.07781980745365416
-0.11512730692214809
-0.1068111304382252
-0.1347977028218586
-0.06986955493741742
-0.052450670473036566
-0.12148649411896492
0.17277617999705458
0.05312461031857087
-0.03223186696688165
-0.25964047276747565
-0.07391102168888875
-0.038397954177875844
-0.06937476487017194
-0.034360886145370056
-0.06448262494477475
0.07151468682782061
0.02003330738152471
-0.05526006392832714
0.05312461031857087
-0.07391102168888875
-0.05937738040715627
-0.03899240798457535
-0.3028744097898347
0.05962293264093364
-0.06986955493741742
0.04134902852720672
0.04134902852720672
-0.03320071431947623
0.017184274321293144
0.034473218809370876
-0.052450670473036566
-0.08270454919774789
-0.06657394336078667
-0.10987131656531748
0.03375698119749062
-0.08631395379408485
-0.24599282879617634
-0.07391102168888875
0.07151468682782061
-0.09654997876513678
-0.1347977028218586
0.05478902558537612
-0.004377438160657931
-0.10987131656531748
0.032438584475122996
-0.06986955493741742
0.1971286122128381
0.07498401038216737
0.07311312193410538
0.04134902852720672
-0.0480670652357951
-0.052450670473036566
0.04134902852720672
0.04702248663143337
-0.08270454919774789
-0.10120690224156835
-0.12694753845650034
-0.03320071431947623
-0.20303537249140566
-0.20303537249140566
0.014122861658646905
0.10089845097978649
-0.004377438160657931
-0.09584854520288105
0.030912622495577614
-0.06448262494477475
-0.16160369994527898
0.016325832560909876
0.08151752657271932
-0.10382806592882736
-0.03696322175850955
-0.09584854520288105
-0.1347977028218586
-0.1536609366084465
0.14850111525867044
-0.11174816313240367
-0.01443494136669312
-0.026914406709145727
-0.026180646996447364
-0.17384171226165412
-0.026914406709145727
0.08151752657271932
-0.08270454919774789
-0.05067461820398569
0.1854661610543298
0.07773931709299951
-0.05937738040715627
0.016325832560909876
-0.1347977028218586
-0.08668578823953392
-0.10987131656531748
-0.07545188984637527
-0.13736492107440978
-0.028583969378678294
0.032438584475122996
-0.05728615826304908
-0.06657394336078667
-0.06986955493741742
0.032390484290065205
-0.07545188984637527
-0.07711045063217654
0.0956502866092554
-0.07711045063217654
-0.1347977028218586
-0.07612384108694584
-0.07743518529196862
-0.03223186696688165
0.01440562239611788
-0.20638260756106952
-0.07402112700392349
-0.10987131656531748
-0.1859300299597435
-0.07612384108694584
-0.028583969378678294
0.024286521746412708
-0.06795801507523172
0.032390484290065205
0.08151752657271932
-0.0022358610754963345
0.016325832560909876
-0.03696322175850955
0.0071857194260252595
-0.11897960173990588
-0.085950404221974
0.07151468682782061
0.09480230732678725
-0.07711045063217654
0.043930368391377955
0.024286521746412708
-0.052450670473036566
-0.004464406276296657
-0.05623627341857194
0.09480230732678725
0.09711117480512924
-0.06448262494477475
-0.06795801507523172
-0.03899240798457535
0.06698334690399056
0.0464407594293466
0.05962293264093364
0.05312461031857087
0.034473218809370876
-0.08836231147527156
0.017184274321293144
-0.3028744097898347
-0.08631395379408485
-0.09330094394380797
-0.17384171226165412
0.0464407594293466
-0.1513087230648422
-0.08668578823953392
-0.06795801507523172
-0.11174816313240367
-0.09330094394380797
0.05478902558537612
-0.08631395379408485
0.05962293264093364
-0.07402112700392349
0.04702248663143337
-0.2435094373330976
-0.0022358610754963345
-0.13605858109551164
-0.09654997876513678
-0.003629575387442299
-0.12148649411896492
-0.12512949824154282
-0.003629575387442299
-0.13736492107440978
-0.1536609366084465
-0.06986955493741742
-0.08291376532088948
0.01440562239611788
-0.02646921397700123
-0.04690419329576658
0.05962293264093364
0.2343334850204944
0.09480230732678725
-0.19311572166843685
0.1971286122128381
-0.10120690224156835
-0.1005566554292771
0.17277617999705458
0.14850111525867044
-0.13605858109551164
-0.3083725218697094
0.014122861658646905
-0.19523985230201601
-0.0748535815329287
-0.11222134378518148
-0.17029679229385514
-0.052450670473036566
-0.06448262494477475
-0.003629575387442299
-0.07402112700392349
-0.01443494136669312
0.19785062597287853
-0.026914406709145727
0.07151468682782061
0.0706946571963681
0.012859609981001018
-0.1859300299597435
-0.007480036419435523
-0.05067461820398569
-0.03237281730988047
-0.004005355098347692
0.043930368391377955
0.05312461031857087
0.19785062597287853
0.012199939645154452
