-0.008881520228209665
-0.048712314947153446
-0.04994721570757422
0.00044002475206977566
-0.04568784681397416
0.007575533936346091
-0.05280749828159272
0.020694809168478198
0.04284978337455844
-0.10157768099465102
-0.03409568387488123
0.0591922016523844
0.04785246946795247
-0.05203693763645425
0.04081286128065497
-0.08348460044869033
-0.021131201002497282
-0.035265279217741634
-0.041379797863172293
-0.0009177382815863057
0.007540402241543857
-0.09130384085141359
-0.034132300250867505
-0.09829221733315283
-0.024174827128199877
-0.040337047159323625
-0.041379797863172293
-0.029949732487097497
0.06769189503899388
0.01815155441898962
0.06763440494412873
-0.08307864704814388
-0.029949732487097497
0.00730817381038068
-0.23407910690839642
-0.07903526301766939
-0.029937644809164287
-0.08307864704814388
0.021634791477961508
-0.06276026488540515
-0.03875033501508776
-0.0650030789380909
-0.04348489076947572
0.017832292484812863
-0.10287616355120147
0.028988218053783595
-0.03467961864986162
-0.0347200528039034
-0.008881520228209665
-0.02075160874855104
-0.03875033501508776
0.028123968603038712
-0.09829221733315283
-0.06928096277844213
-0.01910591918807962
0.032782099999945545
-0.09598198226274682
-0.011897356412226105
0.015499374155151072
-0.06276026488540515
-0.09130384085141359
-0.08196818120628818
-0.05344359797783539
-0.025631016760404846
-0.06255574773546815
-0.07547777286658894
0.06294437996441077
-0.09862063747533052
0.011875636933100049
-0.16649403565660245
-0.08538616984523928
0.035133496386648734
0.05173503633722671
-0.04348489076947572
-0.10064790828216603
0.021185767938770046
-0.00018583862194619972
-0.0029948856166202476
-0.16649403565660245
0.035133496386648734
-0.004933710425346837
-0.04135611996445
-0.05221972003755385
0.07784789059036833
-0.020270630778459666
-0.10287616355120147
-0.034132300250867505
-0.011897356412226105
0.021185767938770046
-0.014592971999434589
0.004971618783734974
-0.09130384085141359
-0.017836934966187875
-0.009799135528112872
0.024468071316441915
-0.0004666887430637874
-0.08298496894411028
-0.02075160874855104
0.041532719301540774
-0.035265279217741634
-0.05129265599651124
0.028123968603038712
-0.05280749828159272
-0.05478796374869442
-0.05155991416597952
0.021634791477961508
0.01815155441898962
-0.004422968246801525
-0.16649403565660245
-0.10287616355120147
-0.07951298182430405
0.00777446279584778
-0.058670652818917535
-0.1570495920729211
-0.008881520228209665
0.013898267079066516
-0.029949732487097497
-0.0313838164559206
0.00777446279584778
0.12147701241893949
-0.08280945350019796
-0.04236890643473903
-0.08798869219856145
-0.079196055435453
-0.07376138037545309
0.011875636933100049
-0.05252675129673386
0.05173503633722671
-0.08280945350019796
-0.041379797863172293
0.012727122700782498
-0.10469213485462875
0.12147701241893949
0.02861491586316133
0.06769189503899388
-0.05478796374869442
-0.10881874013095746
-0.017371700213281514
-0.041186388891260944
-0.06711470961666086
-0.0313838164559206
0.09825510607273956
-0.040337047159323625
-0.013589240153601292
-0.06877588964464516
0.04081286128065497
-0.035265279217741634
-0.03841118730616742
-0.008881520228209665
-0.013589240153601292
-0.10921245347047502
-0.0029948856166202476
-0.05203693763645425
-0.0009177382815863057
-0.05344359797783539
-0.05203693763645425
0.12147701241893949
-0.04236890643473903
-0.029937644809164287
0.02267867596234129
-0.09598198226274682
-0.040337047159323625
-0.034132300250867505
-0.014592971999434589
-0.079196055435453
-0.026927217934051787
-0.09352782963919803
-0.03467961864986162
-0.07376138037545309
-0.04986550695722965
-0.06234621473126137
-0.0347200528039034
-0.06494643004626577
-0.04131100856395137
-0.16649403565660245
0.03751594466002307
-0.024272848276832994
-0.004933710425346837
-0.03841118730616742
-0.02428315533338588
-0.04568784681397416
-0.0650030789380909
-0.025631016760404846
-0.04994721570757422
-0.0004666887430637874
0.032782099999945545
-0.026927217934051787
-0.08798869219856145
-0.04602081458556984
0.06763440494412873
-0.09190313336948404
0.05593112558018271
-0.0650030789380909
-0.05129265599651124
-0.010373169720642672
0.02909762481814243
0.00730817381038068
-0.05478796374869442
-0.09862063747533052
-0.01910591918807962
-0.048712314947153446
0.06769189503899388
0.013898267079066516
-0.040337047159323625
-0.10157768099465102
-0.08538616984523928
-0.048438365202914696
-0.040337047159323625
0.011091330389998079
0.01815155441898962
-0.06492317211040581
-0.048712314947153446
0.04785246946795247
-0.021131201002497282
-0.04135611996445
0.00044002475206977566
0.05000476312162816
0.004971618783734974
-0.06492317211040581
-0.041379797863172293
0.01591444460109044
-0.06255574773546815
-0.029949732487097497
-0.024174827128199877
-0.02075160874855104
-0.02428315533338588
-0.041379797863172293
-0.04986550695722965
0.0038485303077286236
0.012727122700782498
-0.017836934966187875
-0.02075160874855104
-0.017836934966187875
-0.08196818120628818
-0.06877588964464516
-0.05344359797783539
-0.011897356412226105
-0.049939956532130306
-0.024272848276832994
-0.05252675129673386
0.017832292484812863
-0.030366637697528665
-0.02892531007130078
-0.04872619437890001
-0.07030407071089882
-0.017836934966187875
-0.014592971999434589
0.01591444460109044
-0.020270630778459666
0.028988218053783595
-0.048712314947153446
-0.07315111095861555
-0.07030407071089882
-0.010967233682332012
-0.057271766688051964
-0.07315111095861555
-0.034132300250867505
-0.09829221733315283
-0.11555392887965575
0.021634791477961508
-0.0004666887430637874
0.05000476312162816
-0.04704224834102528
0.04081286128065497
0.032782099999945545
-0.08307864704814388
-0.0313838164559206
-0.004933710425346837
-0.045486515421670745
0.02166593634178576
-0.0009177382815863057
-0.029093742588514732
-0.011897356412226105
0.02310427328490261
-0.07315111095861555
-0.00018583862194619972
-0.029937644809164287
-0.030207481876426072
0.09400020085228897
-0.057271766688051964
-0.23407910690839642
-0.01910591918807962
-0.049939956532130306
-0.09409818454138472
-0.079196055435453
-0.0004666887430637874
0.007540402241543857
-0.05221972003755385
0.011731373219801623
0.012727122700782498
0.028123968603038712
-0.03841118730616742
-0.059699407828404265
-0.012048594368742865
-0.06071955868936594
-0.06328973883242471
-0.029093742588514732
0.0591922016523844
0.02501618927361414
-0.013589240153601292
-0.045486515421670745
-0.039292789516727225
0.06763440494412873
-0.04267990541940662
-0.024272848276832994
-0.06492317211040581
0.020694809168478198
-0.09598198226274682
-0.0009177382815863057
-0.06492317211040581
0.01591444460109044
0.00730817381038068
-0.07547777286658894
0.05593112558018271
-0.12105327038013211
-0.03875033501508776
-0.05478796374869442
0.00730817381038068
-0.05203693763645425
0.0591922016523844
0.035133496386648734
-0.025631016760404846
-0.056324788799132386
-0.0029633014432725907
0.02501618927361414
-0.029937644809164287
-0.045486515421670745
-0.008881520228209665
-0.017836934966187875
-0.05280749828159272
-0.034132300250867505
-0.05221972003755385
-0.00018583862194619972
-0.04994721570757422
-0.07951298182430405
-0.017836934966187875
-0.06328973883242471
-0.07399922957425865
-0.04994721570757422
-0.0650030789380909
-0.06928096277844213
-0.06916232471863128
0.011731373219801623
-0.004422968246801525
0.06769189503899388
-0.004422968246801525
-0.029937644809164287
-0.058670652818917535
-0.012565014334639153
-0.08280945350019796
-0.11391386787742362
-0.08990210226467239
-0.08280945350019796
0.011875636933100049
-0.08298496894411028
0.09400020085228897
-0.07030407071089882
0.0038485303077286236
-0.030207481876426072
-0.05344359797783539
0.02861491586316133
-0.0650030789380909
-0.057271766688051964
-0.024174827128199877
-0.04893155910369426
-0.21743397527489855
0.018601551958170977
-0.04602081458556984
-0.07030407071089882
-0.05129265599651124
-0.07030407071089882
-0.03467961864986162
-0.06711470961666086
-0.04267990541940662
-0.01910591918807962
0.01270164680610717
-0.04236890643473903
-0.05221972003755385
-0.004422968246801525
-0.079196055435453
-0.07315111095861555
-0.04399152337782505
-0.029093742588514732
-0.10287616355120147
-0.0650030789380909
-0.10361450988289912
0.011091330389998079
-0.010967233682332012
0.06294437996441077
0.007575533936346091
-0.013037267741299255
0.015499374155151072
-0.08196818120628818
-0.04602081458556984
-0.05478796374869442
-0.04994721570757422
0.05173503633722671
-0.04872619437890001
0.0038485303077286236
-0.0004666887430637874
-0.08034069183653882
-0.056324788799132386
-0.0650030789380909
-0.03409568387488123
-0.06276026488540515
-0.02428315533338588
0.002158371362154989
-0.04236890643473903
-0.029093742588514732
-0.06276026488540515
-0.04994721570757422
-0.029949732487097497
0.02310427328490261
-0.10469213485462875
0.0038485303077286236
-0.03875033501508776
0.032782099999945545
-0.048712314947153446
0.041532719301540774
-0.07903526301766939
0.03751594466002307
-0.10881874013095746
-0.08307864704814388
-0.057271766688051964
0.03822458175704415
-0.04602081458556984
-0.041186388891260944
-0.07315111095861555
-0.10064790828216603
-0.09409818454138472
0.035133496386648734
-0.030207481876426072
0.07784789059036833
0.018601551958170977
-0.041379797863172293
-0.08538616984523928
0.03751594466002307
0.021634791477961508
-0.04602081458556984
-0.09166473515619611
-0.04348489076947572
-0.02892531007130078
0.028988218053783595
-0.009799135528112872
0.024468071316441915
-0.10287616355120147
-0.10469213485462875
-0.017371700213281514
-0.05129265599651124
-0.08280945350019796
0.019658133001360444
-0.08798869219856145
-0.060364573470067726
-0.0004666887430637874
-0.06877588964464516
-0.12105327038013211
-0.04986550695722965
0.021185767938770046
0.021634791477961508
-0.034132300250867505
0.06294437996441077
-0.10881874013095746
-0.03841118730616742
0.007540402241543857
-0.024174827128199877
0.01270164680610717
0.02267867596234129
0.023899020682153625
0.017832292484812863
-0.012269698529586743
0.015499374155151072
-0.040337047159323625
-0.049939956532130306
-0.079196055435453
-0.04568784681397416
0.0038485303077286236
-0.0650030789380909
-0.021131201002497282
-0.08034069183653882
-0.060364573470067726
0.023899020682153625
-0.020270630778459666
-0.0029948856166202476
-0.00988739839525645
0.032782099999945545
-0.09598198226274682
0.00730817381038068
-0.005367457509283935
0.05173503633722671
0.00777446279584778
-0.04399152337782505
-0.035265279217741634
-0.09829221733315283
-0.04399152337782505
0.06294437996441077
-0.04704224834102528
0.01815155441898962
-0.03841118730616742
-0.08990210226467239
-0.09723421633260579
0.0591922016523844
-0.059699407828404265
0.0038485303077286236
-0.0313838164559206
-0.09166473515619611
0.02861491586316133
-0.05280749828159272
-0.011897356412226105
-0.010967233682332012
-0.017373173912617345
0.011091330389998079
-0.029093742588514732
-0.01910591918807962
-0.05203693763645425
0.02267867596234129
-0.05688439271821749
-0.10064790828216603
-0.10881874013095746
-0.21743397527489855
-0.02892531007130078
-0.040337047159323625
-0.017836934966187875
-0.056324788799132386
-0.009799135528112872
-0.034132300250867505
-0.05857958438163054
0.019658133001360444
-0.041379797863172293
-0.029949732487097497
-0.004933710425346837
-0.09130384085141359
-0.07315111095861555
-0.09190313336948404
-0.026927217934051787
0.015499374155151072
-0.079196055435453
0.013898267079066516
-0.011897356412226105
-0.03467961864986162
0.09400020085228897
-0.012269698529586743
0.011731373219801623
0.002158371362154989
-0.06928096277844213
-0.058670652818917535
-0.079196055435453
-0.04893155910369426
-0.09409818454138472
0.06294437996441077
-0.04135611996445
-0.0650030789380909
0.002158371362154989
-0.06928096277844213
0.021185767938770046
-0.013589240153601292
0.05000476312162816
-0.08307864704814388
-0.08280945350019796
-0.030207481876426072
-0.08538616984523928
0.05000476312162816
0.04284978337455844
0.01815155441898962
0.05267148775729588
-0.06276026488540515
-0.048712314947153446
-0.09352782963919803
0.019658133001360444
-0.05155991416597952
-0.04986550695722965
-0.029093742588514732
-0.025631016760404846
-0.01731460888394102
0.024468071316441915
-0.04131100856395137
-0.0029948856166202476
0.02909762481814243
-0.06071955868936594
0.035133496386648734
-0.10064790828216603
0.02267867596234129
0.004971618783734974
-0.079196055435453
0.005081024845696085
-0.017373173912617345
0.019658133001360444
-0.06255574773546815
-0.056324788799132386
-0.10881874013095746
0.019658133001360444
-0.06494643004626577
-0.06255574773546815
-0.013037267741299255
0.05593112558018271
-0.004422968246801525
-0.01910591918807962
-0.013589240153601292
-0.06928096277844213
-0.08298496894411028
-0.09723421633260579
-0.07399922957425865
0.04081286128065497
-0.0004666887430637874
-0.05252675129673386
-0.06071955868936594
0.0038485303077286236
0.09400020085228897
-0.0650030789380909
-0.08348460044869033
-0.09190313336948404
-0.07951298182430405
-0.08798869219856145
0.021185767938770046
0.02310427328490261
-0.022124981162966267
-0.017836934966187875
0.028988218053783595
-0.09829221733315283
-0.029937644809164287
-0.09829221733315283
0.0038485303077286236
0.004971618783734974
0.007575533936346091
-0.05857958438163054
0.00730817381038068
-0.06071955868936594
-0.0034843307175609056
-0.013589240153601292
0.007540402241543857
-0.09409818454138472
-0.05344359797783539
0.035133496386648734
0.05173503633722671
-0.029937644809164287
-0.05857958438163054
0.013898267079066516
0.04081286128065497
-0.03841118730616742
-0.029949732487097497
-0.04704224834102528
-0.08798869219856145
0.019658133001360444
0.019658133001360444
-0.09723421633260579
-0.005367457509283935
-0.09598198226274682
-0.022124981162966267
0.011091330389998079
-0.010373169720642672
-0.04568784681397416
0.01591444460109044
-0.024174827128199877
-0.0009177382815863057
0.09825510607273956
-0.11391386787742362
-0.014592971999434589
-0.0347200528039034
-0.05857958438163054
-0.09409818454138472
-0.09829221733315283
-0.04986550695722965
0.004971618783734974
-0.07951298182430405
-0.048712314947153446
-0.00988739839525645
-0.0009177382815863057
0.00044002475206977566
-0.08798869219856145
-0.017373173912617345
-0.0313838164559206
-0.07030407071089882
0.019658133001360444
-0.06494643004626577
-0.022124981162966267
0.019658133001360444
-0.0004666887430637874
-0.0029633014432725907
-0.04568784681397416
0.03751594466002307
-0.06916232471863128
-0.09723421633260579
-0.06328973883242471
-0.06328973883242471
-0.07547777286658894
-0.04399152337782505
0.06763440494412873
-0.00988739839525645
-0.06276026488540515
-0.012048594368742865
-0.07399922957425865
0.007540402241543857
-0.07376138037545309
-0.08034069183653882
-0.04872619437890001
-0.06064517698810189
0.018601551958170977
-0.06276026488540515
-0.07951298182430405
-0.08298496894411028
-0.04994721570757422
-0.16649403565660245
0.011731373219801623
-0.05221972003755385
-0.10469213485462875
-0.10921245347047502
-0.04131100856395137
0.00730817381038068
-0.10469213485462875
-0.04872619437890001
-0.04568784681397416
0.02501618927361414
0.015499374155151072
0.017832292484812863
0.013898267079066516
0.035133496386648734
-0.08034069183653882
-0.07951298182430405
-0.10361450988289912
-0.0009177382815863057
0.021634791477961508
-0.020065789456892944
-0.09862063747533052
0.00044002475206977566
0.01270164680610717
0.01591444460109044
-0.08798869219856145
-0.045486515421670745
0.021634791477961508
0.004971618783734974
-0.013375175222394339
-0.04348489076947572
-0.013375175222394339
-0.07951298182430405
-0.011897356412226105
-0.09352782963919803
0.0038485303077286236
-0.013037267741299255
-0.02892531007130078
-0.08538616984523928
-0.0009177382815863057
-0.04893155910369426
-0.11555392887965575
0.05000476312162816
-0.011897356412226105
-0.09862063747533052
-0.05688439271821749
-0.00018583862194619972
-0.01731460888394102
-0.048438365202914696
-0.045486515421670745
-0.058670652818917535
-0.04872619437890001
-0.05203693763645425
-0.08034069183653882
0.018601551958170977
0.032782099999945545
-0.0029633014432725907
-0.021131201002497282
-0.058670652818917535
-0.03467961864986162
-0.06877588964464516
-0.09409818454138472
-0.012048594368742865
0.02909762481814243
-0.02428315533338588
-0.013375175222394339
0.0591922016523844
-0.05688439271821749
-0.022124981162966267
-0.017371700213281514
-0.07315111095861555
-0.02428315533338588
-0.05478796374869442
0.007540402241543857
-0.048438365202914696
0.04081286128065497
0.02267867596234129
0.01815155441898962
-0.04704224834102528
-0.029937644809164287
-0.09598198226274682
-0.10287616355120147
-0.00018583862194619972
-0.005367457509283935
-0.029949732487097497
-0.09829221733315283
-0.014592971999434589
0.09825510607273956
-0.10064790828216603
-0.021131201002497282
-0.04131100856395137
0.01815155441898962
-0.029093742588514732
-0.10361450988289912
-0.048438365202914696
0.011731373219801623
-0.10064790828216603
-0.048712314947153446
-0.014592971999434589
-0.04704224834102528
0.00730817381038068
-0.09190313336948404
-0.08538616984523928
0.036381455081372284
-0.0004666887430637874
-0.079196055435453
-0.05203693763645425
-0.08196818120628818
-0.04986550695722965
-0.004933710425346837
-0.017836934966187875
-0.010967233682332012
-0.004933710425346837
-0.020065789456892944
-0.08298496894411028
-0.08798869219856145
-0.010373169720642672
-0.029040990452409262
-0.013037267741299255
-0.012269698529586743
0.03822458175704415
-0.04704224834102528
-0.039292789516727225
-0.0029633014432725907
-0.10157768099465102
-0.02428315533338588
-0.08990210226467239
-0.017373173912617345
0.03751594466002307
0.02861491586316133
0.06294437996441077
0.028988218053783595
-0.04994721570757422
-0.08196818120628818
-0.012565014334639153
-0.04399152337782505
-0.03875033501508776
-0.034132300250867505
-0.04236890643473903
-0.03841118730616742
-0.01731460888394102
0.041532719301540774
-0.022124981162966267
0.011875636933100049
0.007540402241543857
0.035133496386648734
-0.004933710425346837
-0.08538616984523928
-0.05221972003755385
-0.03409568387488123
-0.10469213485462875
-0.03841118730616742
-0.09409818454138472
-0.06234621473126137
-0.0453347468361077
-0.05280749828159272
-0.11555392887965575
0.035133496386648734
-0.030207481876426072
0.02501618927361414
-0.0453347468361077
0.012727122700782498
-0.025631016760404846
-0.049939956532130306
-0.04135611996445
0.0591922016523844
-0.029937644809164287
-0.03409568387488123
-0.060364573470067726
-0.08280945350019796
-0.056324788799132386
-0.058670652818917535
-0.07547777286658894
-0.06234621473126137
-0.0324566705114431
-0.04704224834102528
-0.09829221733315283
-0.005367457509283935
-0.04986550695722965
-0.07903526301766939
-0.04704224834102528
-0.017371700213281514
-0.048712314947153446
-0.06328973883242471
-0.09829221733315283
-0.017836934966187875
-0.017371700213281514
0.03822458175704415
-0.04131100856395137
-0.059699407828404265
0.032782099999945545
-0.04704224834102528
0.0038485303077286236
0.036381455081372284
0.00044002475206977566
0.04284978337455844
-0.08280945350019796
-0.09723421633260579
0.09825510607273956
-0.079196055435453
-0.09598198226274682
0.01270164680610717
-0.06916232471863128
0.09400020085228897
0.12147701241893949
-0.056324788799132386
-0.10287616355120147
0.020694809168478198
-0.09352782963919803
0.05000476312162816
-0.09130384085141359
-0.05344359797783539
-0.04994721570757422
0.09825510607273956
-0.06916232471863128
-0.04135611996445
0.011731373219801623
-0.00988739839525645
-0.08196818120628818
-0.0009177382815863057
-0.10157768099465102
-0.00018583862194619972
-0.0313838164559206
-0.06276026488540515
-0.05129265599651124
-0.04986550695722965
-0.04135611996445
-0.09190313336948404
-0.1570495920729211
-0.025631016760404846
0.005430167360912703
-0.07951298182430405
-0.04267990541940662
0.0038485303077286236
-0.024174827128199877
-0.035265279217741634
0.02166593634178576
0.05267148775729588
-0.04704224834102528
-0.10064790828216603
-0.06234621473126137
-0.06711470961666086
0.023899020682153625
0.03751594466002307
-0.09166473515619611
-0.04994721570757422
0.0591922016523844
-0.034132300250867505
-0.041186388891260944
-0.00018583862194619972
-0.045486515421670745
-0.048712314947153446
-0.04986550695722965
-0.07547777286658894
-0.06928096277844213
0.02166593634178576
-0.010967233682332012
-0.00988739839525645
-0.04399152337782505
-0.017373173912617345
-0.020065789456892944
-0.08538616984523928
-0.09829221733315283
-0.08034069183653882
-0.03841118730616742
-0.06234621473126137
-0.060364573470067726
0.028988218053783595
-0.013589240153601292
-0.10361450988289912
-0.05478796374869442
-0.056324788799132386
-0.09352782963919803
0.03822458175704415
0.01591444460109044
-0.09190313336948404
-0.005367457509283935
0.04284978337455844
-0.012048594368742865
-0.23407910690839642
0.020694809168478198
-0.057271766688051964
0.028123968603038712
-0.08990210226467239
-0.017373173912617345
-0.057271766688051964
-0.09723421633260579
0.02310427328490261
-0.02075160874855104
0.01815155441898962
-0.08307864704814388
-0.09166473515619611
-0.10361450988289912
-0.07547777286658894
-0.06276026488540515
-0.004933710425346837
-0.0034843307175609056
0.024468071316441915
-0.017371700213281514
0.05593112558018271
