-0.033621420928576944
-0.05396386820782999
-0.14077650072504516
-0.06183615802950676
-0.04461051895652794
-0.08117265703120481
-0.0428366613818066
-0.06765320376072413
-0.05183707719829575
0.015860197725358176
-0.016882703871815046
-0.014113256434881071
-0.038744864617987006
-0.0046025550739522605
-0.05183707719829575
0.010212575892801279
-0.016882703871815046
-0.019826933251561783
-0.05715357651584618
-0.04877730683532601
-0.016137270422869807
-0.019496389029237875
-0.08117265703120481
0.04216840168731667
-0.03648609745723665
-0.038835175399067834
-0.021256125582287785
-0.100618827871563
-0.018023370193709736
-0.017138528002706446
-0.05706477156619007
-0.01580673568450604
-0.01580673568450604
-0.05887372622978184
-0.009301086484574604
-0.006518278961764671
-0.08117265703120481
-0.03525250675610938
-0.006518278961764671
-0.042139928194190324
-0.03742194396646673
-0.001600505251172431
-0.003497509094717329
-0.0771385582731442
-0.025993296404461377
-0.071608203791577
-0.071608203791577
-0.04160741343981771
-0.04490378477422236
-0.06778354419059296
0.037950156146693795
0.005761966267748971
-0.038835175399067834
-0.07841591411849616
-0.0221258596749745
0.007707758798227698
-0.042139928194190324
-0.168088012022359
-0.020294877160501167
0.010791602170835708
-0.03768732889482995
0.02792430554339203
0.010539490353195319
-0.045648481545069675
-0.0852288335465007
-0.02320212170633355
0.010212575892801279
-0.100618827871563
-0.04830274285861777
-0.071608203791577
-0.05887372622978184
-0.018023370193709736
-0.04490378477422236
-0.014113256434881071
0.020189831585356272
-0.16258389225476927
-0.03685586676803805
-0.031238910208240354
-0.013061973624216638
-0.05396386820782999
-0.03525250675610938
-0.0176330709817854
-0.024133836295775278
-0.08764207031248063
-0.006018518992800179
0.04216840168731667
-0.02657158600815182
0.021174482702811304
-0.14077650072504516
-0.024434396869921444
-0.03790749211227257
0.021390835357910077
-0.00906568022993545
-0.03768732889482995
-0.001600505251172431
-0.13274546268319903
-0.01908688372508073
-0.06778856365814245
-0.04672698429889097
-0.06765320376072413
-0.013547652196790314
-0.03790749211227257
0.05644232063292255
-0.0176330709817854
0.0330134586974502
0.007707758798227698
-0.02260236281374257
0.01958239957576733
-0.03525250675610938
-0.06778856365814245
-0.009735930723006847
-0.003497509094717329
-0.028938951575806764
-0.03525250675610938
-0.02657158600815182
-0.08810009014384902
0.020189831585356272
0.0330134586974502
0.006631371660772857
-0.001600505251172431
-0.024591370377914427
-0.100618827871563
0.010212575892801279
0.04216840168731667
-0.0021960999564361334
-0.01642434450718452
0.050976905547896655
-0.19018855661213438
-0.038744864617987006
-0.06765320376072413
-0.054887082475542893
-0.030487934658991637
-0.028938951575806764
0.0017880978495364108
-0.02320212170633355
-0.02858057681514402
-0.0346209823334773
-0.011975782715435845
-0.006518278961764671
-0.071608203791577
0.037950156146693795
-0.002403414364819287
0.010212575892801279
0.007707758798227698
-0.03648609745723665
-0.016137270422869807
-0.0644349718171286
-0.09128488452598812
-0.016039751645553765
-0.02858057681514402
-0.12325885054917805
-0.01908688372508073
0.011702828864710463
-0.025291338497011828
-0.02260236281374257
-0.06562163564030894
-0.019496389029237875
-0.002403414364819287
-0.13274546268319903
-0.019496389029237875
0.005545755569255275
-0.06183615802950676
-0.03142848323410942
0.050976905547896655
-0.09701255044298118
-0.030620697503917556
-0.06559875183519871
-0.030487934658991637
0.020189831585356272
-0.023717142566181827
-0.00944347752441083
-0.001870152409725625
-0.010032873447611888
-0.0033499260260053793
0.01958239957576733
-0.005302403493328458
-0.04877730683532601
0.020189831585356272
-0.10635275060354796
-0.14077650072504516
-0.05166947028175974
-0.07567326760183539
0.0017880978495364108
-0.03162322893980251
0.020189831585356272
0.015860197725358176
-0.042139928194190324
-0.025291338497011828
-0.09950812396911404
-0.010032873447611888
-0.038835175399067834
-0.19018855661213438
-0.056586125718821066
-0.06562163564030894
-0.02320212170633355
0.011670023156750078
-0.049586244888169685
0.05644232063292255
-0.06863579710252063
-0.10635275060354796
-0.10757787702748614
-0.016039751645553765
-0.09128488452598812
-0.06183615802950676
-0.12325885054917805
0.010539490353195319
-0.028938951575806764
-0.006518278961764671
-0.02320212170633355
0.0017880978495364108
-0.009735930723006847
-0.05715357651584618
-0.016039751645553765
-0.01609335430858761
-0.049586244888169685
-0.02858057681514402
0.006307743185488015
-0.03742194396646673
-0.04490378477422236
-0.0346209823334773
0.010212575892801279
0.04216840168731667
-0.05706477156619007
-0.06183615802950676
0.010539490353195319
-0.0046025550739522605
-0.04644388707299277
-0.05850454760083798
-0.19018855661213438
-0.03742194396646673
-0.0176330709817854
-0.026952579446534883
-0.025166617414268604
-0.12325885054917805
-0.042139928194190324
-0.08117265703120481
-0.009735930723006847
0.006307743185488015
-0.049149700652918835
-0.009301086484574604
-0.03142848323410942
-0.024434396869921444
-0.007959631587617715
-0.10757787702748614
-0.025993296404461377
-0.013547652196790314
-0.016882703871815046
-0.1136260037162028
-0.06778354419059296
-0.06765320376072413
-0.06778856365814245
-0.025993296404461377
-0.04172784933177945
-0.011975782715435845
0.02572114963545505
-0.06863579710252063
-0.02260236281374257
0.010539490353195319
-0.168088012022359
-0.04830274285861777
-0.036206190132445894
-0.11354317967561829
-0.06765320376072413
-0.02004744777634601
-0.04877730683532601
-0.06183615802950676
-0.04461051895652794
0.010539490353195319
-0.003497509094717329
-0.0644349718171286
-0.05706477156619007
-0.1136260037162028
-0.052150445944866335
0.005761966267748971
-0.03685586676803805
-0.02858057681514402
-0.00906568022993545
-0.04290479720395933
-0.014113256434881071
-0.10757787702748614
-0.14077650072504516
0.003931454525495608
-0.049586244888169685
-0.04830274285861777
-0.024434396869921444
-0.009301086484574604
-0.0046025550739522605
-0.026147018053028676
-0.024288608690153937
-0.025831028509993303
-0.056586125718821066
-0.04264900210428658
-0.028938951575806764
-0.05166947028175974
-0.017138528002706446
-0.19018855661213438
0.05644232063292255
0.010212575892801279
0.01958239957576733
-0.0761765760491644
-0.05850454760083798
-0.0771385582731442
-0.0221258596749745
-0.071608203791577
-0.002164503576195791
-0.001870152409725625
-0.03882885107060392
-0.04160741343981771
-0.01908688372508073
-0.09128488452598812
-0.11354317967561829
-0.0346209823334773
0.02572114963545505
-0.04830274285861777
0.05644232063292255
-0.024591370377914427
-0.05183707719829575
-0.03162322893980251
-0.01580673568450604
-0.019496389029237875
-0.05183707719829575
-0.025291338497011828
-0.038744864617987006
-0.019826933251561783
-0.168088012022359
-0.11354317967561829
-0.0489007391481526
-0.04160741343981771
-0.04877730683532601
-0.006518278961764671
-0.16258389225476927
0.050976905547896655
-0.0771385582731442
-0.07599879405924241
-0.031238910208240354
-0.022257978816513046
-0.011718967967188252
-0.05166947028175974
0.029785334849789482
-0.03142848323410942
0.021174482702811304
-0.21527302192958458
-0.06778856365814245
0.02572114963545505
-0.06559875183519871
-0.030620697503917556
-0.009301086484574604
-0.04264900210428658
-0.049149700652918835
-0.022984979513418498
0.017824494257607206
-0.1265044863589959
-0.017138528002706446
-0.0346209823334773
-0.0221258596749745
-0.056586125718821066
-0.14077650072504516
-0.025993296404461377
-0.0346209823334773
-0.024288608690153937
-0.038744864617987006
-0.020848694990553935
-0.11578757060230067
-0.056586125718821066
-0.049149700652918835
-0.05183707719829575
0.015860197725358176
-0.04490378477422236
-0.03790749211227257
-0.01908688372508073
0.02533032459421315
-0.011975782715435845
0.005545755569255275
0.05163826190052431
-0.001600505251172431
-0.038744864617987006
-0.017138528002706446
-0.03882885107060392
-0.10757787702748614
-0.025291338497011828
0.020189831585356272
0.015860197725358176
0.037950156146693795
-0.009301086484574604
0.02572114963545505
-0.025291338497011828
0.029785334849789482
-0.022257978816513046
-0.038835175399067834
-0.001990946212858693
-0.013061973624216638
-0.04476404488517192
-0.18765691330584713
-0.08586618195405928
-0.003497509094717329
-0.03742194396646673
-0.09128488452598812
-0.030620697503917556
-0.024133836295775278
0.021390835357910077
-0.05183707719829575
-0.0644349718171286
-0.06312349969064823
0.03136745364580765
-0.07599879405924241
-0.007959631587617715
-0.04290479720395933
-0.03742194396646673
-0.01642434450718452
-0.05706477156619007
-0.07567326760183539
-0.03648609745723665
-0.04490378477422236
-0.0852288335465007
-0.030487934658991637
-0.008761751339386026
-0.0221258596749745
-0.04644388707299277
-0.071608203791577
-0.05166947028175974
-0.168088012022359
-0.04160741343981771
0.04216840168731667
-0.14077650072504516
-0.12325885054917805
-0.04172784933177945
0.007707758798227698
0.010791602170835708
-0.07599879405924241
-0.06765320376072413
-0.031238910208240354
-0.02260236281374257
-0.021256125582287785
-0.009735930723006847
0.0017880978495364108
-0.04830274285861777
-0.028938951575806764
-0.002164503576195791
-0.07855639647303982
0.04216840168731667
-0.08117265703120481
-0.04830274285861777
-0.049586244888169685
-0.001600505251172431
-0.05166947028175974
-0.023596429851567385
-0.056586125718821066
-0.04672698429889097
0.017824494257607206
-0.020848694990553935
-0.0176330709817854
-0.014113256434881071
-0.038744864617987006
-0.06863579710252063
-0.04672698429889097
-0.071608203791577
-0.0046025550739522605
-0.09128488452598812
-0.06765320376072413
-0.018023370193709736
-0.00906568022993545
-0.061423821217037815
-0.12325885054917805
0.020189831585356272
-0.036206190132445894
-0.07567326760183539
-0.0771385582731442
-0.031238910208240354
-0.022984979513418498
-0.023717142566181827
-0.07567326760183539
0.029785334849789482
-0.016039751645553765
-0.01908688372508073
-0.019496389029237875
-0.03685586676803805
0.029785334849789482
-0.025166617414268604
-0.06183615802950676
-0.045648481545069675
-0.03685586676803805
-0.09950812396911404
-0.05166947028175974
-0.06778856365814245
-0.06778354419059296
-0.04830274285861777
0.011702828864710463
-0.024288608690153937
-0.008761751339386026
0.01958239957576733
0.02572114963545505
-0.020848694990553935
-0.026952579446534883
-0.06778856365814245
0.0017880978495364108
0.037950156146693795
-0.0761765760491644
0.017824494257607206
-0.024591370377914427
-0.05183707719829575
-0.09701255044298118
-0.05166947028175974
-0.022984979513418498
-0.006518278961764671
-0.03648609745723665
-0.007959631587617715
-0.033621420928576944
0.02533032459421315
0.02792430554339203
-0.049149700652918835
-0.07841591411849616
0.05644232063292255
-0.04830274285861777
-0.025831028509993303
-0.001600505251172431
0.04216840168731667
-0.049149700652918835
-0.0852288335465007
-0.04160741343981771
-0.0221258596749745
-0.030620697503917556
-0.024288608690153937
-0.023717142566181827
-0.05183707719829575
-0.001600505251172431
-0.05850454760083798
-0.022984979513418498
-0.10635275060354796
-0.022257978816513046
0.0330134586974502
-0.03267249896987417
-0.0346209823334773
-0.026952579446534883
-0.03142848323410942
-0.05396386820782999
0.0017880978495364108
-0.071608203791577
-0.009735930723006847
0.021174482702811304
-0.09950812396911404
-0.01908688372508073
-0.013061973624216638
-0.049149700652918835
-0.024288608690153937
-0.0716283882714527
-0.03768732889482995
0.011670023156750078
-0.04490378477422236
-0.020848694990553935
-0.100618827871563
0.029785334849789482
0.010791602170835708
-0.03768732889482995
0.003931454525495608
-0.003497509094717329
-0.04264900210428658
-0.08764207031248063
-0.024133836295775278
-0.07855639647303982
0.010212575892801279
0.05644232063292255
-0.003497509094717329
-0.07567326760183539
-0.05562948853050749
-0.011975782715435845
0.003931454525495608
-0.016039751645553765
-0.009735930723006847
-0.02260236281374257
-0.01642434450718452
-0.168088012022359
0.010791602170835708
-0.016882703871815046
-0.025993296404461377
-0.12325885054917805
-0.05715357651584618
-0.020848694990553935
-0.016882703871815046
0.015860197725358176
0.04216840168731667
-0.061423821217037815
-0.0771385582731442
-0.03648609745723665
-0.061423821217037815
0.003931454525495608
-0.04264900210428658
-0.045648481545069675
-0.04290479720395933
-0.024591370377914427
-0.023717142566181827
-0.05850454760083798
-0.024133836295775278
-0.016137270422869807
0.01958239957576733
-0.07855639647303982
-0.019826933251561783
0.010539490353195319
0.02572114963545505
-0.04877730683532601
-0.0428366613818066
-0.049149700652918835
-0.18765691330584713
0.03136745364580765
-0.0852288335465007
-0.05715357651584618
-0.03525250675610938
-0.06863579710252063
-0.06778354419059296
-0.014113256434881071
-0.03267249896987417
0.017824494257607206
-0.08764207031248063
0.006631371660772857
-0.019496389029237875
0.0036016710010101554
-0.06778354419059296
-0.05396386820782999
-0.16258389225476927
-0.009735930723006847
0.02792430554339203
-0.0761765760491644
-0.0176330709817854
-0.016039751645553765
-0.100618827871563
-0.07841591411849616
0.005761966267748971
-0.01908688372508073
-0.010032873447611888
-0.0176330709817854
-0.00906568022993545
-0.036206190132445894
-0.04160741343981771
-0.038744864617987006
-0.017138528002706446
-0.010032873447611888
-0.07567326760183539
-0.052150445944866335
-0.007959631587617715
0.029785334849789482
-0.026952579446534883
-0.03525250675610938
-0.07567326760183539
-0.019826933251561783
-0.0033499260260053793
-0.05562948853050749
-0.10635275060354796
-0.026952579446534883
-0.10635275060354796
-0.006518278961764671
-0.025993296404461377
-0.03648609745723665
-0.05183707719829575
0.05163826190052431
0.03136745364580765
0.010212575892801279
0.011702828864710463
-0.1265044863589959
-0.005302403493328458
-0.0489007391481526
-0.023596429851567385
-0.10635275060354796
-0.05850454760083798
-0.052150445944866335
-0.030620697503917556
-0.008761751339386026
-0.0176330709817854
-0.03790749211227257
-0.023596429851567385
-0.03692103684048483
-0.11354317967561829
-0.03790749211227257
-0.023717142566181827
0.021390835357910077
-0.09950812396911404
-0.03267249896987417
-0.017138528002706446
-0.05706477156619007
-0.12325885054917805
0.017824494257607206
-0.03685586676803805
0.010791602170835708
-0.0852288335465007
-0.07599879405924241
0.007707758798227698
-0.0771385582731442
0.005545755569255275
-0.05183707719829575
-0.03790749211227257
-0.045648481545069675
-0.08117265703120481
-0.02858057681514402
-0.11354317967561829
-0.025166617414268604
-0.0761765760491644
0.05163826190052431
-0.14077650072504516
-0.024133836295775278
-0.03267249896987417
-0.031238910208240354
-0.0221258596749745
-0.054887082475542893
-0.05562948853050749
0.0017880978495364108
-0.05715357651584618
-0.009301086484574604
-0.03162322893980251
-0.011718967967188252
-0.1136260037162028
0.005545755569255275
-0.018023370193709736
-0.0021960999564361334
-0.016882703871815046
-0.07599879405924241
-0.01609335430858761
-0.019496389029237875
-0.056586125718821066
0.03136745364580765
-0.010032873447611888
-0.0046025550739522605
-0.024591370377914427
-0.0771385582731442
-0.010032873447611888
-0.052150445944866335
-0.033621420928576944
0.0036016710010101554
-0.06312349969064823
-0.06778856365814245
-0.009735930723006847
-0.061423821217037815
-0.018023370193709736
-0.01580673568450604
-0.013547652196790314
-0.0021960999564361334
-0.045648481545069675
-0.07599879405924241
-0.020848694990553935
-0.10635275060354796
-0.071608203791577
-0.023717142566181827
-0.0221258596749745
-0.014113256434881071
-0.0716283882714527
-0.10635275060354796
-0.1136260037162028
-0.03742194396646673
-0.014113256434881071
-0.06778354419059296
0.037950156146693795
-0.020294877160501167
-0.054887082475542893
-0.013061973624216638
-0.016039751645553765
-0.013061973624216638
-0.045648481545069675
0.011670023156750078
-0.00944347752441083
-0.003497509094717329
-0.024434396869921444
-0.04172784933177945
-0.003497509094717329
-0.0346209823334773
-0.02858057681514402
-0.023596429851567385
-0.0033499260260053793
-0.08117265703120481
-0.03648609745723665
-0.06778354419059296
-0.11354317967561829
-0.028938951575806764
-0.038835175399067834
0.006631371660772857
-0.023596429851567385
-0.05396386820782999
-0.023596429851567385
0.01958239957576733
-0.168088012022359
-0.056586125718821066
-0.0761765760491644
-0.025291338497011828
-0.04264900210428658
-0.0221258596749745
-0.013061973624216638
-0.024133836295775278
-0.03790749211227257
-0.06562163564030894
0.005545755569255275
-0.024288608690153937
-0.06778354419059296
-0.006018518992800179
-0.03692103684048483
0.02533032459421315
-0.04672698429889097
-0.13274546268319903
-0.09701255044298118
-0.006518278961764671
0.006631371660772857
-0.009735930723006847
-0.014113256434881071
0.05644232063292255
-0.0489007391481526
-0.0033499260260053793
-0.03267249896987417
-0.026147018053028676
-0.01580673568450604
-0.06778354419059296
-0.06765320376072413
-0.05166947028175974
-0.03525250675610938
-0.21527302192958458
-0.04264900210428658
0.005545755569255275
-0.05166947028175974
-0.014113256434881071
0.029785334849789482
-0.011975782715435845
-0.0033499260260053793
-0.06778856365814245
0.017824494257607206
-0.0176330709817854
-0.03142848323410942
-0.06183615802950676
-0.18765691330584713
-0.02260236281374257
-0.03685586676803805
-0.11354317967561829
-0.08586618195405928
0.006631371660772857
-0.03790749211227257
-0.025831028509993303
-0.14077650072504516
-0.08117265703120481
-0.038835175399067834
-0.07567326760183539
-0.07841591411849616
-0.18765691330584713
-0.09950812396911404
0.006631371660772857
-0.02657158600815182
-0.04830274285861777
-0.005302403493328458
-0.008761751339386026
-0.022257978816513046
0.0330134586974502
-0.024288608690153937
-0.011975782715435845
-0.01642434450718452
-0.05396386820782999
-0.003497509094717329
-0.02320212170633355
-0.08764207031248063
-0.0644349718171286
-0.03267249896987417
-0.025993296404461377
-0.06312349969064823
-0.019826933251561783
-0.001600505251172431
-0.09950812396911404
-0.023717142566181827
0.02533032459421315
-0.02260236281374257
-0.05715357651584618
-0.031238910208240354
-0.025291338497011828
-0.04290479720395933
-0.002403414364819287
0.011702828864710463
-0.001990946212858693
-0.09701255044298118
0.05163826190052431
-0.024133836295775278
-0.06863579710252063
-0.0033499260260053793
-0.06778354419059296
-0.036206190132445894
-0.026147018053028676
-0.0644349718171286
-0.002403414364819287
-0.030620697503917556
0.04216840168731667
-0.03882885107060392
0.017824494257607206
-0.024591370377914427
-0.04476404488517192
0.05644232063292255
-0.03768732889482995
-0.06562163564030894
-0.06562163564030894
0.02533032459421315
-0.05706477156619007
-0.01908688372508073
-0.05715357651584618
-0.04172784933177945
-0.001870152409725625
-0.018023370193709736
-0.009301086484574604
-0.0033499260260053793
0.010791602170835708
-0.02657158600815182
-0.071608203791577
-0.05183707719829575
-0.03692103684048483
-0.049586244888169685
0.005545755569255275
-0.0761765760491644
-0.061423821217037815
-0.04290479720395933
-0.19018855661213438
-0.025831028509993303
-0.02260236281374257
-0.028938951575806764
-0.005302403493328458
-0.10635275060354796
-0.01580673568450604
-0.022257978816513046
-0.023717142566181827
-0.06559875183519871
-0.02320212170633355
-0.07567326760183539
0.029785334849789482
-0.0852288335465007
-0.022984979513418498
-0.03790749211227257
-0.09701255044298118
-0.024133836295775278
-0.100618827871563
-0.05183707719829575
0.01958239957576733
-0.02858057681514402
-0.001990946212858693
-0.054887082475542893
-0.21527302192958458
0.037950156146693795
0.011670023156750078
-0.024133836295775278
-0.14077650072504516
0.02533032459421315
-0.04160741343981771
-0.06778354419059296
-0.21527302192958458
0.037950156146693795
-0.001600505251172431
-0.016882703871815046
-0.017138528002706446
-0.03685586676803805
-0.003497509094717329
-0.08117265703120481
-0.07841591411849616
-0.017138528002706446
-0.09128488452598812
-0.01908688372508073
-0.08810009014384902
-0.05166947028175974
-0.0176330709817854
-0.016137270422869807
-0.02320212170633355
0.021174482702811304
-0.019826933251561783
0.005545755569255275
-0.021256125582287785
0.0330134586974502
-0.0428366613818066
0.04216840168731667
-0.16258389225476927
-0.011718967967188252
-0.025831028509993303
-0.04290479720395933
-0.024133836295775278
-0.049586244888169685
-0.02320212170633355
-0.007959631587617715
-0.01580673568450604
-0.02260236281374257
-0.02320212170633355
-0.04877730683532601
-0.007959631587617715
-0.13274546268319903
0.0036016710010101554
-0.013061973624216638
-0.0761765760491644
-0.016882703871815046
0.037950156146693795
-0.0346209823334773
-0.001870152409725625
-0.03742194396646673
-0.12325885054917805
-0.03267249896987417
0.010212575892801279
-0.011718967967188252
-0.0033499260260053793
-0.02858057681514402
-0.06778354419059296
0.020189831585356272
-0.0716283882714527
-0.08764207031248063
-0.001600505251172431
-0.04461051895652794
-0.10635275060354796
-0.008761751339386026
-0.045648481545069675
-0.0033499260260053793
