-0.016859376832457328
0.0027067705373145356
-0.035558200989208644
-0.034675159771356316
-0.02482381852175367
-0.010863774377223846
-0.025057638318426403
-0.022491957498251957
-0.00845862965951503
-0.04855947336363638
-0.022491957498251957
-0.050344485975941204
-0.018618278099402117
-0.025177515330141825
0.013080483963813979
-0.03977039386581373
-0.025177515330141825
0.0027067705373145356
-0.0346702948736113
-0.01107930229251573
-0.009887272051144438
-0.03639849002314572
-0.04056677498911094
-0.010004897302166246
-0.03254913450848386
-0.050508662901508634
-0.007315772691594042
-0.0196106060489959
-0.025635364759188404
-0.02080378198149464
-0.015118180985788912
-0.018394915129074825
-0.05232437090287901
-0.029454670394183945
-0.000724990747913859
-0.0046902361876576685
-0.00675316393034324
-0.014120720768508267
-0.0340036582208228
-0.01706360709571013
-0.029981098588008407
-0.0301260214293794
-0.007583550988765395
-0.04172570481627926
-0.00675316393034324
0.0018659341199716273
-0.034675159771356316
0.010966224713493775
-0.054401710069518425
0.04031615585622375
-0.035558200989208644
-0.0036870322523902027
-0.0532867148982348
-0.02406402762532982
-0.047964798600336166
0.04031615585622375
0.03649660519047804
-0.058835605343874914
0.024268290009342268
-0.05546561739746427
-0.05175412606655847
-0.01781470014490416
-0.000724990747913859
-0.0196106060489959
-0.006525557574917036
-0.034657870339099284
-0.01781470014490416
-0.034657870339099284
-0.0028647667908270245
-0.00845862965951503
-0.03977039386581373
-0.03529562984159232
-0.048667470044471646
-0.014954663200451381
-0.05071293071870354
-0.01737433916873614
-0.03291741877681666
-0.04528306144741293
-0.034657870339099284
-0.010004897302166246
0.024268290009342268
-0.0138862506206259
-0.017306462594114704
0.04031615585622375
-0.0029842508422200683
-0.04528306144741293
-0.020452834031740554
-0.028367399339460194
-0.0029842508422200683
-0.04056677498911094
-0.032283536119195634
-0.012502736915962728
-0.0340036582208228
-0.048474790083339644
-0.04855947336363638
-0.01706360709571013
-0.03771147766007036
-0.025057638318426403
-0.029454670394183945
0.027975534067091173
-0.0038105681569771785
0.013080483963813979
-0.03529562984159232
-0.0029842508422200683
-0.01107930229251573
-0.026221963805041864
-0.00380113400435006
-0.028367399339460194
-0.038439207378283484
-0.054401710069518425
-0.048667470044471646
-0.04151773973511647
-0.03254913450848386
-0.0340036582208228
-0.04575708820936054
-0.041795395566025455
-0.029579624336195615
-0.006525557574917036
-0.02409274511760259
-0.036169698079554884
-0.022928836693667246
-0.02902096469011093
-0.07206737031423499
-0.022491957498251957
0.027975534067091173
-0.007583550988765395
-0.020252426168539263
0.0020354532836005705
-0.03639849002314572
0.013080483963813979
0.024268290009342268
-0.04172570481627926
-0.026825007751919653
0.01925707971484513
-0.034675159771356316
-0.025177515330141825
-0.02902096469011093
-0.035226477928477065
-0.07206737031423499
-0.01107930229251573
0.027975534067091173
-0.034657870339099284
-0.05070941387707319
-0.04056677498911094
-0.041795395566025455
-0.014120720768508267
1.2300292945200035e-05
-0.034657870339099284
-0.022928836693667246
-0.014120720768508267
-0.00675316393034324
-0.02560067208564831
-0.03496843072770624
-0.029579624336195615
-0.001606464270253559
-0.035558200989208644
-0.001606464270253559
-0.01107930229251573
-0.04828088668672391
-0.020418757607960757
0.021016518861855772
-0.01791960830368426
-0.020418757607960757
-0.006474370389117416
-0.00380113400435006
-0.04528306144741293
-0.026221963805041864
-0.03977039386581373
-0.00675316393034324
-0.028367399339460194
-0.031216941114943435
-0.027003717037547614
-0.0301260214293794
-0.04528306144741293
0.0018659341199716273
-0.04528306144741293
-0.007315772691594042
-0.010863774377223846
-0.020252426168539263
-0.054401710069518425
0.023426601604402124
-0.0346702948736113
-0.041795395566025455
-0.001606464270253559
-0.03254913450848386
-0.0029842508422200683
-0.019667613018798494
-0.00675316393034324
-0.028849606713718366
-0.020452834031740554
-0.02591665415226597
-0.022813326467000142
0.0032444891121540605
-0.02347923441966188
-0.0028647667908270245
-0.0301260214293794
-0.034675159771356316
-0.014120720768508267
-0.04861543723700338
-0.03291741877681666
-0.0340036582208228
-0.020062046870997295
-0.035226477928477065
-0.00675316393034324
-0.020961503756993224
-0.0022121769792338587
-0.000724990747913859
-0.023667305142102753
-0.0346702948736113
-0.0022121769792338587
-0.014120720768508267
-0.05175412606655847
-0.016859376832457328
0.01925707971484513
-0.01706360709571013
0.04031615585622375
-0.017966106281568105
-0.010033615975785021
-0.05232437090287901
-0.02482381852175367
-0.03771147766007036
-0.028367399339460194
-0.02472059906971739
-0.0301260214293794
-0.0029842508422200683
-0.037406818975656404
-0.04151773973511647
-0.026221963805041864
-0.027003717037547614
-0.0532867148982348
-0.05232437090287901
-0.012502736915962728
-0.0301260214293794
-0.010924189423334599
-0.021176311479969342
-0.01737433916873614
-0.017306462594114704
0.0007044110854429816
-0.025043128109020287
-0.016859376832457328
0.0018659341199716273
-0.020418757607960757
0.0014065840825176982
-0.029981098588008407
-0.04083844591241223
-0.0340036582208228
-0.00845862965951503
-0.026825007751919653
-0.0196106060489959
-0.012502736915962728
-0.04056677498911094
-0.02591665415226597
-0.02482381852175367
-0.04575708820936054
0.023426601604402124
-0.009887272051144438
-0.043535957608697856
-0.014954663200451381
-0.01137804701847991
-0.02347923441966188
-0.048667470044471646
-0.03254913450848386
-0.0046902361876576685
-0.00675316393034324
-0.020062046870997295
-0.04083844591241223
-0.043535957608697856
-0.0138862506206259
-0.018618278099402117
-0.019303172120208205
-0.01706360709571013
-0.03639849002314572
0.005592920505371562
-0.04861543723700338
-0.019667613018798494
-0.019667613018798494
-0.02591665415226597
-0.048474790083339644
-0.047964798600336166
-0.01791960830368426
-0.030068480520329656
-0.02902096469011093
-0.025057638318426403
-0.010924189423334599
-0.05070941387707319
-0.03529562984159232
-0.020452834031740554
-0.017623641438229934
-0.054401710069518425
-0.025177515330141825
-0.009887272051144438
-0.006321574120898057
-0.037406818975656404
-0.02482381852175367
-0.031216941114943435
-0.01737433916873614
-0.034657870339099284
-0.035226477928477065
0.0007044110854429816
-0.04056677498911094
-0.009439985126152892
0.0014065840825176982
-0.05175412606655847
-0.029454670394183945
-0.04324870085496371
-0.0029842508422200683
-0.02347923441966188
-0.03254913450848386
-0.0036870322523902027
-0.03529562984159232
-0.007315772691594042
-0.00380113400435006
-0.01137804701847991
-0.029579624336195615
-0.023667305142102753
-0.02560067208564831
-0.03254913450848386
-0.04151773973511647
-0.02591665415226597
-0.00675316393034324
-0.023667305142102753
-0.02560067208564831
-0.022491957498251957
-0.03771147766007036
-0.020418757607960757
-0.026221963805041864
-0.0532867148982348
-0.03125421987119002
-0.047964798600336166
-0.029079837412890334
-0.0022121769792338587
0.04031615585622375
-0.050508662901508634
0.0014065840825176982
-0.029140761532773733
-0.0196106060489959
-0.025043128109020287
-0.018394915129074825
-0.018618278099402117
-0.036169698079554884
-0.037406818975656404
-0.009887272051144438
-0.03254913450848386
-0.017623641438229934
0.0014065840825176982
-0.05546561739746427
-0.035226477928477065
-0.02482381852175367
0.0014065840825176982
-0.015118180985788912
-0.05546561739746427
0.0032444891121540605
-0.04172570481627926
-0.001606464270253559
-0.054401710069518425
-0.022491957498251957
-0.02560067208564831
-0.006474370389117416
-0.030068480520329656
-0.04855947336363638
-0.0340036582208228
-0.036169698079554884
-0.00380113400435006
-0.00675316393034324
-0.012149025034065751
1.2300292945200035e-05
-0.029981098588008407
-0.02641561469848488
-0.034657870339099284
-0.017306462594114704
-0.01107930229251573
-0.022813326467000142
-0.009439985126152892
-0.036169698079554884
-0.003091074579172992
-0.022491957498251957
-0.04575708820936054
-0.04151773973511647
-0.03977039386581373
-0.04861543723700338
-0.01107930229251573
-0.009439985126152892
-0.0036870322523902027
-0.04855947336363638
-0.05175412606655847
-0.048474790083339644
-0.029981098588008407
0.0014065840825176982
0.0014065840825176982
-0.030068480520329656
0.005592920505371562
-0.03639849002314572
-0.02641561469848488
-0.0046902361876576685
0.024268290009342268
0.013080483963813979
0.021016518861855772
-0.010004897302166246
-0.02080378198149464
-0.009439985126152892
-0.04151773973511647
-0.0196106060489959
1.2300292945200035e-05
0.04031615585622375
-0.019303172120208205
0.013080483963813979
-0.058835605343874914
-0.029981098588008407
-0.017623641438229934
-0.025057638318426403
-0.04528306144741293
0.0014065840825176982
-0.015118180985788912
-0.02641561469848488
0.0014065840825176982
-0.0340036582208228
-0.0046902361876576685
-0.05232437090287901
-0.03496843072770624
-0.030068480520329656
-0.022928836693667246
-0.022928836693667246
-0.019667613018798494
-0.007583550988765395
-0.019303172120208205
-0.0022121769792338587
-0.04575708820936054
-0.020062046870997295
-0.03291741877681666
-0.053326054603664165
-0.027003717037547614
-0.0022121769792338587
1.2300292945200035e-05
-0.006474370389117416
-0.014120720768508267
-0.029579624336195615
-0.041795395566025455
-0.016859376832457328
-0.050344485975941204
-0.018394915129074825
-0.016859376832457328
-0.03291741877681666
-0.0046902361876576685
-0.07206737031423499
-0.02347923441966188
-0.014954663200451381
-0.0036870322523902027
-0.020062046870997295
1.2300292945200035e-05
-0.028849606713718366
0.013080483963813979
-0.012502736915962728
-0.01572337298549089
0.010966224713493775
-0.058835605343874914
0.023426601604402124
0.024268290009342268
-0.029981098588008407
0.027975534067091173
-0.012502736915962728
-0.00867944154877013
-0.021176311479969342
-0.00867944154877013
1.2300292945200035e-05
-0.03529562984159232
-0.050508662901508634
0.0032444891121540605
-0.01737433916873614
-0.0532867148982348
0.013080483963813979
-0.032283536119195634
-0.03529562984159232
0.010966224713493775
-0.006321574120898057
-0.02406402762532982
0.027975534067091173
-0.03291741877681666
-0.025177515330141825
-0.020062046870997295
-0.027003717037547614
-0.01706360709571013
-0.007315772691594042
-0.00845862965951503
-0.04151773973511647
-0.000724990747913859
-0.00867944154877013
-0.02902096469011093
-0.006321574120898057
-0.02641561469848488
-0.0029842508422200683
-0.000724990747913859
-0.034675159771356316
-0.04575708820936054
-0.02406402762532982
-0.04855947336363638
-0.009887272051144438
-0.047964798600336166
-0.048474790083339644
-0.01107930229251573
-0.03639849002314572
0.005592920505371562
-0.05175412606655847
-0.010004897302166246
-0.037406818975656404
-0.018394915129074825
-0.047964798600336166
-0.028849606713718366
-0.02406402762532982
-0.029579624336195615
-0.037406818975656404
0.04031615585622375
-0.010004897302166246
-0.048474790083339644
-0.0532867148982348
-0.0340036582208228
-0.03254913450848386
-0.025177515330141825
-0.0028647667908270245
-0.0196106060489959
-0.029454670394183945
-0.034657870339099284
-0.020452834031740554
-0.029454670394183945
-0.01572337298549089
-0.006474370389117416
-0.029981098588008407
-0.0381389298553414
0.0032444891121540605
-0.01137804701847991
-0.02472059906971739
-0.048474790083339644
-0.000724990747913859
-0.01791960830368426
-0.017623641438229934
-0.05232437090287901
-0.02591665415226597
-0.017306462594114704
-0.014120720768508267
-0.0028647667908270245
-0.04828088668672391
-0.019667613018798494
0.01925707971484513
-0.04056677498911094
-0.0346702948736113
-0.017966106281568105
-0.02641561469848488
-0.04575708820936054
-0.029454670394183945
-0.0532867148982348
-0.041795395566025455
-0.020961503756993224
-0.016859376832457328
-0.04151773973511647
-0.025635364759188404
-0.05070941387707319
-0.032283536119195634
-0.026221963805041864
-0.07206737031423499
-0.006525557574917036
-0.048667470044471646
-0.02902096469011093
-0.01107930229251573
-0.020961503756993224
-0.04083844591241223
-0.020418757607960757
-0.035226477928477065
-0.025635364759188404
-0.009595304260903452
-0.048474790083339644
0.005592920505371562
-0.0196106060489959
-0.010033615975785021
-0.048474790083339644
0.04031615585622375
-0.022928836693667246
-0.034657870339099284
-0.02472059906971739
-0.018394915129074825
-0.01706360709571013
-0.048474790083339644
-0.058835605343874914
-0.03125421987119002
-0.020418757607960757
-0.030068480520329656
-0.03254913450848386
-0.03639849002314572
0.023426601604402124
-0.03496843072770624
-0.00380113400435006
0.0027067705373145356
-0.035226477928477065
0.0020354532836005705
-0.050508662901508634
-0.04324870085496371
-0.03977039386581373
-0.014120720768508267
-0.03496843072770624
-0.029579624336195615
-0.019303172120208205
-0.0028647667908270245
0.013080483963813979
-0.025057638318426403
-0.0022121769792338587
0.0018659341199716273
-0.0196106060489959
-0.06970565154525903
-0.039223651731000835
1.2300292945200035e-05
-0.020252426168539263
-0.0038105681569771785
-0.029079837412890334
-0.048474790083339644
-0.037406818975656404
-0.025635364759188404
-0.010863774377223846
-0.043535957608697856
-0.05232437090287901
-0.010924189423334599
-0.014120720768508267
-0.02902096469011093
-0.04056677498911094
0.027975534067091173
0.04031615585622375
-0.0196106060489959
-0.02560067208564831
-0.0038105681569771785
-0.020452834031740554
-0.019303172120208205
-0.019667613018798494
-0.017623641438229934
-0.01572337298549089
-0.0532867148982348
-0.020062046870997295
-0.025635364759188404
-0.04083844591241223
-0.017306462594114704
-0.022491957498251957
-0.028849606713718366
-0.034675159771356316
-0.035226477928477065
-0.050508662901508634
-0.02472059906971739
0.024268290009342268
0.005592920505371562
-0.03125421987119002
-0.038439207378283484
0.0020354532836005705
-0.028367399339460194
-0.02409274511760259
-0.01791960830368426
-0.017623641438229934
-0.028367399339460194
-0.030068480520329656
-0.01781470014490416
-0.047964798600336166
-0.03771147766007036
-0.010924189423334599
-0.028849606713718366
-0.0022121769792338587
-0.029454670394183945
-0.003091074579172992
-0.025043128109020287
-0.04172570481627926
-0.0196106060489959
-0.050508662901508634
-0.047964798600336166
-0.00675316393034324
-0.012149025034065751
-0.022813326467000142
0.013080483963813979
-0.025057638318426403
-0.04575708820936054
-0.020418757607960757
-0.034657870339099284
-0.0029842508422200683
-0.02902096469011093
0.03649660519047804
-0.02902096469011093
-0.012502736915962728
-0.03496843072770624
-0.0046902361876576685
-0.03254913450848386
-0.050508662901508634
-0.038439207378283484
-0.02347923441966188
-0.031216941114943435
-0.043535957608697856
-0.025043128109020287
-0.04172570481627926
-0.03254913450848386
-0.016859376832457328
-0.02482381852175367
-0.012149025034065751
-0.01137804701847991
-0.03291741877681666
-0.028367399339460194
-0.018618278099402117
-0.02347923441966188
-0.014954663200451381
-0.00675316393034324
0.021016518861855772
-0.03125421987119002
-0.00380113400435006
-0.038439207378283484
0.013080483963813979
-0.034657870339099284
0.0032444891121540605
-0.025057638318426403
-0.020418757607960757
0.005587500587767431
-0.018394915129074825
-0.017623641438229934
-0.017623641438229934
-0.022928836693667246
-0.019303172120208205
-0.029079837412890334
-0.01572337298549089
-0.029454670394183945
-0.035226477928477065
-0.028849606713718366
-0.012502736915962728
-0.048474790083339644
-0.0029842508422200683
-0.016859376832457328
-0.0002402924423080775
-0.00675316393034324
-0.006474370389117416
-0.017966106281568105
-0.019303172120208205
-0.02406402762532982
-0.04172570481627926
-0.0301260214293794
0.0007044110854429816
-0.01107930229251573
-0.039223651731000835
-0.023667305142102753
-0.04528306144741293
-0.017966106281568105
-0.05232437090287901
-0.02591665415226597
-0.02406402762532982
0.005592920505371562
0.005587500587767431
-0.04056677498911094
-0.017966106281568105
-0.0196106060489959
-0.048474790083339644
0.013080483963813979
-0.00675316393034324
-0.03771147766007036
-0.0381389298553414
-0.029579624336195615
-0.031216941114943435
-0.02591665415226597
0.005587500587767431
-0.010863774377223846
-0.035558200989208644
-0.02472059906971739
-0.02409274511760259
-0.05175412606655847
-0.028849606713718366
-0.029454670394183945
-0.05071293071870354
-0.0028647667908270245
-0.03529562984159232
-0.048474790083339644
-0.006474370389117416
-0.0138862506206259
-0.03639849002314572
-0.00675316393034324
-0.036169698079554884
-0.022491957498251957
-0.02406402762532982
-0.02472059906971739
-0.0196106060489959
-0.007583550988765395
-0.010004897302166246
-0.047964798600336166
-0.010004897302166246
-0.038439207378283484
-0.009595304260903452
-0.017966106281568105
-0.03529562984159232
-0.02472059906971739
-0.05546561739746427
-0.01781470014490416
-0.038439207378283484
-0.007583550988765395
-0.010863774377223846
-0.00380113400435006
-0.02406402762532982
-0.028849606713718366
0.021016518861855772
-0.04861543723700338
-0.009887272051144438
-0.010863774377223846
-0.020062046870997295
-0.017306462594114704
-0.003091074579172992
-0.04324870085496371
-0.0532867148982348
-0.04056677498911094
-0.054401710069518425
-0.04324870085496371
-0.017623641438229934
-0.0022121769792338587
-0.029981098588008407
0.024268290009342268
-0.012149025034065751
-0.02347923441966188
-0.021176311479969342
-0.020961503756993224
-0.01107930229251573
-0.018618278099402117
-0.000724990747913859
0.04031615585622375
0.024268290009342268
-0.006474370389117416
-0.032283536119195634
-0.053326054603664165
0.024268290009342268
-0.006525557574917036
-0.017623641438229934
-0.025043128109020287
-0.012502736915962728
-0.047964798600336166
-0.04172570481627926
-0.025057638318426403
-0.022491957498251957
-0.030068480520329656
-0.04172570481627926
-0.000724990747913859
-0.0138862506206259
-0.019667613018798494
0.005587500587767431
-0.034675159771356316
-0.029981098588008407
-0.01107930229251573
-0.029140761532773733
-0.0138862506206259
1.2300292945200035e-05
-0.048474790083339644
0.0007044110854429816
-0.01737433916873614
-0.031216941114943435
-0.029079837412890334
-0.035558200989208644
-0.010863774377223846
-0.05070941387707319
0.0032444891121540605
-0.01737433916873614
-0.0381389298553414
-0.01781470014490416
-0.054401710069518425
-0.014120720768508267
-0.0301260214293794
-0.020452834031740554
-0.029454670394183945
-0.02591665415226597
-0.0022121769792338587
-0.019667613018798494
-0.02409274511760259
-0.012149025034065751
-0.054401710069518425
-0.048474790083339644
0.013080483963813979
-0.05071293071870354
-0.0038105681569771785
-0.034675159771356316
-0.02406402762532982
-0.05070941387707319
-0.02560067208564831
-0.0029842508422200683
-0.04172570481627926
-0.036169698079554884
0.0007044110854429816
-0.0346702948736113
-0.025057638318426403
0.021016518861855772
0.0027067705373145356
-0.0028647667908270245
-0.050344485975941204
-0.01107930229251573
-0.036169698079554884
-0.0036870322523902027
-0.01107930229251573
-0.054401710069518425
-0.027003717037547614
-0.022813326467000142
0.021016518861855772
-0.03496843072770624
-0.026221963805041864
-0.03977039386581373
-0.0196106060489959
-0.009439985126152892
-0.03291741877681666
-0.010033615975785021
-0.026825007751919653
-0.020961503756993224
-0.01791960830368426
-0.043535957608697856
-0.035558200989208644
-0.05232437090287901
-0.00675316393034324
-0.02347923441966188
0.0007044110854429816
0.04031615585622375
-0.02080378198149464
-0.0301260214293794
-0.0346702948736113
-0.01706360709571013
-0.01107930229251573
-0.0346702948736113
0.0032444891121540605
-0.038439207378283484
-0.009439985126152892
-0.021176311479969342
-0.032283536119195634
-0.012502736915962728
-0.01107930229251573
-0.029454670394183945
-0.058835605343874914
-0.023667305142102753
-0.010004897302166246
-0.022491957498251957
-0.014120720768508267
-0.02591665415226597
1.2300292945200035e-05
-0.0138862506206259
-0.020062046870997295
0.0027067705373145356
-0.012502736915962728
-0.04056677498911094
-0.007583550988765395
-0.023667305142102753
0.0020354532836005705
-0.027003717037547614
-0.027003717037547614
-0.006321574120898057
-0.020062046870997295
-0.035226477928477065
-0.0301260214293794
-0.048474790083339644
-0.026221963805041864
-0.009439985126152892
-0.035558200989208644
-0.02902096469011093
-0.04324870085496371
-0.02641561469848488
-0.007583550988765395
-0.0046902361876576685
-0.02902096469011093
-0.020418757607960757
-0.003091074579172992
-0.029579624336195615
-0.03125421987119002
0.0032444891121540605
-0.031216941114943435
-0.029140761532773733
-0.003091074579172992
-0.023667305142102753
-0.0038105681569771785
-0.02641561469848488
-0.032283536119195634
-0.009887272051144438
-0.01107930229251573
-0.04828088668672391
-0.04151773973511647
-0.0196106060489959
-0.018394915129074825
0.024268290009342268
-0.0002402924423080775
-0.054401710069518425
-0.048474790083339644
-0.020452834031740554
-0.019303172120208205
-0.02641561469848488
0.0014065840825176982
-0.02472059906971739
0.005587500587767431
-0.0028647667908270245
-0.012149025034065751
-0.04151773973511647
-0.025057638318426403
-0.020961503756993224
-0.015118180985788912
-0.007583550988765395
-0.07206737031423499
-0.006525557574917036
-0.035226477928477065
-0.034675159771356316
-0.017306462594114704
-0.0346702948736113
-0.009595304260903452
-0.01781470014490416
-0.025635364759188404
-0.017966106281568105
-0.04151773973511647
-0.006525557574917036
-0.017306462594114704
