0.019099159115665874
-0.027860918817280353
-0.03907198121857237
-0.010679170957293744
-0.012473937423838947
-0.03907198121857237
0.000948194169009086
-0.04097755747975669
-0.015061542031884761
-0.014123774992149729
-0.01893618667471566
-0.016976352361762058
-0.0140611438959549
0.039808841905461335
-0.04097755747975669
-0.03907198121857237
-0.027860918817280353
-0.0044233663358609655
-0.018660654290114636
-0.0044233663358609655
-0.016144616216931806
0.0024962250016664876
-0.00480120821369659
-0.00480120821369659
-0.04097755747975669
-0.016144616216931806
0.0024962250016664876
-0.0474184973171278
-0.0474184973171278
0.019099159115665874
-0.0140611438959549
-0.018660654290114636
-0.02367740864254846
-0.014150488358028075
-0.012473937423838947
-0.0044233663358609655
-0.027856364931916656
-0.027860918817280353
0.019099159115665874
0.039808841905461335
-0.014150488358028075
-0.029111192173509347
-0.014150488358028075
0.039808841905461335
-0.02367740864254846
0.019099159115665874
-0.05232097428313935
-0.012473937423838947
-0.036591716378964495
0.039808841905461335
-0.016144616216931806
-0.016976352361762058
-0.027856364931916656
-0.029111192173509347
-0.02367740864254846
0.048786609331052055
0.039808841905461335
-0.016976352361762058
-0.0044233663358609655
-0.03924322827855697
-0.010679170957293744
-0.014150488358028075
-0.036591716378964495
-0.03924322827855697
-0.014150488358028075
-0.02367740864254846
-0.010679170957293744
-0.03924322827855697
-0.0044233663358609655
-0.036591716378964495
-0.012473937423838947
-0.010679170957293744
-0.015061542031884761
-0.016976352361762058
-0.036591716378964495
-0.03907198121857237
-0.036591716378964495
0.048786609331052055
-0.05232097428313935
-0.010679170957293744
0.000948194169009086
-0.03907198121857237
-0.014150488358028075
-0.015061542031884761
-0.05232097428313935
-0.018660654290114636
-0.011316812924474591
-0.011316812924474591
-0.016976352361762058
-0.01893618667471566
-0.015061542031884761
-0.02367740864254846
0.039808841905461335
-0.016144616216931806
-0.014150488358028075
-0.014123774992149729
-0.03907198121857237
-0.0474184973171278
0.048786609331052055
-0.03907198121857237
-0.014123774992149729
-0.014123774992149729
-0.010679170957293744
0.0024962250016664876
-0.01893618667471566
-0.0044233663358609655
-0.018660654290114636
-0.05232097428313935
-0.0474184973171278
-0.016976352361762058
-0.01893618667471566
-0.010679170957293744
-0.0044233663358609655
-0.016976352361762058
-0.016144616216931806
0.048786609331052055
-0.014150488358028075
-0.011316812924474591
-0.011316812924474591
-0.016144616216931806
-0.01893618667471566
-0.014123774992149729
0.048786609331052055
-0.0474184973171278
-0.010679170957293744
-0.0140611438959549
-0.016976352361762058
-0.014150488358028075
-0.018660654290114636
-0.05232097428313935
-0.03924322827855697
-0.029111192173509347
-0.0140611438959549
-0.02367740864254846
-0.05232097428313935
-0.011316812924474591
-0.02367740864254846
-0.014123774992149729
-0.016976352361762058
-0.036591716378964495
-0.015061542031884761
-0.010679170957293744
0.039808841905461335
-0.027860918817280353
-0.0044233663358609655
-0.036591716378964495
-0.0474184973171278
-0.015061542031884761
-0.014123774992149729
0.0024962250016664876
-0.036591716378964495
-0.016976352361762058
-0.0044233663358609655
-0.03924322827855697
-0.011316812924474591
-0.011316812924474591
0.019099159115665874
-0.011316812924474591
-0.04097755747975669
-0.0140611438959549
-0.03907198121857237
-0.014150488358028075
-0.010679170957293744
0.000948194169009086
0.019099159115665874
-0.036591716378964495
-0.018660654290114636
-0.015061542031884761
-0.015061542031884761
-0.0140611438959549
-0.0140611438959549
-0.011316812924474591
-0.010679170957293744
-0.0474184973171278
-0.018660654290114636
-0.015061542031884761
0.019099159115665874
-0.018660654290114636
-0.02367740864254846
-0.018660654290114636
-0.015061542031884761
-0.016144616216931806
-0.0044233663358609655
-0.018660654290114636
0.0024962250016664876
-0.04097755747975669
-0.0140611438959549
0.0024962250016664876
-0.014150488358028075
-0.011316812924474591
0.039808841905461335
0.0024962250016664876
-0.01893618667471566
-0.04097755747975669
0.039808841905461335
-0.012473937423838947
-0.016144616216931806
0.0024962250016664876
-0.027860918817280353
-0.0140611438959549
-0.0044233663358609655
-0.010679170957293744
-0.027860918817280353
-0.027860918817280353
-0.014123774992149729
-0.03907198121857237
-0.0474184973171278
-0.014123774992149729
-0.016976352361762058
-0.027860918817280353
-0.03907198121857237
-0.0474184973171278
0.039808841905461335
-0.027860918817280353
0.019099159115665874
-0.027856364931916656
-0.018660654290114636
0.048786609331052055
-0.016976352361762058
-0.014123774992149729
0.0024962250016664876
0.048786609331052055
-0.014150488358028075
-0.05232097428313935
-0.04097755747975669
-0.02367740864254846
0.048786609331052055
0.000948194169009086
-0.036591716378964495
0.039808841905461335
-0.036591716378964495
-0.027856364931916656
0.019099159115665874
0.048786609331052055
-0.036591716378964495
-0.018660654290114636
0.048786609331052055
0.048786609331052055
-0.018660654290114636
-0.027856364931916656
-0.014150488358028075
-0.0474184973171278
-0.0044233663358609655
-0.02367740864254846
-0.03907198121857237
-0.016144616216931806
-0.00480120821369659
-0.010679170957293744
-0.014123774992149729
-0.0474184973171278
-0.014150488358028075
0.039808841905461335
0.039808841905461335
-0.011316812924474591
-0.027856364931916656
-0.00480120821369659
-0.036591716378964495
-0.04097755747975669
-0.010679170957293744
-0.012473937423838947
-0.016144616216931806
0.0024962250016664876
0.0024962250016664876
-0.016144616216931806
-0.014123774992149729
-0.00480120821369659
0.019099159115665874
-0.05232097428313935
-0.015061542031884761
-0.014123774992149729
-0.018660654290114636
-0.0044233663358609655
-0.00480120821369659
-0.010679170957293744
0.000948194169009086
0.048786609331052055
0.039808841905461335
-0.02367740864254846
-0.02367740864254846
-0.012473937423838947
-0.05232097428313935
-0.0140611438959549
-0.0140611438959549
0.019099159115665874
0.048786609331052055
-0.011316812924474591
-0.014123774992149729
-0.03907198121857237
-0.04097755747975669
-0.027860918817280353
-0.010679170957293744
-0.0140611438959549
-0.018660654290114636
-0.0044233663358609655
-0.036591716378964495
0.048786609331052055
0.039808841905461335
-0.016976352361762058
0.039808841905461335
-0.015061542031884761
-0.015061542031884761
-0.01893618667471566
0.019099159115665874
-0.010679170957293744
-0.01893618667471566
-0.011316812924474591
-0.010679170957293744
-0.016976352361762058
-0.0474184973171278
-0.016144616216931806
0.000948194169009086
0.048786609331052055
-0.03924322827855697
-0.029111192173509347
0.019099159115665874
-0.0044233663358609655
-0.011316812924474591
-0.027860918817280353
0.039808841905461335
-0.03907198121857237
-0.016976352361762058
-0.014150488358028075
-0.027856364931916656
-0.012473937423838947
-0.0474184973171278
-0.05232097428313935
-0.016976352361762058
-0.03924322827855697
-0.011316812924474591
0.019099159115665874
-0.014150488358028075
-0.014150488358028075
0.0024962250016664876
-0.027860918817280353
-0.02367740864254846
-0.02367740864254846
0.000948194169009086
-0.05232097428313935
-0.011316812924474591
-0.00480120821369659
-0.03907198121857237
-0.03907198121857237
-0.012473937423838947
-0.010679170957293744
0.039808841905461335
-0.015061542031884761
-0.015061542031884761
0.048786609331052055
-0.04097755747975669
-0.018660654290114636
0.019099159115665874
-0.0140611438959549
-0.027860918817280353
-0.029111192173509347
0.0024962250016664876
-0.016144616216931806
-0.027860918817280353
-0.012473937423838947
-0.014123774992149729
-0.010679170957293744
-0.027856364931916656
-0.05232097428313935
-0.014150488358028075
-0.016144616216931806
-0.03907198121857237
-0.01893618667471566
0.0024962250016664876
0.019099159115665874
-0.01893618667471566
-0.015061542031884761
-0.016976352361762058
-0.014150488358028075
-0.015061542031884761
-0.016144616216931806
-0.016976352361762058
-0.016976352361762058
-0.04097755747975669
-0.029111192173509347
-0.014150488358028075
-0.029111192173509347
-0.0044233663358609655
0.039808841905461335
-0.036591716378964495
-0.016144616216931806
-0.012473937423838947
-0.027860918817280353
-0.016144616216931806
-0.015061542031884761
-0.00480120821369659
0.048786609331052055
-0.02367740864254846
-0.012473937423838947
-0.0044233663358609655
-0.04097755747975669
0.019099159115665874
-0.015061542031884761
-0.014123774992149729
-0.016976352361762058
-0.0140611438959549
-0.036591716378964495
-0.05232097428313935
0.039808841905461335
-0.02367740864254846
0.019099159115665874
-0.015061542031884761
0.000948194169009086
-0.02367740864254846
-0.018660654290114636
-0.027860918817280353
-0.016976352361762058
-0.01893618667471566
-0.015061542031884761
-0.014150488358028075
-0.0474184973171278
-0.027856364931916656
-0.01893618667471566
-0.010679170957293744
-0.0140611438959549
-0.010679170957293744
-0.012473937423838947
-0.02367740864254846
-0.027856364931916656
-0.016144616216931806
-0.03907198121857237
-0.014150488358028075
-0.03924322827855697
0.0024962250016664876
-0.0044233663358609655
-0.036591716378964495
-0.02367740864254846
-0.0474184973171278
-0.010679170957293744
-0.016976352361762058
0.048786609331052055
-0.02367740864254846
-0.0044233663358609655
-0.0140611438959549
-0.03907198121857237
-0.018660654290114636
-0.014123774992149729
-0.018660654290114636
-0.0474184973171278
0.039808841905461335
0.048786609331052055
-0.015061542031884761
0.039808841905461335
-0.0474184973171278
-0.03907198121857237
0.019099159115665874
-0.02367740864254846
-0.015061542031884761
0.039808841905461335
-0.0044233663358609655
-0.014150488358028075
0.039808841905461335
-0.010679170957293744
-0.012473937423838947
-0.04097755747975669
-0.012473937423838947
-0.016976352361762058
-0.011316812924474591
-0.03907198121857237
-0.012473937423838947
-0.03924322827855697
-0.0474184973171278
-0.014150488358028075
0.000948194169009086
-0.0140611438959549
-0.012473937423838947
-0.011316812924474591
-0.027856364931916656
-0.00480120821369659
-0.03907198121857237
0.000948194169009086
-0.012473937423838947
-0.00480120821369659
0.0024962250016664876
-0.027860918817280353
-0.014123774992149729
-0.027856364931916656
-0.015061542031884761
-0.016144616216931806
-0.015061542031884761
-0.012473937423838947
-0.03924322827855697
-0.02367740864254846
0.000948194169009086
-0.012473937423838947
-0.03907198121857237
-0.027856364931916656
-0.0474184973171278
-0.0044233663358609655
0.019099159115665874
-0.010679170957293744
-0.027860918817280353
-0.03907198121857237
-0.015061542031884761
-0.010679170957293744
-0.04097755747975669
-0.04097755747975669
-0.027856364931916656
-0.027856364931916656
-0.0140611438959549
0.0024962250016664876
-0.011316812924474591
-0.011316812924474591
0.0024962250016664876
-0.016976352361762058
-0.016144616216931806
-0.018660654290114636
-0.03924322827855697
-0.014123774992149729
0.048786609331052055
0.039808841905461335
0.000948194169009086
-0.0474184973171278
-0.01893618667471566
-0.016976352361762058
0.000948194169009086
-0.018660654290114636
0.048786609331052055
-0.05232097428313935
-0.014123774992149729
-0.016144616216931806
-0.02367740864254846
-0.03924322827855697
-0.03924322827855697
-0.036591716378964495
-0.05232097428313935
-0.014150488358028075
-0.027860918817280353
-0.010679170957293744
-0.01893618667471566
-0.02367740864254846
-0.03924322827855697
-0.027856364931916656
-0.012473937423838947
-0.0140611438959549
-0.016976352361762058
-0.03907198121857237
-0.05232097428313935
0.048786609331052055
-0.029111192173509347
-0.010679170957293744
-0.016976352361762058
-0.00480120821369659
-0.016144616216931806
-0.027860918817280353
-0.036591716378964495
-0.027856364931916656
0.000948194169009086
-0.014150488358028075
0.0024962250016664876
-0.010679170957293744
-0.0140611438959549
0.019099159115665874
0.0024962250016664876
-0.014150488358028075
-0.029111192173509347
0.039808841905461335
0.039808841905461335
-0.027856364931916656
0.019099159115665874
-0.016144616216931806
0.000948194169009086
-0.036591716378964495
-0.04097755747975669
-0.029111192173509347
-0.011316812924474591
-0.03924322827855697
-0.0044233663358609655
-0.00480120821369659
-0.014123774992149729
-0.03907198121857237
-0.016976352361762058
-0.018660654290114636
-0.018660654290114636
-0.03924322827855697
-0.027860918817280353
-0.01893618667471566
0.019099159115665874
-0.029111192173509347
-0.015061542031884761
-0.0044233663358609655
-0.04097755747975669
0.048786609331052055
-0.03907198121857237
-0.012473937423838947
-0.0474184973171278
-0.0140611438959549
-0.014150488358028075
0.000948194169009086
0.0024962250016664876
-0.014123774992149729
-0.018660654290114636
-0.0474184973171278
-0.04097755747975669
0.019099159115665874
-0.018660654290114636
-0.0140611438959549
-0.0140611438959549
-0.029111192173509347
-0.027856364931916656
0.000948194169009086
-0.027856364931916656
-0.027856364931916656
-0.010679170957293744
-0.029111192173509347
-0.00480120821369659
-0.036591716378964495
-0.01893618667471566
-0.018660654290114636
-0.02367740864254846
-0.04097755747975669
0.048786609331052055
-0.036591716378964495
-0.02367740864254846
-0.016976352361762058
-0.012473937423838947
-0.027860918817280353
-0.011316812924474591
-0.011316812924474591
-0.015061542031884761
-0.00480120821369659
-0.03907198121857237
-0.0474184973171278
-0.012473937423838947
-0.027860918817280353
0.019099159115665874
-0.027860918817280353
-0.011316812924474591
-0.018660654290114636
-0.016976352361762058
0.019099159115665874
-0.03924322827855697
-0.00480120821369659
-0.05232097428313935
-0.015061542031884761
-0.00480120821369659
-0.015061542031884761
-0.016976352361762058
-0.05232097428313935
-0.02367740864254846
-0.027856364931916656
0.019099159115665874
-0.016976352361762058
-0.04097755747975669
-0.016976352361762058
-0.011316812924474591
-0.018660654290114636
-0.00480120821369659
-0.015061542031884761
-0.05232097428313935
-0.012473937423838947
-0.016144616216931806
0.048786609331052055
-0.027856364931916656
-0.05232097428313935
0.048786609331052055
-0.014150488358028075
-0.01893618667471566
-0.027856364931916656
-0.0044233663358609655
-0.04097755747975669
-0.02367740864254846
-0.0044233663358609655
-0.015061542031884761
-0.010679170957293744
-0.036591716378964495
-0.011316812924474591
-0.018660654290114636
0.0024962250016664876
-0.012473937423838947
-0.04097755747975669
-0.012473937423838947
-0.036591716378964495
-0.036591716378964495
-0.016976352361762058
-0.027860918817280353
-0.05232097428313935
-0.05232097428313935
-0.0044233663358609655
-0.0474184973171278
-0.018660654290114636
-0.01893618667471566
-0.0140611438959549
-0.012473937423838947
-0.018660654290114636
-0.010679170957293744
-0.011316812924474591
-0.0474184973171278
-0.02367740864254846
0.048786609331052055
-0.00480120821369659
-0.02367740864254846
-0.012473937423838947
-0.03907198121857237
-0.027856364931916656
0.019099159115665874
-0.015061542031884761
-0.015061542031884761
-0.04097755747975669
-0.02367740864254846
-0.014123774992149729
-0.01893618667471566
-0.00480120821369659
-0.0044233663358609655
-0.00480120821369659
-0.04097755747975669
-0.014150488358028075
-0.016976352361762058
-0.0044233663358609655
-0.016976352361762058
-0.011316812924474591
0.039808841905461335
-0.011316812924474591
-0.00480120821369659
-0.014123774992149729
-0.011316812924474591
-0.0044233663358609655
-0.016976352361762058
-0.018660654290114636
0.039808841905461335
-0.011316812924474591
-0.014123774992149729
-0.027856364931916656
-0.0140611438959549
-0.00480120821369659
-0.012473937423838947
-0.010679170957293744
0.0024962250016664876
-0.029111192173509347
-0.01893618667471566
-0.03907198121857237
-0.036591716378964495
0.039808841905461335
-0.016144616216931806
-0.0474184973171278
-0.03924322827855697
-0.014150488358028075
-0.036591716378964495
-0.010679170957293744
-0.016976352361762058
0.039808841905461335
-0.018660654290114636
-0.015061542031884761
-0.00480120821369659
0.000948194169009086
-0.03907198121857237
-0.014123774992149729
-0.04097755747975669
-0.04097755747975669
-0.027856364931916656
-0.03924322827855697
0.0024962250016664876
0.048786609331052055
-0.015061542031884761
-0.05232097428313935
-0.014150488358028075
-0.010679170957293744
-0.00480120821369659
0.019099159115665874
-0.018660654290114636
0.000948194169009086
-0.011316812924474591
-0.03907198121857237
0.000948194169009086
-0.029111192173509347
-0.010679170957293744
-0.010679170957293744
-0.02367740864254846
-0.027860918817280353
-0.010679170957293744
-0.027856364931916656
-0.027856364931916656
0.019099159115665874
-0.027856364931916656
-0.0474184973171278
-0.0140611438959549
-0.015061542031884761
-0.010679170957293744
-0.03907198121857237
-0.0044233663358609655
-0.01893618667471566
-0.015061542031884761
-0.05232097428313935
-0.00480120821369659
-0.027856364931916656
-0.016144616216931806
-0.012473937423838947
-0.018660654290114636
-0.016144616216931806
0.048786609331052055
0.000948194169009086
-0.0140611438959549
-0.0474184973171278
0.000948194169009086
-0.00480120821369659
-0.01893618667471566
-0.0140611438959549
-0.014150488358028075
-0.011316812924474591
-0.05232097428313935
-0.018660654290114636
-0.011316812924474591
-0.00480120821369659
0.000948194169009086
-0.016144616216931806
-0.016976352361762058
-0.01893618667471566
-0.0044233663358609655
-0.03907198121857237
-0.00480120821369659
0.000948194169009086
-0.0140611438959549
0.000948194169009086
0.0024962250016664876
-0.014123774992149729
-0.014123774992149729
-0.011316812924474591
-0.014150488358028075
-0.01893618667471566
-0.014150488358028075
-0.010679170957293744
-0.0044233663358609655
-0.016976352361762058
0.039808841905461335
-0.0140611438959549
-0.03924322827855697
-0.03924322827855697
0.039808841905461335
-0.029111192173509347
-0.0474184973171278
-0.015061542031884761
-0.029111192173509347
-0.05232097428313935
-0.014123774992149729
-0.029111192173509347
-0.012473937423838947
-0.015061542031884761
-0.014150488358028075
0.0024962250016664876
-0.016144616216931806
-0.011316812924474591
-0.0474184973171278
-0.00480120821369659
-0.014123774992149729
0.019099159115665874
-0.018660654290114636
-0.027860918817280353
-0.016976352361762058
-0.036591716378964495
-0.0140611438959549
-0.014123774992149729
0.039808841905461335
-0.010679170957293744
-0.02367740864254846
-0.02367740864254846
-0.011316812924474591
-0.02367740864254846
-0.036591716378964495
-0.05232097428313935
-0.01893618667471566
-0.016976352361762058
-0.018660654290114636
-0.011316812924474591
-0.012473937423838947
0.019099159115665874
-0.00480120821369659
-0.010679170957293744
-0.011316812924474591
-0.011316812924474591
-0.029111192173509347
-0.03907198121857237
-0.036591716378964495
-0.00480120821369659
-0.016144616216931806
-0.03924322827855697
-0.010679170957293744
0.000948194169009086
-0.03907198121857237
-0.027856364931916656
-0.05232097428313935
0.048786609331052055
-0.0044233663358609655
-0.029111192173509347
-0.010679170957293744
-0.00480120821369659
-0.036591716378964495
-0.029111192173509347
-0.01893618667471566
-0.027860918817280353
-0.04097755747975669
0.0024962250016664876
-0.027860918817280353
-0.01893618667471566
-0.04097755747975669
-0.029111192173509347
-0.0474184973171278
-0.0140611438959549
-0.0140611438959549
-0.014150488358028075
0.048786609331052055
0.019099159115665874
-0.011316812924474591
-0.016144616216931806
-0.010679170957293744
-0.03924322827855697
-0.036591716378964495
0.039808841905461335
-0.036591716378964495
-0.01893618667471566
-0.03924322827855697
-0.029111192173509347
0.019099159115665874
-0.00480120821369659
-0.016976352361762058
-0.027860918817280353
-0.00480120821369659
-0.036591716378964495
0.0024962250016664876
-0.03907198121857237
-0.027860918817280353
-0.012473937423838947
-0.012473937423838947
0.039808841905461335
-0.036591716378964495
-0.05232097428313935
-0.03924322827855697
-0.00480120821369659
-0.03907198121857237
-0.03924322827855697
-0.027860918817280353
0.0024962250016664876
-0.03907198121857237
-0.027860918817280353
-0.014123774992149729
-0.016144616216931806
0.048786609331052055
0.000948194169009086
-0.05232097428313935
-0.027856364931916656
-0.014150488358028075
-0.0474184973171278
-0.04097755747975669
-0.018660654290114636
-0.015061542031884761
0.000948194169009086
-0.016976352361762058
0.0024962250016664876
-0.01893618667471566
-0.04097755747975669
0.019099159115665874
0.048786609331052055
0.000948194169009086
-0.01893618667471566
-0.02367740864254846
-0.011316812924474591
-0.00480120821369659
-0.018660654290114636
-0.01893618667471566
-0.011316812924474591
-0.05232097428313935
-0.018660654290114636
-0.027856364931916656
-0.0044233663358609655
0.000948194169009086
0.000948194169009086
-0.010679170957293744
-0.027856364931916656
-0.0474184973171278
-0.027856364931916656
-0.011316812924474591
-0.036591716378964495
0.0024962250016664876
0.0024962250016664876
-0.016976352361762058
-0.010679170957293744
-0.027856364931916656
0.019099159115665874
0.048786609331052055
-0.0044233663358609655
-0.027856364931916656
-0.018660654290114636
0.019099159115665874
0.0024962250016664876
-0.01893618667471566
-0.014123774992149729
0.039808841905461335
-0.0474184973171278
-0.04097755747975669
-0.018660654290114636
0.048786609331052055
0.048786609331052055
0.048786609331052055
-0.029111192173509347
-0.027860918817280353
-0.014150488358028075
-0.015061542031884761
-0.03924322827855697
