-0.038754873310974824
-0.0012963605900312427
-0.02076567080186097
-0.00257707530086637
-0.027727910104636225
-0.020545990991570697
-0.05224430554857654
-0.00257707530086637
-0.04659854244029155
0.005393830074839044
-0.02076567080186097
-0.02541138276179607
-0.009338464135563055
-0.02076567080186097
-0.051656620702838385
-0.022248247665641912
-0.00257707530086637
-0.02076567080186097
-0.022248247665641912
-0.012454669077826228
0.005393830074839044
-0.012454669077826228
-0.04659854244029155
-0.0012963605900312427
-0.012454669077826228
-0.009338464135563055
-0.023851601867422117
-0.034747102668943965
-0.09320546520046558
-0.030510596813718864
-0.042688337757252094
-0.05224430554857654
-0.026216624324637602
-0.034747102668943965
-0.014152155165979733
0.005393830074839044
-0.02541138276179607
-0.0012963605900312427
-0.00257707530086637
-0.034747102668943965
0.005393830074839044
-0.0012963605900312427
-0.009729882515073125
-0.023851601867422117
-0.00257707530086637
-0.027727910104636225
-0.028135117804866026
-0.08027006613709321
-0.028135117804866026
-0.017974928014003397
-0.04085061961947908
-0.009729882515073125
-0.042688337757252094
-0.030593640194523215
-0.014152155165979733
-0.030593640194523215
-0.05224430554857654
-0.009729882515073125
-0.02541138276179607
-0.027727910104636225
-0.034747102668943965
-0.012454669077826228
-0.09320546520046558
-0.012454669077826228
-0.009729882515073125
-0.048829381711683426
-0.05224430554857654
-0.022248247665641912
0.005393830074839044
-0.028135117804866026
-0.051656620702838385
-0.04085061961947908
-0.038754873310974824
0.005393830074839044
-0.05224430554857654
-0.022248247665641912
-0.04085061961947908
-0.022248247665641912
0.005393830074839044
-0.00257707530086637
-0.003701155507355224
-0.026216624324637602
-0.027727910104636225
-0.00257707530086637
-0.05870253138654363
-0.020545990991570697
-0.048829381711683426
-0.05870253138654363
-0.003701155507355224
-0.030510596813718864
-0.028135117804866026
-0.026216624324637602
-0.030593640194523215
-0.012454669077826228
-0.034747102668943965
-0.01776652487817852
-0.012454669077826228
-0.042688337757252094
-0.034747102668943965
-0.02076567080186097
-0.08027006613709321
-0.027727910104636225
-0.05870253138654363
-0.05870253138654363
-0.04395714575539496
-0.031774945355946785
-0.030593640194523215
-0.034747102668943965
-0.023851601867422117
-0.014152155165979733
-0.038754873310974824
-0.02076567080186097
-0.08027006613709321
-0.01776652487817852
-0.034747102668943965
-0.034747102668943965
-0.031774945355946785
0.005393830074839044
-0.05224430554857654
-0.07633711472569261
-0.051656620702838385
-0.04085061961947908
-0.031774945355946785
-0.05870253138654363
-0.009729882515073125
-0.051656620702838385
-0.02076567080186097
-0.01776652487817852
-0.0383129408873775
-0.09320546520046558
-0.017974928014003397
-0.09320546520046558
-0.027727910104636225
-0.034747102668943965
-0.023851601867422117
-0.026216624324637602
-0.023851601867422117
-0.009729882515073125
-0.019226692340587142
-0.003701155507355224
-0.02076567080186097
-0.003701155507355224
-0.02076567080186097
-0.04085061961947908
-0.034747102668943965
-0.009729882515073125
-0.003701155507355224
-0.034747102668943965
-0.0012963605900312427
-0.017974928014003397
-0.023851601867422117
-0.026216624324637602
-0.042688337757252094
-0.01776652487817852
-0.027727910104636225
-0.00257707530086637
-0.00257707530086637
-0.017974928014003397
-0.014152155165979733
-0.028135117804866026
-0.009338464135563055
-0.014152155165979733
-0.01776652487817852
-0.04659854244029155
-0.012454669077826228
-0.02541138276179607
-0.017974928014003397
-0.0012963605900312427
-0.042688337757252094
-0.020545990991570697
-0.0012963605900312427
-0.019226692340587142
-0.030510596813718864
-0.051656620702838385
-0.017974928014003397
-0.020545990991570697
-0.04395714575539496
-0.042688337757252094
-0.04659854244029155
-0.051656620702838385
-0.009729882515073125
-0.030510596813718864
-0.009338464135563055
-0.048829381711683426
-0.0012963605900312427
-0.02541138276179607
-0.07633711472569261
-0.003701155507355224
-0.038754873310974824
-0.09320546520046558
-0.009338464135563055
-0.02076567080186097
-0.08027006613709321
-0.023851601867422117
-0.02076567080186097
-0.017974928014003397
-0.019226692340587142
-0.051656620702838385
-0.003701155507355224
-0.02541138276179607
-0.028135117804866026
-0.027727910104636225
-0.00257707530086637
-0.019226692340587142
-0.023851601867422117
-0.009338464135563055
-0.051656620702838385
-0.023851601867422117
-0.012454669077826228
-0.051656620702838385
-0.022248247665641912
-0.017974928014003397
-0.048829381711683426
-0.023851601867422117
-0.08027006613709321
-0.042688337757252094
-0.038754873310974824
-0.026216624324637602
-0.042688337757252094
-0.009729882515073125
-0.05224430554857654
-0.05224430554857654
-0.05870253138654363
-0.022248247665641912
-0.01776652487817852
-0.009338464135563055
-0.017974928014003397
-0.02076567080186097
-0.003701155507355224
-0.019226692340587142
-0.04395714575539496
-0.04395714575539496
-0.012454669077826228
-0.0012963605900312427
-0.009729882515073125
-0.0012963605900312427
-0.09320546520046558
0.005393830074839044
-0.042688337757252094
-0.031774945355946785
-0.030593640194523215
-0.038754873310974824
-0.027727910104636225
-0.02076567080186097
-0.08027006613709321
-0.02076567080186097
-0.02076567080186097
-0.048829381711683426
-0.022248247665641912
-0.01776652487817852
-0.028135117804866026
-0.014152155165979733
-0.02541138276179607
-0.022248247665641912
-0.051656620702838385
-0.030593640194523215
-0.003701155507355224
-0.00257707530086637
-0.07633711472569261
-0.04395714575539496
-0.07633711472569261
-0.009338464135563055
-0.009729882515073125
-0.05870253138654363
-0.030510596813718864
-0.031774945355946785
-0.028135117804866026
-0.009338464135563055
-0.05224430554857654
-0.031774945355946785
-0.02541138276179607
-0.030510596813718864
-0.04395714575539496
-0.030510596813718864
-0.012454669077826228
-0.003701155507355224
-0.04395714575539496
-0.012454669077826228
-0.05224430554857654
-0.012454669077826228
-0.0383129408873775
-0.05870253138654363
-0.05224430554857654
-0.022248247665641912
-0.017974928014003397
-0.042688337757252094
-0.009729882515073125
-0.00257707530086637
-0.009729882515073125
-0.023851601867422117
-0.030593640194523215
-0.02076567080186097
-0.0012963605900312427
-0.01776652487817852
-0.04659854244029155
-0.048829381711683426
-0.0012963605900312427
-0.023851601867422117
-0.04395714575539496
-0.00257707530086637
-0.07633711472569261
-0.022248247665641912
-0.02541138276179607
-0.019226692340587142
-0.023851601867422117
-0.04395714575539496
-0.04659854244029155
0.005393830074839044
-0.05224430554857654
-0.00257707530086637
-0.0012963605900312427
-0.023851601867422117
-0.04659854244029155
-0.04395714575539496
-0.014152155165979733
-0.04395714575539496
-0.017974928014003397
-0.08027006613709321
0.005393830074839044
-0.04085061961947908
-0.026216624324637602
-0.031774945355946785
-0.022248247665641912
-0.014152155165979733
-0.038754873310974824
0.005393830074839044
-0.04395714575539496
-0.04085061961947908
-0.009338464135563055
-0.01776652487817852
-0.00257707530086637
-0.022248247665641912
-0.031774945355946785
-0.04085061961947908
-0.031774945355946785
-0.04659854244029155
-0.08027006613709321
-0.034747102668943965
-0.04395714575539496
-0.05224430554857654
-0.04395714575539496
-0.009729882515073125
-0.030510596813718864
-0.08027006613709321
-0.017974928014003397
-0.08027006613709321
-0.017974928014003397
-0.012454669077826228
-0.012454669077826228
-0.038754873310974824
-0.07633711472569261
-0.003701155507355224
-0.09320546520046558
-0.042688337757252094
-0.02541138276179607
-0.0383129408873775
-0.019226692340587142
-0.026216624324637602
-0.0383129408873775
-0.01776652487817852
-0.003701155507355224
-0.01776652487817852
-0.034747102668943965
-0.027727910104636225
-0.017974928014003397
-0.05870253138654363
-0.031774945355946785
-0.051656620702838385
-0.00257707530086637
-0.017974928014003397
-0.026216624324637602
-0.08027006613709321
-0.09320546520046558
0.005393830074839044
0.005393830074839044
-0.019226692340587142
-0.01776652487817852
-0.01776652487817852
-0.04085061961947908
-0.0012963605900312427
-0.020545990991570697
-0.022248247665641912
-0.022248247665641912
-0.034747102668943965
-0.07633711472569261
0.005393830074839044
-0.04659854244029155
-0.04659854244029155
-0.028135117804866026
-0.0012963605900312427
-0.020545990991570697
-0.01776652487817852
-0.042688337757252094
-0.04395714575539496
-0.07633711472569261
-0.023851601867422117
-0.0383129408873775
0.005393830074839044
-0.02541138276179607
-0.04085061961947908
-0.08027006613709321
-0.042688337757252094
-0.017974928014003397
-0.009729882515073125
-0.030593640194523215
-0.009338464135563055
-0.028135117804866026
-0.026216624324637602
-0.05870253138654363
-0.019226692340587142
-0.01776652487817852
-0.027727910104636225
-0.030510596813718864
-0.031774945355946785
-0.030510596813718864
-0.09320546520046558
-0.048829381711683426
-0.020545990991570697
-0.027727910104636225
-0.02541138276179607
-0.009338464135563055
-0.00257707530086637
-0.051656620702838385
-0.042688337757252094
-0.023851601867422117
-0.051656620702838385
-0.04395714575539496
-0.030593640194523215
-0.023851601867422117
-0.0012963605900312427
-0.014152155165979733
-0.042688337757252094
-0.026216624324637602
-0.009338464135563055
-0.031774945355946785
-0.051656620702838385
-0.009729882515073125
-0.01776652487817852
-0.009338464135563055
-0.027727910104636225
-0.009338464135563055
-0.00257707530086637
-0.014152155165979733
-0.023851601867422117
-0.00257707530086637
-0.0012963605900312427
-0.017974928014003397
-0.030510596813718864
-0.02541138276179607
-0.009729882515073125
-0.05870253138654363
-0.09320546520046558
-0.009338464135563055
-0.020545990991570697
-0.04659854244029155
-0.019226692340587142
-0.0383129408873775
-0.038754873310974824
-0.023851601867422117
-0.04085061961947908
-0.0383129408873775
-0.030510596813718864
-0.009338464135563055
-0.04085061961947908
-0.017974928014003397
-0.038754873310974824
-0.0012963605900312427
-0.034747102668943965
-0.09320546520046558
-0.028135117804866026
-0.04395714575539496
-0.023851601867422117
-0.026216624324637602
-0.028135117804866026
-0.04085061961947908
-0.07633711472569261
-0.02541138276179607
-0.034747102668943965
-0.02541138276179607
-0.017974928014003397
0.005393830074839044
-0.051656620702838385
-0.048829381711683426
-0.026216624324637602
-0.014152155165979733
-0.012454669077826228
-0.034747102668943965
-0.05870253138654363
-0.048829381711683426
-0.051656620702838385
-0.003701155507355224
-0.048829381711683426
-0.04659854244029155
-0.023851601867422117
-0.009338464135563055
-0.00257707530086637
-0.023851601867422117
-0.020545990991570697
-0.00257707530086637
-0.012454669077826228
-0.020545990991570697
-0.031774945355946785
-0.027727910104636225
-0.023851601867422117
-0.023851601867422117
-0.022248247665641912
-0.017974928014003397
-0.026216624324637602
-0.030510596813718864
-0.07633711472569261
-0.08027006613709321
-0.030593640194523215
-0.030593640194523215
-0.003701155507355224
-0.034747102668943965
-0.051656620702838385
-0.031774945355946785
-0.07633711472569261
-0.009729882515073125
-0.034747102668943965
-0.026216624324637602
-0.08027006613709321
-0.027727910104636225
-0.09320546520046558
-0.04085061961947908
-0.030593640194523215
-0.04085061961947908
-0.08027006613709321
-0.07633711472569261
-0.003701155507355224
-0.009338464135563055
-0.0012963605900312427
-0.05870253138654363
-0.014152155165979733
-0.01776652487817852
0.005393830074839044
-0.023851601867422117
0.005393830074839044
-0.030593640194523215
-0.023851601867422117
-0.009338464135563055
-0.048829381711683426
-0.003701155507355224
-0.017974928014003397
-0.042688337757252094
-0.034747102668943965
-0.048829381711683426
-0.030593640194523215
-0.028135117804866026
-0.00257707530086637
-0.009338464135563055
-0.027727910104636225
-0.020545990991570697
-0.02541138276179607
-0.019226692340587142
-0.048829381711683426
-0.051656620702838385
-0.0012963605900312427
-0.022248247665641912
-0.022248247665641912
-0.01776652487817852
-0.027727910104636225
-0.003701155507355224
-0.07633711472569261
0.005393830074839044
-0.0012963605900312427
-0.022248247665641912
-0.09320546520046558
-0.017974928014003397
-0.009729882515073125
-0.017974928014003397
-0.09320546520046558
-0.051656620702838385
-0.028135117804866026
-0.042688337757252094
-0.01776652487817852
-0.003701155507355224
-0.030510596813718864
-0.020545990991570697
-0.030510596813718864
-0.009338464135563055
-0.042688337757252094
-0.020545990991570697
-0.07633711472569261
-0.042688337757252094
-0.051656620702838385
-0.02076567080186097
-0.012454669077826228
-0.030510596813718864
-0.04085061961947908
-0.08027006613709321
-0.02541138276179607
-0.031774945355946785
-0.038754873310974824
-0.012454669077826228
-0.048829381711683426
-0.048829381711683426
-0.05224430554857654
-0.02076567080186097
-0.08027006613709321
-0.048829381711683426
-0.0012963605900312427
-0.08027006613709321
-0.08027006613709321
-0.0012963605900312427
-0.05224430554857654
-0.07633711472569261
-0.020545990991570697
-0.09320546520046558
-0.003701155507355224
-0.030510596813718864
-0.017974928014003397
-0.00257707530086637
-0.038754873310974824
-0.003701155507355224
-0.026216624324637602
-0.028135117804866026
-0.09320546520046558
-0.030510596813718864
-0.02076567080186097
-0.031774945355946785
-0.022248247665641912
-0.030593640194523215
-0.0012963605900312427
-0.04395714575539496
-0.04085061961947908
-0.0383129408873775
-0.08027006613709321
-0.017974928014003397
0.005393830074839044
-0.04659854244029155
-0.031774945355946785
-0.02076567080186097
-0.012454669077826228
-0.030593640194523215
-0.020545990991570697
-0.003701155507355224
-0.01776652487817852
-0.0012963605900312427
-0.023851601867422117
-0.048829381711683426
-0.012454669077826228
-0.017974928014003397
-0.022248247665641912
-0.02076567080186097
-0.003701155507355224
-0.009338464135563055
-0.09320546520046558
-0.019226692340587142
-0.012454669077826228
-0.014152155165979733
-0.02076567080186097
-0.034747102668943965
-0.017974928014003397
-0.009338464135563055
-0.02541138276179607
-0.05224430554857654
-0.04659854244029155
-0.009338464135563055
-0.023851601867422117
-0.05870253138654363
-0.04085061961947908
-0.027727910104636225
-0.02076567080186097
-0.028135117804866026
-0.019226692340587142
-0.027727910104636225
-0.051656620702838385
-0.04659854244029155
-0.08027006613709321
-0.0012963605900312427
-0.02076567080186097
-0.01776652487817852
-0.09320546520046558
-0.042688337757252094
-0.04659854244029155
-0.030510596813718864
-0.023851601867422117
-0.05224430554857654
-0.02541138276179607
-0.026216624324637602
-0.009729882515073125
-0.028135117804866026
-0.02076567080186097
-0.022248247665641912
-0.009338464135563055
-0.02541138276179607
-0.09320546520046558
-0.009338464135563055
-0.038754873310974824
-0.014152155165979733
-0.0383129408873775
-0.051656620702838385
-0.014152155165979733
-0.048829381711683426
-0.09320546520046558
-0.04659854244029155
-0.042688337757252094
-0.09320546520046558
-0.04085061961947908
-0.012454669077826228
-0.038754873310974824
-0.030593640194523215
-0.009338464135563055
-0.01776652487817852
-0.00257707530086637
-0.031774945355946785
-0.023851601867422117
-0.019226692340587142
0.005393830074839044
-0.0012963605900312427
-0.009729882515073125
-0.02541138276179607
-0.05224430554857654
-0.009729882515073125
-0.003701155507355224
-0.04659854244029155
0.005393830074839044
-0.09320546520046558
-0.020545990991570697
-0.028135117804866026
-0.00257707530086637
0.005393830074839044
-0.07633711472569261
-0.0383129408873775
-0.012454669077826228
0.005393830074839044
-0.034747102668943965
-0.020545990991570697
-0.030510596813718864
-0.0012963605900312427
-0.051656620702838385
-0.017974928014003397
-0.08027006613709321
-0.022248247665641912
-0.017974928014003397
-0.020545990991570697
-0.022248247665641912
-0.034747102668943965
-0.02541138276179607
-0.04659854244029155
-0.027727910104636225
-0.020545990991570697
-0.04659854244029155
-0.07633711472569261
-0.02541138276179607
-0.019226692340587142
-0.01776652487817852
-0.023851601867422117
-0.04659854244029155
-0.05224430554857654
-0.04395714575539496
-0.0383129408873775
-0.020545990991570697
-0.019226692340587142
-0.028135117804866026
-0.030593640194523215
-0.05224430554857654
-0.026216624324637602
-0.0383129408873775
-0.05870253138654363
0.005393830074839044
-0.019226692340587142
-0.05224430554857654
-0.07633711472569261
-0.034747102668943965
-0.003701155507355224
-0.0383129408873775
-0.04085061961947908
-0.003701155507355224
-0.05224430554857654
-0.023851601867422117
-0.04085061961947908
-0.027727910104636225
-0.028135117804866026
-0.009338464135563055
-0.026216624324637602
-0.030510596813718864
-0.08027006613709321
-0.019226692340587142
-0.019226692340587142
-0.04085061961947908
-0.08027006613709321
-0.031774945355946785
-0.030593640194523215
-0.09320546520046558
-0.05870253138654363
-0.048829381711683426
-0.042688337757252094
0.005393830074839044
-0.05224430554857654
-0.01776652487817852
-0.020545990991570697
-0.031774945355946785
-0.08027006613709321
-0.014152155165979733
-0.009338464135563055
-0.04395714575539496
-0.026216624324637602
-0.00257707530086637
-0.028135117804866026
-0.003701155507355224
-0.02076567080186097
-0.028135117804866026
-0.02541138276179607
-0.017974928014003397
-0.017974928014003397
-0.02076567080186097
-0.09320546520046558
-0.019226692340587142
-0.00257707530086637
-0.038754873310974824
-0.04085061961947908
-0.027727910104636225
-0.04085061961947908
-0.0383129408873775
-0.04395714575539496
-0.030510596813718864
-0.020545990991570697
-0.0012963605900312427
-0.02076567080186097
-0.014152155165979733
-0.022248247665641912
-0.034747102668943965
-0.012454669077826228
-0.04659854244029155
-0.01776652487817852
-0.02541138276179607
-0.019226692340587142
-0.030593640194523215
-0.0012963605900312427
-0.038754873310974824
-0.02076567080186097
-0.01776652487817852
-0.01776652487817852
-0.05224430554857654
-0.019226692340587142
-0.05224430554857654
-0.05224430554857654
-0.003701155507355224
-0.023851601867422117
-0.014152155165979733
-0.04395714575539496
-0.048829381711683426
-0.009729882515073125
0.005393830074839044
-0.038754873310974824
-0.08027006613709321
-0.048829381711683426
-0.027727910104636225
-0.027727910104636225
-0.022248247665641912
-0.0383129408873775
-0.020545990991570697
-0.07633711472569261
-0.04659854244029155
-0.02076567080186097
-0.042688337757252094
-0.04395714575539496
-0.022248247665641912
-0.009338464135563055
-0.031774945355946785
-0.051656620702838385
0.005393830074839044
-0.05224430554857654
-0.023851601867422117
-0.0383129408873775
-0.04395714575539496
-0.04659854244029155
-0.09320546520046558
-0.08027006613709321
-0.08027006613709321
-0.05224430554857654
-0.034747102668943965
-0.038754873310974824
-0.034747102668943965
-0.022248247665641912
-0.003701155507355224
-0.00257707530086637
-0.027727910104636225
-0.0012963605900312427
-0.04085061961947908
-0.04659854244029155
-0.038754873310974824
-0.048829381711683426
-0.048829381711683426
-0.009338464135563055
-0.042688337757252094
-0.034747102668943965
-0.0012963605900312427
-0.051656620702838385
-0.003701155507355224
-0.08027006613709321
0.005393830074839044
-0.04659854244029155
-0.05224430554857654
-0.038754873310974824
-0.030510596813718864
-0.009729882515073125
-0.04395714575539496
-0.04395714575539496
-0.034747102668943965
-0.009338464135563055
-0.0383129408873775
-0.027727910104636225
-0.027727910104636225
-0.04395714575539496
-0.023851601867422117
-0.030510596813718864
-0.027727910104636225
-0.034747102668943965
-0.027727910104636225
-0.030593640194523215
-0.04395714575539496
-0.020545990991570697
-0.00257707530086637
-0.017974928014003397
-0.026216624324637602
-0.07633711472569261
-0.02541138276179607
-0.00257707530086637
-0.003701155507355224
-0.009338464135563055
-0.017974928014003397
-0.0012963605900312427
-0.022248247665641912
-0.04395714575539496
-0.019226692340587142
-0.020545990991570697
-0.030593640194523215
-0.038754873310974824
-0.038754873310974824
-0.05224430554857654
-0.012454669077826228
-0.022248247665641912
-0.031774945355946785
-0.02541138276179607
-0.0383129408873775
-0.04395714575539496
-0.0012963605900312427
-0.019226692340587142
-0.0383129408873775
-0.014152155165979733
0.005393830074839044
-0.042688337757252094
-0.003701155507355224
-0.05224430554857654
-0.02076567080186097
-0.05224430554857654
-0.022248247665641912
-0.009729882515073125
-0.09320546520046558
-0.051656620702838385
-0.04659854244029155
-0.0012963605900312427
-0.09320546520046558
-0.08027006613709321
-0.009729882515073125
-0.01776652487817852
-0.02541138276179607
-0.027727910104636225
-0.031774945355946785
-0.051656620702838385
-0.019226692340587142
-0.026216624324637602
-0.009338464135563055
-0.034747102668943965
-0.020545990991570697
-0.019226692340587142
-0.0383129408873775
-0.030510596813718864
-0.030510596813718864
-0.02541138276179607
-0.003701155507355224
-0.009338464135563055
-0.05870253138654363
-0.05870253138654363
-0.014152155165979733
-0.04085061961947908
-0.07633711472569261
-0.014152155165979733
-0.031774945355946785
-0.030593640194523215
-0.014152155165979733
-0.04085061961947908
-0.026216624324637602
-0.027727910104636225
-0.07633711472569261
-0.030593640194523215
-0.0012963605900312427
-0.042688337757252094
-0.051656620702838385
-0.009338464135563055
-0.00257707530086637
-0.030510596813718864
-0.017974928014003397
0.005393830074839044
0.005393830074839044
-0.04085061961947908
-0.048829381711683426
