-0.030656446395513785
0.011401069349443219
-0.013148245867711067
-0.015489303007227942
-0.012378964503809316
-0.02130404482286301
-0.05883979023024333
-0.04148309329962505
0.002770157929602976
-0.013641415286741117
0.0008440589087343838
-0.03007724489433215
-0.059623145813873436
-0.005794214328027354
-0.02300649459188816
-0.026001858316067928
-0.03372058498840769
-0.01859572851948727
-0.02200623284519529
-0.015489303007227942
-0.02140454976379084
-0.026001858316067928
-0.007514897687434288
-0.014097010610934406
-0.030656446395513785
-0.034299072400067326
-0.022617385595264758
-0.053616098661093695
-0.030436383914402308
-0.023017199404218192
-0.008330936449151144
-0.05995162689955259
-0.03674203543455296
-0.053616098661093695
-0.028904801085934663
-0.0067979585797720505
0.002390457273348656
0.0008440589087343838
-0.004744997402191284
-0.004127437528587809
-0.014937370042873915
-0.02130404482286301
-0.02879936254911966
-0.014282371661111081
0.0012643535063974034
-0.03007724489433215
-0.005052626297908016
-0.03236241938391359
-0.014282371661111081
-0.03058520059346772
-0.017464398615819724
-0.04270231253980937
0.07410907396657941
0.005485047508840612
-0.03058520059346772
-0.05415032674804346
-0.05889815313374271
4.4547069367728635e-05
0.005485047508840612
-0.011494012703229974
-0.030656446395513785
-0.0422447075670055
-0.010452670148490653
-0.026001858316067928
-0.029245598503991256
-0.03381783591970706
-0.009622357514438235
-0.036416561010781105
0.0059308522742876025
-0.004287950355572908
-0.0422447075670055
-0.02300649459188816
-0.00427890188129496
-0.0013215741335785253
-0.030436383914402308
-0.007697671669076575
0.0012586246585290794
-0.014133759544246765
-0.030656446395513785
-0.005052626297908016
-0.023840325817037083
-0.024761479637949096
-0.012227979245697752
-0.045468744446027165
0.030044832144763587
0.009715973034784268
-0.012720339745936575
-0.026001858316067928
-0.020153222341161254
-0.014097010610934406
-0.015489303007227942
-0.04240941278255793
-0.013148245867711067
-0.023255361563874817
-0.039993495943423836
-0.03381783591970706
-0.03236241938391359
0.0012586246585290794
-0.014097010610934406
0.07327320725043773
-0.005052626297908016
-0.03174442768473584
-0.04265886983181276
0.0031035003637177143
-0.028966276059856754
-0.04569736323114104
-0.004287950355572908
-0.02198060374736818
-0.029920301001458975
-0.02300649459188816
-0.028904801085934663
-0.005794214328027354
-0.01607736521807548
-0.011494012703229974
-0.04270231253980937
-0.0473353888511336
-0.03381783591970706
-0.021256252070800365
-0.011296632146149383
-0.014532793953963835
-0.01712608241735503
-0.03058520059346772
0.002770157929602976
-0.026055198117047852
-0.030539540776076127
-0.0076028167107798925
-0.05478707516867972
0.0058699284108764535
-0.02200623284519529
-0.012720339745936575
-0.030539540776076127
-0.014282371661111081
-0.01957121566047332
-0.012040850449540784
-0.026055198117047852
-0.017464398615819724
-0.005794214328027354
-0.059623145813873436
-0.02431004415768543
0.011401069349443219
0.002770157929602976
-0.037881354295389864
-0.024703149146566624
-0.02130404482286301
-0.030307266214081172
-0.037881354295389864
0.007311012505785263
-0.015489303007227942
-0.014937370042873915
0.0012643535063974034
-0.024761479637949096
-0.014937370042873915
-0.026055198117047852
-0.0076028167107798925
4.4547069367728635e-05
-0.051685625104462514
-0.007697671669076575
-0.03236241938391359
0.07327320725043773
0.0058699284108764535
-0.0016199944414087384
-0.036416561010781105
-0.02200623284519529
0.006829695487413756
-0.010910939329136164
0.0059308522742876025
-0.00929517680910294
-0.029350355221739337
-0.023183833046091017
-0.029399076196926815
-0.04240941278255793
-0.030307266214081172
-0.07280995670686324
-0.03674203543455296
-0.010452670148490653
-0.008330936449151144
-0.028966276059856754
-0.030436383914402308
-0.05478707516867972
-0.01584738096594739
0.07410907396657941
-0.03467505255419477
-0.010452670148490653
-0.029920301001458975
-0.005794214328027354
0.030044832144763587
-0.0013215741335785253
-0.023017199404218192
-0.017464398615819724
-0.01712608241735503
0.009715973034784268
-0.0183904454480185
-0.04270231253980937
-0.025453169949192105
-0.023017199404218192
-0.004127437528587809
-0.013148245867711067
-0.05995162689955259
-0.025453169949192105
-0.014282371661111081
-0.005374848889999008
-0.012227979245697752
-0.03058520059346772
-0.004287950355572908
-0.07280995670686324
-0.014282371661111081
0.006829695487413756
-0.044840608372622444
-0.01957121566047332
-0.03174442768473584
-0.004287950355572908
-0.03174442768473584
-0.023840325817037083
-0.024703149146566624
-0.024761479637949096
0.0012586246585290794
-0.006468876451401013
-0.029399076196926815
-0.029245598503991256
-0.03202722421456905
-0.01573797046100614
-0.020223361789505373
-0.034299072400067326
-0.03174442768473584
0.07327320725043773
-0.005374848889999008
-0.039993495943423836
-0.009622357514438235
-0.023017199404218192
-0.019086670024804357
-0.034299072400067326
-0.013944589582878003
-0.0038677090645951
-0.019086670024804357
-0.03236241938391359
-0.012845136657160193
-0.011494012703229974
-0.028966276059856754
-0.02532448207172193
-0.02130404482286301
-0.030436383914402308
0.005485047508840612
0.002770157929602976
-0.04240941278255793
-0.013641415286741117
-0.04148309329962505
0.0012643535063974034
-0.016417468689658606
0.0012586246585290794
-0.019086670024804357
4.4547069367728635e-05
-0.02140454976379084
-0.007311082445026264
-0.0038677090645951
-0.05415032674804346
-0.0013215741335785253
-0.006468876451401013
-0.012378964503809316
0.0058699284108764535
-0.028966276059856754
-0.03007724489433215
-0.023255361563874817
-0.011122862423547233
-0.01957121566047332
-0.02300649459188816
-0.030307266214081172
-0.010475906124676356
-0.04152315746362144
0.023067711090288195
-0.013207472082512566
-0.016417468689658606
-0.004744997402191284
0.001987669918323399
-0.037881354295389864
-0.013641415286741117
-0.015271777978687858
0.07410907396657941
-0.022617385595264758
-0.029399076196926815
-0.025453169949192105
-0.0067979585797720505
-0.007697671669076575
0.0012643535063974034
-0.025453169949192105
-0.005374848889999008
-0.03467505255419477
0.0015265063478105303
-0.0422447075670055
-0.005794214328027354
-0.014937370042873915
-0.004744997402191284
-0.03116305697456381
0.013724036903661774
0.001987669918323399
4.4547069367728635e-05
-0.013641415286741117
-0.03174442768473584
-0.028904801085934663
-0.03236241938391359
-0.023255361563874817
-0.008330936449151144
-0.021256252070800365
-0.03174442768473584
-0.013207472082512566
-0.044014202193913075
-0.008330936449151144
-0.010452670148490653
-0.00427890188129496
-0.0053411454115772855
-0.011122862423547233
-0.0473353888511336
-0.017464398615819724
-0.0473353888511336
4.4547069367728635e-05
-0.011296632146149383
-0.031235035831829683
-0.030539540776076127
-0.01551529508112941
-0.05883979023024333
-0.030539540776076127
-0.04569736323114104
-0.007311082445026264
-0.034299072400067326
-0.044840608372622444
-0.02140454976379084
-0.024761479637949096
-0.010452670148490653
-0.0038677090645951
-0.03372058498840769
-0.018538258194170692
-0.01584738096594739
-0.034299072400067326
-0.029920301001458975
-0.034299072400067326
-0.036416561010781105
0.011401069349443219
-0.022617385595264758
-0.0013215741335785253
-0.035805413904786934
-0.0076028167107798925
-0.023255361563874817
-0.0473353888511336
0.0058699284108764535
-0.019086670024804357
-0.002628013473180409
-0.016417468689658606
-0.03381783591970706
-0.010452670148490653
-0.01813022648459826
-0.013944589582878003
-0.045468744446027165
-0.053616098661093695
-0.02622191393028406
-0.014133759544246765
-0.023840325817037083
-0.01584738096594739
-0.005794214328027354
-0.008330936449151144
-0.012720339745936575
-0.020223361789505373
-0.044840608372622444
-0.028966276059856754
-0.019034675861098166
-0.03116305697456381
-0.010452670148490653
0.0008440589087343838
-0.030656446395513785
-0.07280995670686324
-0.04726946500260399
-0.0076028167107798925
-0.016417468689658606
-0.030656446395513785
-0.008330936449151144
-0.03058520059346772
-0.012040850449540784
-0.044840608372622444
-0.0422447075670055
-0.030436383914402308
-0.023017199404218192
-0.02198060374736818
-0.05889815313374271
-0.023183833046091017
-0.059623145813873436
0.005485047508840612
-0.0038677090645951
-0.02199025567492393
-0.01584738096594739
-0.019086670024804357
-0.020153222341161254
-0.012378964503809316
-0.02140454976379084
-0.018538258194170692
-0.014282371661111081
0.009715973034784268
-0.023183833046091017
-0.011494012703229974
-0.01584738096594739
-0.003680427476813552
-0.026001858316067928
-0.01573797046100614
-0.009622357514438235
-0.04265886983181276
0.0031035003637177143
-0.03381783591970706
-0.012040850449540784
-0.02431004415768543
-0.029920301001458975
-0.030539540776076127
-0.03112437653313997
-0.05478707516867972
-0.06572025888063222
-0.028966276059856754
-0.024703149146566624
0.0015265063478105303
0.006829695487413756
-0.014097010610934406
-0.011494012703229974
-0.03236241938391359
-0.045468744446027165
-0.059623145813873436
-0.030307266214081172
-0.03007724489433215
-0.035805413904786934
-0.051685625104462514
-0.016014006800502155
-0.029245598503991256
0.01809325229989737
-0.014133759544246765
-0.006468876451401013
0.0058699284108764535
-0.03674203543455296
-0.044840608372622444
-0.010452670148490653
-0.019034675861098166
-0.06572025888063222
-0.016014006800502155
-0.039993495943423836
-0.015489303007227942
-0.023651326212048625
-0.030436383914402308
-0.007697671669076575
-0.033037368065998295
-0.012720339745936575
-0.002628013473180409
-0.002628013473180409
-0.045468744446027165
-0.02532448207172193
-0.04270231253980937
-0.030307266214081172
-0.05883979023024333
-0.003912165226794156
-0.004744997402191284
-0.010475906124676356
-0.044840608372622444
0.002770157929602976
-0.003680427476813552
-0.028904801085934663
0.0012586246585290794
-0.013944589582878003
-0.007514897687434288
-0.016417468689658606
-0.0013215741335785253
-0.014937370042873915
-0.051685625104462514
-0.0014091000953565538
-0.020153222341161254
-0.059623145813873436
-0.03372058498840769
-0.01573797046100614
-0.03174442768473584
-0.03116305697456381
-0.04265886983181276
-0.03236241938391359
-0.02209466826327309
-0.03112437653313997
-0.014282371661111081
-0.03058520059346772
-0.04240941278255793
-0.005052626297908016
-0.019086670024804357
-0.014133759544246765
0.0058699284108764535
-0.01712608241735503
0.0012586246585290794
-0.036416561010781105
-0.007311082445026264
0.01809325229989737
-0.011122862423547233
-0.04726946500260399
-0.00427890188129496
-0.011296632146149383
0.0058699284108764535
-0.012378964503809316
-0.045468744446027165
-0.013148245867711067
-0.010452670148490653
-0.04726946500260399
-0.00427890188129496
-0.014097010610934406
-0.037881354295389864
0.005485047508840612
-0.030539540776076127
-0.02140454976379084
0.009715973034784268
0.002390457273348656
-0.04270231253980937
-0.03914338433865736
-0.030656446395513785
-0.023017199404218192
-0.0016199944414087384
-0.03112437653313997
-0.01607736521807548
0.006829695487413756
-0.016417468689658606
0.0031035003637177143
-0.029350355221739337
-0.015489303007227942
0.023067711090288195
-0.020153222341161254
-0.051685625104462514
0.0058699284108764535
-0.007514897687434288
-0.03112437653313997
-0.012227979245697752
-0.03116305697456381
-0.059623145813873436
-0.03112437653313997
-0.00929517680910294
-0.012227979245697752
-0.02622191393028406
-0.03467505255419477
-0.0473353888511336
-0.0013215741335785253
-0.037881354295389864
-0.00427890188129496
-0.04569736323114104
-0.003912165226794156
-0.044014202193913075
-0.02130404482286301
-0.028966276059856754
0.023067711090288195
-0.044840608372622444
-0.007311082445026264
-0.010452670148490653
-0.02879936254911966
-0.021256252070800365
-0.05478707516867972
-0.014097010610934406
-0.025368477401039584
-0.03174442768473584
-0.009622357514438235
4.4547069367728635e-05
-0.044840608372622444
-0.053616098661093695
-0.02209466826327309
0.023067711090288195
-0.006722106016475415
-0.037881354295389864
-0.03007724489433215
-0.012378964503809316
-0.024761479637949096
-0.012720339745936575
4.4547069367728635e-05
-0.02209466826327309
-0.01712608241735503
-0.02130404482286301
-0.030307266214081172
-0.03058520059346772
-0.02532448207172193
-0.05478707516867972
-0.03112437653313997
-0.03112437653313997
-0.003912165226794156
-0.033037368065998295
-0.007697671669076575
-0.025368477401039584
-0.03674203543455296
-0.005374848889999008
0.0012643535063974034
-0.01551529508112941
0.07327320725043773
0.0059308522742876025
-0.02209466826327309
-0.012378964503809316
0.006829695487413756
-0.021256252070800365
-0.023017199404218192
-0.023651326212048625
0.0012643535063974034
-0.05995162689955259
-0.05478707516867972
-0.007514897687434288
0.002770157929602976
-0.034299072400067326
-0.03112437653313997
-0.00929517680910294
-0.025368477401039584
-0.03112437653313997
-0.028966276059856754
0.013724036903661774
-0.03674203543455296
-0.023183833046091017
-0.0053411454115772855
-0.003912165226794156
-0.013207472082512566
-0.013207472082512566
-0.002628013473180409
0.07410907396657941
-0.023651326212048625
-0.030656446395513785
-0.04152315746362144
-0.044014202193913075
-0.03007724489433215
-0.02200623284519529
-0.019034675861098166
-0.020223361789505373
-0.022413771649840823
-0.018538258194170692
-0.030656446395513785
-0.021256252070800365
-0.04569736323114104
-0.008330936449151144
-0.011122862423547233
-0.023255361563874817
-0.012040850449540784
0.007311012505785263
-0.029350355221739337
-0.012040850449540784
-0.020223361789505373
-0.03674203543455296
0.001987669918323399
-0.014133759544246765
-0.029245598503991256
-0.01712608241735503
-0.019034675861098166
-0.021256252070800365
-0.01813022648459826
0.0012643535063974034
-0.011494012703229974
-0.026768029306611263
0.030044832144763587
-0.05995162689955259
-0.035805413904786934
-0.005374848889999008
-0.05478707516867972
-0.013641415286741117
-0.011494012703229974
-0.021930069751082307
-0.026001858316067928
-0.021930069751082307
-0.021256252070800365
0.0012586246585290794
-0.0016199944414087384
-0.044840608372622444
-0.02622191393028406
-0.01573797046100614
0.009715973034784268
0.0012643535063974034
-0.012845136657160193
0.0012586246585290794
0.030044832144763587
-0.0014091000953565538
-0.0183904454480185
-0.013641415286741117
-0.011296632146149383
-0.020223361789505373
-0.014937370042873915
-0.019034675861098166
-0.018538258194170692
-0.030436383914402308
0.013724036903661774
-0.011296632146149383
-0.036416561010781105
-0.024703149146566624
-0.012378964503809316
-0.04152315746362144
-0.07280995670686324
-0.021930069751082307
-0.004744997402191284
-0.0014091000953565538
-0.025368477401039584
-0.02431004415768543
-0.019086670024804357
-0.07280995670686324
-0.005794214328027354
-0.03007724489433215
-0.0183904454480185
-0.02130404482286301
-0.051685625104462514
-0.04270231253980937
-0.02532448207172193
4.4547069367728635e-05
-0.007697671669076575
-0.03381783591970706
-0.033037368065998295
-0.03058520059346772
0.07327320725043773
-0.020153222341161254
-0.029350355221739337
-0.04270231253980937
-0.016417468689658606
-0.01813022648459826
-0.0183904454480185
-0.011122862423547233
-0.020153222341161254
-0.023017199404218192
0.07327320725043773
-0.02532448207172193
0.009715973034784268
-0.028966276059856754
0.0058699284108764535
-0.014937370042873915
-0.023840325817037083
0.006829695487413756
-0.04240941278255793
-0.03174442768473584
-0.013944589582878003
-0.04240941278255793
-0.026768029306611263
-0.04569736323114104
-0.05478707516867972
-0.01687191535536869
-0.02622191393028406
0.01809325229989737
-0.02199025567492393
-0.02532448207172193
-0.015271777978687858
0.013724036903661774
-0.07280995670686324
-0.05883979023024333
-0.007514897687434288
-0.023183833046091017
-0.045468744446027165
-0.009622357514438235
-0.008330936449151144
-0.023840325817037083
-0.031235035831829683
-0.002628013473180409
-0.0422447075670055
-0.03236241938391359
-0.0076028167107798925
-0.030307266214081172
-0.02198060374736818
-0.025368477401039584
-0.03007724489433215
-0.04240941278255793
0.009715973034784268
-0.023255361563874817
0.0008440589087343838
-0.012040850449540784
-0.030307266214081172
-0.012378964503809316
-0.010910939329136164
-0.028904801085934663
-0.012845136657160193
-0.02140454976379084
0.001987669918323399
-0.01957121566047332
-0.006468876451401013
-0.013148245867711067
-0.004744997402191284
4.4547069367728635e-05
0.0008440589087343838
-0.06572025888063222
-0.030539540776076127
-0.03116305697456381
-0.011296632146149383
-0.010910939329136164
-0.06477983707883826
-0.02532448207172193
-0.033037368065998295
0.006829695487413756
-0.05889815313374271
-0.02532448207172193
-0.02431004415768543
-0.023017199404218192
-0.013207472082512566
-0.03174442768473584
-0.02431004415768543
-0.02199025567492393
-0.029350355221739337
-0.010475906124676356
-0.030436383914402308
-0.02532448207172193
-0.044840608372622444
-0.05995162689955259
0.002390457273348656
-0.030539540776076127
-0.003912165226794156
0.0058699284108764535
-0.007697671669076575
-0.035805413904786934
-0.0053411454115772855
-0.007311082445026264
-0.026055198117047852
-0.03116305697456381
-0.03381783591970706
-0.0067979585797720505
-0.0016199944414087384
-0.005052626297908016
-0.024761479637949096
-0.008330936449151144
-0.0053411454115772855
-0.013148245867711067
-0.011122862423547233
-0.023651326212048625
-0.023840325817037083
0.0012643535063974034
0.002770157929602976
-0.030656446395513785
-0.029920301001458975
0.006829695487413756
-0.013148245867711067
-0.014532793953963835
-0.011330982787278492
-0.021256252070800365
-0.022617385595264758
-0.044840608372622444
-0.04148309329962505
-0.03914338433865736
-0.02532448207172193
-0.020153222341161254
-0.010910939329136164
0.011401069349443219
-0.016014006800502155
-0.023183833046091017
-0.003680427476813552
-0.008330936449151144
-0.004744997402191284
-0.03236241938391359
-0.013641415286741117
-0.023017199404218192
0.006829695487413756
-0.00427890188129496
-0.04148309329962505
-0.013944589582878003
-0.023651326212048625
-0.002628013473180409
-0.007514897687434288
-0.026768029306611263
0.009715973034784268
-0.019034675861098166
-0.030307266214081172
-0.010910939329136164
-0.06572025888063222
-0.009622357514438235
-0.037881354295389864
-0.01813022648459826
-0.005794214328027354
-0.03116305697456381
-0.0016199944414087384
-0.02199025567492393
-0.005374848889999008
-0.033037368065998295
0.002390457273348656
-0.04152315746362144
-0.05415032674804346
-0.0067979585797720505
-0.0038677090645951
-0.02300649459188816
-0.05883979023024333
-0.007514897687434288
-0.0038677090645951
-0.003912165226794156
-0.004287950355572908
-0.04270231253980937
0.005485047508840612
-0.003680427476813552
-0.01813022648459826
-0.030656446395513785
-0.04240941278255793
-0.006722106016475415
0.0031035003637177143
-0.02431004415768543
-0.03467505255419477
0.006829695487413756
-0.02431004415768543
-0.0016199944414087384
-0.04270231253980937
-0.010452670148490653
-0.02879936254911966
-0.053616098661093695
0.0012643535063974034
0.002770157929602976
-0.03007724489433215
-0.030539540776076127
-0.014282371661111081
-0.03174442768473584
-0.019086670024804357
-0.004744997402191284
-0.004127437528587809
-0.004744997402191284
-0.011494012703229974
-0.0053411454115772855
-0.03674203543455296
-0.029399076196926815
0.0058699284108764535
-0.0016199944414087384
-0.05415032674804346
-0.02431004415768543
-0.014133759544246765
-0.03372058498840769
-0.016014006800502155
0.0031035003637177143
-0.03467505255419477
0.0058699284108764535
-0.012040850449540784
-0.059623145813873436
-0.02879936254911966
0.01809325229989737
-0.020223361789505373
-0.0038677090645951
-0.015489303007227942
-0.014133759544246765
-0.029245598503991256
-0.010452670148490653
-0.01551529508112941
0.002390457273348656
-0.007311082445026264
-0.05415032674804346
0.0012643535063974034
-0.03174442768473584
-0.02622191393028406
0.002770157929602976
-0.030539540776076127
-0.03517160068008436
-0.029350355221739337
-0.007514897687434288
-0.007514897687434288
-0.013207472082512566
-0.023651326212048625
-0.03914338433865736
-0.026768029306611263
-0.04240941278255793
-0.03116305697456381
-0.01813022648459826
-0.011494012703229974
-0.02532448207172193
-0.014097010610934406
-0.019086670024804357
-0.012040850449540784
-0.01859572851948727
-0.010452670148490653
-0.04569736323114104
-0.02198060374736818
-0.023651326212048625
-0.0183904454480185
-0.03467505255419477
-0.01584738096594739
-0.04265886983181276
4.4547069367728635e-05
-0.011330982787278492
-0.04726946500260399
-0.034299072400067326
-0.02198060374736818
-0.023183833046091017
-0.045468744446027165
-0.0183904454480185
-0.033037368065998295
-0.029399076196926815
-0.03517160068008436
-0.03236241938391359
-0.02198060374736818
0.006829695487413756
-0.02532448207172193
0.0012643535063974034
-0.010452670148490653
0.005485047508840612
-0.01687191535536869
-0.011122862423547233
-0.03372058498840769
-0.03381783591970706
-0.045468744446027165
-0.03517160068008436
0.011401069349443219
-0.017464398615819724
-0.02199025567492393
-0.02300649459188816
-0.03058520059346772
-0.01813022648459826
-0.04240941278255793
-0.03202722421456905
-0.023840325817037083
0.0012586246585290794
0.013724036903661774
-0.02532448207172193
-0.04569736323114104
-0.039993495943423836
-0.007697671669076575
-0.016417468689658606
-0.010452670148490653
0.023067711090288195
-0.037881354295389864
-0.0183904454480185
-0.02199025567492393
-0.04152315746362144
0.006829695487413756
0.07410907396657941
0.07327320725043773
-0.02200623284519529
