-0.059002987402152804
-0.06815178210062064
-0.011965863875942537
-0.026565304258621882
0.0005625698003654567
-0.059002987402152804
-0.018032106938237945
-0.01620930017651775
-0.023695976805767106
-0.0008248007742734887
-0.018197107484406755
0.028531046534918333
-0.08254042757486878
-0.008656661225753861
-0.02818859936473304
-0.032836723268972856
0.011167595471777522
-0.01970256309363936
-0.02457030293187884
-0.04467111420195087
0.013613280071865018
-0.01604860064152235
-0.016686153028751365
-0.009973357104021342
-0.030031530538445917
-0.024498747354583357
-0.011717961920562845
-0.0008794659426749064
-0.021102765525590664
0.004137828642816887
-0.026255919305546858
-0.020875195376204435
-0.026255919305546858
-0.04467111420195087
-0.025597069250563063
-0.012591597319906415
-0.01127470945081001
-0.02457030293187884
-0.009890372042813563
-0.018197107484406755
-0.007326249923883348
-0.0017055482171351255
-0.06080406262075296
0.0036000255400327245
-0.020875195376204435
-0.01127470945081001
-0.017532861286705916
-0.032836723268972856
-0.02238162709245574
-0.0003301875880808754
-0.03949476065125648
-0.030031530538445917
-0.026565304258621882
-0.026565304258621882
-0.008656661225753861
-0.03898516723340349
-0.015034741406664102
-0.0008794659426749064
-0.003326455497322034
-0.014867489818749741
-0.047211913427866015
0.030824194024196287
-0.020112042129518386
-0.0063423415685324395
0.023900814667318034
-0.01127470945081001
-0.0017055482171351255
-0.026255919305546858
-0.07607842383454869
-0.025597069250563063
-0.009973357104021342
-0.04318314363475172
-0.010303933480679995
0.030824194024196287
-0.021313345601668744
-0.030031530538445917
-0.0014215995213418616
-0.027023780952383045
-0.0015103861073423235
-0.026565304258621882
0.0005625698003654567
-0.0008794659426749064
-0.026565304258621882
0.011167595471777522
-0.019155290987956753
-0.003326455497322034
-0.015297231282182933
-0.01738206436445342
-0.008656661225753861
-0.009157333702157695
-0.009157333702157695
-0.006900969403915737
-0.029257503434479273
-0.027065109710261128
-0.010303933480679995
-0.03280078904094331
-0.035630770864411646
-0.02818859936473304
-0.007326249923883348
-0.02442156198417099
-0.008574947826482285
-0.021821343326560428
-0.024372045865724962
-0.022078821953602727
-0.03280078904094331
-0.009973357104021342
-0.08254042757486878
0.0090071615675332
-0.005497231066816835
0.008033598300160207
0.017497223690835503
-0.0012346146425451972
-0.05128850268372248
-0.016475343933053752
-0.0012346146425451972
-0.021821343326560428
-0.003326455497322034
-0.005491071483207004
-0.02475169988080076
0.0006422484397630704
-0.017532861286705916
-0.008574947826482285
-0.009973357104021342
-0.0228730833781127
0.030824194024196287
-0.011816991804094889
-0.046386699066829906
-0.0375961452540181
-0.021313345601668744
0.06366256089863088
-0.014867489818749741
-0.030031530538445917
-0.01072984110689111
-0.011816991804094889
-0.025597069250563063
0.008503244893125815
-0.004582019228638516
0.008503244893125815
-0.009973357104021342
-0.00019831096237433898
0.024900186040391865
-0.04467111420195087
-0.018032106938237945
-0.04677929867335811
-0.003288210054919483
0.030824194024196287
-0.018022369245585333
-0.022332399593337507
-0.00019831096237433898
-0.0375961452540181
-0.032386650543730036
-0.007375835005255483
-0.017307163235340334
-0.01072984110689111
-0.025027892874996707
-0.021821343326560428
-0.005651414737648609
-0.008574947826482285
-0.022078821953602727
0.014713914358171968
-0.019155290987956753
0.004297383333445294
-0.025027892874996707
-0.0036400683923986086
-0.01137961965133057
-0.0017055482171351255
-0.035630770864411646
-0.004304837511440555
-0.010976681483885524
0.008503244893125815
-0.011464889829645506
-0.032386650543730036
-0.0008794659426749064
-0.008814885542150755
-0.034632403885185514
-0.010976681483885524
-0.00992040887973895
-0.007326249923883348
-0.017307163235340334
-0.032836723268972856
0.002156620566218111
-0.0287139250492073
-0.03949476065125648
-0.020875195376204435
-0.015034741406664102
-0.011680442569266649
-0.03898516723340349
-0.0003301875880808754
-0.026255919305546858
-0.0063423415685324395
-0.020444388027881785
0.004297383333445294
-0.016475343933053752
-0.0287139250492073
-0.013757831542859053
-0.0228730833781127
-0.017307163235340334
0.008033598300160207
-0.020444388027881785
-0.04318314363475172
-0.0063423415685324395
-0.03949476065125648
-0.003288210054919483
0.011167595471777522
-0.006031063556110832
-0.005651414737648609
-0.011075259959712879
-0.07607842383454869
0.00753673015550693
-0.021102765525590664
-0.016551215405425965
0.00753673015550693
-0.046386699066829906
-0.08254042757486878
-0.030031530538445917
-0.012958841076836135
-0.018032106938237945
-0.010612918339913277
0.008664571240599639
-0.03949476065125648
-0.0529146969559004
-0.019155290987956753
-0.010976681483885524
-0.04147747838623781
-0.0014215995213418616
-0.015297231282182933
-0.030280220253802677
0.004137828642816887
0.0090071615675332
-0.011075259959712879
-0.018485966149468472
-0.029257503434479273
-0.013629784782653793
-0.013078686726695135
-0.03334261595684078
-0.02238162709245574
-0.007375835005255483
-0.00201018732101515
-0.0008794659426749064
-0.008937889041284234
-0.007326249923883348
0.00753673015550693
-0.003288210054919483
0.017497223690835503
-0.008917775065934257
-0.0012346146425451972
-0.02238162709245574
-0.0017055482171351255
-0.011288180170097533
-0.0039344961238423435
-0.020410733629258673
-0.018022369245585333
-0.03749270855702523
-0.005491071483207004
-0.0039344961238423435
-0.010906292376222777
-0.012975208666499921
-0.01568026564499358
-0.011464889829645506
-0.020875195376204435
-0.008917775065934257
-0.02883278708382375
-0.06489839256000138
-0.06815178210062064
-0.025027892874996707
-0.006900969403915737
-0.011288180170097533
-0.010503507017626052
-0.03949476065125648
-0.026255919305546858
-0.03898516723340349
-0.07607842383454869
0.019530822682936187
-0.03949476065125648
-0.008814885542150755
-0.04318314363475172
-0.009157333702157695
-0.026255919305546858
-0.021102765525590664
-0.008814885542150755
0.008664571240599639
-0.016475343933053752
-0.0022843517915116514
0.014713914358171968
-0.03949476065125648
-0.04467111420195087
-0.021313345601668744
-0.0274244447453014
-0.06489839256000138
-0.008656661225753861
-0.006031063556110832
-0.015034741406664102
0.06366256089863088
-0.01738206436445342
0.013613280071865018
-0.00908913517144815
-0.06815178210062064
-0.011680442569266649
-0.02258049992567239
0.024900186040391865
-0.022332399593337507
-0.003472311411694209
-0.06080406262075296
0.0090071615675332
-0.01738206436445342
-0.01568026564499358
0.008033598300160207
-0.010303933480679995
-0.011075259959712879
0.030824194024196287
-0.027023780952383045
-0.03280078904094331
-0.02939915486747545
-0.07607842383454869
-0.01568026564499358
-0.00243267656665894
0.005484039796057744
-0.009973357104021342
-0.020724892043133686
-0.04467111420195087
-0.047211913427866015
0.034140019823364176
-0.020681180226556167
-0.03949476065125648
-0.020444388027881785
-0.011288180170097533
-0.03543316892980389
-0.01078980558046605
-0.015297231282182933
0.01941555582002221
0.0090071615675332
-0.011464889829645506
-0.013078686726695135
-0.01472674620411794
-0.01072984110689111
-0.04318314363475172
-0.07607842383454869
-0.006900969403915737
0.028531046534918333
0.034140019823364176
-0.016551215405425965
-0.010303933480679995
-0.029257503434479273
-0.0014215995213418616
-0.046386699066829906
-0.003288210054919483
-0.026255919305546858
-0.008574947826482285
-0.02238162709245574
-0.011288180170097533
-0.02883278708382375
0.004137828642816887
-0.018197107484406755
-0.0228730833781127
-0.00992040887973895
-0.06815178210062064
0.024900186040391865
0.008664571240599639
-0.014867489818749741
-0.03898516723340349
-0.0274244447453014
-0.035630770864411646
-0.023427821794014776
-0.02258049992567239
-0.025196745913418365
-0.012866368476769701
-0.04147747838623781
-0.0014215995213418616
-0.025196745913418365
-0.008656661225753861
-0.011717961920562845
0.01035984218654573
-0.0287139250492073
-0.010200949425938627
0.01941555582002221
-0.0228730833781127
-0.006900969403915737
-0.03280078904094331
0.00753673015550693
-0.009890372042813563
-0.008571480860969295
-0.008814885542150755
-0.01620930017651775
-0.07607842383454869
-0.008814885542150755
0.024900186040391865
-0.0039344961238423435
-0.0287139250492073
-0.01604860064152235
-0.016686153028751365
-0.012591597319906415
0.030824194024196287
-0.027023780952383045
-0.007326249923883348
-0.06489839256000138
-0.026914280063150598
-0.021102765525590664
-0.034632403885185514
-0.011464889829645506
-0.01889973368705645
-0.011464889829645506
-0.011816991804094889
-0.01738206436445342
-0.003326455497322034
-0.038295708003442806
-0.006031063556110832
0.024900186040391865
-0.023427821794014776
-0.008937889041284234
-0.008814885542150755
-0.02475169988080076
-0.04971666855134294
-0.01078980558046605
-0.008571480860969295
-0.01620930017651775
-0.006031063556110832
-0.0012346146425451972
-0.011965863875942537
-0.016686153028751365
-0.0016331792664457296
-0.010612918339913277
-0.01970256309363936
-0.021821343326560428
-0.025196745913418365
-0.0024796706250646136
-0.02475169988080076
0.0006422484397630704
-0.01604860064152235
-0.020112042129518386
-0.0274244447453014
0.013613280071865018
-0.023427821794014776
0.030824194024196287
-0.021102765525590664
-0.018032106938237945
-0.027023780952383045
-0.06489839256000138
-0.028447864767945044
-0.016475343933053752
-0.0014215995213418616
-0.0014215995213418616
-0.009157333702157695
-0.010303933480679995
-0.020681180226556167
-0.046386699066829906
0.00753673015550693
-0.06815178210062064
-0.0228730833781127
-0.011816991804094889
-0.03949476065125648
-0.024498747354583357
-0.034632403885185514
-0.022332399593337507
-0.0012346146425451972
-0.01472674620411794
0.00019310848389706632
-0.01604860064152235
-0.08254042757486878
-0.00201018732101515
-0.010303933480679995
-0.017307163235340334
-0.01620930017651775
-0.01308008624067435
-0.011081926577596176
-0.020875195376204435
0.005484039796057744
-0.013026985793901893
-0.0015103861073423235
-0.00201018732101515
-0.004304837511440555
-0.015297231282182933
-0.030280220253802677
-0.017307163235340334
-0.03898516723340349
-0.038295708003442806
-0.028447864767945044
-0.013078686726695135
-0.00201018732101515
-0.047211913427866015
-0.07607842383454869
-0.03949476065125648
0.030824194024196287
-0.01604860064152235
-0.010200949425938627
-0.025597069250563063
-0.008937889041284234
-0.012958841076836135
-0.047211913427866015
0.008033598300160207
-0.04971666855134294
-0.011680442569266649
-0.030280220253802677
-0.028447864767945044
-0.0039344961238423435
-0.03543316892980389
-0.016792925908744948
0.008664571240599639
-0.012866368476769701
-0.0003301875880808754
-0.0228730833781127
0.00753673015550693
0.023900164825555466
-0.011075259959712879
-0.00019831096237433898
-0.019155290987956753
-0.03949476065125648
-0.08254042757486878
-0.047211913427866015
-0.012685948301951437
-0.015034741406664102
-0.013757831542859053
-0.01604860064152235
-0.02457030293187884
-0.018197107484406755
-0.017307163235340334
0.008664571240599639
-0.035630770864411646
-0.07607842383454869
-0.027065109710261128
-0.0063423415685324395
-0.02442156198417099
-0.0287139250492073
-0.0063423415685324395
-0.023427821794014776
-0.0039344961238423435
-0.035630770864411646
-0.010503507017626052
-0.00201018732101515
-0.00019831096237433898
-0.035630770864411646
0.008664571240599639
-0.0529146969559004
-0.0016331792664457296
-0.059002987402152804
-0.008937889041284234
0.01035984218654573
-0.023427821794014776
-0.027065109710261128
-0.02238162709245574
-0.03543316892980389
0.013613280071865018
-0.017307163235340334
-0.0228730833781127
-0.020112042129518386
0.0036000255400327245
0.002156620566218111
-0.03543316892980389
-0.008574947826482285
0.004137828642816887
-0.009890372042813563
-0.022332399593337507
-0.003472311411694209
-0.003288210054919483
-0.013078686726695135
-0.0008248007742734887
-0.003472311411694209
-0.0014215995213418616
-0.03280078904094331
-0.030031530538445917
-0.014867489818749741
-0.016686153028751365
-0.02475169988080076
-0.004582019228638516
-0.008917775065934257
-0.020875195376204435
-0.0024796706250646136
-0.010976681483885524
-0.04318314363475172
-0.014867489818749741
-0.08254042757486878
-0.018022369245585333
-0.024372045865724962
-0.014867489818749741
-0.010906292376222777
-0.0014215995213418616
-0.008571480860969295
-0.011816991804094889
-0.0287139250492073
-0.01620930017651775
-0.027023780952383045
-0.018197107484406755
-0.008656661225753861
-0.01620930017651775
-0.010976681483885524
-0.02238162709245574
-0.008937889041284234
-0.00944967173303582
-0.0039344961238423435
-0.012685948301951437
-0.026255919305546858
-0.01970256309363936
-0.029257503434479273
-0.028447864767945044
-0.00992040887973895
-0.008814885542150755
-0.030031530538445917
-0.020875195376204435
-0.021280571372665594
-0.012685948301951437
-0.009973357104021342
-0.03949476065125648
-0.004304837511440555
-0.038295708003442806
-0.011081926577596176
-0.04677929867335811
-0.04971666855134294
-0.025597069250563063
-0.020681180226556167
-0.038295708003442806
-0.016792925908744948
-0.03543316892980389
-0.020410733629258673
-0.018032106938237945
-0.01472674620411794
-0.04677929867335811
-0.012958841076836135
0.01035984218654573
-0.0008248007742734887
0.0090071615675332
-0.01308008624067435
-0.016551215405425965
-0.02442156198417099
0.00753673015550693
-0.0529146969559004
-0.030280220253802677
-0.03280078904094331
-0.029257503434479273
-0.012866368476769701
-0.016686153028751365
-0.0008248007742734887
-0.03949476065125648
0.030824194024196287
0.023900164825555466
0.034140019823364176
-0.00992040887973895
-0.017307163235340334
-0.020410733629258673
-0.0022843517915116514
0.028531046534918333
-0.034632403885185514
-0.01620930017651775
-0.02457030293187884
-0.022332399593337507
-0.011081926577596176
-0.03334261595684078
-0.027023780952383045
-0.020112042129518386
-0.00908913517144815
-0.011075259959712879
-0.008937889041284234
-0.05128850268372248
-0.020875195376204435
-0.024498747354583357
-0.02818859936473304
-0.02457030293187884
-0.017532861286705916
-0.020875195376204435
-0.0008248007742734887
-0.022078821953602727
-0.012591597319906415
-0.008814885542150755
-0.020112042129518386
-0.01738206436445342
-0.03749270855702523
-0.06080406262075296
-0.07607842383454869
-0.01127470945081001
-0.021821343326560428
0.019530822682936187
0.007623367700789644
-0.008917775065934257
-0.04147747838623781
-0.01078980558046605
-0.016792925908744948
-0.008041461534027483
-0.015297231282182933
-0.01604860064152235
-0.02475169988080076
-0.011081926577596176
-0.04318314363475172
0.023900814667318034
-0.01308008624067435
-0.03334261595684078
-0.008041461534027483
0.014713914358171968
-0.020875195376204435
-0.03334261595684078
-0.018032106938237945
-0.023427821794014776
-0.01127470945081001
-0.019155290987956753
-0.004582019228638516
-0.018022369245585333
-0.011816991804094889
-0.0022843517915116514
-0.020875195376204435
0.00753673015550693
-0.021313345601668744
-0.013026985793901893
-0.0063423415685324395
-0.018197107484406755
0.0090071615675332
-0.030280220253802677
-0.009973357104021342
-0.012685948301951437
-0.008574947826482285
-0.011717961920562845
-0.00908913517144815
-0.011816991804094889
-0.013078686726695135
-0.027065109710261128
-0.013026985793901893
-0.02258049992567239
-0.022078821953602727
-0.022078821953602727
-0.032386650543730036
-0.008574947826482285
-0.06815178210062064
-0.01308008624067435
-0.03949476065125648
-0.03749270855702523
-0.01127470945081001
-0.016792925908744948
-0.011464889829645506
-0.003472311411694209
-0.0008794659426749064
-0.027065109710261128
-0.003326455497322034
-0.011464889829645506
-0.06489839256000138
-0.01970256309363936
-0.009890372042813563
0.008033598300160207
-0.0274244447453014
-0.018032106938237945
-0.04971666855134294
-0.021280571372665594
-0.009890372042813563
-0.013026985793901893
-0.02818859936473304
0.034140019823364176
-0.0008794659426749064
-0.018022369245585333
0.002156620566218111
-0.020875195376204435
-0.018485966149468472
-0.0017055482171351255
-0.01472674620411794
-0.0016331792664457296
-0.00944967173303582
-0.07607842383454869
-0.016475343933053752
-0.014867489818749741
0.00019310848389706632
-0.0008248007742734887
-0.03949476065125648
-0.016551215405425965
-0.022332399593337507
0.004297383333445294
-0.010303933480679995
-0.0008794659426749064
-0.026565304258621882
0.008664571240599639
-0.028447864767945044
-0.011075259959712879
-0.016686153028751365
-0.0017055482171351255
-0.027023780952383045
-0.008917775065934257
0.0005625698003654567
-0.027065109710261128
-0.005491071483207004
-0.010906292376222777
-0.00944967173303582
-0.06815178210062064
-0.00992040887973895
0.004137828642816887
-0.011717961920562845
-0.03334261595684078
-0.010503507017626052
0.01035984218654573
-0.011288180170097533
-0.02818859936473304
-0.00201018732101515
-0.0017055482171351255
-0.047211913427866015
-0.010906292376222777
-0.005497231066816835
0.004137828642816887
-0.007375835005255483
-0.04677929867335811
-0.0022843517915116514
-0.0287139250492073
-0.06815178210062064
-0.013078686726695135
-0.008937889041284234
-0.027023780952383045
-0.0016331792664457296
-0.017532861286705916
-0.0008248007742734887
0.002156620566218111
-0.03543316892980389
-0.01472674620411794
-0.027065109710261128
-0.008937889041284234
-0.01137961965133057
-0.026565304258621882
-0.023427821794014776
-0.01127470945081001
-0.012866368476769701
-0.01568026564499358
-0.04147747838623781
-0.022332399593337507
-0.034632403885185514
0.014713914358171968
-0.01127470945081001
0.0036000255400327245
-0.01137961965133057
-0.02258049992567239
-0.011965863875942537
0.008033598300160207
0.013613280071865018
-0.016686153028751365
-0.018485966149468472
-0.01970256309363936
-0.08254042757486878
-0.008041461534027483
-0.004582019228638516
-0.04318314363475172
-0.008656661225753861
0.00019310848389706632
-0.021821343326560428
0.06366256089863088
0.028531046534918333
-0.012685948301951437
-0.032836723268972856
-0.06815178210062064
-0.07607842383454869
-0.015297231282182933
-0.04147747838623781
-0.011816991804094889
-0.00944967173303582
-0.026565304258621882
-0.008574947826482285
-0.03898516723340349
-0.020681180226556167
0.023900814667318034
-0.027065109710261128
0.028531046534918333
0.023900164825555466
-0.018197107484406755
0.00019310848389706632
-0.0036400683923986086
-0.012685948301951437
-0.02442156198417099
-0.02238162709245574
0.004137828642816887
-0.008574947826482285
-0.012975208666499921
0.034140019823364176
0.007623367700789644
-0.06080406262075296
-0.026255919305546858
-0.017532861286705916
0.01941555582002221
-0.03280078904094331
0.0005625698003654567
-0.0375961452540181
-0.0008248007742734887
-0.01620930017651775
-0.0014215995213418616
-0.018197107484406755
-0.026255919305546858
-0.030280220253802677
-0.006900969403915737
-0.013757831542859053
-0.03543316892980389
-0.0017055482171351255
-0.0016331792664457296
-0.016686153028751365
-0.035630770864411646
-0.02883278708382375
-0.028447864767945044
-0.011816991804094889
-0.02475169988080076
-0.01738206436445342
-0.007375835005255483
-0.012975208666499921
-0.013078686726695135
-0.021102765525590664
-0.0016331792664457296
-0.009973357104021342
-0.007326249923883348
-0.020112042129518386
-0.0022843517915116514
-0.010303933480679995
-0.0287139250492073
-0.013629784782653793
-0.07607842383454869
-0.010906292376222777
-0.04971666855134294
-0.014527795044169364
-0.016792925908744948
-0.007375835005255483
-0.011081926577596176
-0.024372045865724962
-0.025196745913418365
-0.01137961965133057
0.034140019823364176
-0.007326249923883348
-0.02457030293187884
-0.01308008624067435
-0.008917775065934257
-0.03280078904094331
-0.006900969403915737
-0.0014215995213418616
-0.023695976805767106
-0.0039344961238423435
0.005484039796057744
0.030824194024196287
0.024900186040391865
-0.01472674620411794
0.005484039796057744
-0.00908913517144815
-0.03749270855702523
-0.04677929867335811
-0.01568026564499358
0.030824194024196287
-0.021821343326560428
-0.012975208666499921
-0.021280571372665594
0.013613280071865018
-0.02238162709245574
-0.00019831096237433898
-0.032836723268972856
-0.0014215995213418616
-0.0012346146425451972
-0.017532861286705916
-0.005491071483207004
0.030824194024196287
-0.011288180170097533
-0.00243267656665894
-0.003472311411694209
-0.012591597319906415
-0.0008794659426749064
0.034140019823364176
0.01035984218654573
0.030824194024196287
-0.010976681483885524
-0.0016331792664457296
-0.03280078904094331
-0.01308008624067435
0.014713914358171968
0.005484039796057744
-0.018485966149468472
-0.02475169988080076
-0.025027892874996707
-0.024372045865724962
-0.008574947826482285
-0.04147747838623781
-0.004582019228638516
-0.0375961452540181
-0.016475343933053752
-0.00201018732101515
-0.032386650543730036
-0.06080406262075296
0.0006422484397630704
-0.011464889829645506
-0.008041461534027483
-0.02818859936473304
0.023900164825555466
0.01941555582002221
-0.02457030293187884
-0.027065109710261128
-0.032386650543730036
-0.03898516723340349
-0.02939915486747545
-0.0228730833781127
-0.008917775065934257
-0.0287139250492073
0.034140019823364176
-0.013629784782653793
-0.005651414737648609
0.019530822682936187
-0.024372045865724962
-0.03949476065125648
-0.008656661225753861
-0.003472311411694209
-0.023695976805767106
-0.026565304258621882
-0.07607842383454869
-0.009890372042813563
-0.016792925908744948
-0.04971666855134294
0.019530822682936187
-0.01072984110689111
0.00753673015550693
-0.010503507017626052
-0.010503507017626052
-0.0012346146425451972
