-0.004237273807858182
-0.012021149274976451
-0.003988166443211135
0.010005966612777133
-0.005039974175536545
0.005915791994464732
-0.007043666251127671
-0.007704804396740062
0.0037798684930190497
0.005964440955247403
-0.008474960316032513
0.0037798684930190497
-0.0026358330841838714
0.0033848147958350154
-0.0066245630166358
-0.0011131746308625826
-0.001570267489325758
-0.012308744197871261
-0.0031474465739200755
0.012505918419954519
0.003778631600368097
0.00509312825754339
-0.011878997532198175
-0.005138227338806535
-0.003231985394413963
0.0005250611878869666
0.00734929265488513
-0.00807808337843546
0.0048310992855216004
0.0048310992855216004
-0.001570267489325758
-0.0038041653972114516
-0.01575955843206332
0.00023002148694090704
-0.0038940376368651057
-0.004547070162338906
0.0047630884815603736
0.0023864840906976546
0.0037798684930190497
-0.0030257931108776943
0.001619598520811946
0.0023864840906976546
-0.005888214589254954
-0.0021219747693929257
-0.011878997532198175
0.0019419585147355785
0.00019146724861405384
-0.003988166443211135
0.0012928668645511966
0.007594498515135063
-0.010993747000548833
-0.002976967738562906
-0.0036600024716434165
-0.004189693364628349
0.0010116012195967457
0.0037914927788012752
-0.00323235587739079
0.000443913077280232
0.006926693110317813
-9.040730425834065e-05
-0.009254281753728192
-0.004932547722339918
0.0029348357147737083
0.0013582941327574395
-0.004189693364628349
0.012505918419954519
-0.004200257622291333
-0.010993747000548833
-0.003398417194892653
-0.0005502596689368346
-0.012714617663138516
-0.0056111488238985464
0.004394482798082161
-0.012518982105297538
0.003981565047303438
0.007968709418813039
0.001619598520811946
-0.0016807229838077015
0.00734929265488513
-0.006408380601178842
-0.0021219747693929257
0.005915791994464732
-0.0005502596689368346
-0.0008989362000244148
-0.003061385597762313
0.00234588908877573
-0.0055593380627416734
0.003981565047303438
-0.00021442098079478008
0.001989366599241186
0.000360686004962135
0.0012928668645511966
-0.00555433638748716
-0.006011217411600982
-0.00903004884293291
0.00553299047693085
0.001619598520811946
0.0014078658590067799
0.0007386022521985282
0.0006300028890883999
-0.010309798234741267
-0.004419681906732507
-0.002796957755797237
-0.0063534714881053845
0.000443913077280232
0.0029348357147737083
-0.005014474023698639
-0.00350816812949922
-0.005104609546763594
-0.0038041653972114516
-0.005278284093120006
-0.0027445676008838855
0.00110553803207344
-0.005014474023698639
0.0048310992855216004
0.001989366599241186
0.01333280892088703
0.000360686004962135
0.001619598520811946
-0.012874210337033393
-0.0036600024716434165
0.0047630884815603736
-0.0066245630166358
-0.006408380601178842
-0.004419681906732507
-0.012047094432621756
-0.004274896554661685
-0.008065985664871817
-0.012148018794019496
0.0031180837985133733
0.0038446892588939463
-0.0006275044706214198
-0.0021674505689251717
-0.006215804226320236
0.0029348357147737083
-0.008058215930471591
0.012174205004737941
-0.01575955843206332
-0.005014474023698639
-0.0055593380627416734
0.007511878534177285
-0.009086690269678786
0.000443913077280232
-0.0113831158025937
-0.008065985664871817
0.003987193134109401
0.004820708342489386
-0.00207149330160544
0.007511878534177285
0.0064973426363326
-0.00555433638748716
-0.005704981088233643
-0.00903004884293291
-0.00548300077940359
0.006400583302983228
0.0048310992855216004
0.00159508809312568
0.0012928668645511966
0.001858961924935618
-0.0038940376368651057
-0.006289550503527855
-0.0003426950754126651
-0.004427666838377234
0.006400583302983228
0.0016129150556347509
-0.0056111488238985464
-0.005014474023698639
0.010894899463064626
0.0033848147958350154
0.0027114862810354583
0.003778631600368097
0.0014078658590067799
-0.0016807229838077015
0.0006691812473689517
-0.0031474465739200755
-0.0013750831840820758
-0.003607035551542215
-0.0031474465739200755
-0.00021442098079478008
-0.0038940376368651057
-0.008058215930471591
0.0032660135835401215
-0.00350816812949922
-0.0027445676008838855
-0.004274896554661685
-0.004992278569354622
-0.0007764422279907917
-0.009058075670745677
-0.007982578528745031
0.007968709418813039
-0.0013750831840820758
-0.00807808337843546
-0.0042176345462544
-0.0055593380627416734
-0.003948315009262539
-0.001570267489325758
-0.008052696419958797
0.006926693110317813
-0.0025896391402099894
-0.004547070162338906
-0.009438613538376266
-0.00393113925612343
-0.007982578528745031
-0.004593290023630017
-0.01572463923054307
-0.005104609546763594
-0.005410845982092482
-0.0036600024716434165
-0.0113831158025937
-0.0026358330841838714
-0.01135550757264856
0.0037798684930190497
-0.006011217411600982
-0.004547070162338906
-0.008204418497271814
-0.00555433638748716
-0.004237273807858182
-0.0008306546151270178
-0.0030257931108776943
-0.010309798234741267
-0.005219589311093156
0.001858961924935618
-0.004848608617520543
-0.0065637813096073245
-0.001538449799641505
0.010059009889552824
-0.00350816812949922
-0.0005134220662185093
0.0006300028890883999
-0.002976967738562906
-0.008052696419958797
-0.007698102024100219
-0.004167976980335981
-0.00555433638748716
-0.005707790862994447
-0.002607384344190512
-0.012148018794019496
-0.004932547722339918
-0.002796957755797237
0.005915791994464732
-0.0021219747693929257
0.005915791994464732
-0.007982578528745031
0.0010116012195967457
0.001989366599241186
-0.004547070162338906
-0.012148018794019496
-0.003607035551542215
0.0018782155230856797
-0.004590344532690721
-0.00021442098079478008
-0.004208868747577538
0.0003859082349015325
-0.004427666838377234
-0.002796957755797237
-0.008058215930471591
-0.0030257931108776943
-0.0016807229838077015
-0.0006275044706214198
0.002443081278776209
-0.004237273807858182
-0.005150649400361296
-0.0038041653972114516
-0.003607035551542215
-0.00207149330160544
0.004820708342489386
0.002443081278776209
-0.00207149330160544
-0.001570267489325758
0.0014078658590067799
-0.005704981088233643
0.005716811759927701
-0.0005134220662185093
-0.0008801530073425796
0.00553299047693085
0.005716811759927701
0.010894899463064626
0.002244626164492982
-0.004133335436557126
0.012174205004737941
-0.012874210337033393
-0.0021812877107652492
-0.0077756914150402465
-0.004237273807858182
0.009266372500174909
-0.004208868747577538
0.006400583302983228
-0.00903004884293291
-0.0037154333808531513
-0.012518982105297538
0.00260350082723815
0.006926693110317813
-0.004511207134736362
0.0033848147958350154
-0.008052696419958797
-0.003948315009262539
-0.00555433638748716
-0.00393113925612343
-0.0010546466895461864
-0.004372537812515989
0.0005432658289859124
0.00015928434663699712
-0.0011131746308625826
-0.0031531284693181462
-0.0008801530073425796
-0.007982578528745031
-0.0027445676008838855
0.007968709418813039
-0.015792323032812843
-0.007698102024100219
-0.001109992332725519
-0.00207149330160544
-0.00350816812949922
0.0047630884815603736
-0.0056111488238985464
0.006400583302983228
-0.0010546466895461864
-0.004593290023630017
-0.010309798234741267
-0.009265304394475019
0.005030094954462546
0.005915791994464732
0.0037914927788012752
-0.00207149330160544
-0.005138227338806535
0.009266372500174909
-0.0037235078842926574
0.01333280892088703
-0.0036744735285417526
-0.008204418497271814
0.0018782155230856797
0.000443913077280232
-0.008065985664871817
0.0032660135835401215
-0.00323235587739079
-0.008058215930471591
-0.002880837011886731
-0.012714617663138516
0.012174205004737941
-0.0031531284693181462
-0.004848608617520543
-0.005278284093120006
-0.0021674505689251717
-0.005039974175536545
-0.009086690269678786
0.0009930639503190745
-0.0113831158025937
-0.004932547722339918
-0.006289550503527855
0.01333280892088703
0.005082923245836146
0.0016129150556347509
-0.0059322987844959525
0.001989366599241186
0.010059009889552824
-0.0063534714881053845
-0.005410845982092482
-0.004711386594451818
0.0029348357147737083
-0.009086690269678786
-0.00207149330160544
-0.007433396460185251
-0.005014474023698639
0.0037914927788012752
-0.006289550503527855
-0.007177250151296345
-0.007982578528745031
-0.0004454486325328298
-0.0037154333808531513
0.009266372500174909
-0.004189693364628349
0.0010116012195967457
-0.0004934336197800058
-0.004547070162338906
-0.004372537812515989
-0.012714617663138516
0.0005250611878869666
0.001619598520811946
0.00019146724861405384
-0.00548300077940359
0.003981565047303438
0.005082923245836146
0.0005250611878869666
-0.005707790862994447
-0.007698102024100219
0.0038937793469502264
-0.004167976980335981
-0.007704804396740062
0.006177365795748607
0.0013582941327574395
-0.005014474023698639
-0.004237273807858182
0.0038937793469502264
-0.003948315009262539
-0.005219589311093156
-0.007177250151296345
0.0032660135835401215
-0.011878997532198175
0.007594498515135063
-0.0006375134256202614
-0.00350816812949922
0.0027114862810354583
-0.004511207134736362
0.00260350082723815
-0.002975000928863866
-0.003948315009262539
-0.0008306546151270178
-0.007982578528745031
-0.001431584947120478
-0.0006375134256202614
-0.0036744735285417526
-0.005704981088233643
-0.0013750831840820758
-0.004848608617520543
0.01333280892088703
-0.010309798234741267
-0.0005502596689368346
-0.00207149330160544
-0.0024556576386273003
0.0003045677845807033
-0.011878997532198175
-0.004167976980335981
-0.0011131746308625826
-0.012874210337033393
-0.004419681906732507
0.0005432658289859124
0.0009070937741100859
-0.0065637813096073245
0.008137875651398186
-0.008811103289442674
0.0064973426363326
-0.00010511526949693924
-0.008811103289442674
0.0006300028890883999
0.002443081278776209
0.0009070937741100859
-0.004419681906732507
-0.0012236024193771446
0.006400583302983228
0.0038446892588939463
0.006177365795748607
0.0035159751394480796
0.0003859082349015325
-0.012714617663138516
-0.006215804226320236
-0.012148018794019496
-0.0006375134256202614
-0.00323235587739079
-0.004547070162338906
-0.0030257931108776943
-0.0011131746308625826
-0.011878997532198175
-0.001538449799641505
0.0019419585147355785
0.0047630884815603736
-0.005704981088233643
0.010894899463064626
-0.0010546466895461864
-0.004593290023630017
0.0009070937741100859
-0.005138227338806535
0.005915791994464732
-0.0005502596689368346
0.004820708342489386
0.005030094954462546
-0.004419681906732507
-0.002592281681359887
0.006400583302983228
-0.010309798234741267
-0.005278284093120006
-0.0113831158025937
-0.0036744735285417526
-0.001431584947120478
-0.005707790862994447
0.001989366599241186
0.0010116012195967457
-0.008621704139621485
0.012174205004737941
-0.00021442098079478008
-0.009265304394475019
0.007968709418813039
-0.004477890291002707
-0.0059322987844959525
-0.0059322987844959525
0.0010323197562788983
-0.004590344532690721
-0.006549239178635074
-0.00011253264005238384
-0.01575955843206332
-0.001109992332725519
0.005082923245836146
0.0010116012195967457
-0.005104609546763594
-0.0031531284693181462
-0.005344129423391718
0.0010116012195967457
0.0007386022521985282
-0.010561576875197303
0.00293336700737359
0.002443081278776209
-0.0005134220662185093
-0.0031531284693181462
0.00023002148694090704
0.0033848147958350154
-0.010561576875197303
-0.005410845982092482
0.0037798684930190497
-0.00011253264005238384
0.004820708342489386
-0.0016015023415391998
-0.0006275044706214198
-0.0012236024193771446
-0.001109992332725519
-0.005888214589254954
-0.011878997532198175
-0.009086690269678786
-0.002607384344190512
-0.007177250151296345
-0.00323235587739079
0.004820708342489386
-0.0003426950754126651
0.008137875651398186
-0.0005502596689368346
0.0005432658289859124
-0.00011253264005238384
0.01333280892088703
-0.0004934336197800058
-0.0012096145635682434
0.0010323197562788983
-0.003231985394413963
-0.004200257622291333
-0.0015143844754516502
-0.0006375134256202614
-0.0036744735285417526
-0.009265304394475019
0.003987193134109401
0.007594498515135063
-0.002607384344190512
-0.00393113925612343
-0.0036600024716434165
0.020506232090499742
0.0006691812473689517
0.004394482798082161
-0.0077756914150402465
0.0031180837985133733
-0.0066245630166358
-0.012714617663138516
0.007511878534177285
-0.0012236024193771446
-0.0038041653972114516
0.020506232090499742
0.001858961924935618
-0.0038940376368651057
-0.002975000928863866
-0.00807808337843546
0.0033848147958350154
0.005964440955247403
0.015886124217282433
-0.004200257622291333
-0.002796957755797237
0.0064973426363326
-0.007982578528745031
-0.0021674505689251717
-0.007177250151296345
0.007594498515135063
-0.00350816812949922
-0.009254281753728192
-0.004992278569354622
-0.007177250151296345
0.00110553803207344
-0.00350816812949922
-0.006610709173220316
-0.009254281753728192
-0.004167976980335981
0.012174205004737941
-0.004590344532690721
-0.004271275868296509
0.0048310992855216004
-0.00555433638748716
0.001989366599241186
-9.040730425834065e-05
-0.004932547722339918
-0.0036600024716434165
-0.0065637813096073245
-0.0004934336197800058
-0.005410845982092482
-0.010993747000548833
-0.0008306546151270178
-0.001977067845777665
-0.0021812877107652492
0.0018782155230856797
-0.012308744197871261
0.015164875001654405
-0.01135550757264856
-0.0007764422279907917
0.0003045677845807033
-0.0008801530073425796
-0.0021812877107652492
0.016301132633781513
-0.004711386594451818
-0.00548300077940359
-0.0030147276732543963
0.0047630884815603736
-0.0025896391402099894
-0.0036744735285417526
-0.004271275868296509
0.001619598520811946
0.00234588908877573
-0.0065637813096073245
-0.0024556576386273003
-0.004332689802958963
0.016301132633781513
0.010059009889552824
-0.008058215930471591
-0.007043666251127671
0.0012928668645511966
-0.004332689802958963
0.00110553803207344
-0.0005134220662185093
0.005082923245836146
-0.005344129423391718
0.012505918419954519
-0.0037235078842926574
-0.004477890291002707
-0.0010546466895461864
-0.004189693364628349
-0.005014474023698639
-0.001538449799641505
-0.00393113925612343
-0.004427666838377234
-0.0077756914150402465
-0.0056111488238985464
0.0032660135835401215
0.0033848147958350154
-0.0063534714881053845
-0.001109992332725519
-0.012308744197871261
-0.003988166443211135
0.0027114862810354583
-0.001109992332725519
0.00293336700737359
0.006926693110317813
-0.008065985664871817
-0.001897659181404626
-0.002975000928863866
-0.001538449799641505
0.0010323197562788983
0.006400583302983228
0.0001876527306038335
-0.01572463923054307
0.0048310992855216004
-0.0021674505689251717
-0.00555433638748716
-0.0036600024716434165
0.010059009889552824
-0.008474960316032513
-0.00010511526949693924
-0.009438613538376266
-0.0031474465739200755
0.0038937793469502264
0.001142840435844347
-0.005138227338806535
-0.0031571056002170097
0.005030094954462546
-0.0006275044706214198
0.015164875001654405
0.0001876527306038335
-0.0015143844754516502
-0.0012096145635682434
-0.004200257622291333
0.005030094954462546
-0.0031531284693181462
0.00015928434663699712
-0.011878997532198175
-0.007043666251127671
0.020506232090499742
0.00509312825754339
-0.004237273807858182
0.0010323197562788983
-0.0042176345462544
-0.003061385597762313
0.006177365795748607
-0.015792323032812843
-0.009086690269678786
0.0007386022521985282
0.005082923245836146
-0.013243769333404895
-0.006215804226320236
-0.0005134220662185093
-0.001109992332725519
-0.006215804226320236
-0.004598865159889225
-0.005138227338806535
-0.004200257622291333
0.00260350082723815
0.000443913077280232
0.00159508809312568
-0.008058215930471591
0.0037798684930190497
-0.0042176345462544
-0.009254281753728192
0.0003859082349015325
-0.005710615771863542
-0.0036600024716434165
-0.0016015023415391998
-0.00807808337843546
0.002244626164492982
0.012505918419954519
-0.0038041653972114516
-0.013243769333404895
-0.005344129423391718
-0.004593290023630017
0.004820708342489386
-0.0038940376368651057
-0.006610709173220316
0.007511878534177285
0.010059009889552824
-0.006215804226320236
-0.0005987850350312123
-0.0004454486325328298
-0.004332689802958963
-9.040730425834065e-05
-0.005104609546763594
0.0029348357147737083
-0.003231985394413963
-0.003607035551542215
-0.0038041653972114516
-0.0042176345462544
-0.004208868747577538
0.0014078658590067799
0.007594498515135063
-0.004547070162338906
-0.005704981088233643
-0.004237273807858182
-0.004598865159889225
-0.0015143844754516502
0.0012928668645511966
-0.005410845982092482
-0.008204418497271814
-0.012148018794019496
0.00019146724861405384
0.00019146724861405384
0.000360686004962135
-0.0013750831840820758
-0.00548300077940359
-0.01572463923054307
-0.0008989362000244148
-0.003607035551542215
0.00260350082723815
-0.003231985394413963
-0.0030257931108776943
0.010059009889552824
0.004394482798082161
-0.004189693364628349
-0.0037154333808531513
-0.001897659181404626
-0.003948315009262539
-0.0026358330841838714
-0.00011253264005238384
0.01333280892088703
-0.006011217411600982
-0.004848608617520543
-0.004372537812515989
-0.007704804396740062
0.0009930639503190745
-0.010561576875197303
0.00234588908877573
-0.0031474465739200755
-0.006011217411600982
-0.009438613538376266
0.0064973426363326
-0.005704981088233643
0.0035159751394480796
0.00023002148694090704
-0.0003426950754126651
0.01333280892088703
-0.004189693364628349
-0.0008989362000244148
0.00159508809312568
-0.002976967738562906
-0.004992278569354622
-0.004992278569354622
-0.012308744197871261
0.0027114862810354583
0.0001876527306038335
-0.0008018299528467671
-0.002976967738562906
0.0038446892588939463
-0.005104609546763594
-0.0038041653972114516
-0.004848608617520543
0.00110553803207344
0.0009930639503190745
-0.0008018299528467671
-0.0069866895105142645
-0.008058215930471591
-0.008065985664871817
0.0037798684930190497
-0.007043666251127671
-0.0037154333808531513
0.015886124217282433
0.006177365795748607
-0.012021149274976451
0.006177365795748607
-0.001263350968351974
-0.007698102024100219
0.00023002148694090704
-0.0036600024716434165
-0.008058215930471591
-0.0031474465739200755
-0.008811103289442674
-0.005219589311093156
-0.0005502596689368346
-0.0007764422279907917
-0.007433396460185251
-0.001570267489325758
0.0029348357147737083
-0.0008989362000244148
0.006177365795748607
0.00110553803207344
-0.006610709173220316
-0.005707790862994447
0.0064973426363326
0.007511878534177285
-0.008204418497271814
-0.004189693364628349
-0.0037154333808531513
-0.005014474023698639
-0.0003426950754126651
-0.0010546466895461864
-0.008058215930471591
-0.005344129423391718
-0.010309798234741267
-0.004593290023630017
-0.01575955843206332
-0.0005134220662185093
-0.0008989362000244148
0.0038937793469502264
-0.0027445676008838855
0.007594498515135063
-0.0011131746308625826
-0.008052696419958797
-0.0036744735285417526
-0.008621704139621485
-0.0004454486325328298
-0.0031531284693181462
-0.012021149274976451
0.0007386022521985282
-0.001897659181404626
0.0007836341061254508
-0.003061385597762313
-0.008052696419958797
0.0014078658590067799
-0.008474960316032513
-0.0036744735285417526
-0.007704804396740062
-0.005888214589254954
0.00734929265488513
-0.010309798234741267
-0.001538449799641505
-0.003398417194892653
-0.0030257931108776943
-0.004134139508147655
-0.0016807229838077015
-0.0005502596689368346
-0.008811103289442674
-0.0056111488238985464
-0.013243769333404895
-0.004992278569354622
-0.0036600024716434165
0.0031180837985133733
0.006400583302983228
-0.004044851942837026
0.0037798684930190497
0.0013582941327574395
0.00553299047693085
0.00260350082723815
-0.004711386594451818
-0.011878997532198175
0.002108535145884285
0.002244626164492982
0.0009070937741100859
-0.009265304394475019
-0.005219589311093156
-0.0077756914150402465
-0.009438613538376266
0.00260350082723815
0.010005966612777133
0.010059009889552824
-0.008065985664871817
-0.003231985394413963
-0.006610709173220316
-0.005710615771863542
-0.00903004884293291
-0.004427666838377234
-0.007177250151296345
0.016301132633781513
-0.005707790862994447
0.005964440955247403
0.0005250611878869666
-0.004419681906732507
0.0009930639503190745
0.0001876527306038335
-0.004189693364628349
0.00019146724861405384
-0.01135550757264856
0.015886124217282433
-0.002880837011886731
-0.009438613538376266
-0.0024556576386273003
-0.007433396460185251
0.0010323197562788983
-0.007043666251127671
-0.002607384344190512
-0.0011131746308625826
0.0037914927788012752
-0.004932547722339918
-0.00903004884293291
-0.005410845982092482
-0.005150649400361296
0.00159508809312568
-0.0005987850350312123
-0.0038940376368651057
-0.0004454486325328298
-0.009058075670745677
0.0032660135835401215
-0.0004934336197800058
-0.0063534714881053845
-0.0037154333808531513
0.009266372500174909
-0.004237273807858182
-0.0016015023415391998
-0.0005987850350312123
-0.0008018299528467671
-0.00350816812949922
-0.00021442098079478008
0.0037798684930190497
-0.006289550503527855
-0.012874210337033393
0.0006691812473689517
0.0016129150556347509
-0.01575955843206332
0.010059009889552824
-0.008204418497271814
0.00019146724861405384
-0.004208868747577538
-0.003988166443211135
0.0038446892588939463
0.00159508809312568
-0.0021674505689251717
-0.0036600024716434165
-0.004932547722339918
-0.01572463923054307
0.0037798684930190497
0.006926693110317813
-0.006610709173220316
0.0007386022521985282
-0.009254281753728192
-0.005410845982092482
-0.012148018794019496
0.007968709418813039
0.0035159751394480796
-0.00807808337843546
-0.012308744197871261
0.00293336700737359
0.016301132633781513
0.008137875651398186
0.001858961924935618
-0.0016015023415391998
0.015164875001654405
-0.003231985394413963
-0.0031571056002170097
0.003987193134109401
-0.002976967738562906
0.0019419585147355785
-0.0006275044706214198
-0.00393113925612343
-0.00011253264005238384
-0.004932547722339918
0.01333280892088703
0.002443081278776209
-0.0021674505689251717
-0.004332689802958963
-9.040730425834065e-05
-0.009438613538376266
-0.0055593380627416734
-0.0005987850350312123
0.0019419585147355785
-0.004992278569354622
0.0037914927788012752
0.00023002148694090704
-0.005014474023698639
0.015164875001654405
-0.013243769333404895
-0.006289550503527855
0.006177365795748607
-0.002975000928863866
0.003981565047303438
-0.010993747000548833
0.0027114862810354583
