0.0031103642724800407
-0.0004885130110078333
-0.012197792819800761
-0.005066058003261819
-0.011592508581675315
-0.015269355195314823
0.0018958589830414502
-0.0037775267408507373
-0.0061916758540659115
0.006836013881230042
-0.00571917626678716
-0.0019424196765694302
-0.004264089857554457
-0.004741131539075441
-0.004645404843745956
0.00318451538074475
1.8563060273953212e-05
-0.010017370689802045
-0.005832657990724489
-0.008900790458166526
-0.013857726582871096
-5.0325014324407685e-05
-0.004740422303757764
0.0028183109039960214
-0.00039707748438105693
-0.008777037702888539
-0.021576366242307684
0.011622054446133418
-0.011814643763984334
-0.0030028123438012567
-0.0037775267408507373
-0.00130886528727041
0.010206965940441284
-0.015269355195314823
-0.009986774451435795
-0.0027821909766533805
-0.013148963526481641
-0.006936544863133752
0.0018958589830414502
-0.0074433308261008255
0.002546812665556486
-0.013552338285199854
-0.0022820717833484834
-0.0012492066386508996
-0.0032093431629829673
-0.012909479728167639
-0.007485446671306753
-0.007255676931420205
0.0030275271043016605
-0.0027821909766533805
-0.005937116173852666
-0.017431793769607653
-0.0028074319542811896
-0.01456592217368648
-0.0004885130110078333
-0.008777037702888539
-0.002583300251926429
-0.0117032611859084
-0.0026112356410140565
-0.009802018261758604
-0.00662112910149869
-0.0005819427595571889
-0.01745168467807887
-0.0091187195248717
-0.00850718602027817
-0.007255676931420205
-0.00845456621135321
-0.00130886528727041
-0.00130886528727041
0.004984259806004187
-0.00241485459825889
-0.008650206089094671
0.001012961819541033
0.005276314038844032
-0.00850718602027817
-0.004586854193561885
-0.013273209439535872
-0.014743034869932422
-0.010238254745537762
-0.010312197697251793
-0.012719671886370338
-0.004740064863135161
0.003989601408835813
0.0020494768350096016
0.003637870480362046
-0.004075197885270404
-0.00403957946476774
0.003216670953267348
-0.004820440813211709
-0.007255676931420205
-0.004982667070436836
-0.0024095563870782525
0.007818903540171113
-0.009802018261758604
-0.0034407320542642864
-0.02082827152990459
-0.01060408398201596
-0.011928004015238072
-0.0004885130110078333
-0.013857726582871096
0.0031103642724800407
-0.010558849986730687
-0.009194094897473883
-0.005773686337714433
3.084330770813948e-05
-0.0014769847904900508
-0.0019424196765694302
-0.00031268593659075606
-0.0010941904100797014
0.0016002264797710369
-0.011879398886961448
-0.014488292664518536
-0.007393744309465272
-0.01382904416425522
-0.011814643763984334
-0.0021177180926134236
-0.00662112910149869
0.0033334300212139534
-0.009637749306595469
-0.005919832972262157
-0.0025368533859621532
-0.0028702961040664304
-0.01456592217368648
-0.005937116173852666
-0.011556130294966627
1.8563060273953212e-05
-0.00869334330822779
-0.00662112910149869
-0.00869334330822779
-0.012899011026801169
0.009242852949570347
-0.005017189765793789
-0.0004885130110078333
-0.012899011026801169
-0.01208667641992243
0.0030275271043016605
-0.004740064863135161
-0.0117032611859084
-0.009986774451435795
-0.001856693075910026
-0.0022820717833484834
-0.010434412531909175
-0.004740064863135161
-0.0029318413349972102
-0.0003326878867950664
-0.004071222244700752
-0.010434412531909175
-0.010238254745537762
0.0015730323827570815
-0.006550448527254651
-0.013061392776155192
0.0016002264797710369
-0.01520167917889394
0.011622054446133418
-0.007105107666931215
-0.012306039325140287
-0.012400098477444605
0.002886669354901233
0.009242852949570347
-0.008031474874318264
-0.0020235628886555064
0.008616738702662864
-0.012197792819800761
-5.0325014324407685e-05
-0.00130886528727041
-0.006550448527254651
-0.0030028123438012567
-0.01310506013148065
-0.00867259466693591
-0.003068620296142261
3.084330770813948e-05
-0.014743034869932422
-0.004071222244700752
-0.006299218856424243
-0.004625107966016866
-0.004387627308585205
-0.0036240985311873
-0.0024095563870782525
-0.0015394022731036847
-0.014615301196729198
-0.015699685603801656
-0.011132426257171365
-0.0016456816165244595
-0.00717474614468881
-0.008464679248547682
-0.0006355811063018107
-0.004123762343225315
-0.005832657990724489
-0.013061392776155192
-0.011132426257171365
0.003637870480362046
-0.00869334330822779
-0.0020829382991375445
-0.00869334330822779
-0.009637749306595469
-0.008650206089094671
-0.0007609108416086867
-0.008346403374350572
-0.00850718602027817
0.001012961819541033
-0.005919832972262157
0.005276314038844032
-0.005996097300241737
0.0018286870626744297
-0.006596668529295028
-0.009986774451435795
-0.0021405967941992587
-0.017663366699586132
-0.014381795835040696
-0.005725411861208427
-0.0030894734597704814
-0.017663366699586132
-0.007255676931420205
-0.012909479728167639
-0.011173275128556674
-0.009109122738229038
-0.002583300251926429
-0.012306039325140287
-0.004645404843745956
-0.011814643763984334
-0.007485446671306753
0.008616738702662864
0.003989601408835813
-0.0028702961040664304
-0.00403957946476774
-0.004123762343225315
-0.011172746145092696
0.0016002264797710369
0.007818903540171113
-0.01470491271633682
-0.007255676931420205
-0.007393744309465272
-0.0040651720514506455
-0.011173275128556674
-0.0012069259135724555
-0.008346403374350572
-0.0023802139703576826
-0.006328480511999982
-0.005507733764372189
-0.013774026329282546
0.002099929770648171
-0.008464679248547682
-0.0041444555917584764
-0.007393744309465272
-0.014381795835040696
-0.008023860743685414
-0.005919832972262157
0.0030275271043016605
-0.003727601587889579
0.0064705715464464806
-0.00403957946476774
-0.013767859389098882
-0.02036660864001214
-0.0022379162774172423
-0.014770228349204441
-0.012899011026801169
-0.0028074319542811896
-0.0004041382125691362
-0.013767859389098882
0.011622054446133418
0.008616738702662864
-0.005937116173852666
-0.0016456816165244595
-0.011548028321545696
-0.005937116173852666
-0.006015226529715255
-0.006162808387180373
-0.013857726582871096
-0.0006355811063018107
-0.00925700933034346
-0.00241485459825889
0.0022508285255207713
-0.002187012668159905
-0.0020829382991375445
0.0015644627765585178
-0.005119398444085633
-0.0034407320542642864
-0.005742347999237597
-0.004598743973265269
-0.013061392776155192
0.0064705715464464806
-0.02082827152990459
-0.008777037702888539
-0.005462480959755567
-0.0024095563870782525
-0.012306039325140287
-0.0036240985311873
-0.00571917626678716
-0.0030894734597704814
-0.013767859389098882
-0.005791624106326651
-0.0007562763018550909
-0.015699685603801656
-0.01377681311222153
-0.00399183880041297
-0.008650206089094671
-0.0029318413349972102
-0.017546890986792765
0.002886669354901233
-0.005742347999237597
-0.004413932467298453
-0.0040651720514506455
-0.0027821909766533805
-0.012400098477444605
-0.014615301196729198
-0.0022379162774172423
-0.00448075711079064
-0.00717474614468881
-0.0027821909766533805
0.0016002264797710369
0.0015730323827570815
-0.005773686337714433
0.006404888484772054
0.0008564241147032457
0.003819366258255478
-0.00031268593659075606
-0.0004885130110078333
0.010206965940441284
-0.007837931728184224
0.007818903540171113
-0.0019424196765694302
-0.004740422303757764
-0.00662112910149869
-0.003397051241309047
0.003216670953267348
-0.0041444555917584764
0.0015644627765585178
-0.01206420122271645
0.0033334300212139534
-0.006328480511999982
-0.0022379162774172423
-0.007059962046369008
-0.004426564392672721
-0.004645404843745956
-0.004645404843745956
0.0005399688663400798
0.0030275271043016605
-0.01008236789590085
0.009386628359997633
-0.005462480959755567
-0.004740422303757764
-0.003068620296142261
0.0064705715464464806
-0.0041277913385071
-0.0012069259135724555
-0.017663366699586132
-0.011172746145092696
-0.00878876664523195
-0.011132426257171365
-0.006299218856424243
-0.004127746267240711
0.0028162404164560817
-0.0012069259135724555
0.003989601408835813
0.00024493582792089124
-0.006900688038278352
0.0028162404164560817
-0.01774327675854699
-0.02036660864001214
-0.008203896556695945
-0.013857726582871096
-0.00867259466693591
-0.021576366242307684
-0.004123762343225315
0.007818903540171113
-0.0061916758540659115
-0.004117073788277338
0.0020494768350096016
-0.008031474874318264
-0.004426564392672721
-0.0117032611859084
-0.006328480511999982
-0.00662112910149869
0.00318451538074475
-0.0006355811063018107
-0.0061916758540659115
0.009386628359997633
-0.0022586459519785755
-0.004123762343225315
-0.014743034869932422
-0.010312197697251793
-0.013640064114181658
-0.01429286035133487
0.00024493582792089124
-0.006015226529715255
-0.006550448527254651
-0.005791624106326651
0.003819366258255478
-0.011346055198871972
-0.010434412531909175
-0.012719671886370338
-0.014381795835040696
-0.005742347999237597
-0.003727601587889579
0.002886669354901233
0.00612303618237405
0.0017015733958233178
-0.002583300251926429
-0.0030028123438012567
-0.009802018261758604
-0.020675939450596925
-0.012306039325140287
-0.011454662556935653
-0.010434412531909175
0.0028162404164560817
-0.013335548423978397
-0.004982667070436836
-0.017546890986792765
-0.0029318413349972102
-0.0001911184176379712
-0.004535403373228089
-0.0006355811063018107
0.00396012303325051
0.004984259806004187
0.009912408983882948
-0.0061916758540659115
0.0015730323827570815
-0.013774026329282546
-0.012909479728167639
-0.009637749306595469
-0.013857726582871096
-0.005355202646500938
-0.010798685370673123
-0.009518810919094962
-0.004413932467298453
-0.01456592217368648
0.00612303618237405
0.0005399688663400798
0.009242852949570347
0.0022508285255207713
-0.0022379162774172423
-0.004740422303757764
-0.014381795835040696
-0.01774327675854699
0.0018958589830414502
0.009242852949570347
-0.0022820717833484834
-0.011681847410986289
-0.011116864416263859
-0.005919832972262157
0.010206965940441284
0.00318451538074475
-0.006936544863133752
0.0015644627765585178
-0.01774327675854699
-0.0016456816165244595
-0.00031268593659075606
-0.004011079809041831
0.00318451538074475
-0.0006355811063018107
-0.010558849986730687
0.002546812665556486
-0.0037402999665153884
-0.017546890986792765
-0.010893191325965926
-0.002583300251926429
0.0015644627765585178
-0.00850718602027817
-0.003068620296142261
-0.003068620296142261
0.0025933439300203235
-0.009518810919094962
-0.011548028321545696
0.0015730323827570815
0.005276314038844032
-0.011859258422420978
-0.00571917626678716
-0.01470491271633682
0.0038074136077165476
-0.0061916758540659115
0.003216670953267348
-0.00039707748438105693
0.0008564241147032457
-0.01520167917889394
-0.008346403374350572
-0.017663366699586132
0.003637870480362046
-0.005507733764372189
-0.01208667641992243
-0.00130886528727041
0.010206965940441284
-0.00717474614468881
-5.0325014324407685e-05
-0.004449168220269417
-0.00867259466693591
-0.0032093431629829673
-0.014381795835040696
-0.012314231427124966
-0.011173275128556674
-0.0023802139703576826
0.008616738702662864
-0.004740064863135161
-0.0025368533859621532
-0.004071222244700752
-0.011548028321545696
-0.01432207231920673
0.0022508285255207713
0.009242852949570347
-0.009109122738229038
-0.015058627808106347
-0.005742347999237597
-0.014615301196729198
-0.004449168220269417
-0.013774026329282546
-0.003397051241309047
-0.01382904416425522
-0.004071222244700752
0.0005399688663400798
-0.004117073788277338
-0.011454662556935653
-0.0004885130110078333
-0.004535403373228089
-0.011814643763984334
0.002626885584343578
-0.0025368533859621532
-0.004123762343225315
0.0031103642724800407
-0.013148963526481641
-0.00031268593659075606
-0.01008236789590085
-0.014687592022867214
-0.005355202646500938
-0.0003326878867950664
-0.0032093431629829673
-0.011592508581675315
-0.012909479728167639
-0.009885073215658197
-0.007837931728184224
0.003819366258255478
-0.004740064863135161
-0.004942484651359923
-0.006526983234017158
0.007818903540171113
-0.005742347999237597
0.003819366258255478
-0.0009846214939196471
-0.00041391280266300627
3.084330770813948e-05
-0.004071222244700752
-0.014381795835040696
-0.005725411861208427
-0.008650206089094671
-0.013148963526481641
-0.004645404843745956
-0.012238483825106044
-0.017192552551551603
-0.00130886528727041
-0.014615301196729198
0.003637870480362046
-0.010558849986730687
-0.009986774451435795
-0.01366607842405768
-0.018578518764922232
-0.003727601587889579
1.8563060273953212e-05
0.0008564241147032457
-0.01409691960384149
-0.013335548423978397
-0.001856693075910026
-0.004740064863135161
0.0038074136077165476
-0.011556130294966627
-0.003068620296142261
-0.011928004015238072
-5.0325014324407685e-05
-0.008900790458166526
-0.014743034869932422
-0.005017189765793789
-0.006722973408634904
-0.012238483825106044
-0.0041444555917584764
-0.007776281579426938
-0.011681847410986289
0.005276314038844032
-0.0023802139703576826
-0.013259188053781302
0.003216670953267348
-0.004449168220269417
0.0005399688663400798
-0.0030028123438012567
-0.009148315704085735
-0.010238254745537762
-0.005773686337714433
-0.015269355195314823
0.003218489217017874
-0.01520167917889394
0.003216670953267348
-0.005355202646500938
-0.01060408398201596
-0.007617612619624421
-0.009518810919094962
-0.01366607842405768
-0.0023005900694896054
-0.005244597299033691
-0.009909903538762357
-0.0035349194212926155
-0.011548028321545696
-0.012400098477444605
-0.01511282148225331
-0.012306039325140287
-0.0054021353193268685
-0.012197792819800761
-0.0054021353193268685
-0.013273209439535872
-0.010558849986730687
-0.0032093431629829673
-0.007391730818290334
-0.009194094897473883
-0.005119398444085633
-0.002583300251926429
-0.004011079809041831
-0.008650206089094671
-0.017431793769607653
-0.0028074319542811896
-0.005725411861208427
0.0030275271043016605
0.003637870480362046
-0.020675939450596925
0.0018958589830414502
0.010206965940441284
-0.008023860743685414
-0.014770228349204441
0.003216670953267348
-0.004535403373228089
-0.004413932467298453
-0.0003326878867950664
-0.00850718602027817
-0.01520167917889394
0.0033334300212139534
-0.011928004015238072
-0.013640064114181658
-0.013774026329282546
-0.00039707748438105693
-0.0041444555917584764
0.00024493582792089124
-0.013767859389098882
-0.011859258422420978
-0.0021177180926134236
-0.018578518764922232
-0.012306039325140287
-0.011172746145092696
0.00612303618237405
-0.02036660864001214
-0.004942484651359923
-0.009909903538762357
-0.009885073215658197
-0.014687592022867214
-0.004129938586885295
-0.018578518764922232
-0.011548028321545696
-0.01206420122271645
-0.0035349194212926155
-0.004426564392672721
-0.005507733764372189
-0.0117032611859084
-0.0019424196765694302
0.001012961819541033
-0.006328480511999982
-0.011454662556935653
-0.014615301196729198
-0.009838977830298972
0.009242852949570347
-0.017663366699586132
-0.004982667070436836
-0.005742347999237597
-0.007105107666931215
-0.004413932467298453
-0.004690491207193296
0.00024493582792089124
0.0033334300212139534
-0.008203896556695945
-0.013061392776155192
-0.01060408398201596
-0.006328480511999982
0.00612303618237405
-0.01382904416425522
1.8563060273953212e-05
-0.004586854193561885
-0.004598743973265269
-0.00662112910149869
-0.013640064114181658
-0.0040651720514506455
0.00318451538074475
-0.013697022612179215
-0.0007609108416086867
-0.00845456621135321
-0.004740422303757764
-0.005773686337714433
-0.005725411861208427
-0.010558849986730687
-0.008023860743685414
-0.008464679248547682
-0.0004041382125691362
-0.00399183880041297
-0.005773686337714433
-0.0005819427595571889
-0.00850718602027817
-0.015676823148621306
-0.013697022612179215
-0.004449168220269417
-0.013767859389098882
-0.004740064863135161
-0.01745168467807887
-0.012719671886370338
-0.009838977830298972
-0.004942484651359923
-0.00571917626678716
-0.004586854193561885
-0.01470491271633682
-0.006162808387180373
-0.005832657990724489
0.00024493582792089124
0.00612303618237405
0.0018958589830414502
-0.006299218856424243
-0.007016262336284466
0.002546812665556486
-0.012238483825106044
-0.012863848470692127
0.0064705715464464806
-0.013259188053781302
0.001012961819541033
-0.01745168467807887
-0.013148963526481641
-0.006927926543933448
0.0018286870626744297
-0.006936544863133752
0.0031103642724800407
-0.01456592217368648
-0.008599057514276457
-0.0003326878867950664
-0.004690491207193296
0.010492763984944687
-5.0325014324407685e-05
-0.011556130294966627
-0.01008236789590085
-0.017546890986792765
-0.011592508581675315
-0.008599057514276457
-0.007776281579426938
-0.017192552551551603
-0.004075197885270404
-0.011346055198871972
-0.01520167917889394
-0.006299218856424243
-0.004820440813211709
-0.005725411861208427
-0.012197792819800761
-0.01208667641992243
-0.010893191325965926
-0.0054021353193268685
-0.00571917626678716
-0.0036240985311873
-0.01470491271633682
-0.0024095563870782525
0.0016002264797710369
-0.0009846214939196471
-0.0054021353193268685
-0.00850718602027817
0.0028188101241371335
0.0022508285255207713
-0.01008236789590085
-0.004645404843745956
0.0014388990590462334
-0.01470491271633682
-0.003068620296142261
-0.0074011814335483124
-0.007059962046369008
-0.008650206089094671
0.0033334300212139534
0.010206965940441284
-0.005116299395361243
-0.005919832972262157
-0.004129938586885295
-0.0032093431629829673
-0.011548028321545696
-0.004625107966016866
-0.005119398444085633
0.0016002264797710369
-0.011116864416263859
-0.010560863795179247
0.009912408983882948
-0.0025249566769853663
0.003637870480362046
-0.007485446671306753
-0.007105107666931215
-0.00717474614468881
-0.005536548171736731
-0.013774026329282546
-0.010560863795179247
-0.0015394022731036847
-0.020675939450596925
-0.023392019444841778
-0.004598743973265269
-0.009518810919094962
-0.007532544341316823
-0.011172746145092696
-0.014381795835040696
-0.011859258422420978
-0.005791624106326651
-0.01008236789590085
-0.00662112910149869
-0.004690491207193296
-0.008023860743685414
-0.0037775267408507373
0.0008564241147032457
-0.006596668529295028
-0.004820440813211709
-0.008599057514276457
0.0020494768350096016
-0.005919832972262157
-0.00878876664523195
-0.004264089857554457
0.00024493582792089124
-0.0025368533859621532
-0.013774026329282546
-0.005937116173852666
-0.0025368533859621532
-0.009986774451435795
-0.006723099287114833
-0.005832657990724489
-0.009518810919094962
-0.0022820717833484834
-0.013148963526481641
-0.004740422303757764
-0.015058627808106347
-0.0021405967941992587
-0.004127746267240711
-0.020675939450596925
0.0030275271043016605
-0.0014851700742924295
-0.004129938586885295
-0.00845456621135321
0.0018958589830414502
-0.0014851700742924295
-0.00869334330822779
-0.013273209439535872
-0.011681847410986289
-0.010312197697251793
-0.00031268593659075606
-0.00039707748438105693
-0.005462480959755567
0.00318451538074475
-0.0054021353193268685
-0.007234472274777028
-0.011548028321545696
-0.008203896556695945
-0.006550448527254651
-0.0021405967941992587
-0.020675939450596925
-0.004129938586885295
-0.01155713921320229
-0.004741131539075441
-0.009109122738229038
0.005276314038844032
-0.014488292664518536
0.010206965940441284
-0.015269355195314823
-0.010798685370673123
-0.009194094897473883
-0.014381795835040696
-0.014615301196729198
-0.007255676931420205
-0.012314231427124966
-0.0037775267408507373
0.003989601408835813
-0.011681847410986289
-0.01377681311222153
-0.01429286035133487
-0.004117073788277338
-0.006722973408634904
-0.006723099287114833
0.002626885584343578
-0.013857726582871096
-0.004636752335579575
3.084330770813948e-05
0.002546812665556486
0.003637870480362046
-0.004690491207193296
-0.0117032611859084
-0.017192552551551603
-0.009909903538762357
-0.004011079809041831
-0.007105107666931215
-0.010238254745537762
0.007818903540171113
-0.0005819427595571889
0.0015730323827570815
-0.006526983234017158
-0.021576366242307684
-0.005536548171736731
-0.0028702961040664304
-0.012238483825106044
-0.004645404843745956
0.008616738702662864
1.8563060273953212e-05
0.00612303618237405
0.009912408983882948
-0.012314231427124966
0.0017015733958233178
-0.0074433308261008255
0.0015644627765585178
0.0014388990590462334
-0.00571917626678716
-0.00845456621135321
-0.004011079809041831
-0.0007562763018550909
-0.006550448527254651
-0.006723099287114833
-0.001856693075910026
-0.0034407320542642864
-0.004129938586885295
-0.0014851700742924295
-0.00403957946476774
-0.01470491271633682
-0.004129938586885295
-0.012899011026801169
-0.0036240985311873
-0.013640064114181658
-0.011172746145092696
0.0025933439300203235
-0.0027821909766533805
-0.009986774451435795
-0.0003326878867950664
-0.0020235628886555064
-0.013259188053781302
-0.004568378893506912
-0.01520167917889394
0.0031103642724800407
-0.007532544341316823
-0.00571917626678716
-0.010312197697251793
-0.0074433308261008255
-0.003068620296142261
-0.0061916758540659115
-0.0029318413349972102
-0.0019293618055814703
-0.004387627308585205
-0.01520167917889394
0.002886669354901233
0.009912408983882948
-0.01520167917889394
-0.011548028321545696
-0.01582630014799559
-0.0117032611859084
-0.017663366699586132
-0.00403957946476774
0.0015644627765585178
0.0016002264797710369
0.0028162404164560817
-0.004636752335579575
-0.011454662556935653
-0.010434412531909175
0.007818903540171113
-0.021576366242307684
-0.006328480511999982
-0.00241485459825889
-0.010558849986730687
-0.0074011814335483124
-0.0007562763018550909
-0.00878876664523195
-0.008599057514276457
-0.0007562763018550909
0.0028188101241371335
-0.004127746267240711
-0.0021177180926134236
-0.01310506013148065
-0.013697022612179215
-0.0012069259135724555
0.004984259806004187
-0.0004041382125691362
-0.005017189765793789
0.010492763984944687
-0.0040651720514506455
-0.011172746145092696
-0.009885073215658197
-0.009148315704085735
-0.0006355811063018107
-0.00925700933034346
-0.004740064863135161
0.0008564241147032457
-0.012197792819800761
-0.014770228349204441
0.002886669354901233
-0.011346055198871972
-0.021789673483385587
-0.017431793769607653
-0.0041444555917584764
-0.007393744309465272
-0.006900688038278352
0.0014388990590462334
0.0008564241147032457
-0.0041444555917584764
0.009386628359997633
-0.0022820717833484834
-0.001856693075910026
-0.012899011026801169
-0.00869334330822779
-0.005773686337714433
-0.013774026329282546
