-0.008726915518077968
-0.005969197606763612
-0.008764511602955128
-0.009364389873132985
-0.009364389873132985
-0.010613665122175207
-0.01643109622358954
-0.006000234241183016
-0.01129422442205806
-0.0018643193149612527
-0.005304468723154897
-0.003026675285902173
-0.0028515539314367603
-0.013739962464575572
0.011900142726796523
-0.008764511602955128
-0.013674534301493986
-0.01643109622358954
-6.849121747847199e-05
-0.005932248590750091
-0.016125833429486102
-0.013541141534023846
-0.016218119613143286
-0.008309139925148552
-0.0054584143673342194
-0.007426407961168053
-0.012972110680010663
-0.003632750571792977
-0.013841397706300999
-0.0022063962150964053
-0.011877999308972825
-0.005123897598940427
-0.008726915518077968
-0.021830780305238894
-0.001841574298459282
-0.009477741892107119
0.0013952760014093305
-0.0028515539314367603
-0.005932248590750091
-0.009364389873132985
-0.008132804353621868
-0.013841397706300999
-0.013541141534023846
-0.008145153071792394
-0.009918432191159102
-6.849121747847199e-05
-0.0002127013370222483
-0.011006115602355732
-0.013541141534023846
-0.01067655059052695
-0.010495038366676531
-0.0018643193149612527
-0.011970269141560394
-0.00763190191241509
-0.01129422442205806
-0.009477741892107119
-0.014041993068123317
-0.011970269141560394
-0.016279565295429545
-0.009833679422853321
-0.005394487211728188
-0.013893680241108517
-0.021830780305238894
-0.018187695910311785
-0.009705261822692919
-0.016218119613143286
-0.009705261822692919
-0.005394487211728188
-0.005123897598940427
-0.013674534301493986
-0.010495038366676531
-0.009705261822692919
-0.00013638246117179747
-0.003026675285902173
-0.010495038366676531
-0.009705261822692919
-0.005304468723154897
-0.0164278784858605
-0.006000234241183016
0.0033283904923321695
-0.006000234241183016
-0.014041993068123317
-0.019137291562882696
0.0020516815157164353
-0.008726915518077968
0.0013952760014093305
-6.849121747847199e-05
-0.011970269141560394
-0.0034733530021577924
-0.009833679422853321
-0.008764511602955128
-0.016125833429486102
-0.016125833429486102
-0.014041993068123317
-0.0164278784858605
-0.008764511602955128
-0.003632750571792977
-0.016218119613143286
-0.008145153071792394
-0.016218119613143286
0.02044423075578326
-0.004949791119625637
0.012133746420993243
-0.005932248590750091
0.0019676631524276397
-6.849121747847199e-05
-0.009477741892107119
-0.014065383159587216
-0.003055095099834162
-0.018187695910311785
0.011900142726796523
-0.008726915518077968
-0.009865050971424136
-0.013841397706300999
-0.003632750571792977
-0.013674534301493986
-0.013739962464575572
-0.011877999308972825
-0.008764511602955128
-0.0054584143673342194
-0.008118190377217607
-0.005304468723154897
0.02044423075578326
-0.009865050971424136
-0.010882988170504142
-0.011371050082996654
-0.001841574298459282
-0.016279565295429545
-0.011371050082996654
-0.016125833429486102
-0.016218119613143286
-0.019137291562882696
-0.0021071321074048453
-0.005123897598940427
-0.00763190191241509
0.0020516815157164353
-0.011371050082996654
-0.018187695910311785
-0.010882988170504142
-0.012972110680010663
-0.0018643193149612527
-0.005969197606763612
-0.013739962464575572
-0.001841574298459282
0.0020516815157164353
-0.009918432191159102
-0.016125833429486102
-0.008132804353621868
0.012133746420993243
-0.003826304504694842
-0.005304468723154897
-0.0054584143673342194
-0.003632750571792977
-0.01273411692234455
-0.009918432191159102
-0.00763190191241509
-0.016218119613143286
-0.013674534301493986
-0.004949791119625637
-0.016218119613143286
-6.849121747847199e-05
-0.0022063962150964053
0.012133746420993243
-0.004496275444807544
-0.009833679422853321
0.012133746420993243
-0.00013638246117179747
-0.00763190191241509
-0.013739962464575572
-0.006000234241183016
-0.010495038366676531
-0.019137291562882696
-0.008726915518077968
-0.00763190191241509
-0.0034733530021577924
-0.016218119613143286
-0.011006115602355732
-0.013739962464575572
-0.009705261822692919
-0.006000234241183016
-0.009865050971424136
-0.009865050971424136
-0.011970269141560394
-0.013893680241108517
-0.011970269141560394
-0.0028515539314367603
-0.009477741892107119
-0.007426407961168053
-0.0022063962150964053
-0.009705261822692919
-0.011371050082996654
-0.009865050971424136
-0.001841574298459282
-0.009364389873132985
-0.005304468723154897
-0.016125833429486102
-0.005932248590750091
-0.0002127013370222483
-0.005304468723154897
-0.013674534301493986
-0.005123897598940427
-0.004496275444807544
-0.0028515539314367603
-0.007426407961168053
-0.005123897598940427
-0.009705261822692919
-0.013541141534023846
-0.0028515539314367603
-0.021830780305238894
-0.021830780305238894
0.011900142726796523
-0.001841574298459282
-0.011877999308972825
-0.014065383159587216
-0.00013638246117179747
-0.016125833429486102
-0.003632750571792977
-0.009477741892107119
-0.016125833429486102
-0.003055095099834162
-0.003826304504694842
-0.005932248590750091
-0.014041993068123317
-0.021830780305238894
-0.00013638246117179747
-0.003632750571792977
-0.019137291562882696
-0.00013638246117179747
-0.009364389873132985
-0.008309139925148552
-0.009705261822692919
-0.013841397706300999
-0.011371050082996654
-0.003826304504694842
-0.0054584143673342194
-6.849121747847199e-05
0.0020516815157164353
-0.01273411692234455
-0.01643109622358954
-0.003026675285902173
-0.009705261822692919
-0.010613665122175207
0.02044423075578326
-0.018187695910311785
0.0019676631524276397
-0.018187695910311785
-0.005969197606763612
-0.016279565295429545
-0.009865050971424136
-0.011006115602355732
-0.006000234241183016
-0.008726915518077968
0.012942198185034661
-0.003632750571792977
-0.016218119613143286
-0.01273411692234455
-0.004496275444807544
-0.003026675285902173
-0.00013638246117179747
-0.014041993068123317
-0.0002127013370222483
-0.014065383159587216
-0.008145153071792394
-0.009833679422853321
-0.010613665122175207
-0.021830780305238894
-0.003026675285902173
-0.010613665122175207
-0.009833679422853321
-0.003632750571792977
0.02044423075578326
-0.021830780305238894
0.0033283904923321695
-0.010495038366676531
-0.011877999308972825
-0.021830780305238894
0.011900142726796523
-0.021830780305238894
-0.003026675285902173
-0.008726915518077968
-0.008309139925148552
-0.008132804353621868
-0.0034733530021577924
-0.011371050082996654
-0.0164278784858605
-0.003055095099834162
0.012133746420993243
-0.014065383159587216
0.012133746420993243
-0.001841574298459282
0.0020516815157164353
-0.011970269141560394
0.0013952760014093305
-0.005123897598940427
-0.016218119613143286
-0.010495038366676531
-0.009918432191159102
-0.016218119613143286
-0.001841574298459282
-0.018187695910311785
-0.003826304504694842
-0.009918432191159102
-0.005123897598940427
-0.009833679422853321
-0.006000234241183016
-0.010613665122175207
-0.013841397706300999
-0.013541141534023846
-0.010495038366676531
-0.008132804353621868
-0.009477741892107119
-0.0021071321074048453
-0.009918432191159102
-0.007426407961168053
-0.0002127013370222483
-0.008726915518077968
-0.005394487211728188
-6.849121747847199e-05
-0.008764511602955128
-0.00763190191241509
-0.01273411692234455
-0.01643109622358954
-0.007426407961168053
-0.005123897598940427
-0.01129422442205806
0.0013952760014093305
-0.01643109622358954
-0.005969197606763612
-0.021830780305238894
-0.018187695910311785
-0.009865050971424136
-0.0021071321074048453
-0.00763190191241509
0.02044423075578326
-0.0018643193149612527
-0.008118190377217607
-0.006000234241183016
-0.005394487211728188
-0.008132804353621868
-0.0054584143673342194
-0.019137291562882696
-0.003826304504694842
-0.0021071321074048453
-0.003055095099834162
-0.009705261822692919
-0.009477741892107119
-0.003632750571792977
-0.009833679422853321
-0.009364389873132985
-0.005123897598940427
-0.011006115602355732
-0.005394487211728188
-0.005394487211728188
-0.004949791119625637
-0.0054584143673342194
-0.019137291562882696
-0.011006115602355732
0.012133746420993243
-0.0002127013370222483
-0.009833679422853321
-0.005969197606763612
-0.004949791119625637
-0.014041993068123317
-0.013541141534023846
-0.016218119613143286
-0.01273411692234455
-0.008132804353621868
-0.01643109622358954
-0.018187695910311785
-0.008132804353621868
-0.0022063962150964053
-0.00763190191241509
-0.008309139925148552
-0.014065383159587216
-0.013893680241108517
-0.016218119613143286
-0.018187695910311785
-0.0018643193149612527
-0.009705261822692919
-0.011371050082996654
-0.009865050971424136
-0.008726915518077968
-0.019137291562882696
-0.004496275444807544
0.012942198185034661
-0.010882988170504142
-0.008118190377217607
-0.014065383159587216
-0.013841397706300999
-0.006000234241183016
-0.005932248590750091
-0.014065383159587216
-0.005932248590750091
-0.005969197606763612
-0.00763190191241509
-0.003826304504694842
-0.009918432191159102
-0.006000234241183016
0.0020516815157164353
0.0013952760014093305
-0.012972110680010663
-0.008726915518077968
-0.0028515539314367603
0.0013952760014093305
0.011900142726796523
-0.009865050971424136
-0.013674534301493986
-0.016218119613143286
0.012942198185034661
-0.00013638246117179747
-0.003632750571792977
-0.008764511602955128
-0.007426407961168053
-0.016125833429486102
-0.01643109622358954
-0.006000234241183016
-0.010882988170504142
-0.0034733530021577924
-6.849121747847199e-05
-0.010882988170504142
-0.016125833429486102
-0.008145153071792394
-0.014041993068123317
-0.005932248590750091
0.0020516815157164353
-0.008764511602955128
-0.0034733530021577924
-0.007426407961168053
-0.005932248590750091
-0.009918432191159102
0.0020516815157164353
-0.003026675285902173
-0.0054584143673342194
-0.019137291562882696
-0.0164278784858605
-0.010882988170504142
-0.011006115602355732
-0.009705261822692919
-0.013739962464575572
-0.011970269141560394
0.0013952760014093305
-0.0021071321074048453
-0.012972110680010663
-0.0054584143673342194
-0.01643109622358954
-0.01129422442205806
-0.001841574298459282
-0.003026675285902173
-0.016279565295429545
0.012942198185034661
-0.004496275444807544
-0.005394487211728188
-0.009865050971424136
-0.009865050971424136
-0.009477741892107119
-0.013674534301493986
-0.0022063962150964053
-0.01067655059052695
-0.018187695910311785
-0.009865050971424136
0.0019676631524276397
-0.013739962464575572
0.012942198185034661
-0.008764511602955128
-0.011970269141560394
-0.021830780305238894
-0.009833679422853321
-0.003632750571792977
-0.003026675285902173
-0.00763190191241509
-0.008132804353621868
-0.004496275444807544
-0.019137291562882696
-0.005123897598940427
-0.009477741892107119
-0.0034733530021577924
0.0019676631524276397
-0.009477741892107119
0.02044423075578326
-0.01643109622358954
0.012942198185034661
0.02044423075578326
-0.010495038366676531
-0.012972110680010663
-0.016279565295429545
-0.013893680241108517
-0.0022063962150964053
-0.0028515539314367603
-0.010613665122175207
-0.019137291562882696
-0.001841574298459282
-0.006000234241183016
-0.013739962464575572
-0.008132804353621868
0.0019676631524276397
-0.008118190377217607
-0.01643109622358954
-0.01129422442205806
-6.849121747847199e-05
-6.849121747847199e-05
-0.005969197606763612
-0.01273411692234455
-0.0034733530021577924
-0.018187695910311785
-0.009364389873132985
-0.018187695910311785
-0.011371050082996654
-0.009865050971424136
-0.013841397706300999
-0.014041993068123317
-0.013674534301493986
-0.0164278784858605
-0.0002127013370222483
-0.005394487211728188
-0.01273411692234455
-0.013541141534023846
-6.849121747847199e-05
-0.0054584143673342194
-0.001841574298459282
0.011900142726796523
-0.008145153071792394
0.012942198185034661
0.0020516815157164353
-0.005969197606763612
-0.00013638246117179747
-0.021830780305238894
-0.014041993068123317
-0.01643109622358954
0.011900142726796523
-0.01067655059052695
-0.014065383159587216
0.0019676631524276397
0.0013952760014093305
0.0013952760014093305
-0.016125833429486102
-0.008309139925148552
-0.016279565295429545
-0.0054584143673342194
-0.008132804353621868
-0.0028515539314367603
-0.005969197606763612
-0.005123897598940427
-0.012972110680010663
-0.009705261822692919
-0.0022063962150964053
-0.005123897598940427
0.0020516815157164353
0.012133746420993243
-0.008118190377217607
-0.021830780305238894
-0.010882988170504142
-0.00013638246117179747
-0.0034733530021577924
-0.010495038366676531
-0.010882988170504142
-0.021830780305238894
-0.005969197606763612
-0.010495038366676531
-0.008764511602955128
-0.003026675285902173
-0.005123897598940427
-0.013739962464575572
-0.005123897598940427
-0.014041993068123317
-0.009705261822692919
0.0020516815157164353
-0.014041993068123317
-0.0164278784858605
-0.0002127013370222483
-0.009833679422853321
-0.01273411692234455
-0.004949791119625637
-0.003026675285902173
0.012133746420993243
0.012133746420993243
-0.013674534301493986
-0.021830780305238894
-0.009865050971424136
-0.018187695910311785
0.0013952760014093305
-0.009865050971424136
-0.0022063962150964053
0.012942198185034661
-0.003632750571792977
-0.014041993068123317
-0.001841574298459282
-0.0054584143673342194
-0.003026675285902173
-0.016125833429486102
-0.007426407961168053
-0.01643109622358954
-0.013893680241108517
-0.0034733530021577924
-0.011006115602355732
-0.01273411692234455
-0.008764511602955128
-0.01067655059052695
-0.0022063962150964053
-6.849121747847199e-05
-0.013541141534023846
-0.003055095099834162
-0.00013638246117179747
-0.005969197606763612
-0.014041993068123317
-0.001841574298459282
0.011900142726796523
-0.013893680241108517
-0.008132804353621868
-0.011006115602355732
-0.021830780305238894
-0.007426407961168053
-0.003826304504694842
-0.010495038366676531
-0.013841397706300999
-6.849121747847199e-05
0.0020516815157164353
-0.009865050971424136
-0.011006115602355732
-0.011371050082996654
-0.016218119613143286
-0.013739962464575572
-0.013739962464575572
-0.009865050971424136
-0.003026675285902173
0.0013952760014093305
-0.01643109622358954
-0.005394487211728188
-0.003826304504694842
-0.018187695910311785
-0.013739962464575572
0.0019676631524276397
-0.008118190377217607
-0.01273411692234455
-0.016125833429486102
-0.016279565295429545
-0.016218119613143286
-0.0021071321074048453
-0.011006115602355732
-0.006000234241183016
-0.013893680241108517
-0.00013638246117179747
-0.008764511602955128
-0.001841574298459282
-0.013739962464575572
-0.008726915518077968
-0.007426407961168053
-0.010882988170504142
-0.011006115602355732
-0.004949791119625637
-0.013841397706300999
-0.003055095099834162
-0.0054584143673342194
-0.009833679422853321
-0.012972110680010663
-0.003632750571792977
-0.005394487211728188
-0.011970269141560394
-0.005932248590750091
-0.008309139925148552
-0.005969197606763612
-0.0002127013370222483
-0.0164278784858605
-0.003055095099834162
-0.009833679422853321
-0.021830780305238894
-0.011371050082996654
0.0033283904923321695
0.012942198185034661
-0.013674534301493986
-0.004496275444807544
-0.016279565295429545
-0.0022063962150964053
0.011900142726796523
-0.011006115602355732
-0.01067655059052695
-0.01129422442205806
-0.010613665122175207
0.0020516815157164353
-0.01643109622358954
-0.008118190377217607
-0.010882988170504142
-0.018187695910311785
-0.01643109622358954
-0.021830780305238894
-0.010495038366676531
-0.001841574298459282
-0.0164278784858605
-0.00013638246117179747
-0.007426407961168053
-0.0054584143673342194
-0.0022063962150964053
-0.0021071321074048453
-0.003826304504694842
-0.003055095099834162
-0.005394487211728188
-0.016218119613143286
-0.010613665122175207
-0.013739962464575572
-0.0018643193149612527
-0.009364389873132985
-0.0164278784858605
-0.019137291562882696
-0.013541141534023846
-0.00013638246117179747
-0.008118190377217607
-0.003026675285902173
0.0033283904923321695
-0.016218119613143286
-0.005932248590750091
0.0020516815157164353
-0.009865050971424136
-0.0022063962150964053
-0.013739962464575572
-0.006000234241183016
-0.004949791119625637
-0.009477741892107119
-0.0054584143673342194
-6.849121747847199e-05
-0.010882988170504142
-0.01273411692234455
-0.008132804353621868
-0.005932248590750091
0.0020516815157164353
-0.011006115602355732
-0.0021071321074048453
-0.013739962464575572
-0.011877999308972825
-0.01129422442205806
-0.009477741892107119
-0.00013638246117179747
-0.0054584143673342194
-0.0028515539314367603
-0.0022063962150964053
-0.005969197606763612
-0.009477741892107119
-0.003632750571792977
-0.021830780305238894
-0.010495038366676531
-0.010882988170504142
-0.0021071321074048453
-0.009364389873132985
-0.011006115602355732
-0.0028515539314367603
-0.016125833429486102
-0.013739962464575572
-0.005304468723154897
-0.00013638246117179747
-0.001841574298459282
-0.005123897598940427
-0.016279565295429545
-0.01129422442205806
-0.007426407961168053
0.012133746420993243
-0.00763190191241509
-0.003026675285902173
-0.008309139925148552
-0.011006115602355732
-0.014041993068123317
-0.009833679422853321
-0.009705261822692919
-0.011970269141560394
-0.003026675285902173
-0.013541141534023846
-0.003632750571792977
-0.0002127013370222483
-0.003632750571792977
-0.005969197606763612
-0.008132804353621868
0.0033283904923321695
-0.011006115602355732
-0.008118190377217607
-0.003055095099834162
-0.014065383159587216
-0.004496275444807544
-0.010882988170504142
-0.016125833429486102
-0.009865050971424136
-0.009477741892107119
0.012133746420993243
0.011900142726796523
-0.010495038366676531
-0.0034733530021577924
-0.008132804353621868
-0.005394487211728188
-0.003826304504694842
-0.008726915518077968
0.012133746420993243
-0.014065383159587216
0.0019676631524276397
-0.008132804353621868
-0.0021071321074048453
-0.014065383159587216
-0.013541141534023846
0.012133746420993243
-0.016279565295429545
0.0013952760014093305
-0.011371050082996654
-0.011970269141560394
-0.0164278784858605
-0.009833679422853321
-0.009477741892107119
-0.008145153071792394
-0.01273411692234455
-0.01643109622358954
-0.003632750571792977
-0.008132804353621868
-0.003026675285902173
-0.021830780305238894
0.0013952760014093305
-0.0002127013370222483
-0.004496275444807544
-0.018187695910311785
-0.005932248590750091
-0.008726915518077968
0.0013952760014093305
-0.013893680241108517
0.0019676631524276397
-0.01129422442205806
-0.018187695910311785
-0.003026675285902173
-0.011006115602355732
-0.009833679422853321
-0.008145153071792394
-0.00013638246117179747
-0.008309139925148552
0.0019676631524276397
-0.016218119613143286
-0.008132804353621868
0.011900142726796523
0.011900142726796523
-0.011970269141560394
-0.009364389873132985
-0.00763190191241509
-0.0018643193149612527
-0.016218119613143286
0.0020516815157164353
-0.010495038366676531
-0.003026675285902173
-0.010613665122175207
-0.0054584143673342194
-0.010495038366676531
-0.001841574298459282
-0.016279565295429545
-0.008764511602955128
-0.0034733530021577924
-0.011006115602355732
-0.008145153071792394
-0.0034733530021577924
-0.013541141534023846
-0.0021071321074048453
-0.008145153071792394
-0.00763190191241509
-0.011371050082996654
-0.0021071321074048453
-0.005932248590750091
-0.013841397706300999
0.0019676631524276397
-0.013674534301493986
-0.01067655059052695
-0.0022063962150964053
0.0013952760014093305
-0.010495038366676531
-0.013841397706300999
-0.005969197606763612
-0.005123897598940427
-0.005969197606763612
-0.005394487211728188
0.0019676631524276397
0.011900142726796523
-0.011970269141560394
-0.014041993068123317
-0.008726915518077968
-0.005123897598940427
-0.003055095099834162
-0.004949791119625637
-0.016279565295429545
-0.007426407961168053
-0.009705261822692919
-0.014041993068123317
-0.005394487211728188
-0.010495038366676531
-0.005304468723154897
-0.008132804353621868
-0.01129422442205806
-0.009477741892107119
-0.00013638246117179747
-0.016218119613143286
-0.0002127013370222483
-0.004949791119625637
-0.012972110680010663
-0.005969197606763612
-0.004496275444807544
-0.0028515539314367603
-0.009705261822692919
-0.003026675285902173
0.012942198185034661
-0.008764511602955128
0.011900142726796523
-0.011970269141560394
-0.016218119613143286
-0.009833679422853321
-0.009364389873132985
-0.001841574298459282
-0.004949791119625637
-0.008145153071792394
-0.016279565295429545
-0.016125833429486102
-0.008145153071792394
-0.007426407961168053
-0.013841397706300999
-0.005932248590750091
0.02044423075578326
-0.0034733530021577924
-0.0018643193149612527
-0.013541141534023846
-0.016125833429486102
-0.013541141534023846
-0.01067655059052695
-0.00013638246117179747
-0.019137291562882696
-0.016279565295429545
-0.012972110680010663
-0.009477741892107119
-0.0164278784858605
-0.011970269141560394
-0.014041993068123317
-0.011970269141560394
0.02044423075578326
-0.008726915518077968
0.0019676631524276397
0.0033283904923321695
-0.008764511602955128
-0.009705261822692919
-0.021830780305238894
-0.010613665122175207
0.02044423075578326
-0.021830780305238894
-0.011371050082996654
-0.01067655059052695
-0.008309139925148552
-0.016125833429486102
-0.013541141534023846
0.012133746420993243
-0.018187695910311785
-0.007426407961168053
-0.0002127013370222483
-0.008118190377217607
-0.009833679422853321
-6.849121747847199e-05
-0.016279565295429545
-0.009865050971424136
-0.009477741892107119
-0.014041993068123317
-0.009833679422853321
-0.008145153071792394
-0.008132804353621868
-0.00013638246117179747
-0.018187695910311785
-0.007426407961168053
-0.006000234241183016
-0.008118190377217607
-0.006000234241183016
-0.008118190377217607
-0.009918432191159102
-0.012972110680010663
-0.005123897598940427
-0.009705261822692919
-0.008726915518077968
-0.003826304504694842
0.012133746420993243
-0.008118190377217607
-0.008145153071792394
-0.011970269141560394
-0.003632750571792977
-0.008764511602955128
-0.0034733530021577924
-0.013893680241108517
0.012942198185034661
-0.009918432191159102
-0.011371050082996654
-0.009705261822692919
-0.007426407961168053
-0.007426407961168053
-0.0054584143673342194
-0.0028515539314367603
-0.0022063962150964053
-0.013739962464575572
-0.009477741892107119
-0.0022063962150964053
-0.008118190377217607
-0.0018643193149612527
-0.016125833429486102
-0.008118190377217607
-0.0022063962150964053
-0.013739962464575572
-0.009705261822692919
-0.003826304504694842
-0.011006115602355732
-0.01129422442205806
-0.013541141534023846
