-0.0087576639649357
-0.002031672771107387
0.0019498787482073244
0.0
-0.011701157200082897
-0.0014615022741790073
-0.005252262056990658
-0.005351367997788456
-0.0100236503991405
-0.010246242609419509
-0.0009919556402168373
0.00444273280115298
0.007263755043799175
-0.011811695440050968
-0.005462942234003124
-0.012800340130098715
-0.007849184546607902
-0.009051711742067972
-0.0006668645954112069
-0.007833855300944197
-0.012800340130098715
-0.007401008581528231
0.0011895505237728165
-0.0006413837553383331
-0.014807960966938136
-0.004361017354042511
-0.0025968003460226517
-0.005053646134228969
-0.0007904966041494848
-0.0038518716314485976
-0.004361017354042511
-0.005402289645395306
-0.008683037351995784
-0.0100236503991405
-0.003596057669830942
-0.014507205792659841
0.0014072603587925753
-0.015265285594223002
-0.0006413837553383331
0.0021405725194605404
-0.007825322182568636
0.0023282818609892623
-0.004866897932876514
0.0033332966211485956
0.01310868557507958
0.0010928629690492423
-0.011065611471255512
0.0002948394762649944
-0.008683037351995784
0.0053749557823296774
-0.004978425817371996
-0.0100236503991405
-0.011701157200082897
-0.014807960966938136
-0.005719952895942009
-0.0006668645954112069
0.003210092470655812
-0.0016458920800218257
-0.001715216815590586
-0.007826826154265486
-0.015588302140225442
-0.0016458920800218257
-0.004866897932876514
-0.015796265943583458
0.0019498787482073244
-0.00800794059241424
-0.010289679945427723
-0.009555310690589203
-0.010288285031044706
-0.003596057669830942
-0.002326372644280767
-0.01106683531653314
-0.0015712894314786907
-0.006367396477067442
-0.005053646134228969
-0.0025789116157492816
-0.004978425817371996
-0.008958895075945418
-0.014927767543133665
-0.007825322182568636
-0.0007904966041494848
0.008636060323951233
-0.014178361671835091
-0.01106683531653314
-0.007849184546607902
-0.015709182864677214
-0.005560547048185547
-0.014927767543133665
0.007263755043799175
-0.009656351793600155
-0.012800340130098715
-0.006174685103207874
0.0074357146630214845
-0.00418834718997623
-0.005805570233582376
-0.0087576639649357
0.0027841706465461867
-0.010246242609419509
-0.01016540398441201
-0.029662377815214993
-0.0025789116157492816
0.0074357146630214845
-0.013443186136301776
-0.0032140140187528333
-0.013443186136301776
-0.011789705649849283
-0.014807960966938136
-0.007059706823661775
-0.011789705649849283
-0.006489356072679836
-0.004973077668656884
0.0
-0.02247413833755007
-0.015299106000852908
0.0021405725194605404
-0.005282411648643793
-0.02247413833755007
0.0002948394762649944
-0.010246242609419509
-0.007849184546607902
-0.006856202950380449
-0.008847533876800477
-0.004669901203999748
-0.004608032769750868
-0.011219465217030876
-0.00506261159939853
-0.005252262056990658
-0.0025968003460226517
-0.008416024001738501
-0.011811695440050968
-0.005053646134228969
-0.003086039444266366
-0.008958895075945418
0.005779348138489147
-0.005051531806095799
-0.002326372644280767
-0.02247413833755007
0.0033332966211485956
-0.014927767543133665
-0.015299106000852908
-0.007713863024577127
-0.0135225574093116
-0.0016458920800218257
-0.011228527734613969
-0.007401008581528231
-0.01016540398441201
-0.0022047401255777008
-0.005351367997788456
0.001395206851419681
-0.004978425817371996
0.00652404423370463
-0.015305612523323651
-0.003086039444266366
-0.004643541093624833
-0.012800340130098715
-0.004608032769750868
0.001610833759707743
-0.004978425817371996
0.01310868557507958
-0.014807960966938136
-0.025746865063456203
0.01502489937135974
-0.0016458920800218257
-0.005719952895942009
-0.015588302140225442
-0.004046427402441621
0.0021844035654083028
-0.007713863024577127
-0.0036351765140035385
-0.01016540398441201
-0.0025968003460226517
-0.01951138972607577
0.0033332966211485956
-0.009036765778315478
-0.007678442260733733
-0.003594037239340374
-0.004046427402441621
-0.012058292677967153
-0.010007584793381421
-0.004324262184033248
-0.009051711742067972
-0.005351367997788456
-0.0020083569045507292
-0.005351367997788456
-0.005447930252560748
-0.00698210441257365
0.013490736260863938
0.0014072603587925753
-0.007825322182568636
-0.003868691030982316
-0.003594037239340374
-0.010438162457195378
-0.0009919556402168373
-0.0016458920800218257
-0.006824985101916592
-0.014507205792659841
0.003210092470655812
-0.014017628743845772
-0.005252262056990658
-0.004408898237998648
-0.004973077668656884
-0.0015712894314786907
-0.008074409767199454
-0.011701157200082897
0.0003356733054572433
-0.0016856336860407006
-0.007833855300944197
-0.00100899067603923
-0.009036765778315478
-0.008958895075945418
-0.011789705649849283
-0.019282277011819695
-0.004046427402441621
-0.014017628743845772
-0.01016540398441201
-0.005719952895942009
0.004147621492923777
0.0021405725194605404
-0.007678442260733733
0.003210092470655812
-0.004324262184033248
-0.011065611471255512
0.0033332966211485956
-0.007713863024577127
-0.015299106000852908
-0.012800340130098715
-0.0100236503991405
-0.0007904966041494848
-0.010246242609419509
0.003210092470655812
-0.005402289645395306
-0.009768633591210874
-0.006533436285131993
-0.008958895075945418
-0.006367396477067442
-0.006856202950380449
0.0021405725194605404
-0.0062495370359536345
-0.00506261159939853
-0.005053646134228969
-0.007833855300944197
-0.01602411597410326
-0.003868691030982316
0.01502489937135974
-0.015265285594223002
0.008636060323951233
0.007989947411959871
-0.013582524557002465
-0.004978425817371996
0.0027841706465461867
0.0027841706465461867
0.004147621492923777
-0.007713863024577127
-0.0016458920800218257
-0.025746865063456203
-0.0006668645954112069
-0.006174685103207874
-0.006824985101916592
-0.014807960966938136
0.0004713134063951207
0.001610833759707743
-0.007431516419409953
-0.010246242609419509
-0.008568452689948184
-0.02247413833755007
-0.004183482575288035
-0.005779369328574783
-0.015796265943583458
-0.007818323056744033
0.0021405725194605404
0.0003356733054572433
0.00652404423370463
-0.007849184546607902
-0.008568452689948184
-0.00397522546670627
-0.005805570233582376
-0.006489356072679836
0.005630856094381683
-0.001715216815590586
-0.014017628743845772
0.00652404423370463
-0.007713863024577127
-0.00418834718997623
-0.011701157200082897
0.009811880897358361
-0.0006668645954112069
-0.00100899067603923
-0.006489356072679836
-0.015729847573541067
-0.007059706823661775
-0.0026287748803282126
-0.004978425817371996
-0.005450091223510661
-0.004361017354042511
-0.008847533876800477
-0.005779369328574783
-0.004643541093624833
-0.013585761037033456
0.004147621492923777
0.0009313358476273596
-0.004361017354042511
-0.002326372644280767
-0.001343708504080199
-0.004361017354042511
0.009811880897358361
-0.029662377815214993
-0.007833855300944197
-0.006367396477067442
-0.0025968003460226517
-0.0006668645954112069
-0.011065611471255512
0.0014072603587925753
0.0053749557823296774
-0.015729847573541067
-0.01032804585385485
0.001395206851419681
-0.006489356072679836
0.005630856094381683
-0.01032804585385485
-0.003086039444266366
-0.0021136498129971644
-0.008958895075945418
-0.0135225574093116
-0.0014615022741790073
-0.009768633591210874
-0.007431516419409953
-0.004973077668656884
-0.01602411597410326
-0.005719952895942009
-0.005210125443050129
-0.019282277011819695
0.001610833759707743
-0.004608032769750868
0.0023282818609892623
0.0009313358476273596
-0.007849184546607902
0.003210092470655812
-0.0100236503991405
-0.010288285031044706
-0.002180289763421207
-0.001343708504080199
-0.0037326369421824676
-0.005462942234003124
-0.0015712894314786907
0.0034914032963539055
0.0021405725194605404
-0.015265285594223002
-0.00418834718997623
-0.007713863024577127
-0.0072650856713403844
-0.0037326369421824676
0.0021390861947193384
-0.014539886838598715
0.007989947411959871
-0.00698210441257365
-0.005053646134228969
-0.0025968003460226517
-0.0016856336860407006
-0.014507205792659841
-0.007879677022303343
-0.009768633591210874
-0.0021136498129971644
-0.014178361671835091
-0.01106683531653314
0.001610833759707743
-0.0037326369421824676
-0.0026287748803282126
-0.009555310690589203
-0.0015712894314786907
0.0021844035654083028
0.0011895505237728165
-0.009036765778315478
-0.013443186136301776
-0.01106683531653314
-0.014539886838598715
-0.004608032769750868
0.001610833759707743
0.0027841706465461867
-0.003594037239340374
-0.008683037351995784
-0.011228527734613969
-0.008416024001738501
-0.015305612523323651
-0.01602411597410326
-0.005560547048185547
0.0023282818609892623
-0.00524660394162077
0.0009313358476273596
-0.004608032769750868
-0.004866897932876514
-0.0100236503991405
-0.01219841837966959
-0.011701157200082897
0.0021844035654083028
-0.0021136498129971644
-0.005462942234003124
-0.0072650856713403844
-0.005351367997788456
-0.008416024001738501
-0.0009919556402168373
-0.003086039444266366
0.0004713134063951207
-0.005053646134228969
-0.006174685103207874
0.007989947411959871
-0.005779369328574783
-0.007431516419409953
-0.005210125443050129
-0.005450091223510661
-0.006533436285131993
-0.009391602714372813
-0.005462942234003124
-0.004046427402441621
-0.005560547048185547
-0.015439718981686602
-0.004608032769750868
-0.005252262056990658
-0.0032140140187528333
-0.006489356072679836
-0.003868691030982316
-0.005053646134228969
-0.003684741972712579
-0.025746865063456203
-0.004669901203999748
-0.006367396477067442
-0.0135225574093116
-0.004978425817371996
-0.006824985101916592
-0.009630405435970903
-0.004669901203999748
0.0021405725194605404
0.0016240171406658893
-0.005805570233582376
-0.0015712894314786907
-0.002031672771107387
-0.011065611471255512
-0.023502502577332447
0.0021405725194605404
-0.00698210441257365
0.003210092470655812
0.007244854457094468
-0.0007904966041494848
-0.013585761037033456
-0.00524660394162077
-0.005282411648643793
-0.0135225574093116
-0.006824985101916592
-0.0005405794223958447
0.005779348138489147
-0.007713863024577127
0.0033332966211485956
-0.008074409767199454
-0.010289679945427723
0.0074357146630214845
-0.0070782794831905785
-0.0037326369421824676
-0.0100236503991405
-0.005051531806095799
-0.009051711742067972
-0.00698210441257365
-0.00778419249619778
0.0033332966211485956
0.003210092470655812
0.0016240171406658893
-0.015265285594223002
-0.015299106000852908
0.01310868557507958
0.007989947411959871
-0.0009919556402168373
-0.011811695440050968
-0.0006413837553383331
-0.005252262056990658
-0.009656351793600155
-0.009036765778315478
-0.014507205792659841
-0.008074409767199454
-0.0021136498129971644
0.007989947411959871
-0.0036351765140035385
-0.004046427402441621
-0.004361017354042511
-0.002180289763421207
0.0014072603587925753
-0.001343708504080199
-0.014807960966938136
-0.006174685103207874
-0.008683037351995784
0.0033332966211485956
-0.0072650856713403844
-0.004490871787629525
-0.0100236503991405
0.009811880897358361
-0.007059706823661775
-0.004408898237998648
-0.010007584793381421
0.004769196890546936
-0.005779369328574783
-0.00506261159939853
0.0077577475203202025
0.0009313358476273596
-0.006225082365599753
-0.006174685103207874
-0.013443186136301776
-0.009656351793600155
-0.012058292677967153
-0.0020083569045507292
0.005779348138489147
-0.005402289645395306
-0.010007584793381421
-0.01016540398441201
-0.0025789116157492816
-0.0006413837553383331
-0.0100236503991405
-0.004669901203999748
-0.01032804585385485
-0.011701157200082897
0.0023282818609892623
-0.006533436285131993
0.00444273280115298
-0.00800794059241424
-0.007642437676494754
-0.015305612523323651
-0.029662377815214993
-0.0016458920800218257
-0.003086039444266366
-0.009656351793600155
-0.015588302140225442
-0.010007584793381421
-0.008958895075945418
-0.001715216815590586
-0.009630405435970903
-0.0070782794831905785
-0.004978425817371996
-0.0087576639649357
-0.001715216815590586
-0.0007904966041494848
0.0014072603587925753
-0.0016458920800218257
-0.011228527734613969
-0.008074409767199454
-0.00524660394162077
-0.0006668645954112069
-0.004669901203999748
0.0077577475203202025
0.007244854457094468
-0.019282277011819695
-0.0036351765140035385
-0.00524660394162077
0.004147621492923777
-0.019282277011819695
-0.00397522546670627
-0.007059706823661775
-0.005560547048185547
-0.008847533876800477
-0.007431516419409953
0.008636060323951233
0.0009313358476273596
-0.005103884886524214
-0.007879677022303343
-0.00778419249619778
-0.00506261159939853
-0.0037326369421824676
-0.0025789116157492816
-0.0020083569045507292
-0.008958895075945418
-0.009768633591210874
-0.005462942234003124
0.0
0.009811880897358361
-0.004183482575288035
-0.006489356072679836
0.0027841706465461867
-0.003684741972712579
0.009811880897358361
-0.007401008581528231
-0.029662377815214993
-0.011811695440050968
-0.00778419249619778
-0.004973077668656884
-0.004046427402441621
-0.015709182864677214
-0.015265285594223002
-0.014507205792659841
-0.00506261159939853
-0.009036765778315478
-0.029662377815214993
-0.01219841837966959
0.0027841706465461867
-0.00506261159939853
-0.014927767543133665
-0.002180289763421207
-0.015729847573541067
-0.009630405435970903
-0.019282277011819695
0.007989947411959871
-0.001715216815590586
0.01502489937135974
-0.004361017354042511
-0.014807960966938136
-0.010289679945427723
-0.011228527734613969
-0.005252262056990658
-0.0009919556402168373
-0.00506261159939853
0.0023282818609892623
-0.005282411648643793
-0.00698210441257365
0.005779348138489147
-0.0037326369421824676
-0.010007584793381421
0.0021405725194605404
0.0019498787482073244
-0.011065611471255512
0.0021405725194605404
0.0074357146630214845
-0.008568452689948184
0.013490736260863938
-0.011789705649849283
-0.014178361671835091
-0.007401008581528231
-0.007431516419409953
-0.004643541093624833
0.0027841706465461867
0.009811880897358361
-0.003684741972712579
-0.004866897932876514
0.0074357146630214845
-0.009656351793600155
0.004147621492923777
0.013490736260863938
-0.009656351793600155
-0.001343708504080199
0.0074357146630214845
-0.007713863024577127
-0.007833855300944197
-0.002326372644280767
-0.006174685103207874
-0.007713863024577127
-0.005450091223510661
-0.005103884886524214
0.008636060323951233
-0.005805570233582376
-0.006856202950380449
-0.014178361671835091
0.0019498787482073244
-0.00524660394162077
0.0074357146630214845
0.0023282818609892623
-0.002180289763421207
0.0077577475203202025
-0.003684741972712579
-0.005779369328574783
0.0074357146630214845
-0.008235608373980161
-0.012800340130098715
-0.008416024001738501
-0.002326372644280767
-0.005402289645395306
-0.004866897932876514
-0.009391602714372813
-0.007059706823661775
-0.006856202950380449
-0.0025789116157492816
-0.0036351765140035385
-0.004866897932876514
0.0034914032963539055
-0.011789705649849283
-0.006367396477067442
0.0004713134063951207
-0.002031672771107387
-0.005462942234003124
-0.0037326369421824676
0.0009313358476273596
-0.01602411597410326
0.0074357146630214845
-0.0135225574093116
-0.013582524557002465
-0.003594037239340374
-0.007833855300944197
-0.014927767543133665
-0.010438162457195378
0.005630856094381683
-0.008235608373980161
-0.0005405794223958447
-0.01602411597410326
-0.0037326369421824676
0.0004713134063951207
-0.007401008581528231
-0.0020083569045507292
-0.011701157200082897
-0.006824985101916592
-0.006533436285131993
-0.0006413837553383331
-0.015709182864677214
-0.00100899067603923
0.0009313358476273596
-0.004866897932876514
0.0034914032963539055
0.0002948394762649944
-0.014178361671835091
-0.00778419249619778
-0.0009919556402168373
-0.005450091223510661
-0.006174685103207874
0.01310868557507958
-0.008074409767199454
-0.00698210441257365
-0.0135225574093116
-0.004361017354042511
0.0053749557823296774
-0.005210125443050129
-0.01219841837966959
-0.01032804585385485
-0.013582524557002465
-0.0072650856713403844
0.008636060323951233
-0.006225082365599753
-0.005805570233582376
0.00015013890677861085
-0.001343708504080199
0.0019498787482073244
-0.0022047401255777008
-0.0038518716314485976
-0.0009919556402168373
-0.005447930252560748
-0.0015712894314786907
-0.009051711742067972
0.0033332966211485956
-0.0062495370359536345
-0.009036765778315478
-0.006824985101916592
-0.015299106000852908
-0.001343708504080199
-0.00524660394162077
-0.0016458920800218257
-0.010288285031044706
-0.002031672771107387
-0.005252262056990658
-0.014807960966938136
-0.0072650856713403844
-0.001343708504080199
-0.00100899067603923
-0.025746865063456203
-0.008416024001738501
-0.007849184546607902
-0.025746865063456203
-0.007678442260733733
-0.002031672771107387
-0.00778419249619778
-0.0037326369421824676
0.0077577475203202025
-0.011065611471255512
0.0010928629690492423
-0.0037326369421824676
-0.005252262056990658
-0.005351367997788456
-0.00418834718997623
-0.0022047401255777008
-0.015305612523323651
-0.0072650856713403844
0.0011895505237728165
-0.006824985101916592
-0.005402289645395306
0.007244854457094468
-0.007818323056744033
0.004147621492923777
0.001395206851419681
-0.008847533876800477
-0.00778419249619778
-0.015265285594223002
-0.014927767543133665
0.0010928629690492423
0.0074357146630214845
0.0016240171406658893
-0.006225082365599753
-0.015299106000852908
0.00652404423370463
-0.004669901203999748
-0.008416024001738501
-0.009051711742067972
-0.0020083569045507292
-0.0009919556402168373
-0.014178361671835091
-0.004183482575288035
-0.01016540398441201
-0.008847533876800477
-0.011701157200082897
-0.0032140140187528333
-0.015305612523323651
-0.01219841837966959
-0.004973077668656884
-0.005103884886524214
-0.010246242609419509
-0.013585761037033456
-0.025746865063456203
-0.004490871787629525
-0.005351367997788456
-0.005053646134228969
0.001395206851419681
-0.0006668645954112069
-0.010289679945427723
-0.0022047401255777008
-0.005351367997788456
0.013490736260863938
0.005779348138489147
-0.011219465217030876
-0.00800794059241424
-0.003684741972712579
-0.004324262184033248
-0.004183482575288035
-0.014539886838598715
0.01310868557507958
0.008636060323951233
-0.015796265943583458
-0.007826826154265486
-0.011219465217030876
-0.007849184546607902
0.0014072603587925753
0.0021390861947193384
-0.011228527734613969
-0.005402289645395306
-0.009036765778315478
0.001610833759707743
-0.008074409767199454
-0.00800794059241424
-0.011065611471255512
-0.015729847573541067
0.0053749557823296774
-0.005450091223510661
-0.025746865063456203
-0.006367396477067442
-0.015265285594223002
-0.007833855300944197
-0.008683037351995784
-0.010246242609419509
-0.010007584793381421
-0.00100899067603923
0.0004713134063951207
-0.007826826154265486
-0.013585761037033456
-0.0007904966041494848
0.007989947411959871
0.005630856094381683
-0.0006413837553383331
-0.005560547048185547
-0.0022047401255777008
-0.0016458920800218257
-0.006174685103207874
-0.011789705649849283
0.0021844035654083028
0.0002948394762649944
0.001973147729675584
-0.014539886838598715
-0.007818323056744033
0.0053749557823296774
0.009811880897358361
0.0016240171406658893
-0.0005405794223958447
-0.007431516419409953
-0.004608032769750868
0.001973147729675584
-0.002180289763421207
-0.015439718981686602
-0.0005405794223958447
-0.011065611471255512
-0.005252262056990658
-0.006174685103207874
0.009811880897358361
0.004147621492923777
-0.006225082365599753
-0.003868691030982316
-0.01032804585385485
-0.0020083569045507292
0.007989947411959871
-0.01032804585385485
-0.01602411597410326
-0.004669901203999748
-0.014507205792659841
0.0021844035654083028
-0.006824985101916592
-0.010438162457195378
-0.006489356072679836
-0.005053646134228969
-0.006225082365599753
0.007263755043799175
-0.0006413837553383331
-0.005282411648643793
-0.01032804585385485
-0.007431516419409953
0.0009313358476273596
-0.010289679945427723
-0.0062495370359536345
-0.007401008581528231
-0.0025968003460226517
-0.005103884886524214
0.0014072603587925753
-0.010438162457195378
-0.007059706823661775
-0.014807960966938136
-0.015709182864677214
-0.025746865063456203
-0.004183482575288035
0.0023282818609892623
-0.015439718981686602
-0.013585761037033456
-0.014539886838598715
-0.0026287748803282126
-0.014539886838598715
-0.014507205792659841
-0.011065611471255512
0.0023282818609892623
-0.014507205792659841
-0.004643541093624833
0.01310868557507958
-0.013443186136301776
-0.008416024001738501
-0.004973077668656884
0.0033332966211485956
-0.006824985101916592
-0.006174685103207874
-0.010246242609419509
-0.011228527734613969
-0.0022047401255777008
-0.003684741972712579
-0.0038518716314485976
-0.014178361671835091
-0.0009919556402168373
0.0010928629690492423
-0.01602411597410326
0.0034914032963539055
-0.009555310690589203
-0.008847533876800477
-0.004608032769750868
0.009811880897358361
-0.003684741972712579
-0.013585761037033456
-0.014807960966938136
-0.005252262056990658
-0.011219465217030876
-0.009036765778315478
-0.003594037239340374
-0.00778419249619778
-0.005103884886524214
-0.005779369328574783
-0.014017628743845772
0.0021390861947193384
-0.007401008581528231
-0.011789705649849283
-0.0036351765140035385
-0.019282277011819695
-0.025746865063456203
-0.005282411648643793
-0.008683037351995784
-0.007818323056744033
-0.015709182864677214
-0.010246242609419509
-0.013582524557002465
-0.015439718981686602
-0.009391602714372813
-0.004183482575288035
-0.007849184546607902
-0.005252262056990658
-0.0135225574093116
0.0021844035654083028
0.0074357146630214845
-0.004608032769750868
-0.008416024001738501
0.0021390861947193384
0.00444273280115298
-0.007826826154265486
-0.0062495370359536345
-0.003596057669830942
-0.01032804585385485
0.0021405725194605404
-0.023502502577332447
-0.019282277011819695
-0.012800340130098715
-0.0020083569045507292
0.0023282818609892623
-0.0005405794223958447
0.00652404423370463
0.004147621492923777
-0.014507205792659841
0.0011895505237728165
-0.01032804585385485
-0.005779369328574783
-0.008568452689948184
0.013490736260863938
-0.0006413837553383331
-0.014927767543133665
-0.005252262056990658
-0.005779369328574783
0.001973147729675584
-0.006489356072679836
-0.011228527734613969
-0.0025789116157492816
-0.008958895075945418
0.001395206851419681
-0.004866897932876514
-0.0005405794223958447
