0.00529551932914968
-0.002767405479358671
-0.004505247669010854
-0.0028427389741086115
-0.0090382689953984
-0.005018766003731863
-0.004681711355360644
-0.0011094830424250158
-0.0010501390281152764
-0.004681711355360644
0.0008764151643179304
-0.0090382689953984
-0.002767405479358671
-0.007590975943712817
-0.00044726903269720126
-0.0010501390281152764
0.005757467348633282
-0.004383459827861448
-0.004681711355360644
-0.00317016362299366
-0.0011094830424250158
-0.0090382689953984
-0.003793853464882168
0.0035128295357832818
-0.00697327293158853
-0.0090382689953984
0.0008764151643179304
0.002700121048733151
-0.002767405479358671
-0.003759385626724655
-0.002126178738773473
-0.0005372573718299894
-0.007590975943712817
-0.005018766003731863
-0.0037686863118636922
-0.0090382689953984
-0.0037686863118636922
-0.00697327293158853
-0.003793853464882168
-0.01433236310470109
0.005757467348633282
0.00529551932914968
0.004406243732618334
-0.004681711355360644
0.00529551932914968
-0.005018766003731863
-0.00317016362299366
-0.00044726903269720126
-0.00044726903269720126
-0.0012521931529645652
-0.0005372573718299894
-0.01433236310470109
-0.0037686863118636922
0.002700121048733151
0.00529551932914968
0.002700121048733151
-0.002126178738773473
-0.002126178738773473
-0.00044726903269720126
-0.002126178738773473
-0.007590975943712817
0.0035797608815383414
-0.00317016362299366
0.004406243732618334
-0.00697327293158853
-0.0012521931529645652
-0.0028427389741086115
-0.01433236310470109
-0.003793853464882168
-0.0005372573718299894
-0.0037686863118636922
0.00529551932914968
-0.005018766003731863
-0.004383459827861448
0.00529551932914968
-0.007590975943712817
-0.0028427389741086115
0.005757467348633282
-0.004383459827861448
-0.0090382689953984
-0.01433236310470109
-0.0090382689953984
-0.01433236310470109
-0.004505247669010854
-0.0011094830424250158
-0.004505247669010854
0.0008764151643179304
-0.003793853464882168
0.0035797608815383414
0.004406243732618334
0.0008764151643179304
-0.0090382689953984
-0.00044726903269720126
0.0035797608815383414
-0.0003766696936233008
-0.00697327293158853
-0.004383459827861448
-0.004505247669010854
-0.00697327293158853
-0.0028427389741086115
0.0035797608815383414
-0.003759385626724655
0.004406243732618334
-0.005018766003731863
0.005757467348633282
-0.0037686863118636922
-0.0011094830424250158
-0.0005372573718299894
0.00529551932914968
-0.00317016362299366
-0.0037686863118636922
-0.0010501390281152764
0.0035128295357832818
0.0035128295357832818
0.0035797608815383414
-0.00317016362299366
-0.0028427389741086115
-0.004505247669010854
0.0035797608815383414
-0.0090382689953984
-0.0028427389741086115
0.005757467348633282
-0.004383459827861448
-0.0005372573718299894
-0.00317016362299366
-0.005018766003731863
-0.0005372573718299894
0.0035797608815383414
-0.004383459827861448
-0.0028427389741086115
-0.0090382689953984
-0.0011094830424250158
-0.003759385626724655
-0.00317016362299366
-0.0012521931529645652
-0.0090382689953984
-0.01433236310470109
-0.004383459827861448
-0.003759385626724655
0.002700121048733151
-0.003759385626724655
-0.0003766696936233008
0.005757467348633282
-0.01433236310470109
0.0008764151643179304
0.0035128295357832818
-0.0037686863118636922
-0.005018766003731863
-0.0005372573718299894
0.002700121048733151
-0.00044726903269720126
0.004406243732618334
-0.0037686863118636922
0.00529551932914968
-0.0003766696936233008
-0.003793853464882168
-0.004505247669010854
-0.0003766696936233008
-0.0028427389741086115
0.002700121048733151
0.0035128295357832818
0.004406243732618334
-0.002126178738773473
-0.005018766003731863
0.0035128295357832818
0.002700121048733151
-0.004505247669010854
-0.007590975943712817
-0.0011094830424250158
-0.002126178738773473
-0.00697327293158853
-0.0011094830424250158
-0.0028427389741086115
-0.003793853464882168
0.004406243732618334
-0.00317016362299366
0.0035128295357832818
-0.005018766003731863
-0.004505247669010854
-0.0090382689953984
0.002700121048733151
0.00529551932914968
0.0035128295357832818
-0.002126178738773473
-0.01433236310470109
0.0008764151643179304
-0.003759385626724655
-0.004681711355360644
0.0035128295357832818
0.0035128295357832818
-0.0005372573718299894
0.0035797608815383414
-0.0028427389741086115
0.0035797608815383414
-0.004505247669010854
-0.0011094830424250158
-0.00317016362299366
-0.004681711355360644
-0.0090382689953984
-0.0090382689953984
-0.01433236310470109
-0.0012521931529645652
0.005757467348633282
0.00529551932914968
0.0008764151643179304
-0.0028427389741086115
-0.0003766696936233008
-0.0028427389741086115
-0.0028427389741086115
0.00529551932914968
-0.003759385626724655
-0.004681711355360644
0.005757467348633282
-0.002767405479358671
0.0008764151643179304
0.002700121048733151
-0.004505247669010854
0.005757467348633282
-0.0012521931529645652
-0.003793853464882168
0.002700121048733151
-0.0037686863118636922
-0.002126178738773473
-0.00697327293158853
0.0035128295357832818
-0.007590975943712817
-0.0028427389741086115
-0.007590975943712817
-0.003793853464882168
-0.002126178738773473
0.0035797608815383414
-0.005018766003731863
-0.002126178738773473
-0.0028427389741086115
0.004406243732618334
-0.0028427389741086115
-0.00044726903269720126
-0.0028427389741086115
0.0008764151643179304
-0.0003766696936233008
-0.004681711355360644
-0.0005372573718299894
-0.003759385626724655
-0.004505247669010854
-0.0028427389741086115
-0.0003766696936233008
0.004406243732618334
-0.0028427389741086115
0.004406243732618334
0.005757467348633282
0.0035128295357832818
-0.01433236310470109
-0.0010501390281152764
-0.0011094830424250158
-0.0090382689953984
-0.00317016362299366
0.004406243732618334
-0.004681711355360644
-0.007590975943712817
-0.00317016362299366
0.00529551932914968
-0.00697327293158853
-0.005018766003731863
0.002700121048733151
0.00529551932914968
-0.004681711355360644
-0.0005372573718299894
0.0035797608815383414
0.002700121048733151
0.002700121048733151
-0.004383459827861448
0.004406243732618334
-0.0012521931529645652
0.002700121048733151
-0.004505247669010854
-0.0037686863118636922
0.002700121048733151
-0.002126178738773473
-0.00317016362299366
0.0008764151643179304
-0.01433236310470109
0.00529551932914968
-0.00317016362299366
-0.004383459827861448
-0.0005372573718299894
-0.0090382689953984
-0.007590975943712817
-0.004505247669010854
-0.0011094830424250158
-0.005018766003731863
-0.003759385626724655
-0.002767405479358671
0.002700121048733151
-0.002126178738773473
-0.0037686863118636922
-0.004681711355360644
0.004406243732618334
-0.00044726903269720126
0.0008764151643179304
0.00529551932914968
0.0008764151643179304
0.005757467348633282
-0.0010501390281152764
0.0035128295357832818
-0.007590975943712817
0.005757467348633282
-0.004505247669010854
-0.005018766003731863
-0.01433236310470109
0.005757467348633282
-0.01433236310470109
-0.004383459827861448
0.0008764151643179304
0.0035128295357832818
0.0008764151643179304
-0.0012521931529645652
-0.007590975943712817
-0.0012521931529645652
-0.004505247669010854
-0.0037686863118636922
-0.0011094830424250158
-0.0037686863118636922
-0.004505247669010854
-0.00317016362299366
-0.0003766696936233008
-0.003793853464882168
-0.004505247669010854
0.002700121048733151
-0.0010501390281152764
-0.007590975943712817
-0.004383459827861448
0.005757467348633282
0.0035797608815383414
0.0035797608815383414
-0.002126178738773473
0.0008764151643179304
-0.0012521931529645652
-0.0012521931529645652
0.002700121048733151
-0.00044726903269720126
-0.0011094830424250158
-0.0005372573718299894
-0.002767405479358671
0.00529551932914968
0.0035128295357832818
-0.003793853464882168
-0.00697327293158853
-0.0003766696936233008
-0.00697327293158853
-0.0012521931529645652
-0.01433236310470109
0.0035128295357832818
-0.0005372573718299894
-0.004505247669010854
-0.00697327293158853
-0.0012521931529645652
0.0035128295357832818
-0.007590975943712817
-0.004383459827861448
0.0008764151643179304
-0.0037686863118636922
-0.007590975943712817
-0.0028427389741086115
-0.0005372573718299894
-0.003759385626724655
-0.0037686863118636922
-0.007590975943712817
-0.01433236310470109
-0.004681711355360644
-0.004681711355360644
0.0008764151643179304
-0.003759385626724655
-0.003759385626724655
-0.0011094830424250158
-0.00317016362299366
-0.0011094830424250158
-0.0012521931529645652
0.004406243732618334
-0.003793853464882168
-0.0090382689953984
0.00529551932914968
-0.0010501390281152764
-0.003759385626724655
-0.004681711355360644
-0.003759385626724655
0.0035797608815383414
-0.004383459827861448
-0.007590975943712817
-0.0005372573718299894
-0.00044726903269720126
-0.004681711355360644
-0.004505247669010854
-0.0011094830424250158
-0.004383459827861448
-0.003793853464882168
0.002700121048733151
-0.01433236310470109
-0.004505247669010854
-0.01433236310470109
-0.0003766696936233008
0.0035128295357832818
0.002700121048733151
-0.00317016362299366
-0.00044726903269720126
-0.0011094830424250158
0.0035128295357832818
-0.003759385626724655
-0.003793853464882168
0.0008764151643179304
-0.0010501390281152764
0.00529551932914968
-0.0012521931529645652
-0.002767405479358671
-0.004505247669010854
-0.0011094830424250158
-0.01433236310470109
-0.0003766696936233008
0.0035128295357832818
-0.004505247669010854
-0.004505247669010854
-0.00317016362299366
-0.0003766696936233008
0.0008764151643179304
-0.007590975943712817
0.004406243732618334
0.0035128295357832818
-0.00044726903269720126
0.0035128295357832818
-0.0010501390281152764
-0.002126178738773473
0.005757467348633282
-0.004681711355360644
0.0035128295357832818
-0.0011094830424250158
-0.0003766696936233008
-0.002126178738773473
-0.00697327293158853
0.0008764151643179304
0.005757467348633282
-0.00697327293158853
0.002700121048733151
-0.0037686863118636922
-0.0005372573718299894
-0.002767405479358671
0.0035128295357832818
-0.00317016362299366
0.00529551932914968
-0.003759385626724655
-0.002767405479358671
-0.007590975943712817
0.0035797608815383414
-0.0090382689953984
-0.00317016362299366
0.0035797608815383414
-0.004681711355360644
-0.0010501390281152764
0.00529551932914968
0.0008764151643179304
-0.007590975943712817
-0.0028427389741086115
-0.0010501390281152764
-0.00044726903269720126
-0.0003766696936233008
0.005757467348633282
-0.003793853464882168
0.002700121048733151
0.004406243732618334
-0.0028427389741086115
-0.0028427389741086115
-0.004681711355360644
-0.004383459827861448
0.005757467348633282
0.0035128295357832818
-0.003759385626724655
-0.002126178738773473
-0.0028427389741086115
0.0035797608815383414
-0.01433236310470109
-0.0037686863118636922
0.0035128295357832818
-0.0005372573718299894
0.0035128295357832818
0.0035128295357832818
-0.0012521931529645652
0.002700121048733151
0.0035797608815383414
-0.004505247669010854
-0.002126178738773473
-0.007590975943712817
-0.0028427389741086115
-0.007590975943712817
-0.003793853464882168
-0.00317016362299366
-0.002767405479358671
-0.003759385626724655
-0.007590975943712817
-0.0037686863118636922
-0.004681711355360644
-0.0011094830424250158
0.0008764151643179304
-0.0011094830424250158
0.0035797608815383414
0.004406243732618334
-0.0011094830424250158
-0.004383459827861448
0.002700121048733151
0.005757467348633282
-0.0003766696936233008
0.0008764151643179304
0.00529551932914968
-0.0028427389741086115
-0.007590975943712817
0.0035797608815383414
0.0035128295357832818
-0.00317016362299366
0.0035128295357832818
-0.00697327293158853
-0.004505247669010854
0.00529551932914968
0.005757467348633282
-0.0010501390281152764
0.0035128295357832818
-0.0011094830424250158
-0.002767405479358671
-0.007590975943712817
-0.004681711355360644
-0.0010501390281152764
-0.003793853464882168
-0.00317016362299366
-0.0005372573718299894
0.002700121048733151
-0.0012521931529645652
0.0035128295357832818
-0.005018766003731863
0.0035797608815383414
-0.0037686863118636922
-0.00697327293158853
-0.01433236310470109
-0.003793853464882168
0.0008764151643179304
-0.0037686863118636922
-0.00697327293158853
-0.0090382689953984
-0.0003766696936233008
0.0008764151643179304
0.004406243732618334
0.0035797608815383414
-0.0010501390281152764
-0.0090382689953984
-0.003793853464882168
-0.004681711355360644
0.0035128295357832818
-0.0003766696936233008
0.002700121048733151
-0.0005372573718299894
-0.004383459827861448
-0.0005372573718299894
0.0008764151643179304
0.005757467348633282
0.00529551932914968
-0.004383459827861448
0.002700121048733151
0.0035128295357832818
-0.0090382689953984
-0.004383459827861448
-0.004505247669010854
-0.0012521931529645652
-0.003793853464882168
-0.0005372573718299894
-0.007590975943712817
0.0008764151643179304
0.004406243732618334
-0.0003766696936233008
-0.01433236310470109
0.00529551932914968
-0.002126178738773473
-0.003759385626724655
-0.004383459827861448
0.0008764151643179304
-0.004383459827861448
-0.002767405479358671
0.0035128295357832818
0.0035128295357832818
-0.003759385626724655
-0.0010501390281152764
-0.01433236310470109
-0.003793853464882168
-0.0011094830424250158
-0.0011094830424250158
-0.01433236310470109
-0.00044726903269720126
-0.004681711355360644
-0.0028427389741086115
0.002700121048733151
-0.0005372573718299894
-0.0012521931529645652
-0.00044726903269720126
-0.004383459827861448
-0.0012521931529645652
-0.00697327293158853
-0.003759385626724655
-0.00044726903269720126
-0.002767405479358671
-0.01433236310470109
-0.00317016362299366
-0.0090382689953984
0.00529551932914968
-0.003759385626724655
-0.0090382689953984
-0.01433236310470109
-0.0012521931529645652
-0.004681711355360644
-0.0005372573718299894
-0.003793853464882168
-0.00697327293158853
-0.005018766003731863
-0.007590975943712817
0.005757467348633282
-0.0003766696936233008
0.002700121048733151
-0.003793853464882168
-0.00317016362299366
-0.002767405479358671
0.0008764151643179304
-0.004505247669010854
0.00529551932914968
-0.004681711355360644
-0.01433236310470109
0.0008764151643179304
-0.0003766696936233008
-0.0028427389741086115
-0.002126178738773473
-0.0090382689953984
0.005757467348633282
-0.01433236310470109
-0.00317016362299366
-0.00317016362299366
0.0008764151643179304
-0.004383459827861448
-0.0011094830424250158
-0.007590975943712817
-0.01433236310470109
-0.0011094830424250158
-0.004383459827861448
0.00529551932914968
-0.0012521931529645652
-0.002767405479358671
0.00529551932914968
0.0008764151643179304
-0.003759385626724655
-0.003759385626724655
-0.0037686863118636922
-0.004681711355360644
-0.004681711355360644
-0.00317016362299366
0.005757467348633282
0.0035797608815383414
-0.003793853464882168
-0.00044726903269720126
-0.0011094830424250158
-0.00697327293158853
0.0008764151643179304
-0.003793853464882168
-0.0011094830424250158
-0.0028427389741086115
-0.00317016362299366
-0.004505247669010854
-0.002126178738773473
-0.0012521931529645652
-0.0090382689953984
-0.00697327293158853
0.005757467348633282
-0.00044726903269720126
-0.00317016362299366
-0.0028427389741086115
0.005757467348633282
-0.0011094830424250158
-0.004383459827861448
-0.0012521931529645652
-0.0037686863118636922
-0.0005372573718299894
0.004406243732618334
-0.0037686863118636922
-0.003759385626724655
-0.004383459827861448
-0.0028427389741086115
-0.002767405479358671
-0.004505247669010854
-0.007590975943712817
0.004406243732618334
-0.00317016362299366
-0.004505247669010854
-0.00044726903269720126
-0.003759385626724655
-0.007590975943712817
-0.004383459827861448
-0.007590975943712817
-0.004505247669010854
-0.0005372573718299894
-0.004505247669010854
-0.004505247669010854
-0.01433236310470109
-0.004383459827861448
0.004406243732618334
-0.0005372573718299894
-0.00044726903269720126
0.004406243732618334
-0.00697327293158853
-0.0037686863118636922
-0.00044726903269720126
-0.004505247669010854
-0.01433236310470109
-0.00317016362299366
-0.0037686863118636922
0.002700121048733151
-0.00317016362299366
0.0035797608815383414
-0.004681711355360644
-0.0010501390281152764
-0.002767405479358671
-0.0037686863118636922
-0.0037686863118636922
0.004406243732618334
-0.00044726903269720126
-0.004505247669010854
0.005757467348633282
-0.004505247669010854
-0.0011094830424250158
-0.002767405479358671
-0.003759385626724655
-0.00044726903269720126
0.004406243732618334
-0.0028427389741086115
-0.003793853464882168
-0.007590975943712817
-0.0003766696936233008
-0.01433236310470109
-0.003793853464882168
-0.007590975943712817
-0.005018766003731863
-0.002767405479358671
0.0008764151643179304
-0.0028427389741086115
0.0008764151643179304
-0.004383459827861448
-0.004505247669010854
-0.0012521931529645652
0.0035128295357832818
0.004406243732618334
-0.0090382689953984
-0.007590975943712817
0.0008764151643179304
-0.0012521931529645652
0.005757467348633282
-0.003793853464882168
-0.0003766696936233008
-0.0028427389741086115
-0.00697327293158853
-0.005018766003731863
0.002700121048733151
-0.0010501390281152764
-0.00044726903269720126
-0.00044726903269720126
-0.00317016362299366
-0.0028427389741086115
0.00529551932914968
-0.0037686863118636922
-0.0090382689953984
-0.004505247669010854
-0.0028427389741086115
-0.00317016362299366
-0.00044726903269720126
-0.0003766696936233008
-0.002767405479358671
-0.0090382689953984
-0.0090382689953984
-0.0012521931529645652
-0.0005372573718299894
-0.005018766003731863
-0.00697327293158853
-0.00697327293158853
-0.0005372573718299894
-0.00044726903269720126
-0.004505247669010854
0.005757467348633282
-0.0003766696936233008
0.002700121048733151
-0.0011094830424250158
-0.0003766696936233008
-0.0003766696936233008
-0.0028427389741086115
-0.0003766696936233008
-0.0090382689953984
-0.0003766696936233008
-0.0005372573718299894
-0.00044726903269720126
-0.0028427389741086115
-0.002767405479358671
0.00529551932914968
0.005757467348633282
0.00529551932914968
-0.0003766696936233008
-0.004505247669010854
-0.0028427389741086115
-0.01433236310470109
-0.003793853464882168
-0.004505247669010854
-0.004681711355360644
-0.01433236310470109
-0.007590975943712817
-0.0005372573718299894
-0.00317016362299366
-0.00317016362299366
-0.004383459827861448
-0.005018766003731863
-0.0003766696936233008
-0.0010501390281152764
-0.0010501390281152764
-0.002126178738773473
-0.00317016362299366
-0.0005372573718299894
-0.0011094830424250158
-0.0011094830424250158
-0.005018766003731863
0.00529551932914968
-0.01433236310470109
0.0035128295357832818
-0.003759385626724655
-0.0037686863118636922
-0.004505247669010854
-0.003793853464882168
-0.004681711355360644
-0.003759385626724655
-0.0011094830424250158
0.005757467348633282
-0.00697327293158853
-0.0037686863118636922
0.0035128295357832818
0.005757467348633282
0.0035128295357832818
-0.004681711355360644
-0.0028427389741086115
-0.003793853464882168
-0.004681711355360644
-0.00044726903269720126
0.002700121048733151
-0.007590975943712817
-0.0090382689953984
-0.0005372573718299894
-0.004383459827861448
-0.005018766003731863
-0.0012521931529645652
0.0035797608815383414
-0.00044726903269720126
0.0035128295357832818
0.0008764151643179304
-0.0010501390281152764
-0.003793853464882168
-0.0028427389741086115
0.005757467348633282
-0.01433236310470109
-0.003759385626724655
-0.0012521931529645652
-0.004505247669010854
-0.004505247669010854
-0.01433236310470109
0.002700121048733151
-0.004383459827861448
-0.00044726903269720126
0.005757467348633282
-0.004681711355360644
-0.0012521931529645652
-0.0028427389741086115
-0.0011094830424250158
-0.0037686863118636922
-0.0011094830424250158
-0.0010501390281152764
-0.0012521931529645652
-0.0005372573718299894
-0.007590975943712817
0.00529551932914968
-0.0003766696936233008
0.00529551932914968
-0.01433236310470109
-0.005018766003731863
-0.0037686863118636922
-0.0011094830424250158
0.005757467348633282
0.00529551932914968
-0.00044726903269720126
-0.005018766003731863
-0.004681711355360644
-0.00697327293158853
-0.00697327293158853
-0.003759385626724655
-0.0028427389741086115
0.0008764151643179304
-0.0012521931529645652
-0.0005372573718299894
-0.0090382689953984
-0.002767405479358671
-0.0037686863118636922
-0.00317016362299366
-0.003759385626724655
-0.0003766696936233008
-0.0037686863118636922
-0.0005372573718299894
-0.00317016362299366
0.005757467348633282
0.00529551932914968
-0.0003766696936233008
-0.0037686863118636922
-0.003759385626724655
0.0008764151643179304
-0.003759385626724655
-0.004383459827861448
-0.002126178738773473
-0.007590975943712817
-0.004681711355360644
-0.0012521931529645652
0.0035128295357832818
-0.0005372573718299894
-0.0037686863118636922
0.005757467348633282
-0.0011094830424250158
0.00529551932914968
-0.0010501390281152764
-0.00697327293158853
-0.0011094830424250158
0.004406243732618334
-0.01433236310470109
0.0008764151643179304
-0.0003766696936233008
-0.005018766003731863
-0.007590975943712817
-0.004505247669010854
0.00529551932914968
-0.01433236310470109
-0.003759385626724655
-0.0005372573718299894
-0.0028427389741086115
-0.0011094830424250158
0.0035797608815383414
-0.002767405479358671
-0.0010501390281152764
0.002700121048733151
0.005757467348633282
0.002700121048733151
0.005757467348633282
-0.007590975943712817
-0.00044726903269720126
-0.0012521931529645652
-0.003793853464882168
0.005757467348633282
-0.0010501390281152764
0.00529551932914968
-0.00697327293158853
-0.0005372573718299894
-0.002767405479358671
-0.0010501390281152764
-0.0037686863118636922
-0.002126178738773473
-0.002126178738773473
0.0035797608815383414
-0.007590975943712817
0.0035797608815383414
0.00529551932914968
-0.002767405479358671
-0.00317016362299366
0.004406243732618334
0.0035797608815383414
0.00529551932914968
-0.0012521931529645652
-0.004681711355360644
0.004406243732618334
-0.004383459827861448
0.0035797608815383414
-0.0010501390281152764
-0.01433236310470109
-0.004505247669010854
0.002700121048733151
-0.00697327293158853
-0.004505247669010854
-0.0012521931529645652
-0.003759385626724655
-0.005018766003731863
-0.004505247669010854
-0.003793853464882168
0.0008764151643179304
-0.005018766003731863
-0.002767405479358671
-0.003759385626724655
-0.003759385626724655
-0.004383459827861448
-0.004505247669010854
-0.0003766696936233008
-0.003793853464882168
0.0035128295357832818
0.0008764151643179304
-0.00044726903269720126
