-0.003260905314266677
-0.0002748672868377139
-0.0002748672868377139
-0.003695524460657728
-0.006104357725117488
-0.005781682217152706
0.007077154939047287
-0.003926616398830718
-0.003695524460657728
-0.0003048273101201028
-0.003607893309174647
-0.005781682217152706
0.00806901940659149
-0.003260905314266677
-0.003926616398830718
-0.003260905314266677
-0.00140690833113407
-0.004330508139391516
-0.005781682217152706
-0.002616370892757031
-0.0009582454739671832
-0.005310014129979793
0.00806901940659149
-0.004385812407967174
-0.006104357725117488
-0.0038553673513860424
-0.0030483652311776703
0.00348023225076425
-0.0008074627486396059
0.00806901940659149
-0.004330508139391516
-0.006104357725117488
-0.0037168424899498066
-0.003695524460657728
-0.0029424981029287254
-0.005781682217152706
-0.0029424981029287254
-0.00426798810077543
0.007077154939047287
-0.003695524460657728
-0.005781682217152706
-0.00426798810077543
-0.0029424981029287254
-0.0002748672868377139
-0.0030483652311776703
-0.0009582454739671832
0.007077154939047287
-0.003926616398830718
-0.002616370892757031
-0.004330508139391516
-0.0008074627486396059
-0.0037168424899498066
-0.002616370892757031
-0.005310014129979793
-0.0028951820702675965
-0.00426798810077543
0.006123707104765343
0.00806901940659149
-0.003926616398830718
-0.0038553673513860424
0.0013620470929164323
-0.0003351820806566325
-0.0009582454739671832
-0.003607893309174647
-0.004330508139391516
0.007077154939047287
-0.003926616398830718
0.00806901940659149
0.006123707104765343
0.0004355152387817076
-0.005781682217152706
-0.005886796596680884
0.006123707104765343
-0.003260905314266677
-0.00426798810077543
0.0013620470929164323
-0.002588052203658981
-0.0009255068784178665
0.0019314057607079786
-0.005310014129979793
-0.0037168424899498066
-0.0009255068784178665
0.0004355152387817076
0.00348023225076425
-0.0009582454739671832
-0.0008074627486396059
-0.0044813269146593
-0.003695524460657728
-0.002588052203658981
-0.0038553673513860424
-0.006104357725117488
0.0015327492274484795
-0.0009582454739671832
-0.0003048273101201028
-0.005781682217152706
-0.0029424981029287254
-0.004385812407967174
-0.004385812407967174
-0.005310014129979793
-0.0028951820702675965
0.007077154939047287
0.00348023225076425
-0.002616370892757031
-0.0029424981029287254
-0.0003351820806566325
-0.0003351820806566325
-0.0037168424899498066
0.0019314057607079786
-0.006104357725117488
-0.005781682217152706
-0.004330508139391516
-0.0003351820806566325
0.0019314057607079786
-0.003695524460657728
-0.002588052203658981
-0.0003351820806566325
-0.0008074627486396059
-0.003607893309174647
-0.0003048273101201028
0.006123707104765343
-0.0031467690726359756
0.007077154939047287
0.0004355152387817076
-0.0008074627486396059
-0.006104357725117488
0.006123707104765343
-0.0029424981029287254
-0.005781682217152706
-0.004385812407967174
0.0013620470929164323
0.006123707104765343
-0.0003351820806566325
-0.003695524460657728
-0.006104357725117488
-0.0009255068784178665
-0.005310014129979793
-0.0033926077861393495
0.007077154939047287
-0.0031467690726359756
-0.0009582454739671832
0.0013620470929164323
0.0015327492274484795
-0.0002748672868377139
0.006123707104765343
-0.0009582454739671832
-0.003607893309174647
-0.003926616398830718
-0.0031467690726359756
-0.00426798810077543
-0.0003351820806566325
0.00806901940659149
-0.0028951820702675965
0.006123707104765343
0.0019314057607079786
-0.0008074627486396059
-0.003260905314266677
-0.004385812407967174
-0.00140690833113407
-0.0009255068784178665
0.0013620470929164323
-0.00140690833113407
-0.005886796596680884
-0.0038553673513860424
-0.0038553673513860424
-0.005781682217152706
-0.0031467690726359756
-0.006104357725117488
-0.0002748672868377139
-0.005781682217152706
-0.0003048273101201028
-0.0028951820702675965
-0.0009255068784178665
-0.006104357725117488
-0.0009255068784178665
-0.00426798810077543
-0.002616370892757031
-0.002616370892757031
-0.005310014129979793
0.007077154939047287
-0.002588052203658981
0.007077154939047287
-0.002588052203658981
-0.0003048273101201028
-0.0003048273101201028
-0.0008074627486396059
-0.005781682217152706
-0.003607893309174647
-0.002616370892757031
-0.003926616398830718
0.006123707104765343
0.0013620470929164323
0.0015327492274484795
-0.003260905314266677
0.0015327492274484795
-0.005781682217152706
-0.00140690833113407
-0.003695524460657728
-0.003260905314266677
-0.003926616398830718
-0.003695524460657728
-0.0009582454739671832
-0.0037168424899498066
-0.0029424981029287254
-0.0009255068784178665
-0.0038553673513860424
0.007077154939047287
-0.0044813269146593
-0.005310014129979793
-0.0028951820702675965
0.007077154939047287
-0.0038553673513860424
-0.005781682217152706
0.0004355152387817076
-0.00426798810077543
-0.0008074627486396059
-0.0008074627486396059
-0.0037168424899498066
-0.003926616398830718
-0.0030483652311776703
0.0019314057607079786
-0.0038553673513860424
-0.004330508139391516
0.007077154939047287
-0.003926616398830718
-0.002616370892757031
-0.005781682217152706
-0.0030483652311776703
-0.0008074627486396059
-0.0044813269146593
-0.0009582454739671832
-0.0009582454739671832
-0.0044813269146593
-0.004385812407967174
-0.003607893309174647
-0.0038553673513860424
-0.004330508139391516
-0.003695524460657728
-0.005781682217152706
-0.006104357725117488
-0.006104357725117488
-0.0028951820702675965
-0.004330508139391516
-0.0009255068784178665
-0.0003048273101201028
-0.003607893309174647
-0.0044813269146593
-0.005886796596680884
-0.0028951820702675965
-0.0038553673513860424
-0.005310014129979793
-0.0002748672868377139
-0.005310014129979793
-0.005886796596680884
-0.0029424981029287254
0.007077154939047287
-0.006104357725117488
-0.004385812407967174
0.0013620470929164323
-0.0029424981029287254
-0.004385812407967174
-0.0003048273101201028
-0.003695524460657728
-0.003260905314266677
-0.0002748672868377139
-0.00140690833113407
-0.0008074627486396059
0.0013620470929164323
0.0015327492274484795
0.0013620470929164323
-0.0003351820806566325
-0.002588052203658981
-0.0033926077861393495
-0.003695524460657728
-0.005310014129979793
-0.004330508139391516
-0.0031467690726359756
-0.003695524460657728
-0.00426798810077543
-0.00140690833113407
-0.005886796596680884
-0.0033926077861393495
-0.002616370892757031
-0.0033926077861393495
-0.0009582454739671832
-0.004385812407967174
-0.004330508139391516
-0.0044813269146593
0.0013620470929164323
-0.0031467690726359756
-0.005886796596680884
-0.003926616398830718
-0.005310014129979793
-0.006104357725117488
-0.0008074627486396059
-0.002616370892757031
0.006123707104765343
-0.005310014129979793
-0.006104357725117488
-0.0002748672868377139
-0.0029424981029287254
-0.005781682217152706
0.007077154939047287
0.006123707104765343
-0.0030483652311776703
-0.0037168424899498066
-0.006104357725117488
-0.004385812407967174
-0.0044813269146593
0.0015327492274484795
0.00806901940659149
-0.00140690833113407
0.00806901940659149
-0.006104357725117488
-0.005781682217152706
-0.0008074627486396059
-0.0009582454739671832
-0.0002748672868377139
-0.005310014129979793
0.00348023225076425
0.006123707104765343
0.0004355152387817076
-0.00426798810077543
0.0004355152387817076
0.007077154939047287
-0.0029424981029287254
-0.0003048273101201028
-0.0030483652311776703
-0.004330508139391516
-0.0029424981029287254
-0.003926616398830718
-0.0009255068784178665
-0.0029424981029287254
0.0013620470929164323
-0.0008074627486396059
-0.00140690833113407
-0.0009582454739671832
-0.005886796596680884
-0.0030483652311776703
0.0019314057607079786
-0.00140690833113407
-0.0037168424899498066
0.00348023225076425
-0.004385812407967174
0.0013620470929164323
-0.0009582454739671832
-0.0037168424899498066
-0.004385812407967174
-0.003607893309174647
-0.00426798810077543
0.0004355152387817076
-0.00140690833113407
-0.002616370892757031
0.007077154939047287
0.0013620470929164323
-0.003260905314266677
-0.0003351820806566325
-0.003260905314266677
-0.0003351820806566325
-0.004330508139391516
-0.003926616398830718
-0.0002748672868377139
-0.006104357725117488
-0.006104357725117488
-0.0002748672868377139
-0.002588052203658981
-0.0029424981029287254
0.0019314057607079786
-0.005886796596680884
-0.0003351820806566325
-0.003926616398830718
-0.0002748672868377139
-0.0033926077861393495
-0.003695524460657728
-0.0009582454739671832
-0.0009255068784178665
-0.002588052203658981
-0.0002748672868377139
-0.002588052203658981
-0.005310014129979793
-0.0009582454739671832
-0.0033926077861393495
-0.0038553673513860424
-0.00140690833113407
0.006123707104765343
-0.0009582454739671832
-0.0037168424899498066
-0.0029424981029287254
-0.002616370892757031
-0.0003351820806566325
-0.0033926077861393495
-0.0031467690726359756
-0.0009255068784178665
-0.0009255068784178665
-0.00426798810077543
-0.0003048273101201028
-0.0009582454739671832
-0.0031467690726359756
0.007077154939047287
-0.0038553673513860424
-0.0009582454739671832
-0.0029424981029287254
-0.005886796596680884
-0.0003048273101201028
0.007077154939047287
-0.004385812407967174
-0.0003048273101201028
0.00806901940659149
0.0019314057607079786
-0.0033926077861393495
-0.0003048273101201028
0.0013620470929164323
-0.0002748672868377139
0.00806901940659149
-0.005886796596680884
-0.0003351820806566325
-0.004385812407967174
-0.004385812407967174
0.00348023225076425
-0.005781682217152706
-0.0037168424899498066
-0.003607893309174647
-0.002588052203658981
-0.0038553673513860424
-0.0033926077861393495
0.0019314057607079786
0.00806901940659149
-0.0031467690726359756
-0.003695524460657728
-0.002616370892757031
-0.0031467690726359756
-0.0044813269146593
0.007077154939047287
-0.0030483652311776703
-0.003607893309174647
0.0019314057607079786
0.0015327492274484795
-0.0002748672868377139
-0.0009582454739671832
-0.005886796596680884
-0.0028951820702675965
-0.0009582454739671832
-0.0003351820806566325
0.0015327492274484795
-0.0037168424899498066
-0.00140690833113407
-0.0003351820806566325
-0.005886796596680884
-0.0038553673513860424
-0.003695524460657728
-0.004330508139391516
-0.0002748672868377139
-0.0038553673513860424
0.0015327492274484795
-0.004330508139391516
-0.0002748672868377139
0.0015327492274484795
-0.003260905314266677
-0.0030483652311776703
-0.0037168424899498066
-0.005310014129979793
-0.004385812407967174
-0.003607893309174647
0.00806901940659149
-0.0009582454739671832
-0.0029424981029287254
-0.0008074627486396059
-0.003260905314266677
0.0015327492274484795
0.00806901940659149
0.0013620470929164323
-0.0008074627486396059
-0.003695524460657728
-0.0009582454739671832
0.00806901940659149
-0.0003048273101201028
-0.0008074627486396059
0.0004355152387817076
-0.004385812407967174
0.006123707104765343
-0.0002748672868377139
-0.0029424981029287254
-0.005886796596680884
0.006123707104765343
-0.006104357725117488
-0.005781682217152706
-0.005310014129979793
-0.003695524460657728
-0.0031467690726359756
-0.00140690833113407
0.006123707104765343
0.0013620470929164323
-0.0003048273101201028
-0.00426798810077543
-0.006104357725117488
0.006123707104765343
-0.004385812407967174
0.006123707104765343
-0.0037168424899498066
-0.00426798810077543
-0.0038553673513860424
-0.003695524460657728
-0.003260905314266677
-0.0009255068784178665
-0.003926616398830718
-0.005886796596680884
-0.005781682217152706
-0.0003351820806566325
-0.0030483652311776703
-0.005781682217152706
0.0004355152387817076
-0.0031467690726359756
-0.004330508139391516
-0.0009582454739671832
0.0015327492274484795
0.0015327492274484795
-0.002588052203658981
0.00806901940659149
-0.0029424981029287254
0.0019314057607079786
-0.0009255068784178665
-0.0031467690726359756
-0.0038553673513860424
-0.003695524460657728
-0.0009582454739671832
-0.0008074627486396059
-0.0003351820806566325
0.007077154939047287
-0.0037168424899498066
-0.005310014129979793
-0.0037168424899498066
-0.0008074627486396059
0.0015327492274484795
0.007077154939047287
-0.003260905314266677
0.006123707104765343
-0.004330508139391516
-0.003607893309174647
0.007077154939047287
-0.0003351820806566325
-0.005781682217152706
-0.005310014129979793
0.00348023225076425
-0.0038553673513860424
-0.005310014129979793
-0.00426798810077543
-0.0009582454739671832
-0.003607893309174647
-0.003607893309174647
-0.00426798810077543
-0.0029424981029287254
0.006123707104765343
-0.003695524460657728
-0.003607893309174647
0.0013620470929164323
-0.0033926077861393495
-0.0002748672868377139
0.0019314057607079786
-0.004330508139391516
-0.0003048273101201028
-0.0009255068784178665
-0.005886796596680884
0.006123707104765343
-0.0031467690726359756
0.0004355152387817076
0.00348023225076425
-0.005781682217152706
-0.0044813269146593
-0.0009255068784178665
0.00806901940659149
-0.002616370892757031
-0.0003048273101201028
-0.0033926077861393495
-0.00426798810077543
-0.0029424981029287254
-0.004330508139391516
-0.0009582454739671832
-0.0030483652311776703
-0.003695524460657728
-0.0044813269146593
0.0004355152387817076
-0.0003351820806566325
-0.0003048273101201028
-0.0003351820806566325
-0.0038553673513860424
-0.00426798810077543
-0.006104357725117488
-0.003695524460657728
-0.0030483652311776703
-0.0002748672868377139
-0.0044813269146593
-0.00426798810077543
-0.002588052203658981
-0.0029424981029287254
-0.0008074627486396059
-0.0002748672868377139
0.00806901940659149
0.00348023225076425
-0.0009255068784178665
-0.004330508139391516
0.00348023225076425
-0.0003351820806566325
0.006123707104765343
-0.0031467690726359756
-0.0038553673513860424
-0.0009255068784178665
0.0015327492274484795
-0.003926616398830718
0.0019314057607079786
-0.0030483652311776703
-0.004385812407967174
-0.005781682217152706
0.006123707104765343
-0.005781682217152706
-0.0031467690726359756
-0.0008074627486396059
-0.005781682217152706
-0.005310014129979793
-0.0031467690726359756
-0.0009255068784178665
-0.0029424981029287254
0.0004355152387817076
-0.0029424981029287254
-0.0003351820806566325
0.0015327492274484795
-0.006104357725117488
-0.005781682217152706
-0.0030483652311776703
-0.0031467690726359756
-0.0038553673513860424
0.0013620470929164323
0.0013620470929164323
-0.003607893309174647
-0.0009255068784178665
-0.0003351820806566325
-0.0033926077861393495
-0.0009582454739671832
-0.0003048273101201028
0.0013620470929164323
-0.005781682217152706
0.0015327492274484795
-0.005310014129979793
-0.002616370892757031
-0.0003351820806566325
0.00806901940659149
-0.0029424981029287254
-0.003695524460657728
-0.0008074627486396059
0.0015327492274484795
-0.0029424981029287254
0.0013620470929164323
0.0015327492274484795
-0.0009255068784178665
0.0013620470929164323
-0.0003351820806566325
0.00348023225076425
-0.0003351820806566325
-0.002588052203658981
-0.0038553673513860424
0.007077154939047287
-0.003607893309174647
-0.0033926077861393495
0.0015327492274484795
-0.0028951820702675965
-0.0030483652311776703
-0.0029424981029287254
-0.0028951820702675965
-0.005886796596680884
0.0015327492274484795
-0.0031467690726359756
-0.002616370892757031
0.006123707104765343
-0.005781682217152706
-0.0028951820702675965
-0.003607893309174647
0.007077154939047287
-0.004330508139391516
-0.0031467690726359756
0.007077154939047287
-0.003607893309174647
-0.0038553673513860424
0.00348023225076425
-0.003607893309174647
-0.003695524460657728
-0.0044813269146593
-0.006104357725117488
-0.0029424981029287254
-0.004385812407967174
-0.00140690833113407
0.00348023225076425
-0.004330508139391516
-0.0028951820702675965
-0.0033926077861393495
0.006123707104765343
-0.0003351820806566325
-0.0037168424899498066
0.0013620470929164323
-0.0028951820702675965
-0.0009255068784178665
-0.00140690833113407
-0.00140690833113407
-0.0009255068784178665
-0.004330508139391516
-0.004330508139391516
0.0013620470929164323
-0.0028951820702675965
-0.0033926077861393495
0.0013620470929164323
-0.0033926077861393495
-0.005886796596680884
-0.002616370892757031
-0.0009582454739671832
0.006123707104765343
0.007077154939047287
0.0013620470929164323
-0.005886796596680884
-0.0009582454739671832
-0.0028951820702675965
-0.0008074627486396059
-0.005781682217152706
-0.0033926077861393495
-0.0031467690726359756
-0.0031467690726359756
-0.0009582454739671832
-0.0030483652311776703
-0.004385812407967174
0.007077154939047287
-0.0038553673513860424
0.006123707104765343
-0.002588052203658981
0.0019314057607079786
0.006123707104765343
-0.002616370892757031
-0.003260905314266677
0.006123707104765343
0.007077154939047287
-0.002588052203658981
-0.002588052203658981
-0.003607893309174647
-0.0038553673513860424
0.00348023225076425
-0.0028951820702675965
0.0015327492274484795
-0.0009255068784178665
-0.0003048273101201028
-0.004330508139391516
0.00806901940659149
0.006123707104765343
-0.0033926077861393495
0.007077154939047287
-0.00140690833113407
-0.0003351820806566325
0.00348023225076425
-0.00426798810077543
0.00348023225076425
-0.0008074627486396059
-0.0003351820806566325
0.0019314057607079786
-0.0044813269146593
-0.0029424981029287254
-0.0028951820702675965
0.0013620470929164323
-0.0002748672868377139
-0.0044813269146593
-0.0009255068784178665
-0.0009582454739671832
0.007077154939047287
-0.004385812407967174
-0.002588052203658981
0.007077154939047287
-0.0029424981029287254
-0.0003048273101201028
0.006123707104765343
-0.005781682217152706
-0.006104357725117488
-0.0029424981029287254
-0.005886796596680884
0.00806901940659149
-0.0037168424899498066
-0.0003351820806566325
-0.003695524460657728
-0.005886796596680884
-0.0009582454739671832
0.00806901940659149
0.007077154939047287
0.0015327492274484795
-0.003260905314266677
-0.0031467690726359756
-0.00426798810077543
-0.0038553673513860424
-0.0008074627486396059
-0.0008074627486396059
0.006123707104765343
-0.0030483652311776703
-0.00426798810077543
0.007077154939047287
-0.004385812407967174
-0.0033926077861393495
-0.0044813269146593
-0.005886796596680884
-0.00426798810077543
-0.00140690833113407
-0.002588052203658981
-0.004330508139391516
-0.004385812407967174
-0.002588052203658981
0.00348023225076425
-0.00426798810077543
-0.0009255068784178665
-0.0030483652311776703
0.00806901940659149
0.007077154939047287
-0.004330508139391516
0.0013620470929164323
-0.003926616398830718
-0.006104357725117488
-0.005310014129979793
0.0019314057607079786
0.0004355152387817076
-0.0033926077861393495
0.00806901940659149
-0.0002748672868377139
0.0015327492274484795
-0.0003048273101201028
-0.003695524460657728
-0.005310014129979793
-0.0009255068784178665
-0.0030483652311776703
-0.006104357725117488
-0.005781682217152706
-0.005886796596680884
-0.0003351820806566325
-0.00140690833113407
-0.003926616398830718
-0.0031467690726359756
-0.003260905314266677
-0.005310014129979793
-0.0003048273101201028
-0.003260905314266677
-0.005310014129979793
-0.0009255068784178665
-0.0044813269146593
-0.00426798810077543
-0.005310014129979793
-0.0003048273101201028
-0.0003351820806566325
-0.0009582454739671832
-0.0002748672868377139
-0.005886796596680884
-0.005310014129979793
-0.004385812407967174
0.0019314057607079786
-0.004385812407967174
-0.004330508139391516
0.006123707104765343
-0.006104357725117488
-0.0003048273101201028
-0.004385812407967174
-0.0038553673513860424
-0.0031467690726359756
0.0013620470929164323
-0.0002748672868377139
-0.005781682217152706
-0.0002748672868377139
-0.005781682217152706
-0.003926616398830718
-0.0003351820806566325
-0.004330508139391516
0.006123707104765343
-0.0009255068784178665
-0.0003351820806566325
-0.005310014129979793
-0.005886796596680884
-0.0029424981029287254
-0.0028951820702675965
-0.003926616398830718
-0.004385812407967174
-0.002588052203658981
-0.003695524460657728
-0.0044813269146593
-0.0003351820806566325
-0.0031467690726359756
-0.005781682217152706
0.007077154939047287
-0.004330508139391516
-0.0028951820702675965
-0.0009582454739671832
-0.0037168424899498066
0.0013620470929164323
-0.0028951820702675965
-0.0028951820702675965
0.0013620470929164323
0.00348023225076425
-0.00426798810077543
-0.004385812407967174
-0.0008074627486396059
-0.0030483652311776703
-0.0029424981029287254
-0.0031467690726359756
-0.0003048273101201028
-0.0038553673513860424
-0.00426798810077543
-0.00426798810077543
-0.005781682217152706
-0.003926616398830718
-0.0037168424899498066
-0.0030483652311776703
-0.005310014129979793
0.0013620470929164323
-0.0044813269146593
-0.0038553673513860424
-0.0030483652311776703
-0.0009582454739671832
-0.0030483652311776703
-0.006104357725117488
0.0013620470929164323
0.006123707104765343
-0.002616370892757031
-0.0008074627486396059
-0.0009255068784178665
-0.005886796596680884
-0.0009255068784178665
0.0019314057607079786
-0.005310014129979793
-0.0030483652311776703
-0.003607893309174647
-0.0009255068784178665
-0.0003351820806566325
-0.0031467690726359756
-0.004385812407967174
-0.0037168424899498066
0.00348023225076425
0.007077154939047287
-0.005310014129979793
-0.005781682217152706
-0.0038553673513860424
-0.003607893309174647
-0.0003351820806566325
-0.005781682217152706
-0.0038553673513860424
-0.005886796596680884
-0.0008074627486396059
-0.0037168424899498066
-0.003260905314266677
-0.0028951820702675965
-0.005886796596680884
0.00806901940659149
-0.005886796596680884
-0.00426798810077543
-0.0003048273101201028
-0.0030483652311776703
-0.0008074627486396059
-0.0002748672868377139
0.00806901940659149
-0.003260905314266677
-0.005781682217152706
-0.002588052203658981
-0.005886796596680884
-0.0003351820806566325
-0.006104357725117488
-0.005781682217152706
-0.003260905314266677
-0.0029424981029287254
-0.0003351820806566325
-0.0028951820702675965
0.007077154939047287
-0.0009582454739671832
-0.0044813269146593
0.00348023225076425
-0.0029424981029287254
-0.002616370892757031
-0.00426798810077543
0.0019314057607079786
-0.004330508139391516
-0.003926616398830718
-0.003607893309174647
-0.0037168424899498066
-0.0028951820702675965
0.00348023225076425
-0.0009582454739671832
-0.002588052203658981
-0.005886796596680884
-0.0033926077861393495
0.00806901940659149
0.0004355152387817076
0.0015327492274484795
-0.0029424981029287254
-0.0038553673513860424
-0.0008074627486396059
-0.002588052203658981
0.0004355152387817076
-0.0030483652311776703
0.0015327492274484795
-0.003260905314266677
-0.0002748672868377139
-0.0031467690726359756
-0.0028951820702675965
-0.0003351820806566325
0.0015327492274484795
-0.0009255068784178665
-0.002616370892757031
