-0.005189042747195394
-0.009247404153064288
-0.015173014266195198
-0.007632313553588964
-0.013635313984029646
0.008371825191851135
-0.005040890274825051
-0.014796678577596135
-0.005040890274825051
-0.012045562815766903
-0.011864256999462013
-0.0015901332165743703
-0.00413209159107874
-0.011223749184088362
-0.007157774646201815
-0.003692507699821532
-0.008847021173939235
-0.0028980953761852126
-0.00561398263238853
-0.007323060293979323
-0.0018020316119353975
-0.009138212407528823
-0.006974747340491792
-0.015173014266195198
-0.00831613492783041
-0.0030518621519283542
-0.0024922260240820043
-0.003436018683102066
-0.0001411301814080553
-0.009106846462964247
-0.005354052119344735
-0.00572347362269112
-0.009415812547050142
-0.002735600439484147
-0.0077874619135350825
-0.004574649330520262
-0.0010426614226587256
0.0021755630209084223
-0.006348386933752115
0.0065614604660592666
-0.00853868657095989
0.005761072770111898
-0.007632313553588964
0.006250646496047349
-0.004630536374745941
-0.012230158805618873
-0.0042134737224818215
0.00149952485125545
-0.020048031940284292
-0.0033347160112597823
-0.006754879919623432
0.0013540083212331033
-0.0071099777053388056
-0.010033004599547597
-0.001376689114104491
-0.015173014266195198
-0.0023620511844785635
-0.010033004599547597
-0.0015901332165743703
-0.01513474513974552
0.0009624235673652015
-0.0010426614226587256
-0.0030518621519283542
0.0021755630209084223
-0.004589306941160101
-0.0034856431430565073
-0.006754879919623432
-0.004132528402014207
-0.0062167032030467214
-0.00327507627163752
-0.00572347362269112
0.0034283776566279246
-0.0071099777053388056
-0.020048031940284292
-0.001376689114104491
-0.007786485861261615
-0.012288994037813474
-0.01310513446821258
-0.015173014266195198
0.003295196269668794
-0.011864256999462013
-0.0030992511324255917
-0.0021666033678791447
-0.006935173184666446
-0.0023634653191240526
-0.0029533703758316183
0.008371825191851135
-0.015631124380591728
-0.009106846462964247
-0.010307384562218363
-0.013439647925913942
-0.0001411301814080553
-0.0028962782981868354
-0.009247404153064288
-0.018030136739415975
-0.007526048679403957
-0.009138212407528823
-0.0018020316119353975
-0.01143421945422763
-0.008510818036974547
-0.011224331916505955
-0.0028980953761852126
-0.018030136739415975
-0.014450909310538721
-0.0033347160112597823
-0.0033347160112597823
-0.011224331916505955
-0.006121738292139936
-0.01143421945422763
-0.004589306941160101
-0.005612610735367501
-0.015631124380591728
0.0065614604660592666
-0.004574649330520262
-0.01332952499622737
-0.0001411301814080553
-0.011748785952204481
-0.00752653601451492
-0.003616645628683876
-0.0005601835536761835
-0.004132528402014207
-0.009247404153064288
-0.001376689114104491
-0.01161125651225472
-0.008290259125258067
-0.005354052119344735
-0.007157774646201815
-0.008290259125258067
-0.0098845887758884
-0.00853868657095989
-0.005214921334344841
0.0004132240137399951
-0.00561398263238853
-0.004804876173878693
-0.00889327893459186
-0.006348386933752115
-0.011864256999462013
-0.0033347160112597823
-0.0018020316119353975
-0.009415812547050142
-0.006297351157532286
-0.017434871606232197
0.0013540083212331033
-0.009106846462964247
-0.0031861448809405884
-0.0068410229094823995
-0.013807162911103224
-0.0077874619135350825
-0.0031408021301571123
0.0004132240137399951
-0.00642691334075934
-0.008847021173939235
-0.0030518621519283542
-0.017434871606232197
-0.003283484550599657
-0.008510818036974547
-0.018403060363293023
-0.0063381333387038654
-0.004630536374745941
-0.009138212407528823
-0.0021666033678791447
-0.003692507699821532
-0.0031408021301571123
-0.010033004599547597
-0.0030518621519283542
-0.0030992511324255917
-0.006754879919623432
-0.005511049437032761
-0.0076933708616884556
-0.009224652157022046
-0.00920133707099499
-0.01161125651225472
-0.012407461725950758
0.0065614604660592666
-0.01332952499622737
-0.0001411301814080553
-0.002279299673562387
-0.004117244331025201
-0.0077874619135350825
-0.00327507627163752
-0.012045562815766903
-0.01332952499622737
-0.0053067036890277934
-0.0023634653191240526
-0.012230158805618873
-0.006348386933752115
-0.004589306941160101
-0.007181560708657146
-0.007323060293979323
0.008371825191851135
-0.006561914568271462
-0.009415812547050142
-0.003283484550599657
-0.005189042747195394
-0.006974747340491792
-0.0076933708616884556
0.008505346154784979
-0.0023873761057577434
-0.007157774646201815
-0.011748785952204481
-0.007157774646201815
-0.0015901332165743703
-0.0076933708616884556
0.005761072770111898
-0.0033347160112597823
-0.0024299724749170665
-0.00889327893459186
-0.0028962782981868354
-0.005324578643385467
-0.009415812547050142
-0.0030992511324255917
-0.008290259125258067
-0.0030992511324255917
-0.015631124380591728
-0.0068410229094823995
-0.006121738292139936
-0.005040890274825051
-0.007006950225581046
-0.011787980174913061
-0.002279299673562387
-0.014796678577596135
-0.009138212407528823
-0.004630536374745941
-0.002735600439484147
-0.0063381333387038654
0.002697368378784753
-0.007157774646201815
-0.009106846462964247
-0.011223749184088362
-0.01332952499622737
-0.0038364899558995277
-0.007786485861261615
-0.0005601835536761835
-0.00529601177137707
-0.013439647925913942
-0.011864256999462013
-0.0023620511844785635
-0.014450909310538721
-0.01130068426895198
-0.007304325364643257
-0.007157774646201815
-0.008243201279157255
-0.0005601835536761835
-0.011864256999462013
-0.00920133707099499
-0.012045562815766903
-0.0068410229094823995
-0.0023873761057577434
-0.00642691334075934
-0.003692507699821532
0.005345161426622642
-0.0024922260240820043
-0.0098845887758884
-0.004117244331025201
-0.017434871606232197
-0.012230158805618873
0.023878853714458356
-0.0068410229094823995
-0.016464922371892746
-0.011748785952204481
-0.0034856431430565073
-0.00413209159107874
0.004685318674424866
-0.014796678577596135
-0.003692507699821532
0.002697368378784753
-0.0030518621519283542
-0.009841840161612814
-0.002735600439484147
-0.004132528402014207
-0.00327507627163752
-0.00413209159107874
-0.0023873761057577434
-0.00920133707099499
-0.007596759161861151
-0.015173014266195198
-0.003616645628683876
-0.0021666033678791447
-0.004804876173878693
-0.014450909310538721
-0.007323060293979323
-0.0018020316119353975
-0.0030518621519283542
0.0013540083212331033
-0.017434871606232197
-0.006348386933752115
-0.011223749184088362
-0.011223749184088362
-0.008290259125258067
-0.011224331916505955
-0.013341002094835856
-0.011787980174913061
-0.0005601835536761835
-0.004402724006934968
0.023878853714458356
-0.014450909310538721
-0.0063381333387038654
-0.001376689114104491
-0.005826962429925522
-0.007304325364643257
-0.01513474513974552
-0.013235906591953069
-0.009247404153064288
-0.011224331916505955
-0.0023620511844785635
-0.007251579646419107
-0.01403066508066053
-0.0023634653191240526
-0.01513474513974552
-0.0031408021301571123
-0.0021666033678791447
-0.014796678577596135
-0.007181560708657146
-0.007323060293979323
-0.004402724006934968
-0.011864256999462013
-0.005826962429925522
0.0065614604660592666
-0.007526048679403957
-0.007323060293979323
-0.018030136739415975
-0.010908428761276725
-0.006930896630482581
-0.013341002094835856
-0.011748785952204481
-0.004729499423555099
0.008505346154784979
-0.004349026973946272
-0.012230158805618873
-0.0071099777053388056
-0.00529601177137707
-0.00572347362269112
-0.013635313984029646
-0.013439647925913942
-0.00642691334075934
-0.01290511254463377
0.008371825191851135
-0.001376689114104491
-0.0062167032030467214
-0.011864256999462013
-0.004574649330520262
-0.007251579646419107
-0.006534198259644773
-0.007632313553588964
0.007300036429726037
-0.004729499423555099
-0.007157774646201815
-0.004831895869366083
0.023878853714458356
-0.0025628413600065577
-0.004402724006934968
-0.02249728641762278
-0.009818940907643157
-0.004132528402014207
-0.008243201279157255
-0.009415812547050142
-0.005511049437032761
-0.009818940907643157
-0.004118284909869578
-0.011864256999462013
-0.004117244331025201
-0.01403066508066053
-0.003616645628683876
0.00149952485125545
-0.004349026973946272
-0.009415812547050142
-0.00327507627163752
0.0013540083212331033
0.006250646496047349
-0.006935173184666446
-0.004831895869366083
-0.0002103314788513914
-0.008510818036974547
-0.005324578643385467
-0.001376689114104491
-0.016464922371892746
-0.008243201279157255
-0.00572347362269112
-2.596683554419274e-06
-0.011224331916505955
-0.008847021173939235
-0.01130068426895198
-0.013439647925913942
-0.005040890274825051
0.0027212728802881786
-0.014796678577596135
-0.004589306941160101
0.0009624235673652015
0.007300036429726037
-0.005511049437032761
-0.007323060293979323
-0.005834454994457074
-0.002735600439484147
0.0009624235673652015
-0.009138212407528823
-0.00831613492783041
-0.0024299724749170665
-0.01143421945422763
-0.005121255769433807
-0.0030992511324255917
-0.009716636412154325
-0.004630536374745941
-0.010033004599547597
-0.005276466223998395
-0.005324578643385467
-0.006121738292139936
-0.004589306941160101
-0.004132528402014207
-0.0018020316119353975
-0.005834454994457074
-0.005189042747195394
-0.004118284909869578
-0.006121738292139936
-0.0018020316119353975
-0.005511049437032761
-0.003616645628683876
-0.004574649330520262
-0.005214921334344841
-0.011200679768112533
-0.013635313984029646
-0.0024922260240820043
-0.007304325364643257
-0.011864256999462013
-0.002525627018081015
-0.0005601835536761835
0.007300036429726037
0.0013540083212331033
-0.006348386933752115
-0.01310513446821258
-0.0024922260240820043
-0.008290259125258067
-0.003283484550599657
-0.01290511254463377
-0.007786485861261615
-0.006121738292139936
-0.010908428761276725
-0.012230158805618873
-0.007006950225581046
-0.0023620511844785635
-0.006710892368248242
-0.005189042747195394
-0.008243201279157255
-0.0020271225385707116
-0.009138212407528823
0.0013540083212331033
-0.0010426614226587256
-0.0023620511844785635
-0.004349026973946272
-0.01290511254463377
-0.00561398263238853
-0.00529601177137707
-0.004132528402014207
-0.004574649330520262
-0.002279299673562387
-0.01161125651225472
-0.01403066508066053
-0.0031861448809405884
-0.008243201279157255
-0.013341002094835856
-0.009841840161612814
-0.0025628413600065577
-0.00327507627163752
-0.005834454994457074
-0.0002731159761538267
-0.004831895869366083
-0.004349026973946272
-0.01143421945422763
-0.007786485861261615
0.0034283776566279246
-0.01332952499622737
-0.0032023313936128273
-0.01161125651225472
-0.00920133707099499
-0.007181560708657146
-0.011787980174913061
-0.0020271225385707116
-0.018403060363293023
-0.005276466223998395
-0.006297351157532286
-0.004349026973946272
-0.004181929043678354
0.0065614604660592666
-0.00413209159107874
-0.005189042747195394
-0.006935173184666446
-0.0028980953761852126
-0.0002103314788513914
-0.01290511254463377
-0.0023620511844785635
-0.006121738292139936
-0.0062167032030467214
-0.0002103314788513914
-0.008243201279157255
0.0009624235673652015
-0.00327507627163752
-0.006974747340491792
-0.01403066508066053
-0.005612610735367501
-2.596683554419274e-06
-0.005214921334344841
-0.00642691334075934
-0.0028980953761852126
-0.0028980953761852126
0.011313985517198607
-0.009841840161612814
-0.014796678577596135
0.008371825191851135
-0.006121738292139936
-0.01161125651225472
-0.00642691334075934
-0.0023873761057577434
-0.0062167032030467214
-0.0030992511324255917
-0.0071099777053388056
-0.004729499423555099
-0.003436018683102066
-0.007251579646419107
-0.008243201279157255
-0.002525627018081015
-0.0034856431430565073
-0.016464922371892746
0.023878853714458356
-0.0068410229094823995
0.0004132240137399951
-0.018403060363293023
0.011313985517198607
-0.007304325364643257
-0.012288994037813474
-0.004630536374745941
-0.01130068426895198
-0.007251579646419107
-0.00752653601451492
-0.0077874619135350825
-0.0031408021301571123
0.0013540083212331033
-0.004132528402014207
-0.003436018683102066
-0.005826962429925522
0.004685318674424866
-0.009841840161612814
-0.004402724006934968
-0.012230158805618873
-0.012230158805618873
-0.005324578643385467
-0.005826962429925522
-0.004402724006934968
-0.0023873761057577434
-0.005826962429925522
-0.003283484550599657
-0.005189042747195394
-0.005511049437032761
-0.0042134737224818215
0.011313985517198607
-0.004574649330520262
-0.00572347362269112
-0.008510818036974547
-0.002279299673562387
-0.0034856431430565073
-0.013439647925913942
-0.009106846462964247
-0.007181560708657146
0.00149952485125545
-0.008243201279157255
-0.007526048679403957
0.008371825191851135
-0.0028051824707463775
-0.01130068426895198
-0.0028980953761852126
-0.0033347160112597823
-0.006739329813147976
-0.010950426581441517
-0.0038364899558995277
-0.00853868657095989
-0.02249728641762278
-0.003616645628683876
-0.005612610735367501
0.0021755630209084223
-0.002279299673562387
0.0027212728802881786
-0.0010426614226587256
-0.006739329813147976
-0.0030518621519283542
-0.00752653601451492
-0.010908428761276725
-0.005834454994457074
-0.008290259125258067
-0.0021666033678791447
-0.005354052119344735
0.0027212728802881786
-0.00572347362269112
-0.01403066508066053
0.0065614604660592666
-0.0023634653191240526
-0.007632313553588964
0.008505346154784979
-0.005834454994457074
-0.013341002094835856
-0.005189042747195394
-0.01130068426895198
-0.01332952499622737
-0.0005601835536761835
0.0034283776566279246
-0.004118284909869578
-0.002735600439484147
-0.0042134737224818215
-0.011200679768112533
-0.006754879919623432
-0.007786485861261615
-0.005214921334344841
-0.0024299724749170665
-0.0062167032030467214
-0.0023873761057577434
-0.006561914568271462
-0.0055860272349363355
-0.0001411301814080553
-0.008243201279157255
-0.0020271225385707116
-0.0010426614226587256
-0.00327507627163752
-0.0023634653191240526
0.005761072770111898
-0.011200679768112533
-0.0031408021301571123
-0.012230158805618873
-0.006710892368248242
-0.005040890274825051
-0.010908428761276725
-0.007596759161861151
0.004685318674424866
-0.0031408021301571123
-0.02249728641762278
-0.0042134737224818215
-0.018030136739415975
-0.005826962429925522
-0.006930896630482581
-0.0042134737224818215
-0.0023620511844785635
-0.005276466223998395
-0.015173014266195198
-0.007596759161861151
0.007300036429726037
-0.0033347160112597823
-0.009818940907643157
-0.006739329813147976
-0.0024922260240820043
-0.01161125651225472
-0.0030992511324255917
-0.005121255769433807
-0.013176778797543606
-0.005324578643385467
-0.0062167032030467214
-0.00831613492783041
-0.004402724006934968
-0.00831613492783041
0.0004132240137399951
-0.011748785952204481
-0.0028051824707463775
-0.009818940907643157
-0.00529601177137707
-0.0063381333387038654
-0.015173014266195198
-0.004181929043678354
-0.0071099777053388056
-0.00853868657095989
0.00149952485125545
0.004685318674424866
-0.009415812547050142
-0.005511049437032761
-0.003283484550599657
-0.009415812547050142
-0.013176778797543606
-0.020048031940284292
-0.008290259125258067
0.00149952485125545
-0.011224331916505955
-0.004181929043678354
-0.00642691334075934
0.0004132240137399951
-0.0018020316119353975
-0.0071099777053388056
-0.0062167032030467214
-0.008325523004304843
-0.006710892368248242
-0.001376689114104491
-0.009841840161612814
-0.00413209159107874
-0.002279299673562387
-0.005214921334344841
-0.006121738292139936
-0.0034856431430565073
-0.008847021173939235
-0.004589306941160101
-0.0042134737224818215
-0.004118284909869578
-0.020048031940284292
-0.009138212407528823
-0.006399193749546222
-0.01143421945422763
-0.0028051824707463775
0.0013540083212331033
-0.00853868657095989
-0.007304325364643257
-0.003692507699821532
-0.009841840161612814
-0.007526048679403957
-0.00853868657095989
-0.012407461725950758
-0.008325523004304843
-0.00831613492783041
0.005345161426622642
-2.596683554419274e-06
-0.010950426581441517
0.0027212728802881786
-0.010307384562218363
-0.003616645628683876
-0.00413209159107874
-0.006399193749546222
-0.003616645628683876
-0.01332952499622737
-0.0028962782981868354
-0.004117244331025201
-0.0076933708616884556
-0.0028051824707463775
-0.00889327893459186
-0.005121255769433807
0.0021755630209084223
-0.00572347362269112
-0.005612610735367501
-0.006348386933752115
-0.010908428761276725
-0.002525627018081015
0.005761072770111898
-0.0005601835536761835
-0.003616645628683876
-0.004118284909869578
-0.005189042747195394
-0.012230158805618873
-0.007786485861261615
-0.008325523004304843
-0.007632313553588964
0.003295196269668794
-0.010950426581441517
-0.0018020316119353975
-0.006739329813147976
-0.01143421945422763
-0.00920133707099499
-0.0024299724749170665
-0.013341002094835856
-0.0068410229094823995
-0.003692507699821532
0.00149952485125545
-0.007526048679403957
-0.0020271225385707116
-0.0034856431430565073
-0.009247404153064288
-0.011748785952204481
-0.004132528402014207
-0.007006950225581046
-0.008847021173939235
-0.010908428761276725
-0.0023873761057577434
-0.008847021173939235
-0.005324578643385467
-0.0001411301814080553
-0.0068410229094823995
-0.01403066508066053
-0.0033347160112597823
-0.00413209159107874
0.005761072770111898
-0.010307384562218363
-0.00889327893459186
-0.0071099777053388056
-0.005040890274825051
-0.0021666033678791447
0.002697368378784753
0.005761072770111898
-0.0024922260240820043
-0.006974747340491792
0.0065614604660592666
0.011313985517198607
-0.007304325364643257
-0.0063381333387038654
-0.009841840161612814
-0.004132528402014207
-0.01310513446821258
-0.012045562815766903
-0.015173014266195198
-0.01130068426895198
-0.01332952499622737
-0.009415812547050142
-0.009138212407528823
-0.0030992511324255917
0.023878853714458356
0.023878853714458356
-0.004181929043678354
-0.011748785952204481
-0.012790790714684986
0.0034283776566279246
-0.0001411301814080553
-0.0024299724749170665
-0.01403066508066053
-0.0053067036890277934
-0.013176778797543606
-0.012407461725950758
-0.005276466223998395
0.002697368378784753
-0.007323060293979323
-0.009247404153064288
-0.005612610735367501
-0.0015901332165743703
-0.012790790714684986
-0.006935173184666446
-0.012230158805618873
-0.006974747340491792
-0.004181929043678354
-0.01130068426895198
-0.006739329813147976
-0.004117244331025201
-0.006739329813147976
-0.009716636412154325
-0.005834454994457074
-0.00413209159107874
-0.00889327893459186
-0.0098845887758884
-0.00642691334075934
-0.0063381333387038654
-0.015173014266195198
-0.00327507627163752
0.00149952485125545
-0.0025628413600065577
-0.013176778797543606
-0.020048031940284292
-0.0098845887758884
-0.004117244331025201
-0.01332952499622737
-0.005214921334344841
-0.011787980174913061
-0.0038364899558995277
-0.0002731159761538267
-0.00642691334075934
-0.0025628413600065577
-0.013635313984029646
0.0004132240137399951
-0.01597544083024155
-0.0031861448809405884
-0.0025628413600065577
-0.00572347362269112
-0.007304325364643257
-0.005189042747195394
-0.003616645628683876
-0.009224652157022046
-0.004589306941160101
-0.020048031940284292
-0.006561914568271462
-0.0028051824707463775
-0.013635313984029646
-0.005826962429925522
-0.0010426614226587256
-0.0028962782981868354
-0.0024299724749170665
-0.0028051824707463775
0.0004132240137399951
-0.009716636412154325
-0.007181560708657146
-0.011224331916505955
-0.009415812547050142
-0.0025628413600065577
-0.003436018683102066
-0.006974747340491792
-0.00327507627163752
-0.00889327893459186
-0.0024922260240820043
-0.006348386933752115
-0.01161125651225472
-0.01597544083024155
-0.011200679768112533
-0.007251579646419107
-0.00831613492783041
-0.017434871606232197
-0.01332952499622737
-0.0018020316119353975
-0.01290511254463377
-0.007181560708657146
-0.006121738292139936
-0.01403066508066053
-0.004589306941160101
-0.0002731159761538267
-0.010908428761276725
-0.003616645628683876
-0.006710892368248242
-0.004574649330520262
-0.00920133707099499
-0.0071099777053388056
-0.010033004599547597
-0.0024299724749170665
-0.01332952499622737
-0.002525627018081015
-0.017434871606232197
0.0021755630209084223
-0.008510818036974547
-0.018403060363293023
-0.005276466223998395
-0.002525627018081015
-0.0062167032030467214
-0.006399193749546222
-0.007304325364643257
-0.01143421945422763
-0.013439647925913942
0.008505346154784979
0.0009624235673652015
-0.005354052119344735
-0.003616645628683876
-0.005354052119344735
-0.011200679768112533
-0.005354052119344735
-0.005354052119344735
-0.013439647925913942
-0.003616645628683876
-0.008325523004304843
-0.005834454994457074
-0.004589306941160101
-0.005612610735367501
-0.01597544083024155
-0.0068410229094823995
-0.008847021173939235
-0.0021666033678791447
-0.00413209159107874
-0.013176778797543606
0.0027212728802881786
-0.003616645628683876
-0.020048031940284292
-2.596683554419274e-06
-0.004574649330520262
-0.02249728641762278
-0.006710892368248242
-0.012407461725950758
-0.004349026973946272
-0.007006950225581046
-0.0020271225385707116
-0.0055860272349363355
-0.008290259125258067
-0.0002731159761538267
-0.0010426614226587256
-0.0032023313936128273
-0.009106846462964247
-0.008243201279157255
-0.007526048679403957
-0.004589306941160101
-0.01513474513974552
-0.003692507699821532
-0.003436018683102066
0.007300036429726037
-0.011223749184088362
-0.009138212407528823
-0.0053067036890277934
-0.005826962429925522
-0.004630536374745941
-0.00447619073795803
-0.011787980174913061
-0.009106846462964247
-0.00529601177137707
-0.013635313984029646
-0.014796678577596135
-0.00752653601451492
-0.0002731159761538267
-0.0023620511844785635
-0.002525627018081015
-0.0002731159761538267
0.0013540083212331033
-0.0055860272349363355
-0.0031408021301571123
-0.010033004599547597
0.00149952485125545
0.0004132240137399951
-0.01513474513974552
-0.0018020316119353975
-0.0098845887758884
-0.0028051824707463775
-0.006297351157532286
-0.00529601177137707
-0.013439647925913942
-0.02249728641762278
-0.02249728641762278
-0.006739329813147976
-0.01332952499622737
-0.01403066508066053
-0.003436018683102066
-0.01143421945422763
-0.005354052119344735
-0.009716636412154325
-0.005189042747195394
0.007300036429726037
-0.0020271225385707116
-0.009106846462964247
-0.004402724006934968
-0.002525627018081015
-0.004349026973946272
-0.0005601835536761835
-0.004729499423555099
0.0009624235673652015
