-0.00639554865518994
-0.006301393808513757
0.001658656355722213
-0.00604964527798081
-0.012387028610992536
-0.006651201847428176
-0.0029030994732745846
0.0008248022061178077
-0.0022599360160562684
-0.001439631889774794
-0.012387028610992536
0.001806151950572855
0.001658656355722213
0.00037483063906817396
-0.0009645981290988087
-0.005773877448964753
-0.00740001977308643
-0.004079394798336332
-0.006651201847428176
-0.007294295564404483
-0.004079394798336332
-0.0008560396822533906
-0.004868852155094951
-5.732398389043592e-05
0.00037483063906817396
0.0006002302601663032
-0.004581985388562769
-0.005781538513203821
0.004129039429428188
-0.008603953739404204
-0.00972723261245525
-0.014200764939966427
-0.004363176315723194
-0.001793967605365897
-0.001439631889774794
-0.0047377158510367706
-0.004363176315723194
0.00036564376679728015
-0.00936817796036707
-0.00692115909515578
-0.008121811197743625
-0.0029030994732745846
-0.00874084830306501
-0.0017185521074175349
0.001658656355722213
-0.006654753219489819
-0.002744770194857756
-0.001793967605365897
-0.008603953739404204
-0.005835057049163771
-0.00935715303640351
-0.009522768430008564
0.006938756115325511
-0.00031267414801169224
-0.00258479353625752
-0.0033161428449636756
-0.005473754474651177
-0.0065367452157222665
0.0012496849991654438
-0.006084251196836626
-0.007716779491183186
-0.0014059022479902996
-0.003827448579570854
-0.007061829558992413
-0.0015533799568133093
-0.00936817796036707
-0.005781538513203821
-0.003441845685770583
-0.005407745270111491
0.00036564376679728015
-0.005058921304274123
-0.006301393808513757
-0.00022751872497105664
-0.008295403967490133
-0.001816116327699624
-0.00722875638722474
-0.007302981037293424
-0.01529430119362448
-0.006561917815236063
0.00012418471741794344
-0.0065367452157222665
-0.003516133782876822
-0.011656012482215235
-0.012061229602689424
0.006938756115325511
-0.0039019402728321722
-0.007716779491183186
-0.001439631889774794
-0.0009645981290988087
-0.0008793652447309392
-0.009749228499428612
-0.007240367752710854
-0.002288211372333738
-0.005407745270111491
-0.00695623591844286
-0.007716779491183186
-0.008149073106178906
-0.006401681973152907
-4.787763854319485e-05
-0.001439631889774794
-0.01529430119362448
0.0032669544025524877
-0.015592780409042935
-0.010253452994788848
0.00036564376679728015
-0.00031267414801169224
-0.006561917815236063
-0.008121811197743625
0.00013937469471692716
-0.007620988171633653
-0.005915105254554231
-0.0029030994732745846
0.0006002302601663032
-0.003516133782876822
0.001806151950572855
-0.015592780409042935
-0.0005016662167408668
0.0032669544025524877
0.006938756115325511
-0.0018269002018064628
0.006938756115325511
-0.0039019402728321722
-0.006338369385008567
1.666748822157381e-05
-0.0029030994732745846
-0.005136528480698688
-0.00909428798653294
-0.00639554865518994
-0.007545957756505774
-0.006558474712714071
-0.009749228499428612
0.003727637171216725
-0.009966023972883218
-0.005407745270111491
-0.005773877448964753
-0.005598077428826442
-0.006651201847428176
-0.00909428798653294
0.0019627555381799885
-0.011313552745920384
-0.010253452994788848
-0.00909428798653294
-0.009614630023770075
-0.003441845685770583
-0.004581985388562769
0.003727637171216725
0.0001903294817920926
-0.006340539426118584
-0.002959645867377937
-0.006177040914195812
-0.004363176315723194
-0.013214883904942111
-0.01995705991009641
-0.006340539426118584
-0.01995705991009641
-0.0025378465851052627
-0.007681894615609731
-0.01529430119362448
-0.014200764939966427
-0.004958924080748669
-0.004352165727094959
-0.005835057049163771
-0.004964709518726162
-0.009763702423060489
-0.006651201847428176
-0.009763702423060489
-0.007302981037293424
-0.007716779491183186
-0.007931744407756477
-0.0022599360160562684
-0.002959645867377937
0.00013937469471692716
0.0019627555381799885
-0.0015533799568133093
-0.013214883904942111
0.0010727716893032737
-0.003855394061829271
-0.007294295564404483
-0.003985143643136075
0.003727637171216725
-0.00604964527798081
0.0010727716893032737
-0.005594534980878341
-0.004079394798336332
-0.006537132336862629
-0.015926814211715056
-0.015592780409042935
-0.015926814211715056
-0.0054360069497181186
-0.009603974057883644
0.0006002302601663032
-0.015926814211715056
-0.01166783885588058
-0.004581985388562769
-0.013214883904942111
-0.005915105254554231
-0.008698828706486179
-0.00692115909515578
-0.005645579011138688
-0.0029030994732745846
-0.00740001977308643
0.003727637171216725
-0.006651201847428176
-0.0014196447512675435
-0.0014615099558629495
-0.006301393808513757
-0.003441845685770583
-0.009966023972883218
-0.004363176315723194
0.018919576414125915
0.0012496849991654438
-0.006901652119162192
-0.001793967605365897
-0.00639554865518994
-0.006204250734059803
-0.00874084830306501
0.001806151950572855
-0.006204250734059803
-0.005058921304274123
-0.006901652119162192
-0.009673923115535284
-0.003939521441711687
-0.003441845685770583
-0.001793967605365897
-0.002288211372333738
-0.012774029723328474
-0.003985143643136075
-0.009673923115535284
-0.007931744407756477
-0.013214883904942111
-0.0033161428449636756
-0.005594534980878341
-0.006558474712714071
-0.001439631889774794
-0.0047619499808017685
-0.00936817796036707
-0.0004033898806209657
-0.0065367452157222665
-0.00722875638722474
-0.00258479353625752
-0.0008500442072772505
0.0032669544025524877
-0.003939521441711687
-0.004868852155094951
-0.007545957756505774
-0.002744770194857756
-0.0014196447512675435
-0.008249465242518768
-0.014429800099184658
-0.0015533799568133093
0.00013937469471692716
-0.013931880176565273
-0.006177040914195812
-0.009763702423060489
-0.0025378465851052627
-0.005058921304274123
-0.008413789655477498
-0.0014196447512675435
-0.005136528480698688
-0.0047861945584711345
-0.006651201847428176
-0.01995705991009641
-0.007620988171633653
-0.005598077428826442
0.0010727716893032737
-0.007249818651401552
-0.004887542567369386
-0.00022751872497105664
-0.007249818651401552
-0.003441845685770583
-0.012774029723328474
-0.006401681973152907
-0.015926814211715056
0.0006002302601663032
-0.005594534980878341
-0.00692115909515578
-0.010980660498468046
-0.005735513977279274
-0.0021399863661281555
-0.0047861945584711345
-0.016723348596808196
-0.011656012482215235
-0.004160638826422597
-0.012061229602689424
-0.007117480673275196
-0.016723348596808196
-0.007718761188642985
-0.009673923115535284
-0.005835057049163771
-0.007876906137231745
-0.01529430119362448
-0.005136528480698688
-0.006901652119162192
-0.0047861945584711345
-0.009509802209211493
-0.01166783885588058
-0.004079394798336332
-0.01166783885588058
-0.008121811197743625
-0.003516133782876822
-0.005645579011138688
-0.009522768430008564
-0.013477270979559265
-0.017124854731715388
0.003727637171216725
0.0019627555381799885
-0.003441845685770583
-0.005069403963063192
-0.004581985388562769
-0.0011007984016912808
-0.016723348596808196
-0.0009645981290988087
-0.00031267414801169224
0.004129039429428188
0.003727637171216725
-0.007876906137231745
-0.00909428798653294
-0.014429800099184658
-0.004581985388562769
0.00013937469471692716
-0.007302981037293424
-0.00972723261245525
-0.0018084556667447072
-0.0017185521074175349
-0.014200764939966427
-0.004079394798336332
-0.008698828706486179
-0.005594534980878341
0.006938756115325511
-0.00936817796036707
-0.003827448579570854
-0.00022751872497105664
-0.003855394061829271
-0.005781538513203821
-0.0008560396822533906
-0.007545957756505774
-0.007739910512013814
0.0019627555381799885
-0.008413789655477498
-0.004645454831508151
-0.0014196447512675435
0.00012418471741794344
-0.0005016662167408668
-0.007718761188642985
-0.007294295564404483
-0.01166783885588058
-0.0024259322900850653
-0.0015533799568133093
-0.004887542567369386
-0.0022599360160562684
-0.007620988171633653
-0.0004033898806209657
-0.004868852155094951
-0.005058921304274123
-0.0014059022479902996
-0.008698828706486179
-0.002959645867377937
0.00013937469471692716
0.0010727716893032737
-0.014429800099184658
-0.007249818651401552
0.0012496849991654438
-0.005581961398400435
0.00037483063906817396
-0.004887542567369386
0.0032669544025524877
-0.00692115909515578
-0.007716779491183186
-0.009509802209211493
-0.005735513977279274
-0.007739910512013814
-0.0033161428449636756
-0.0024259322900850653
-0.00639554865518994
-0.00722875638722474
0.00012418471741794344
-0.0065367452157222665
-0.009749228499428612
0.00012418471741794344
-0.002959645867377937
0.006938756115325511
-0.009642647824398408
-0.0015533799568133093
-0.015592780409042935
-0.0011007984016912808
-0.007681894615609731
-0.001439631889774794
-0.0047377158510367706
-0.001793967605365897
0.001806151950572855
-0.003939521441711687
-0.003516133782876822
-0.007718761188642985
-0.011313552745920384
-0.001439631889774794
-0.004887542567369386
-0.005912575125976995
-0.003939521441711687
-0.009642647824398408
-0.006165070974751562
-0.00022751872497105664
-0.005598077428826442
-0.003827448579570854
-0.015926814211715056
-0.00740001977308643
0.0008248022061178077
0.0012496849991654438
-0.007931744407756477
-0.008698828706486179
-0.008603953739404204
-0.0065367452157222665
-0.009509802209211493
-0.007249818651401552
-0.008249465242518768
-0.00936817796036707
-0.005136528480698688
-0.007876906137231745
-0.012061229602689424
-0.00936817796036707
-0.0047861945584711345
-0.005136528480698688
-0.016723348596808196
-0.012774029723328474
0.0006002302601663032
-0.0025378465851052627
-0.013931880176565273
-0.009966023972883218
-0.0005016662167408668
-0.006401681973152907
-0.007249818651401552
-0.0009645981290988087
0.0008248022061178077
-0.008249465242518768
0.0010762017137355953
-0.005835057049163771
1.666748822157381e-05
-0.006338369385008567
-0.004964709518726162
0.0032669544025524877
-0.007931744407756477
-0.004964709518726162
-0.006558474712714071
-0.0047861945584711345
-0.00722875638722474
-0.006401681973152907
-0.008413789655477498
-0.0025378465851052627
-0.008149073106178906
-0.0029030994732745846
-0.0039019402728321722
-0.005773877448964753
-0.003985143643136075
-0.016723348596808196
-0.005069403963063192
-0.013931880176565273
0.001658656355722213
-0.0018269002018064628
-0.001816116327699624
-0.001816116327699624
-0.008149073106178906
-0.009509802209211493
-0.006651201847428176
-0.0007909118467774782
0.001658656355722213
-0.0054360069497181186
0.003727637171216725
-0.0054360069497181186
-0.003516133782876822
-0.013214883904942111
-0.005912575125976995
-0.0008793652447309392
-0.007876906137231745
-0.007294295564404483
-0.00874084830306501
-0.0025378465851052627
-0.0024259322900850653
-0.006654753219489819
-0.00258479353625752
-0.005598077428826442
-0.006177040914195812
-0.007876906137231745
-0.004160638826422597
-0.006654753219489819
-0.005915105254554231
-0.00936817796036707
0.003727637171216725
-0.010980660498468046
-0.003985143643136075
0.00036564376679728015
-0.006340539426118584
-0.005594534980878341
0.001658656355722213
-0.015592780409042935
-0.0015533799568133093
-0.0014196447512675435
-0.001439631889774794
-0.005581961398400435
0.006938756115325511
-0.005069403963063192
-0.008295403967490133
-0.0054360069497181186
-0.004581985388562769
-0.004352165727094959
-0.005136528480698688
-0.009603974057883644
-0.0065367452157222665
0.00037483063906817396
-0.001793967605365897
-0.004868852155094951
-0.009614630023770075
-0.009966023972883218
-0.002744770194857756
-0.005594534980878341
-0.004868852155094951
-0.0017185521074175349
-0.009642647824398408
-0.002744770194857756
0.006938756115325511
0.018919576414125915
-0.006558474712714071
-0.006338369385008567
-0.005473754474651177
-0.005773877448964753
-0.0011007984016912808
-0.008249465242518768
-0.012061229602689424
-0.008295403967490133
0.0012496849991654438
-0.005912575125976995
-0.007249818651401552
-0.007249818651401552
-0.007240367752710854
-0.010253452994788848
-0.001439631889774794
-0.004887542567369386
-0.005835057049163771
-0.0021399863661281555
-0.005473754474651177
-0.006340539426118584
-0.004645454831508151
0.001658656355722213
-0.007249818651401552
0.001806151950572855
-0.0008793652447309392
-0.01166783885588058
-0.007240367752710854
-0.006561917815236063
-0.005912575125976995
-0.008121811197743625
-0.014429800099184658
0.003727637171216725
-0.006558474712714071
-0.0014615099558629495
-0.009763702423060489
-0.0022599360160562684
-0.006301393808513757
1.666748822157381e-05
-0.005069403963063192
-0.00909428798653294
0.00037483063906817396
-0.013477270979559265
-0.0015533799568133093
-0.002288211372333738
-0.008121811197743625
-0.009522768430008564
-0.003827448579570854
-0.00740001977308643
-0.005594534980878341
-0.003985143643136075
0.0008248022061178077
-0.012387028610992536
-0.0039019402728321722
-0.00258479353625752
-0.012061229602689424
-0.0015533799568133093
-0.006340539426118584
-0.029413059265991293
-0.005598077428826442
-0.004973527531034528
-0.004645454831508151
0.00013937469471692716
-0.0017185521074175349
-0.0047377158510367706
-0.001439631889774794
-0.005473754474651177
-0.0021399863661281555
-0.0018269002018064628
-0.011313552745920384
0.019177665894273752
-0.0054360069497181186
-0.010253452994788848
-0.015592780409042935
-0.008249465242518768
-0.0054360069497181186
0.003727637171216725
-0.007240367752710854
-0.004973527531034528
-0.006084251196836626
-0.0065367452157222665
-0.005153887727351531
-0.0054360069497181186
-0.005835057049163771
-0.005058921304274123
-0.0011007984016912808
-0.006651201847428176
0.0032669544025524877
-0.007876906137231745
-0.007302981037293424
-0.005594534980878341
-0.004868852155094951
-0.0065367452157222665
-0.007716779491183186
-0.011313552745920384
-0.007681894615609731
-0.00874084830306501
-0.01995705991009641
-0.005912575125976995
-0.005058921304274123
-0.005407745270111491
-0.006084251196836626
-0.0008500442072772505
-0.007931744407756477
-0.0021399863661281555
-0.001439631889774794
-0.01166783885588058
-0.005773877448964753
-0.007716779491183186
-0.005912575125976995
-0.009603974057883644
-0.008803644546506352
-0.00258479353625752
0.00037483063906817396
-0.0008500442072772505
-0.004868852155094951
-0.002288211372333738
-0.0047377158510367706
-0.009673923115535284
-0.005915105254554231
-0.006301393808513757
-0.012774029723328474
0.001806151950572855
0.00013937469471692716
-0.005594534980878341
-0.0021399863661281555
-0.0018084556667447072
-0.007718761188642985
-0.006401681973152907
-0.004500331346087265
0.004129039429428188
-0.00722875638722474
-0.005153887727351531
-0.009614630023770075
-0.029413059265991293
-0.012387028610992536
0.00013937469471692716
-0.005581961398400435
0.018919576414125915
-0.0014615099558629495
-0.003855394061829271
-4.787763854319485e-05
-0.003827448579570854
-0.006537132336862629
-0.008803644546506352
-0.005581961398400435
-0.029413059265991293
-0.005915105254554231
-0.006558474712714071
-0.008803644546506352
0.00012418471741794344
-0.015926814211715056
-0.00022751872497105664
-0.007249818651401552
-0.003441845685770583
-0.007302981037293424
-0.008295403967490133
-0.0018269002018064628
-0.011656012482215235
-0.004887542567369386
-0.015926814211715056
-0.013931880176565273
-0.006651201847428176
-0.008121811197743625
-0.009522768430008564
-0.008295403967490133
0.00013937469471692716
-0.011656012482215235
-0.009522768430008564
-0.001439631889774794
-0.005058921304274123
-0.008413789655477498
0.001658656355722213
-0.004964709518726162
-0.014200764939966427
0.0001903294817920926
-0.009966023972883218
-0.00604964527798081
-0.029413059265991293
-0.005581961398400435
-0.009522768430008564
0.0001903294817920926
-0.00022751872497105664
-0.002288211372333738
-0.005912575125976995
-0.004887542567369386
-0.00874084830306501
-0.0008500442072772505
-0.005645579011138688
0.0001903294817920926
-0.007249818651401552
-0.004958924080748669
-0.011656012482215235
0.00037483063906817396
-0.00936817796036707
-0.006165070974751562
-0.00972723261245525
-0.008413789655477498
-0.02030818365741886
-0.002288211372333738
-0.01166783885588058
-0.0015533799568133093
-0.008249465242518768
-0.003827448579570854
-0.0047861945584711345
-0.003939521441711687
-0.0017185521074175349
-0.0005016662167408668
0.0019627555381799885
-0.0008500442072772505
-0.00639554865518994
0.0012496849991654438
-0.004958924080748669
-0.014429800099184658
-0.0004033898806209657
-0.004645454831508151
-0.008249465242518768
0.0006002302601663032
-0.00639554865518994
-0.0014059022479902996
-0.008121811197743625
0.006938756115325511
-0.004645454831508151
-0.005581961398400435
-0.005735513977279274
-0.004500331346087265
-0.006654753219489819
-0.008803644546506352
-0.014200764939966427
0.0010727716893032737
-0.003855394061829271
-0.012774029723328474
-0.0033161428449636756
-0.005835057049163771
-0.01166783885588058
-0.010980660498468046
-0.004868852155094951
-0.006301393808513757
-0.00695623591844286
-0.014200764939966427
-0.008413789655477498
-0.0008560396822533906
-0.015592780409042935
-0.005136528480698688
-0.0054360069497181186
-0.009522768430008564
-0.0047861945584711345
-0.003985143643136075
-0.00935715303640351
-0.004079394798336332
-0.0014196447512675435
-0.004868852155094951
-0.005069403963063192
-0.009509802209211493
-0.0014059022479902996
-0.0022599360160562684
-0.007931744407756477
-0.0008793652447309392
-0.0014059022479902996
-0.0033161428449636756
0.004129039429428188
-0.003516133782876822
0.00037483063906817396
-0.0011007984016912808
-0.0018269002018064628
-0.029413059265991293
0.0032669544025524877
-0.005645579011138688
-0.0008793652447309392
-0.012387028610992536
-0.007716779491183186
-0.01995705991009641
-0.005773877448964753
-0.0021399863661281555
-0.0047377158510367706
-0.012387028610992536
-0.008698828706486179
-0.008413789655477498
-0.009614630023770075
-0.013214883904942111
-0.006338369385008567
-0.0018269002018064628
-0.007117480673275196
0.00013937469471692716
-0.004958924080748669
-0.00972723261245525
-0.004964709518726162
-0.005407745270111491
-0.0060805595898702465
0.019177665894273752
-0.002288211372333738
-0.006301393808513757
0.00036564376679728015
-0.00740001977308643
-0.008249465242518768
-0.004160638826422597
-0.004964709518726162
-0.005153887727351531
-0.00695623591844286
-0.007117480673275196
-0.002288211372333738
-0.005735513977279274
-5.732398389043592e-05
-0.007240367752710854
-0.006401681973152907
-0.005598077428826442
-0.007249818651401552
-0.00604964527798081
-0.005407745270111491
-0.009614630023770075
-0.011313552745920384
-0.0024259322900850653
-0.009966023972883218
-0.003939521441711687
-0.007620988171633653
-0.0039019402728321722
-0.01529430119362448
-0.013214883904942111
-0.004500331346087265
-0.007716779491183186
-0.003827448579570854
0.00037483063906817396
-0.006165070974751562
0.0001903294817920926
-0.0065367452157222665
-0.004964709518726162
1.666748822157381e-05
-0.008121811197743625
-0.007931744407756477
0.00013937469471692716
0.001658656355722213
-0.011313552745920384
-0.007240367752710854
-0.009763702423060489
-0.00740001977308643
-0.002744770194857756
-0.0039019402728321722
-0.006204250734059803
-0.006204250734059803
-0.009763702423060489
-0.007294295564404483
-0.005058921304274123
-0.0065367452157222665
0.018919576414125915
-0.0025378465851052627
-0.005735513977279274
-0.005136528480698688
-0.006654753219489819
-0.007294295564404483
0.00012418471741794344
-0.005473754474651177
-0.006537132336862629
-0.005835057049163771
-0.010253452994788848
-0.006651201847428176
-0.0008560396822533906
-0.003516133782876822
0.0010727716893032737
-0.001816116327699624
-0.0024259322900850653
-0.0014196447512675435
-0.006651201847428176
-5.732398389043592e-05
-0.007931744407756477
-0.00722875638722474
-0.00639554865518994
-0.0054360069497181186
-0.007681894615609731
-0.007294295564404483
-0.0039019402728321722
0.0032669544025524877
-0.0004033898806209657
-0.005735513977279274
-0.00604964527798081
-0.0047619499808017685
-0.02030818365741886
-0.005058921304274123
-0.015926814211715056
-0.006301393808513757
-0.0008793652447309392
-5.732398389043592e-05
-0.005835057049163771
-0.006204250734059803
-0.003985143643136075
-0.008121811197743625
-0.00909428798653294
-0.015592780409042935
0.019177665894273752
-0.005473754474651177
-0.0047619499808017685
-0.008121811197743625
-0.007061829558992413
-0.010253452994788848
-0.005407745270111491
-0.0015533799568133093
-0.005781538513203821
0.0032669544025524877
0.0032669544025524877
-0.007739910512013814
-0.013214883904942111
0.00037483063906817396
-0.0018269002018064628
-0.0017185521074175349
-0.005598077428826442
-0.00639554865518994
-0.007718761188642985
-0.011656012482215235
-0.004363176315723194
-0.0014615099558629495
-0.0047377158510367706
-0.006338369385008567
-0.004973527531034528
-0.003441845685770583
-0.004973527531034528
-0.001793967605365897
-0.00722875638722474
-0.005598077428826442
-0.005645579011138688
-0.011313552745920384
-0.0022599360160562684
-0.001439631889774794
-0.007681894615609731
-0.014429800099184658
-0.0029030994732745846
-0.0008793652447309392
-0.005407745270111491
-0.014200764939966427
-0.005058921304274123
-0.009763702423060489
0.0001903294817920926
-0.0008500442072772505
-0.008698828706486179
-0.0054360069497181186
-0.006177040914195812
-0.0007909118467774782
-0.008803644546506352
-0.0024259322900850653
-0.0014196447512675435
-0.005153887727351531
-0.0008793652447309392
-0.009522768430008564
-0.013477270979559265
-0.007061829558992413
-0.009763702423060489
-0.003939521441711687
0.00012418471741794344
-0.00692115909515578
0.003727637171216725
-0.009522768430008564
-0.00740001977308643
-0.008698828706486179
-0.0015533799568133093
-0.0060805595898702465
-0.029413059265991293
-0.0004033898806209657
-0.0017185521074175349
-0.006561917815236063
-0.0011007984016912808
-0.006340539426118584
-0.008413789655477498
-0.009749228499428612
-0.004079394798336332
-0.002959645867377937
0.004129039429428188
-0.00692115909515578
-0.007302981037293424
-5.732398389043592e-05
-0.011656012482215235
-0.007620988171633653
-0.011313552745920384
-0.0047377158510367706
-0.006558474712714071
0.0012496849991654438
-0.013214883904942111
-0.01166783885588058
-0.015926814211715056
0.0010727716893032737
-0.0060805595898702465
-0.006204250734059803
0.006938756115325511
-0.013931880176565273
-0.015592780409042935
