-0.007780892050060397
0.0003117497853130066
0.0001422216701957868
0.0
-0.009176315811377633
-0.0018845746641372
-0.007715471069051426
-0.005304146245917601
-0.008961377988763286
-0.009386377143085602
-0.0004924162224555536
0.001706836591421007
0.014274373925383858
-0.008914162660119563
-0.0026175860206087012
-0.010503813531622287
-0.004740618331075829
-0.005673311691544749
0.00034160909972011155
-0.00620269959034346
-0.010503813531622287
-0.006760908629877624
-8.54632116887412e-05
-0.0004185458345837373
-0.01236215567785516
-0.002963129788205981
-0.0033631886395111862
-0.004212143542494077
0.00040176283921063464
0.00046582270670142916
-0.002963129788205981
-0.000731615600254668
-0.003761077065226557
-0.008961377988763286
-0.001308345051787878
-0.006726618573226904
-0.00010351965130966767
-0.01186862143352632
-0.0004185458345837373
0.0013093448504219822
-0.004494306015552645
-0.00201015291307078
-0.0025763371005444713
0.0015259662115714085
0.010760209059103217
-0.002225298318308075
-0.006214206979004274
0.004261748141631614
-0.003761077065226557
0.005459218781016048
-0.001948471799592426
-0.008961377988763286
-0.009176315811377633
-0.01236215567785516
-0.005219913553507621
0.00034160909972011155
0.0059279817580151955
-0.00012903616901646273
0.0005684957407520745
-0.0038790273703255083
-0.010972917974954184
-0.00012903616901646273
-0.0025763371005444713
-0.01610913808349816
0.0001422216701957868
-0.0017377494626015543
-0.009868751935168526
-0.006068568353055835
-0.011825623316079064
-0.001308345051787878
-0.0008683546832214447
-0.008543483255325
0.0006042675146894029
-0.004902980021647052
-0.004212143542494077
-0.0011234708319113205
-0.001948471799592426
-0.003711124038758103
-0.00938306022958259
-0.004494306015552645
0.00040176283921063464
0.00641423305596749
-0.013824602120799903
-0.008543483255325
-0.004740618331075829
-0.010796277470438698
-0.002904507113391087
-0.00938306022958259
0.014274373925383858
-0.005738176392968852
-0.010503813531622287
-0.005233054807801112
0.008397476763221917
-0.00486908525417974
-0.004908177480477915
-0.007780892050060397
0.00014922902470065763
-0.009386377143085602
-0.007735577417866889
-0.017330149781859445
-0.0011234708319113205
0.008397476763221917
-0.013708801030959075
-0.0019979555523307615
-0.013708801030959075
-0.007235235200080731
-0.01236215567785516
-0.005571623335715985
-0.007235235200080731
-0.0044903858066580055
-0.0014530992935777882
0.0
-0.018314643201738746
-0.01159885597456564
0.0013093448504219822
-0.001572056171718753
-0.018314643201738746
0.004261748141631614
-0.009386377143085602
-0.004740618331075829
-0.009416647025739276
-0.012130137050204099
-0.003245807895409496
-0.002861567709078544
-0.008470555491489524
-0.0022474655847301043
-0.007715471069051426
-0.0033631886395111862
-0.007783746095793791
-0.008914162660119563
-0.004212143542494077
-0.0033139674054052056
-0.003711124038758103
0.0015656846824415745
-0.004475771097343831
-0.0008683546832214447
-0.018314643201738746
0.0015259662115714085
-0.00938306022958259
-0.01159885597456564
-0.0070462336819477256
-0.012116672054650413
-0.00012903616901646273
-0.010965279656500269
-0.006760908629877624
-0.007735577417866889
-0.00011639487657723307
-0.005304146245917601
0.0029176821302847305
-0.001948471799592426
0.0033546945014266668
-0.011664560889422904
-0.0033139674054052056
-0.00047115713119033815
-0.010503813531622287
-0.002861567709078544
-0.0013473404264834623
-0.001948471799592426
0.010760209059103217
-0.01236215567785516
-0.021547324480085256
0.019423839700534243
-0.00012903616901646273
-0.005219913553507621
-0.010972917974954184
-0.0038738274643937832
0.0025458781165637544
-0.0070462336819477256
-0.002864783562544063
-0.007735577417866889
-0.0033631886395111862
-0.016552258347153962
0.0015259662115714085
-0.00731121899650741
-0.005265129800431248
-0.0008504398487402038
-0.0038738274643937832
-0.0089508354641017
-0.003981979424551015
-0.008545669094214801
-0.005673311691544749
-0.005304146245917601
0.0019944033778121688
-0.005304146245917601
-0.006580058104083085
-0.00565093849368042
0.01280088741180954
-0.00010351965130966767
-0.004494306015552645
-0.003997661661040997
-0.0008504398487402038
-0.011471809096483238
-0.0004924162224555536
-0.00012903616901646273
-0.008157842760641727
-0.006726618573226904
0.0059279817580151955
-0.008332515401930612
-0.007715471069051426
-0.005776497152172964
-0.0014530992935777882
0.0006042675146894029
-0.007186116755985014
-0.009176315811377633
-0.0011405264970136765
0.0010226077266988775
-0.00620269959034346
-0.0041478553381261545
-0.00731121899650741
-0.003711124038758103
-0.007235235200080731
-0.01245874019002095
-0.0038738274643937832
-0.008332515401930612
-0.007735577417866889
-0.005219913553507621
0.006122609503566636
0.0013093448504219822
-0.005265129800431248
0.0059279817580151955
-0.008545669094214801
-0.006214206979004274
0.0015259662115714085
-0.0070462336819477256
-0.01159885597456564
-0.010503813531622287
-0.008961377988763286
0.00040176283921063464
-0.009386377143085602
0.0059279817580151955
-0.000731615600254668
-0.0068849004320476965
-0.009504091509263464
-0.003711124038758103
-0.004902980021647052
-0.009416647025739276
0.0013093448504219822
-0.0038006900292815856
-0.0022474655847301043
-0.004212143542494077
-0.00620269959034346
-0.008539631270010763
-0.003997661661040997
0.019423839700534243
-0.01186862143352632
0.00641423305596749
0.010684362293314677
-0.009029351318063804
-0.001948471799592426
0.00014922902470065763
0.00014922902470065763
0.006122609503566636
-0.0070462336819477256
-0.00012903616901646273
-0.021547324480085256
0.00034160909972011155
-0.005233054807801112
-0.008157842760641727
-0.01236215567785516
0.004271496373313664
-0.0013473404264834623
-0.007064749029696261
-0.009386377143085602
-0.00459443569291963
-0.018314643201738746
-0.001194118297071255
-0.004407386501235898
-0.01610913808349816
-0.00969731564021295
0.0013093448504219822
-0.0011405264970136765
0.0033546945014266668
-0.004740618331075829
-0.00459443569291963
-0.0043926642788594105
-0.004908177480477915
-0.0044903858066580055
0.003562628112195948
0.0005684957407520745
-0.008332515401930612
0.0033546945014266668
-0.0070462336819477256
-0.00486908525417974
-0.009176315811377633
0.011099107946353121
0.00034160909972011155
-0.0041478553381261545
-0.0044903858066580055
-0.010948839545632682
-0.005571623335715985
-0.0022447581311270137
-0.001948471799592426
-0.0073993136673450016
-0.002963129788205981
-0.012130137050204099
-0.004407386501235898
-0.00047115713119033815
-0.012350275346264745
0.006122609503566636
0.005836805681923984
-0.002963129788205981
-0.0008683546832214447
-0.0024596583711606577
-0.002963129788205981
0.011099107946353121
-0.017330149781859445
-0.00620269959034346
-0.004902980021647052
-0.0033631886395111862
0.00034160909972011155
-0.006214206979004274
-0.00010351965130966767
0.005459218781016048
-0.010948839545632682
-0.007424882884895163
0.0029176821302847305
-0.0044903858066580055
0.003562628112195948
-0.007424882884895163
-0.0033139674054052056
0.000754941100319083
-0.003711124038758103
-0.012116672054650413
-0.0018845746641372
-0.0068849004320476965
-0.007064749029696261
-0.0014530992935777882
-0.008539631270010763
-0.005219913553507621
-0.004999987475001488
-0.01245874019002095
-0.0013473404264834623
-0.002861567709078544
-0.00201015291307078
0.005836805681923984
-0.004740618331075829
0.0059279817580151955
-0.008961377988763286
-0.011825623316079064
-0.004231034558752592
-0.0024596583711606577
-0.0025783333308531144
-0.0026175860206087012
0.0006042675146894029
0.0028497172167681966
0.0013093448504219822
-0.01186862143352632
-0.00486908525417974
-0.0070462336819477256
-0.00500336228156943
-0.0025783333308531144
0.0004295972135090182
-0.009868910433578385
0.010684362293314677
-0.00565093849368042
-0.004212143542494077
-0.0033631886395111862
0.0010226077266988775
-0.006726618573226904
-0.004001284601357453
-0.0068849004320476965
0.000754941100319083
-0.013824602120799903
-0.008543483255325
-0.0013473404264834623
-0.0025783333308531144
-0.0022447581311270137
-0.006068568353055835
0.0006042675146894029
0.0025458781165637544
-8.54632116887412e-05
-0.00731121899650741
-0.013708801030959075
-0.008543483255325
-0.009868910433578385
-0.002861567709078544
-0.0013473404264834623
0.00014922902470065763
-0.0008504398487402038
-0.003761077065226557
-0.010965279656500269
-0.007783746095793791
-0.011664560889422904
-0.008539631270010763
-0.002904507113391087
-0.00201015291307078
-0.005289164018846593
0.005836805681923984
-0.002861567709078544
-0.0025763371005444713
-0.008961377988763286
-0.009218130956730915
-0.009176315811377633
0.0025458781165637544
0.000754941100319083
-0.0026175860206087012
-0.00500336228156943
-0.005304146245917601
-0.007783746095793791
-0.0004924162224555536
-0.0033139674054052056
0.004271496373313664
-0.004212143542494077
-0.005233054807801112
0.010684362293314677
-0.004407386501235898
-0.007064749029696261
-0.004999987475001488
-0.0073993136673450016
-0.009504091509263464
-0.00741518688773206
-0.0026175860206087012
-0.0038738274643937832
-0.002904507113391087
-0.012711273031966123
-0.002861567709078544
-0.007715471069051426
-0.0019979555523307615
-0.0044903858066580055
-0.003997661661040997
-0.004212143542494077
-0.0030711830236122965
-0.021547324480085256
-0.003245807895409496
-0.004902980021647052
-0.012116672054650413
-0.001948471799592426
-0.008157842760641727
-0.007568283243097636
-0.003245807895409496
0.0013093448504219822
0.0013862301322013287
-0.004908177480477915
0.0006042675146894029
0.0003117497853130066
-0.006214206979004274
-0.02343044342254316
0.0013093448504219822
-0.00565093849368042
0.0059279817580151955
0.0019363103502479846
0.00040176283921063464
-0.012350275346264745
-0.005289164018846593
-0.001572056171718753
-0.012116672054650413
-0.008157842760641727
-0.0017358452814038845
0.0015656846824415745
-0.0070462336819477256
0.0015259662115714085
-0.007186116755985014
-0.009868751935168526
0.008397476763221917
-0.0042719281994187015
-0.0025783333308531144
-0.008961377988763286
-0.004475771097343831
-0.005673311691544749
-0.00565093849368042
-0.0056160848587973435
0.0015259662115714085
0.0059279817580151955
0.0013862301322013287
-0.01186862143352632
-0.01159885597456564
0.010760209059103217
0.010684362293314677
-0.0004924162224555536
-0.008914162660119563
-0.0004185458345837373
-0.007715471069051426
-0.005738176392968852
-0.00731121899650741
-0.006726618573226904
-0.007186116755985014
0.000754941100319083
0.010684362293314677
-0.002864783562544063
-0.0038738274643937832
-0.002963129788205981
-0.004231034558752592
-0.00010351965130966767
-0.0024596583711606577
-0.01236215567785516
-0.005233054807801112
-0.003761077065226557
0.0015259662115714085
-0.00500336228156943
-0.0021386048718267216
-0.008961377988763286
0.011099107946353121
-0.005571623335715985
-0.005776497152172964
-0.003981979424551015
0.010423713664041491
-0.004407386501235898
-0.0022474655847301043
-0.0010001587744084945
0.005836805681923984
-0.0038314211971310734
-0.005233054807801112
-0.013708801030959075
-0.005738176392968852
-0.0089508354641017
0.0019944033778121688
0.0015656846824415745
-0.000731615600254668
-0.003981979424551015
-0.007735577417866889
-0.0011234708319113205
-0.0004185458345837373
-0.008961377988763286
-0.003245807895409496
-0.007424882884895163
-0.009176315811377633
-0.00201015291307078
-0.009504091509263464
0.001706836591421007
-0.0017377494626015543
-0.005798247249809962
-0.011664560889422904
-0.017330149781859445
-0.00012903616901646273
-0.0033139674054052056
-0.005738176392968852
-0.010972917974954184
-0.003981979424551015
-0.003711124038758103
0.0005684957407520745
-0.007568283243097636
-0.0042719281994187015
-0.001948471799592426
-0.007780892050060397
0.0005684957407520745
0.00040176283921063464
-0.00010351965130966767
-0.00012903616901646273
-0.010965279656500269
-0.007186116755985014
-0.005289164018846593
0.00034160909972011155
-0.003245807895409496
-0.0010001587744084945
0.0019363103502479846
-0.01245874019002095
-0.002864783562544063
-0.005289164018846593
0.006122609503566636
-0.01245874019002095
-0.0043926642788594105
-0.005571623335715985
-0.002904507113391087
-0.012130137050204099
-0.007064749029696261
0.00641423305596749
0.005836805681923984
-0.005360940907047003
-0.004001284601357453
-0.0056160848587973435
-0.0022474655847301043
-0.0025783333308531144
-0.0011234708319113205
0.0019944033778121688
-0.003711124038758103
-0.0068849004320476965
-0.0026175860206087012
0.0
0.011099107946353121
-0.001194118297071255
-0.0044903858066580055
0.00014922902470065763
-0.0030711830236122965
0.011099107946353121
-0.006760908629877624
-0.017330149781859445
-0.008914162660119563
-0.0056160848587973435
-0.0014530992935777882
-0.0038738274643937832
-0.010796277470438698
-0.01186862143352632
-0.006726618573226904
-0.0022474655847301043
-0.00731121899650741
-0.017330149781859445
-0.009218130956730915
0.00014922902470065763
-0.0022474655847301043
-0.00938306022958259
-0.004231034558752592
-0.010948839545632682
-0.007568283243097636
-0.01245874019002095
0.010684362293314677
0.0005684957407520745
0.019423839700534243
-0.002963129788205981
-0.01236215567785516
-0.009868751935168526
-0.010965279656500269
-0.007715471069051426
-0.0004924162224555536
-0.0022474655847301043
-0.00201015291307078
-0.001572056171718753
-0.00565093849368042
0.0015656846824415745
-0.0025783333308531144
-0.003981979424551015
0.0013093448504219822
0.0001422216701957868
-0.006214206979004274
0.0013093448504219822
0.008397476763221917
-0.00459443569291963
0.01280088741180954
-0.007235235200080731
-0.013824602120799903
-0.006760908629877624
-0.007064749029696261
-0.00047115713119033815
0.00014922902470065763
0.011099107946353121
-0.0030711830236122965
-0.0025763371005444713
0.008397476763221917
-0.005738176392968852
0.006122609503566636
0.01280088741180954
-0.005738176392968852
-0.0024596583711606577
0.008397476763221917
-0.0070462336819477256
-0.00620269959034346
-0.0008683546832214447
-0.005233054807801112
-0.0070462336819477256
-0.0073993136673450016
-0.005360940907047003
0.00641423305596749
-0.004908177480477915
-0.009416647025739276
-0.013824602120799903
0.0001422216701957868
-0.005289164018846593
0.008397476763221917
-0.00201015291307078
-0.004231034558752592
-0.0010001587744084945
-0.0030711830236122965
-0.004407386501235898
0.008397476763221917
-0.005451302078626207
-0.010503813531622287
-0.007783746095793791
-0.0008683546832214447
-0.000731615600254668
-0.0025763371005444713
-0.00741518688773206
-0.005571623335715985
-0.009416647025739276
-0.0011234708319113205
-0.002864783562544063
-0.0025763371005444713
0.0028497172167681966
-0.007235235200080731
-0.004902980021647052
0.004271496373313664
0.0003117497853130066
-0.0026175860206087012
-0.0025783333308531144
0.005836805681923984
-0.008539631270010763
0.008397476763221917
-0.012116672054650413
-0.009029351318063804
-0.0008504398487402038
-0.00620269959034346
-0.00938306022958259
-0.011471809096483238
0.003562628112195948
-0.005451302078626207
-0.0017358452814038845
-0.008539631270010763
-0.0025783333308531144
0.004271496373313664
-0.006760908629877624
0.0019944033778121688
-0.009176315811377633
-0.008157842760641727
-0.009504091509263464
-0.0004185458345837373
-0.010796277470438698
-0.0041478553381261545
0.005836805681923984
-0.0025763371005444713
0.0028497172167681966
0.004261748141631614
-0.013824602120799903
-0.0056160848587973435
-0.0004924162224555536
-0.0073993136673450016
-0.005233054807801112
0.010760209059103217
-0.007186116755985014
-0.00565093849368042
-0.012116672054650413
-0.002963129788205981
0.005459218781016048
-0.004999987475001488
-0.009218130956730915
-0.007424882884895163
-0.009029351318063804
-0.00500336228156943
0.00641423305596749
-0.0038314211971310734
-0.004908177480477915
-0.0014673572067814978
-0.0024596583711606577
0.0001422216701957868
-0.00011639487657723307
0.00046582270670142916
-0.0004924162224555536
-0.006580058104083085
0.0006042675146894029
-0.005673311691544749
0.0015259662115714085
-0.0038006900292815856
-0.00731121899650741
-0.008157842760641727
-0.01159885597456564
-0.0024596583711606577
-0.005289164018846593
-0.00012903616901646273
-0.011825623316079064
0.0003117497853130066
-0.007715471069051426
-0.01236215567785516
-0.00500336228156943
-0.0024596583711606577
-0.0041478553381261545
-0.021547324480085256
-0.007783746095793791
-0.004740618331075829
-0.021547324480085256
-0.005265129800431248
0.0003117497853130066
-0.0056160848587973435
-0.0025783333308531144
-0.0010001587744084945
-0.006214206979004274
-0.002225298318308075
-0.0025783333308531144
-0.007715471069051426
-0.005304146245917601
-0.00486908525417974
-0.00011639487657723307
-0.011664560889422904
-0.00500336228156943
-8.54632116887412e-05
-0.008157842760641727
-0.000731615600254668
0.0019363103502479846
-0.00969731564021295
0.006122609503566636
0.0029176821302847305
-0.012130137050204099
-0.0056160848587973435
-0.01186862143352632
-0.00938306022958259
-0.002225298318308075
0.008397476763221917
0.0013862301322013287
-0.0038314211971310734
-0.01159885597456564
0.0033546945014266668
-0.003245807895409496
-0.007783746095793791
-0.005673311691544749
0.0019944033778121688
-0.0004924162224555536
-0.013824602120799903
-0.001194118297071255
-0.007735577417866889
-0.012130137050204099
-0.009176315811377633
-0.0019979555523307615
-0.011664560889422904
-0.009218130956730915
-0.0014530992935777882
-0.005360940907047003
-0.009386377143085602
-0.012350275346264745
-0.021547324480085256
-0.0021386048718267216
-0.005304146245917601
-0.004212143542494077
0.0029176821302847305
0.00034160909972011155
-0.009868751935168526
-0.00011639487657723307
-0.005304146245917601
0.01280088741180954
0.0015656846824415745
-0.008470555491489524
-0.0017377494626015543
-0.0030711830236122965
-0.008545669094214801
-0.001194118297071255
-0.009868910433578385
0.010760209059103217
0.00641423305596749
-0.01610913808349816
-0.0038790273703255083
-0.008470555491489524
-0.004740618331075829
-0.00010351965130966767
0.0004295972135090182
-0.010965279656500269
-0.000731615600254668
-0.00731121899650741
-0.0013473404264834623
-0.007186116755985014
-0.0017377494626015543
-0.006214206979004274
-0.010948839545632682
0.005459218781016048
-0.0073993136673450016
-0.021547324480085256
-0.004902980021647052
-0.01186862143352632
-0.00620269959034346
-0.003761077065226557
-0.009386377143085602
-0.003981979424551015
-0.0041478553381261545
0.004271496373313664
-0.0038790273703255083
-0.012350275346264745
0.00040176283921063464
0.010684362293314677
0.003562628112195948
-0.0004185458345837373
-0.002904507113391087
-0.00011639487657723307
-0.00012903616901646273
-0.005233054807801112
-0.007235235200080731
0.0025458781165637544
0.004261748141631614
0.00190768539058327
-0.009868910433578385
-0.00969731564021295
0.005459218781016048
0.011099107946353121
0.0013862301322013287
-0.0017358452814038845
-0.007064749029696261
-0.002861567709078544
0.00190768539058327
-0.004231034558752592
-0.012711273031966123
-0.0017358452814038845
-0.006214206979004274
-0.007715471069051426
-0.005233054807801112
0.011099107946353121
0.006122609503566636
-0.0038314211971310734
-0.003997661661040997
-0.007424882884895163
0.0019944033778121688
0.010684362293314677
-0.007424882884895163
-0.008539631270010763
-0.003245807895409496
-0.006726618573226904
0.0025458781165637544
-0.008157842760641727
-0.011471809096483238
-0.0044903858066580055
-0.004212143542494077
-0.0038314211971310734
0.014274373925383858
-0.0004185458345837373
-0.001572056171718753
-0.007424882884895163
-0.007064749029696261
0.005836805681923984
-0.009868751935168526
-0.0038006900292815856
-0.006760908629877624
-0.0033631886395111862
-0.005360940907047003
-0.00010351965130966767
-0.011471809096483238
-0.005571623335715985
-0.01236215567785516
-0.010796277470438698
-0.021547324480085256
-0.001194118297071255
-0.00201015291307078
-0.012711273031966123
-0.012350275346264745
-0.009868910433578385
-0.0022447581311270137
-0.009868910433578385
-0.006726618573226904
-0.006214206979004274
-0.00201015291307078
-0.006726618573226904
-0.00047115713119033815
0.010760209059103217
-0.013708801030959075
-0.007783746095793791
-0.0014530992935777882
0.0015259662115714085
-0.008157842760641727
-0.005233054807801112
-0.009386377143085602
-0.010965279656500269
-0.00011639487657723307
-0.0030711830236122965
0.00046582270670142916
-0.013824602120799903
-0.0004924162224555536
-0.002225298318308075
-0.008539631270010763
0.0028497172167681966
-0.006068568353055835
-0.012130137050204099
-0.002861567709078544
0.011099107946353121
-0.0030711830236122965
-0.012350275346264745
-0.01236215567785516
-0.007715471069051426
-0.008470555491489524
-0.00731121899650741
-0.0008504398487402038
-0.0056160848587973435
-0.005360940907047003
-0.004407386501235898
-0.008332515401930612
0.0004295972135090182
-0.006760908629877624
-0.007235235200080731
-0.002864783562544063
-0.01245874019002095
-0.021547324480085256
-0.001572056171718753
-0.003761077065226557
-0.00969731564021295
-0.010796277470438698
-0.009386377143085602
-0.009029351318063804
-0.012711273031966123
-0.00741518688773206
-0.001194118297071255
-0.004740618331075829
-0.007715471069051426
-0.012116672054650413
0.0025458781165637544
0.008397476763221917
-0.002861567709078544
-0.007783746095793791
0.0004295972135090182
0.001706836591421007
-0.0038790273703255083
-0.0038006900292815856
-0.001308345051787878
-0.007424882884895163
0.0013093448504219822
-0.02343044342254316
-0.01245874019002095
-0.010503813531622287
0.0019944033778121688
-0.00201015291307078
-0.0017358452814038845
0.0033546945014266668
0.006122609503566636
-0.006726618573226904
-8.54632116887412e-05
-0.007424882884895163
-0.004407386501235898
-0.00459443569291963
0.01280088741180954
-0.0004185458345837373
-0.00938306022958259
-0.007715471069051426
-0.004407386501235898
0.00190768539058327
-0.0044903858066580055
-0.010965279656500269
-0.0011234708319113205
-0.003711124038758103
0.0029176821302847305
-0.0025763371005444713
-0.0017358452814038845
