-0.002768017332428842
-0.008947957602868744
-0.005773471601602334
0.011021413773281908
-0.0009362087201541486
0.004357702778477028
-0.0062876061360346595
-0.006648284173288723
0.007614454809428268
0.003911980746987047
-0.007501757439898339
0.007614454809428268
-0.0012196429312743484
0.002416995594251994
-0.007754654122507643
-0.004135078002396944
-0.0023456058521325028
-0.006810956726657641
-0.0026163840974573953
0.014271492346315
0.0033226336116120117
0.00936344498624515
-0.0032598222180105388
-0.0014298910022272084
0.002185343716776501
0.0016781945856260219
0.006970186351411527
-0.005729398486068255
0.00402788773815416
0.00402788773815416
-0.0023456058521325028
-0.002361939450635876
-0.01703547007364124
-0.000877271980412709
-0.002812183044266145
-0.00452367063051552
0.006539874195585837
0.00601763736085987
0.007614454809428268
-0.0024452235763198103
0.008130872372339726
0.00601763736085987
-0.0032424804065668503
-0.002938172377946845
-0.0032598222180105388
0.002147979043717134
0.0009251499904984432
-0.005773471601602334
0.0035576579712780602
0.009834989153464962
-0.010462982363838594
-0.0015996797281442104
-0.0028699762260915103
-0.002526828747056566
0.0009226760899707699
0.005405841944698053
-0.0008471848767395192
0.0022920959892076508
0.008290369499494696
0.0001322420617751849
-0.006298570535285776
-0.0024793626879930867
0.004631983064755655
0.00190581946285803
-0.002526828747056566
0.014271492346315
-0.00289634635991975
-0.010462982363838594
-0.002966605169189719
-0.001985377944748941
-0.013055255132538182
-0.004438742352463522
0.005063482407182181
-0.006880908358009303
0.0035048171969545884
0.010762625895500172
0.008130872372339726
0.0002644506718312393
0.006970186351411527
-0.005267663962952968
-0.002938172377946845
0.004357702778477028
-0.001985377944748941
0.0011466530605479018
-0.0015376065071521937
0.003366329467907412
-0.004079904697275509
0.0035048171969545884
-0.0005318616594934672
0.0013160999482659864
0.0028754851529380564
0.0035576579712780602
-0.0037042240394409747
-0.003575185375957861
-0.008519322710242014
0.006182157514027974
0.008130872372339726
0.003162121442722509
0.0008604542587041654
0.0062827425444696725
-0.007337256308071115
-0.003885518870073191
0.00032080325238599143
-0.0056979263501871465
0.0022920959892076508
0.004631983064755655
-0.005257522542870072
-0.003948323719794582
-0.0014676582669753506
-0.002361939450635876
-0.005592959496500745
-0.0028589123334754594
0.0024273003031945097
-0.005257522542870072
0.00402788773815416
0.0013160999482659864
0.010469539133073568
0.0028754851529380564
0.008130872372339726
-0.011847575764151687
-0.0028699762260915103
0.006539874195585837
-0.007754654122507643
-0.005267663962952968
-0.003885518870073191
-0.012373513676308557
-0.0021409406999559726
-0.006263266321580777
-0.010718444843123847
0.005352652329987609
0.00447546294137589
0.00035313083661006926
-0.0003881652760950034
-0.004105702014886948
0.004631983064755655
-0.007972400809136509
0.013247312172049216
-0.01703547007364124
-0.005257522542870072
-0.004079904697275509
0.009931133601372377
-0.006211489461316801
0.0022920959892076508
-0.006133921691316599
-0.006263266321580777
0.0031569774304145305
0.007568262495583429
-0.0010095658249066471
0.009931133601372377
0.005971023477256124
-0.0037042240394409747
-0.0036681763507824365
-0.008519322710242014
-0.002997432276037439
0.010583409928927626
0.00402788773815416
0.0023296247939603664
0.0035576579712780602
0.0016772716840109932
-0.002812183044266145
-0.0014825461824622432
2.787486207614908e-05
-0.0008447889149247443
0.010583409928927626
0.004158927249769862
-0.004438742352463522
-0.005257522542870072
0.011770262993039422
0.002416995594251994
0.0026686932720859278
0.0033226336116120117
0.003162121442722509
0.0002644506718312393
-0.006783696477070848
-0.0026163840974573953
-0.0036402796192820798
-0.0026143893196370026
-0.0026163840974573953
-0.0005318616594934672
-0.002812183044266145
-0.007972400809136509
0.007736578810604773
-0.003948323719794582
-0.0028589123334754594
-0.0021409406999559726
-0.0037000283779107528
0.00011572301565236973
-0.005236612784114119
-0.0048669273566318795
0.010762625895500172
-0.0036402796192820798
-0.005729398486068255
-0.002404044700205853
-0.004079904697275509
-0.004436458613138778
-0.0023456058521325028
-0.00510038015748568
0.008290369499494696
-0.0027304699241031145
-0.00452367063051552
-0.006933336401818133
-0.003747358126011759
-0.0048669273566318795
-0.003566130603426908
-0.009211175989785525
-0.0014676582669753506
-0.00475701558233263
-0.0028699762260915103
-0.006133921691316599
-0.0012196429312743484
-0.006374764908323668
0.007614454809428268
-0.003575185375957861
-0.00452367063051552
-0.009548211320666746
-0.0037042240394409747
-0.002768017332428842
-0.0009695521915551052
-0.0024452235763198103
-0.007337256308071115
-0.0021727769147537467
0.0016772716840109932
-0.007564058328022851
-0.002676623474342456
-0.001278271083814189
0.013774276557353445
-0.003948323719794582
0.00031087360987289614
0.0062827425444696725
-0.0015996797281442104
-0.00510038015748568
-0.006387429611136189
-0.002559237401540541
-0.0037042240394409747
-0.005601220478383619
-0.0016026764212601521
-0.010718444843123847
-0.0024793626879930867
0.00032080325238599143
0.004357702778477028
-0.002938172377946845
0.004357702778477028
-0.0048669273566318795
0.0009226760899707699
0.0013160999482659864
-0.00452367063051552
-0.010718444843123847
-0.0026143893196370026
0.0036850358450710658
-0.002060401100534666
-0.0005318616594934672
0.0015155738014817615
0.0031771951650690355
-0.0008447889149247443
0.00032080325238599143
-0.007972400809136509
-0.0024452235763198103
0.0002644506718312393
0.00035313083661006926
0.004713325370342739
-0.002768017332428842
-0.0012262567831353146
-0.002361939450635876
-0.0026143893196370026
-0.0010095658249066471
0.007568262495583429
0.004713325370342739
-0.0010095658249066471
-0.0023456058521325028
0.003162121442722509
-0.0036681763507824365
0.007657709780190795
0.00031087360987289614
0.0003003601336228787
0.006182157514027974
0.007657709780190795
0.011770262993039422
0.0031500224545618688
-0.0007288157758546026
0.013247312172049216
-0.011847575764151687
-0.00279989140870281
-0.006878018335519039
-0.002768017332428842
0.0073742973640379995
0.0015155738014817615
0.010583409928927626
-0.008519322710242014
-0.003966819936199873
-0.006880908358009303
0.005136493041038178
0.008290369499494696
-0.004163015438609306
0.002416995594251994
-0.00510038015748568
-0.004436458613138778
-0.0037042240394409747
-0.003747358126011759
0.0022633640675666037
-0.0030383680083857557
0.0020653256517021257
-0.00019380578858332306
-0.004135078002396944
-0.0029945712456448054
0.0003003601336228787
-0.0048669273566318795
-0.0028589123334754594
0.010762625895500172
-0.010039547099099318
-0.006387429611136189
-0.0009931474929779308
-0.0010095658249066471
-0.003948323719794582
0.006539874195585837
-0.004438742352463522
0.010583409928927626
0.0022633640675666037
-0.003566130603426908
-0.007337256308071115
-0.006992882175505897
0.008350257160258891
0.004357702778477028
0.005405841944698053
-0.0010095658249066471
-0.0014298910022272084
0.0073742973640379995
7.575056742529733e-05
0.010469539133073568
-0.0010829668711822644
-0.009548211320666746
0.0036850358450710658
0.0022920959892076508
-0.006263266321580777
0.007736578810604773
-0.0008471848767395192
-0.007972400809136509
-0.0021650605400893095
-0.013055255132538182
0.013247312172049216
-0.0029945712456448054
-0.007564058328022851
-0.005592959496500745
-0.0003881652760950034
-0.0009362087201541486
-0.006211489461316801
0.0012981362397359647
-0.006133921691316599
-0.0024793626879930867
-0.0014825461824622432
0.010469539133073568
0.006576034136488571
0.004158927249769862
-0.002973374965265301
0.0013160999482659864
0.013774276557353445
-0.0056979263501871465
-0.00475701558233263
0.00039458337814385813
0.004631983064755655
-0.006211489461316801
-0.0010095658249066471
-0.005459765258405547
-0.005257522542870072
0.005405841944698053
-0.0014825461824622432
-0.004956401484546126
-0.0048669273566318795
0.0007216711316454311
-0.003966819936199873
0.0073742973640379995
-0.002526828747056566
0.0009226760899707699
0.0013056956128045792
-0.00452367063051552
-0.0030383680083857557
-0.013055255132538182
0.0016781945856260219
0.008130872372339726
0.0009251499904984432
-0.002997432276037439
0.0035048171969545884
0.006576034136488571
0.0016781945856260219
-0.005601220478383619
-0.006387429611136189
0.003941732802654108
-0.002559237401540541
-0.006648284173288723
-0.0033775511285507797
0.00190581946285803
-0.005257522542870072
-0.002768017332428842
0.003941732802654108
-0.004436458613138778
-0.0021727769147537467
-0.004956401484546126
0.007736578810604773
-0.0032598222180105388
0.009834989153464962
-0.003134941416391918
-0.003948323719794582
0.0026686932720859278
-0.004163015438609306
0.005136493041038178
0.00032648915414337716
-0.004436458613138778
-0.0009695521915551052
-0.0048669273566318795
-0.0006671500662697037
-0.003134941416391918
-0.0010829668711822644
-0.0036681763507824365
-0.0036402796192820798
-0.007564058328022851
0.010469539133073568
-0.007337256308071115
-0.001985377944748941
-0.0010095658249066471
-0.003738212941299887
0.003907959624515267
-0.0032598222180105388
-0.002559237401540541
-0.004135078002396944
-0.011847575764151687
-0.003885518870073191
0.0020653256517021257
0.003011872416189904
-0.002676623474342456
0.008910347971748743
-0.006094214275850731
0.005971023477256124
-0.0016202252463866703
-0.006094214275850731
0.0062827425444696725
0.004713325370342739
0.003011872416189904
-0.003885518870073191
-0.0009871365971421745
0.010583409928927626
0.00447546294137589
-0.0033775511285507797
0.0061867836443553125
0.0031771951650690355
-0.013055255132538182
-0.004105702014886948
-0.010718444843123847
-0.003134941416391918
-0.0008471848767395192
-0.00452367063051552
-0.0024452235763198103
-0.004135078002396944
-0.0032598222180105388
-0.001278271083814189
0.002147979043717134
0.006539874195585837
-0.0036681763507824365
0.011770262993039422
0.0022633640675666037
-0.003566130603426908
0.003011872416189904
-0.0014298910022272084
0.004357702778477028
-0.001985377944748941
0.007568262495583429
0.008350257160258891
-0.003885518870073191
-0.001976187970895404
0.010583409928927626
-0.007337256308071115
-0.005592959496500745
-0.006133921691316599
-0.0010829668711822644
-0.0006671500662697037
-0.005601220478383619
0.0013160999482659864
0.0009226760899707699
-0.01836459226350857
0.013247312172049216
-0.0005318616594934672
-0.006992882175505897
0.010762625895500172
-0.005086225752631027
-0.002973374965265301
-0.002973374965265301
0.002955479301699271
-0.002060401100534666
-0.0034564916298643576
-0.0009662215437707557
-0.01703547007364124
-0.0009931474929779308
0.006576034136488571
0.0009226760899707699
-0.0014676582669753506
-0.0029945712456448054
-0.004221005528333597
0.0009226760899707699
0.0008604542587041654
-0.010693174940750994
0.0044033582261201396
0.004713325370342739
0.00031087360987289614
-0.0029945712456448054
-0.000877271980412709
0.002416995594251994
-0.010693174940750994
-0.00475701558233263
0.007614454809428268
-0.0009662215437707557
0.007568262495583429
-0.0013189259635199807
0.00035313083661006926
-0.0009871365971421745
-0.0009931474929779308
-0.0032424804065668503
-0.0032598222180105388
-0.006211489461316801
-0.0016026764212601521
-0.004956401484546126
-0.0008471848767395192
0.007568262495583429
2.787486207614908e-05
0.008910347971748743
-0.001985377944748941
0.0020653256517021257
-0.0009662215437707557
0.010469539133073568
0.0013056956128045792
-0.00019523766389537494
0.002955479301699271
0.002185343716776501
-0.00289634635991975
-0.0007159907536620165
-0.003134941416391918
-0.0010829668711822644
-0.006992882175505897
0.0031569774304145305
0.009834989153464962
-0.0016026764212601521
-0.003747358126011759
-0.0028699762260915103
0.021961098561031036
-0.006783696477070848
0.005063482407182181
-0.006878018335519039
0.005352652329987609
-0.007754654122507643
-0.013055255132538182
0.009931133601372377
-0.0009871365971421745
-0.002361939450635876
0.021961098561031036
0.0016772716840109932
-0.002812183044266145
0.00032648915414337716
-0.005729398486068255
0.002416995594251994
0.003911980746987047
0.018681184529405506
-0.00289634635991975
0.00032080325238599143
0.005971023477256124
-0.0048669273566318795
-0.0003881652760950034
-0.004956401484546126
0.009834989153464962
-0.003948323719794582
-0.006298570535285776
-0.0037000283779107528
-0.004956401484546126
0.0024273003031945097
-0.003948323719794582
-0.0035601763731656043
-0.006298570535285776
-0.002559237401540541
0.013247312172049216
-0.002060401100534666
-0.0046723297295075015
0.00402788773815416
-0.0037042240394409747
0.0013160999482659864
0.0001322420617751849
-0.0024793626879930867
-0.0028699762260915103
-0.002676623474342456
0.0013056956128045792
-0.00475701558233263
-0.010462982363838594
-0.0009695521915551052
0.0025356396585573203
-0.00279989140870281
0.0036850358450710658
-0.006810956726657641
0.017398319571403933
-0.006374764908323668
0.00011572301565236973
0.003907959624515267
0.0003003601336228787
-0.00279989140870281
0.015979142641752955
0.00039458337814385813
-0.002997432276037439
-0.0017509026960649118
0.006539874195585837
-0.0027304699241031145
-0.0010829668711822644
-0.0046723297295075015
0.008130872372339726
0.003366329467907412
-0.002676623474342456
-0.003738212941299887
0.00040130621251704073
0.015979142641752955
0.013774276557353445
-0.007972400809136509
-0.0062876061360346595
0.0035576579712780602
0.00040130621251704073
0.0024273003031945097
0.00031087360987289614
0.006576034136488571
-0.004221005528333597
0.014271492346315
7.575056742529733e-05
-0.005086225752631027
0.0022633640675666037
-0.002526828747056566
-0.005257522542870072
-0.001278271083814189
-0.003747358126011759
-0.0008447889149247443
-0.006878018335519039
-0.004438742352463522
0.007736578810604773
0.002416995594251994
-0.0056979263501871465
-0.0009931474929779308
-0.006810956726657641
-0.005773471601602334
0.0026686932720859278
-0.0009931474929779308
0.0044033582261201396
0.008290369499494696
-0.006263266321580777
-0.0014727896110017884
0.00032648915414337716
-0.001278271083814189
0.002955479301699271
0.010583409928927626
-0.0017990437868308064
-0.009211175989785525
0.00402788773815416
-0.0003881652760950034
-0.0037042240394409747
-0.0028699762260915103
0.013774276557353445
-0.007501757439898339
-0.0016202252463866703
-0.006933336401818133
-0.0026163840974573953
0.003941732802654108
0.0025294392659001986
-0.0014298910022272084
-0.001770742404305975
0.008350257160258891
0.00035313083661006926
0.017398319571403933
-0.0017990437868308064
-0.0007159907536620165
-0.00019523766389537494
-0.00289634635991975
0.008350257160258891
-0.0029945712456448054
-0.00019380578858332306
-0.0032598222180105388
-0.0062876061360346595
0.021961098561031036
0.00936344498624515
-0.002768017332428842
0.002955479301699271
-0.002404044700205853
-0.0015376065071521937
-0.0033775511285507797
-0.010039547099099318
-0.006211489461316801
0.0008604542587041654
0.006576034136488571
-0.014040557209325235
-0.004105702014886948
0.00031087360987289614
-0.0009931474929779308
-0.004105702014886948
-0.00038887544940324276
-0.0014298910022272084
-0.00289634635991975
0.005136493041038178
0.0022920959892076508
0.0023296247939603664
-0.007972400809136509
0.007614454809428268
-0.002404044700205853
-0.006298570535285776
0.0031771951650690355
-0.0040538848311457605
-0.0028699762260915103
-0.0013189259635199807
-0.005729398486068255
0.0031500224545618688
0.014271492346315
-0.002361939450635876
-0.014040557209325235
-0.004221005528333597
-0.003566130603426908
0.007568262495583429
-0.002812183044266145
-0.0035601763731656043
0.009931133601372377
0.013774276557353445
-0.004105702014886948
-8.415140498179333e-05
0.0007216711316454311
0.00040130621251704073
0.0001322420617751849
-0.0014676582669753506
0.004631983064755655
0.002185343716776501
-0.0026143893196370026
-0.002361939450635876
-0.002404044700205853
0.0015155738014817615
0.003162121442722509
0.009834989153464962
-0.00452367063051552
-0.0036681763507824365
-0.002768017332428842
-0.00038887544940324276
-0.0007159907536620165
0.0035576579712780602
-0.00475701558233263
-0.009548211320666746
-0.010718444843123847
0.0009251499904984432
0.0009251499904984432
0.0028754851529380564
-0.0036402796192820798
-0.002997432276037439
-0.009211175989785525
0.0011466530605479018
-0.0026143893196370026
0.005136493041038178
0.002185343716776501
-0.0024452235763198103
0.013774276557353445
0.005063482407182181
-0.002526828747056566
-0.003966819936199873
-0.0014727896110017884
-0.004436458613138778
-0.0012196429312743484
-0.0009662215437707557
0.010469539133073568
-0.003575185375957861
-0.007564058328022851
-0.0030383680083857557
-0.006648284173288723
0.0012981362397359647
-0.010693174940750994
0.003366329467907412
-0.0026163840974573953
-0.003575185375957861
-0.006933336401818133
0.005971023477256124
-0.0036681763507824365
0.0061867836443553125
-0.000877271980412709
2.787486207614908e-05
0.010469539133073568
-0.002526828747056566
0.0011466530605479018
0.0023296247939603664
-0.0015996797281442104
-0.0037000283779107528
-0.0037000283779107528
-0.006810956726657641
0.0026686932720859278
-0.0017990437868308064
-0.0007064311828325899
-0.0015996797281442104
0.00447546294137589
-0.0014676582669753506
-0.002361939450635876
-0.007564058328022851
0.0024273003031945097
0.0012981362397359647
-0.0007064311828325899
-0.006004699270303685
-0.007972400809136509
-0.006263266321580777
0.007614454809428268
-0.0062876061360346595
-0.003966819936199873
0.018681184529405506
-0.0033775511285507797
-0.008947957602868744
-0.0033775511285507797
0.0015010143534483179
-0.006387429611136189
-0.000877271980412709
-0.0028699762260915103
-0.007972400809136509
-0.0026163840974573953
-0.006094214275850731
-0.0021727769147537467
-0.001985377944748941
0.00011572301565236973
-0.005459765258405547
-0.0023456058521325028
0.004631983064755655
0.0011466530605479018
-0.0033775511285507797
0.0024273003031945097
-0.0035601763731656043
-0.005601220478383619
0.005971023477256124
0.009931133601372377
-0.009548211320666746
-0.002526828747056566
-0.003966819936199873
-0.005257522542870072
2.787486207614908e-05
0.0022633640675666037
-0.007972400809136509
-0.004221005528333597
-0.007337256308071115
-0.003566130603426908
-0.01703547007364124
0.00031087360987289614
0.0011466530605479018
0.003941732802654108
-0.0028589123334754594
0.009834989153464962
-0.004135078002396944
-0.00510038015748568
-0.0010829668711822644
-0.01836459226350857
0.0007216711316454311
-0.0029945712456448054
-0.008947957602868744
0.0008604542587041654
-0.0014727896110017884
0.0014999953940446902
-0.0015376065071521937
-0.00510038015748568
0.003162121442722509
-0.007501757439898339
-0.0010829668711822644
-0.006648284173288723
-0.0032424804065668503
0.006970186351411527
-0.007337256308071115
-0.001278271083814189
-0.002966605169189719
-0.0024452235763198103
0.00037124858052852284
0.0002644506718312393
-0.001985377944748941
-0.006094214275850731
-0.004438742352463522
-0.014040557209325235
-0.0037000283779107528
-0.0028699762260915103
0.005352652329987609
0.010583409928927626
-0.0030645227711307036
0.007614454809428268
0.00190581946285803
0.006182157514027974
0.005136493041038178
0.00039458337814385813
-0.0032598222180105388
0.004905753337652978
0.0031500224545618688
0.003011872416189904
-0.006992882175505897
-0.0021727769147537467
-0.006878018335519039
-0.006933336401818133
0.005136493041038178
0.011021413773281908
0.013774276557353445
-0.006263266321580777
0.002185343716776501
-0.0035601763731656043
-0.0040538848311457605
-0.008519322710242014
-0.0008447889149247443
-0.004956401484546126
0.015979142641752955
-0.005601220478383619
0.003911980746987047
0.0016781945856260219
-0.003885518870073191
0.0012981362397359647
-0.0017990437868308064
-0.002526828747056566
0.0009251499904984432
-0.006374764908323668
0.018681184529405506
-0.0021650605400893095
-0.006933336401818133
-0.003738212941299887
-0.005459765258405547
0.002955479301699271
-0.0062876061360346595
-0.0016026764212601521
-0.004135078002396944
0.005405841944698053
-0.0024793626879930867
-0.008519322710242014
-0.00475701558233263
-0.0012262567831353146
0.0023296247939603664
-8.415140498179333e-05
-0.002812183044266145
0.0007216711316454311
-0.005236612784114119
0.007736578810604773
0.0013056956128045792
-0.0056979263501871465
-0.003966819936199873
0.0073742973640379995
-0.002768017332428842
-0.0013189259635199807
-8.415140498179333e-05
-0.0007064311828325899
-0.003948323719794582
-0.0005318616594934672
0.007614454809428268
-0.0014825461824622432
-0.011847575764151687
-0.006783696477070848
0.004158927249769862
-0.01703547007364124
0.013774276557353445
-0.009548211320666746
0.0009251499904984432
0.0015155738014817615
-0.005773471601602334
0.00447546294137589
0.0023296247939603664
-0.0003881652760950034
-0.0028699762260915103
-0.0024793626879930867
-0.009211175989785525
0.007614454809428268
0.008290369499494696
-0.0035601763731656043
0.0008604542587041654
-0.006298570535285776
-0.00475701558233263
-0.010718444843123847
0.010762625895500172
0.0061867836443553125
-0.005729398486068255
-0.006810956726657641
0.0044033582261201396
0.015979142641752955
0.008910347971748743
0.0016772716840109932
-0.0013189259635199807
0.017398319571403933
0.002185343716776501
-0.001770742404305975
0.0031569774304145305
-0.0015996797281442104
0.002147979043717134
0.00035313083661006926
-0.003747358126011759
-0.0009662215437707557
-0.0024793626879930867
0.010469539133073568
0.004713325370342739
-0.0003881652760950034
0.00040130621251704073
0.0001322420617751849
-0.006933336401818133
-0.004079904697275509
-8.415140498179333e-05
0.002147979043717134
-0.0037000283779107528
0.005405841944698053
-0.000877271980412709
-0.005257522542870072
0.017398319571403933
-0.014040557209325235
-0.0014825461824622432
-0.0033775511285507797
0.00032648915414337716
0.0035048171969545884
-0.010462982363838594
0.0026686932720859278
