0.0035415473913598663
0.020923794894147172
-0.0024108354684164468
0.04634987135108683
0.005017611792683771
-0.05104469073643782
-0.023969344746873802
-0.037110507151131955
0.03221415583085086
-0.07415392758519232
-0.027617911013610767
-0.0024913886222854707
-0.013974101997124708
-0.01787024476406438
-0.009761278200292444
-0.007183348685195383
-0.05190451413643637
-0.009087481309446381
-0.031243008560418336
-0.0016745690976889356
-0.009093707654969974
-0.0445821951808252
0.005400054405386356
-0.08275261123563508
-0.0024913886222854707
-0.01787024476406438
-0.017467958184896933
-0.03576410895329292
-0.028332532531665088
0.01717787275251562
-0.026234817479830096
-0.02101000181282282
-0.010485408569036238
-0.013639060064374375
0.002468746436708669
-0.010868033406312191
-0.01923906761280829
0.009647711082708909
-0.013407749331660801
-0.008643448682023566
-0.030933081560559936
-0.049791252539479094
-0.03342606452130302
-0.04607094136763054
-0.027029882764932314
-0.017797828457911547
0.007048293102954646
0.026369866059947653
-0.018523706823731848
-0.03020742910159713
-0.05408304237970195
-0.015352877089940339
-0.012590110130290561
0.0031191355828355666
-0.0109111632544438
-0.013639060064374375
-0.010700583804554731
-0.027985921273284444
-0.006606072319069239
-0.061003348641488736
0.02046072346948455
-0.03608342996275405
-0.09605571745088134
-0.013407749331660801
-0.025268397908256614
0.010294361795181332
-0.01139429246313696
-0.008643448682023566
-0.05025326761388723
-0.027985921273284444
-0.01794944242809813
-0.012212170067074877
-0.034664715429217466
-0.07979286312537616
0.007965944164473332
-0.05593025280287703
-0.01900574300883226
-0.021644070992929573
-0.03189073572097786
0.027121905405470603
-0.027029882764932314
-0.07909829073206669
-0.032204925499544255
-0.010151236095576324
-0.04607094136763054
0.002468746436708669
-0.009221431222675885
-0.01649641928127739
0.003826834337685573
-0.05190451413643637
-0.03459590223133446
-0.09605571745088134
-0.009079613269527845
-0.006056249841391899
-0.05258823803454834
0.03546785061728473
-0.05673081125413672
-0.005250828317676852
-0.034664715429217466
-0.007065084771254184
-0.013639060064374375
-0.003741506023436991
-0.004660591297371232
-0.02768362997937223
-0.009957037391383185
-0.017119832615277546
-0.028332532531665088
0.007048293102954646
-0.031243008560418336
-0.02991939496858349
0.02046072346948455
0.004599073192930401
0.006989597555497624
-0.009221431222675885
-0.05788489102163338
-0.024773357324467463
-0.013974101997124708
-0.09317128552613206
-0.013741090520661792
0.02485948261312265
0.009647711082708909
-0.029485242228421745
-0.019250412475634297
-0.03081306732365303
-0.010151236095576324
-0.02991939496858349
-0.10796237063390338
-0.03841279284170162
-0.03776926770114575
-0.05338092183554829
-0.027994365237246955
-0.03841279284170162
-0.08275261123563508
-0.019567943265494357
-0.041779907304163935
-0.07837662486381754
0.006188922999731426
0.02694670000612108
-0.05104469073643782
0.0026823629794437854
-0.027351152444399434
-0.01148644561768867
-0.03827293529360489
-0.031243008560418336
0.006365868446766286
-0.012212170067074877
0.01695839564209386
-0.044678714296545526
0.027121905405470603
-0.010151236095576324
-0.026234817479830096
0.03221415583085086
0.031268994621652356
-0.0016695908367523736
-0.040158798805190944
-0.06948106825541923
-0.03827293529360489
-0.028332532531665088
-0.032887100499458644
-0.005957197605930047
-0.028332532531665088
-0.047546595798445196
0.02485948261312265
-0.006656521950241294
-0.018596056247295406
-0.0383358126859502
-0.019211404531839844
-0.005095276476437149
-0.09317128552613206
0.004599073192930401
0.0035415473913598663
-0.007947296591394768
-0.043901646323711664
-0.010151236095576324
-0.08275261123563508
0.005453292593380403
-0.01148644561768867
0.0009213624301178063
-0.03827293529360489
-0.0358173548882883
-0.009221431222675885
-0.04546508910892015
-0.019327377540652977
-0.037110507151131955
-0.061003348641488736
-0.015047381057715198
0.031268994621652356
-0.026106754618769667
0.0004860618085050624
-0.05863580503562897
-0.00114440544712437
-0.027351152444399434
-0.047559721751925334
-0.09605571745088134
-0.004715662979246637
-0.02841907824906341
-0.05788489102163338
-0.06754877732532812
-0.012590110130290561
-0.009221431222675885
-0.03608342996275405
-0.008643448682023566
0.0026420618472203948
-0.060248810004896784
-0.018355163011016237
-0.07346412187875756
-0.015352877089940339
-0.037110507151131955
0.007048293102954646
-0.024773357324467463
-0.05025326761388723
-0.003741506023436991
-0.013639060064374375
-0.028332532531665088
-0.012499469783142298
0.027703219858964553
0.015869430292400954
-0.009093707654969974
-0.039200243010473146
0.009647711082708909
-0.041755852688645234
-0.007045629692956361
-0.006229187339705275
-0.012499469783142298
-0.01649641928127739
0.0026823629794437854
-0.013340948543444095
-0.01987637236307602
0.04634987135108683
0.004599073192930401
-0.027029882764932314
0.006365868446766286
0.0031191355828355666
0.02485948261312265
-0.027994365237246955
-0.025610257455334202
0.006365868446766286
-0.03081306732365303
-0.0023163980427312633
-0.0403289940563413
-0.03243964919173859
-0.031243008560418336
-0.010868033406312191
0.027121905405470603
-0.05593025280287703
-0.010988330926871959
-0.02841907824906341
-0.009761278200292444
-0.03845845823429923
0.048568189070138934
-0.027804224874626728
-0.014628572677587557
-0.007947296591394768
-0.020788375116765866
-0.040158798805190944
-0.012499469783142298
0.031323531052277066
-0.056846083391815225
-0.0016695908367523736
-0.020699341007931096
0.026369866059947653
-0.02327268057862195
0.0023801707742922293
0.01834831260771088
-0.03414151215743083
0.03596273509598466
-0.02991939496858349
-0.02348184044909165
-0.047559721751925334
-0.013741090520661792
-0.027149629581488675
0.031268994621652356
-0.014429061131629369
-0.012499469783142298
0.010294361795181332
-0.01139429246313696
-0.013340948543444095
-0.01148644561768867
-0.026234817479830096
-0.034785527377400184
-0.032887100499458644
0.005453292593380403
-0.012212170067074877
-0.03020742910159713
-0.039200243010473146
0.02485948261312265
0.039225707245768286
0.01834831260771088
0.009510432063460077
-0.004770675410138763
-0.022243988241016272
-0.010485408569036238
-0.003344561310794891
0.006188922999731426
-0.022243988241016272
-0.03459590223133446
-0.017901229474403844
-0.06948106825541923
-0.025610257455334202
-0.026106754618769667
0.03546785061728473
0.0023801707742922293
0.02046072346948455
-0.02991939496858349
-0.03459590223133446
-0.0016745690976889356
0.018290637100415667
-0.01987637236307602
-0.03414151215743083
-0.018015304826903573
0.0031191355828355666
-0.015352877089940339
-0.07346412187875756
-0.01139429246313696
0.009539656100505223
-0.0024913886222854707
-0.041779907304163935
-0.027029882764932314
-0.006229187339705275
0.01409369772502766
-0.10796237063390338
-0.006961042800719688
-0.03845845823429923
-0.0065755906751273924
-0.015230734457331524
-0.03608342996275405
0.0026823629794437854
-0.02327268057862195
0.0015462347445869477
-0.03243964919173859
-0.027029882764932314
-0.027617911013610767
-0.026106754618769667
-0.012590110130290561
-0.020510465872198416
-0.019567943265494357
-0.025268397908256614
-0.037110507151131955
-0.053390791572834904
-0.0077019065193075715
-0.07909829073206669
0.02694670000612108
-0.014863355137427958
-0.017901229474403844
-0.00114440544712437
-0.004715662979246637
-0.006961042800719688
-0.017119832615277546
-0.040158798805190944
-0.00781848536358687
-0.027994365237246955
-0.01794944242809813
-0.05593025280287703
-0.030697358423019846
-0.03989490234927848
-0.018532914921029587
-0.015352877089940339
-0.03916563243367265
0.0031191355828355666
-0.020699341007931096
-0.027029882764932314
-0.041755852688645234
-0.024680852492959208
-0.027029882764932314
-0.01787024476406438
0.015869430292400954
-0.013741090520661792
-0.005095276476437149
-0.016153032821105494
-0.01787024476406438
-0.0016745690976889356
-0.009079613269527845
0.006365868446766286
-0.056553532746941734
0.048568189070138934
-0.017384187604379216
-0.013780687481176236
-0.028094323107627085
-0.030608374574144497
-0.02327268057862195
-0.03841279284170162
-0.0383358126859502
0.02046072346948455
-0.03198213532087366
-0.007183348685195383
-0.01362458602040646
0.010294361795181332
-0.006056249841391899
-0.023969344746873802
-0.017205175503237097
0.015869430292400954
-0.002647886812451089
-0.006883479976911892
-0.029485242228421745
-0.002647886812451089
-0.027617911013610767
-0.014628572677587557
-0.03590819515404997
-0.03820997289863605
-0.006229187339705275
-0.040158798805190944
-0.007777523079701218
-0.018355163011016237
0.005453292593380403
0.0444761385659931
0.006989597555497624
0.005017611792683771
-0.03243964919173859
-0.05025326761388723
-0.010700583804554731
-0.03414151215743083
-0.026106754618769667
-0.034785527377400184
-0.039768980984733
-0.05788489102163338
-0.012410851740066203
-0.028094323107627085
-0.03020742910159713
0.027703219858964553
-0.043901646323711664
-0.00181954660551526
-0.006606072319069239
-0.03397695257137692
-0.027351152444399434
-0.016688947889788606
-0.0109111632544438
-0.027994365237246955
-0.028332532531665088
-0.004660591297371232
-0.030933081560559936
0.031323531052277066
0.0026823629794437854
-0.01787024476406438
-0.006056249841391899
-0.03081306732365303
-0.008406849407368211
-0.0065755906751273924
-0.027804224874626728
-0.015352877089940339
-0.03081306732365303
-0.06948106825541923
-0.023280308365454198
-0.03940085274101299
-0.03916563243367265
-0.018355163011016237
-0.03845845823429923
-0.030608374574144497
-0.039200243010473146
-0.05788489102163338
-0.02348184044909165
0.027703219858964553
0.018754795371477947
-0.026118782606692866
-0.030608374574144497
0.007965944164473332
-0.061003348641488736
-0.007947296591394768
-0.047466308908048455
0.019210236250478806
0.039225707245768286
-0.0358173548882883
-0.03243964919173859
0.0023801707742922293
-0.010700583804554731
-0.013780687481176236
0.001163769402261765
-0.02327268057862195
-0.029485242228421745
-0.009002824755858464
-0.056553532746941734
0.004263866596043784
-0.017467958184896933
-0.0046085950215409436
-0.030697358423019846
-0.006883479976911892
-0.009761278200292444
-0.041779907304163935
-0.028332532531665088
-0.08275261123563508
-0.016688947889788606
0.0015462347445869477
0.006372025522367331
-0.05788489102163338
-0.0023163980427312633
0.039225707245768286
-0.026106754618769667
-0.002647886812451089
0.01717787275251562
-0.005957197605930047
-0.010346059802123924
-0.0017057510028534255
-0.006656521950241294
-0.028777615292818547
-0.0024108354684164468
0.005453292593380403
-0.0046085950215409436
-0.02991939496858349
-0.02768362997937223
-0.031243008560418336
-0.017384187604379216
-0.02187901652410344
-0.018596056247295406
-0.009079613269527845
-0.031243008560418336
0.006365868446766286
0.005017611792683771
-0.032204925499544255
-0.027804224874626728
-0.017797828457911547
-0.026234817479830096
-0.03859549289963644
0.015869430292400954
-0.012212170067074877
-0.016708781493591573
-0.007777523079701218
-0.029485242228421745
-0.017901229474403844
-0.021644070992929573
-0.002647886812451089
-0.009957037391383185
0.001163769402261765
-0.027149629581488675
-0.017467958184896933
-0.002973558038799355
-0.020699341007931096
-0.009093707654969974
-0.0005271199539563356
-0.02841907824906341
-0.006059534648148276
-0.005957197605930047
-0.025610257455334202
-0.032204925499544255
0.009539656100505223
-0.030697358423019846
-0.03459590223133446
-0.018523706823731848
-0.034785527377400184
-0.05863580503562897
-0.019211404531839844
-0.03820997289863605
-0.07346412187875756
-0.039768980984733
-0.08275261123563508
0.02622353125065073
-0.008491434922946026
0.0009213624301178063
-0.009221431222675885
-0.027029882764932314
-0.026106754618769667
-0.007065084771254184
-0.013780687481176236
-0.002973558038799355
-0.02768362997937223
0.0004860618085050624
-0.021644070992929573
0.020923794894147172
-0.023969344746873802
-0.03608342996275405
-0.040158798805190944
0.031323531052277066
-0.03342606452130302
-0.017901229474403844
-0.0077019065193075715
-0.02991939496858349
-0.022243988241016272
0.01717787275251562
0.01409369772502766
-0.009221431222675885
-0.014628572677587557
-0.006656521950241294
-0.09605571745088134
0.027703219858964553
0.02485948261312265
-0.10796237063390338
-0.006961042800719688
-0.01923906761280829
0.008864724123187714
-0.043901646323711664
-0.013780687481176236
-0.060248810004896784
-0.0005271199539563356
-0.0524913664373559
-0.03841279284170162
-0.006606072319069239
-0.007045629692956361
-0.01923906761280829
0.02622353125065073
0.007048293102954646
-0.007183348685195383
-0.027945128857364502
-0.006059534648148276
-0.018523706823731848
-0.004715662979246637
-0.0016695908367523736
-0.002647886812451089
-0.01794944242809813
-0.027945128857364502
-0.012590110130290561
-0.056846083391815225
-0.03841279284170162
-0.05673081125413672
0.0009213624301178063
0.019210236250478806
-0.02187901652410344
-0.026106754618769667
-0.009087481309446381
-0.006656521950241294
-0.013741090520661792
-0.02187901652410344
-0.007947296591394768
-0.019211404531839844
-0.07979286312537616
-0.026234817479830096
-0.05025326761388723
0.03596273509598466
0.009647711082708909
0.02485948261312265
-0.02960744414862585
-0.02101000181282282
-0.019567943265494357
-0.018596056247295406
0.034246977753575006
0.014387746232515061
-0.014863355137427958
-0.018532914921029587
-0.009957037391383185
0.02622353125065073
-0.08680784498975071
-0.038233842624166556
-0.026106754618769667
0.0035216438209614794
-0.013639060064374375
-0.012499469783142298
-0.02101000181282282
0.03635142045492351
-0.10796237063390338
-0.018523706823731848
-0.05190451413643637
0.03635142045492351
-0.0358173548882883
-0.020788375116765866
-0.007947296591394768
-0.032887100499458644
-0.013974101997124708
-0.01139429246313696
-0.008643448682023566
-0.058059387190899
-0.010700583804554731
-0.05593025280287703
-0.026118782606692866
0.005017611792683771
-0.017205175503237097
-0.014628572677587557
-0.022112266277030845
-0.038233842624166556
-0.028777615292818547
-0.014429061131629369
-0.07979286312537616
-0.03859549289963644
-0.009087481309446381
-0.047559721751925334
-0.03243964919173859
-0.020699341007931096
-0.003344561310794891
0.006372025522367331
-0.006229187339705275
-0.006961042800719688
-0.00781848536358687
-0.02101000181282282
-0.018523706823731848
0.008864724123187714
-0.04546508910892015
0.031323531052277066
-0.02578166425862563
-0.019250412475634297
-0.03989490234927848
0.002468746436708669
-0.009002824755858464
0.0026823629794437854
-0.01923906761280829
0.010294361795181332
-0.004770675410138763
0.015869430292400954
-0.09317128552613206
-0.0023163980427312633
0.0026823629794437854
-0.0023163980427312633
-0.00781848536358687
-0.02101000181282282
0.02694670000612108
-0.02101000181282282
-0.037110507151131955
-0.016708781493591573
-0.047466308908048455
-0.013974101997124708
0.007965944164473332
0.007965944164473332
-0.008406849407368211
-0.014429061131629369
-0.09317128552613206
-0.031243008560418336
-0.03916563243367265
-0.02768362997937223
-0.01362458602040646
-0.017901229474403844
-0.017467958184896933
-0.031243008560418336
-0.026118782606692866
0.01834831260771088
-0.012410851740066203
-0.05788489102163338
-0.015230734457331524
-0.014863355137427958
-0.016688947889788606
-0.03081306732365303
0.002468746436708669
-0.047559721751925334
-0.026118782606692866
0.006989597555497624
-0.033101449870744724
-0.01923906761280829
-0.01923906761280829
0.0035415473913598663
-0.00781848536358687
-0.027351152444399434
-0.03820997289863605
-0.038233842624166556
-0.056553532746941734
0.009510432063460077
-0.003741506023436991
-0.034664715429217466
-0.026118782606692866
-0.03841279284170162
-0.02960744414862585
-0.0024108354684164468
-0.007183348685195383
-0.03397695257137692
0.03596273509598466
0.006989597555497624
0.004263866596043784
-0.03590819515404997
-0.019305024108535136
0.005453292593380403
-0.03576410895329292
-0.0013975780803806815
-0.02348184044909165
-0.05258823803454834
-0.018355163011016237
-0.010485408569036238
-0.007045629692956361
0.006372025522367331
-0.02768362997937223
-0.017467958184896933
-0.040158798805190944
-0.023280308365454198
-0.01649641928127739
-0.010485408569036238
-0.009761278200292444
-0.03776926770114575
-0.00181954660551526
-0.022112266277030845
-0.0445821951808252
-0.015352877089940339
-0.05258823803454834
-0.008643448682023566
0.02622353125065073
0.02485948261312265
-0.03243964919173859
0.031323531052277066
-0.005957197605930047
-0.07837662486381754
0.006365868446766286
-0.014628572677587557
-0.08680784498975071
0.010294361795181332
-0.01649641928127739
-0.053390791572834904
-0.014863355137427958
0.02485948261312265
-0.010346059802123924
-0.0013975780803806815
-0.05258823803454834
0.019210236250478806
-0.009957037391383185
0.015869430292400954
0.010294361795181332
-0.03081306732365303
-0.012499469783142298
0.03596273509598466
-0.026106754618769667
-0.007045629692956361
0.026369866059947653
-0.019567943265494357
-0.004715662979246637
0.009510432063460077
-0.004715662979246637
-0.033101449870744724
-0.032887100499458644
-0.00781848536358687
-0.07415392758519232
-0.0024108354684164468
-0.07936155764880522
-0.0109111632544438
-0.041755852688645234
-0.013639060064374375
-0.016708781493591573
-0.006656521950241294
-0.03179532343312712
-0.02841907824906341
-0.05408304237970195
-0.056553532746941734
-0.03882086874838525
0.03546785061728473
0.01717787275251562
-0.027804224874626728
-0.05408304237970195
-0.027617911013610767
0.0015462347445869477
-0.014429061131629369
-0.006961042800719688
-0.012212170067074877
-0.02578166425862563
-0.039768980984733
-0.047559721751925334
0.03596273509598466
-0.05788489102163338
-0.03189073572097786
-0.006961042800719688
-0.016688947889788606
-0.039200243010473146
-0.03590819515404997
-0.047559721751925334
-0.05025326761388723
-0.03940085274101299
0.027703219858964553
0.003826834337685573
-0.028094323107627085
-0.017119832615277546
-0.0383358126859502
-0.00181954660551526
-0.03189073572097786
-0.03459590223133446
-0.05338092183554829
-0.025268397908256614
-0.05104469073643782
-0.09605571745088134
-0.04546508910892015
0.009539656100505223
0.015869430292400954
0.007965944164473332
0.009510432063460077
-0.009093707654969974
-0.019327377540652977
-0.06222203234018013
-0.043901646323711664
-0.030933081560559936
-0.09605571745088134
-0.009079613269527845
-0.005095276476437149
-0.015047381057715198
-0.03459590223133446
0.008864724123187714
0.031323531052277066
-0.08275261123563508
-0.047466308908048455
-0.0445821951808252
-0.010700583804554731
-0.05338092183554829
-0.0077019065193075715
-0.005957197605930047
-0.004660591297371232
-0.02960744414862585
-0.0016695908367523736
0.018754795371477947
-0.009079613269527845
-0.047466308908048455
0.019210236250478806
0.0026823629794437854
-0.041755852688645234
-0.02348184044909165
0.006188922999731426
-0.060248810004896784
-0.014429061131629369
-0.030697358423019846
-0.019567943265494357
-0.01794944242809813
-0.017119832615277546
-0.06754877732532812
-0.004770675410138763
-0.028332532531665088
-0.013780687481176236
-0.009002824755858464
0.0444761385659931
-0.027731601577138363
-0.025268397908256614
-0.008491434922946026
-0.05230929206829976
0.018754795371477947
-0.0024913886222854707
-0.02348184044909165
-0.027351152444399434
0.015869430292400954
-0.019567943265494357
-0.007947296591394768
0.0444761385659931
-0.0017057510028534255
0.01717787275251562
-0.033101449870744724
0.03596273509598466
-0.006961042800719688
0.0004860618085050624
-0.017205175503237097
-0.07979286312537616
-0.027945128857364502
-0.05338092183554829
-0.04546508910892015
0.009647711082708909
-0.03776926770114575
-0.03020742910159713
-0.029485242228421745
-0.013974101997124708
-0.01139429246313696
0.005453292593380403
-0.01987637236307602
0.02485948261312265
-0.0005271199539563356
-0.010346059802123924
-0.008406849407368211
-0.031243008560418336
-0.004715662979246637
-0.04397189300884027
-0.017797828457911547
-0.02960744414862585
-0.057146387064009076
0.027703219858964553
0.0026823629794437854
-0.08680784498975071
-0.060248810004896784
-0.039768980984733
-0.0023163980427312633
-0.03859549289963644
-0.002647886812451089
-0.00181954660551526
-0.005250828317676852
-0.00181954660551526
-0.03820997289863605
-0.055390503830035145
0.002468746436708669
-0.01794944242809813
-0.00114440544712437
-0.026106754618769667
-0.02960744414862585
-0.0403289940563413
0.0023801707742922293
-0.056846083391815225
0.007048293102954646
-0.008491434922946026
-0.026106754618769667
-0.07346412187875756
-0.030933081560559936
-0.07936155764880522
-0.0065755906751273924
-0.01362458602040646
-0.056846083391815225
-0.015047381057715198
-0.05673081125413672
-0.0403289940563413
-0.07837662486381754
-0.053390791572834904
0.0026823629794437854
-0.060248810004896784
-0.03397695257137692
-0.014863355137427958
-0.013639060064374375
-0.027029882764932314
-0.09317128552613206
-0.027731601577138363
-0.027985921273284444
-0.01900574300883226
-0.05338092183554829
0.027703219858964553
-0.0024913886222854707
-0.0077019065193075715
-0.012212170067074877
-0.09317128552613206
-0.05258823803454834
0.012460117388202324
-0.0046085950215409436
-0.01148644561768867
0.027703219858964553
-0.03243964919173859
-0.06754877732532812
-0.02187901652410344
-0.012212170067074877
-0.018532914921029587
-0.03179532343312712
-0.05258823803454834
0.0035216438209614794
-0.00114440544712437
-0.0022410085937003355
