0.01853575870792802
-0.00586045501696986
-0.013859084152515584
0.006417360204469228
-0.038310392576604825
0.008590590027613143
-0.01665122086486716
-0.005472598428953041
-0.01017667270049886
-0.0018611617663241542
-0.030723108867345847
-0.05338669891532878
-0.01541708876727852
-0.018117341492282397
0.021362153205525713
-0.0075652316124210995
-0.000666163456391624
-0.012280126349065825
0.0069866237252823055
-0.023319784334262895
-0.01768356197166715
-0.011361332302658176
-0.02477450025330121
-0.008239342792266985
0.0004010981815300176
-0.00586045501696986
0.008254711968846576
-0.011579550237329502
-0.02817435441618908
0.0017168670966469495
-0.04858732244282445
-0.002552942136095426
-0.005653834888073732
0.01644771624594794
-0.00949004873200734
0.0027324961827088086
0.02336930464158406
0.005592408886848402
-0.003972971276571042
-0.031085799465032902
-0.029789269120663004
-0.011075212257710377
0.01159394855109952
0.01780912738140744
-0.02108335370628942
0.026033227932690518
-0.019466137436124107
-0.007961915077313163
0.003843253936133164
-0.02168594779091551
0.008641245854945532
0.03908792382912871
-0.02108169194909471
0.006417360204469228
-0.0016010884899504186
-0.04599117439368218
-0.004151363800763354
-0.00586045501696986
-0.003972971276571042
-0.013370245510530761
0.03270222799857374
0.003627956217861869
-0.002041542957219371
-0.0162331821725136
0.03270222799857374
-0.020734561332940528
-0.024090876426784705
-0.008026742702699997
0.01853575870792802
0.006417360204469228
-0.004738360511640399
-0.007863357248065318
0.008641245854945532
-0.01665122086486716
-0.02454835060859476
-0.013613901641199128
-0.007805091274710255
0.01780912738140744
-0.02815193299799188
0.010605401073454193
0.03979145578688558
0.018916646823763195
0.0027324961827088086
-0.020181074294705472
0.02234985530351444
-0.019757364632568213
-0.011051417086710634
0.12622470507160824
-0.04599117439368218
-0.002234034328572853
0.003358205012388336
-0.01592807875043593
-0.011579550237329502
0.01644771624594794
-0.01570183941075885
0.0021658716848441313
-0.011277413857488422
0.008231073447096763
0.02336930464158406
-0.0016010884899504186
-0.02108335370628942
-0.005653834888073732
-0.02477450025330121
-0.010628250802464568
-0.0016010884899504186
-0.04858732244282445
-0.002234034328572853
-0.024090876426784705
-0.00789236298799041
0.006404555848884554
-0.005653834888073732
-0.01570183941075885
0.03270222799857374
-0.022792922623573155
-0.010829813043966652
-0.018512571432984716
0.03908792382912871
0.014924913242037598
0.013910273736355436
-0.02346370624810289
-0.023386328683774778
-0.0011593680390775442
-0.024090876426784705
0.02336930464158406
-0.02168594779091551
-0.011361332302658176
-0.020734561332940528
-0.0186723978217274
-0.022792922623573155
-0.0035646632653547816
-0.011579550237329502
-0.04599117439368218
-0.020734561332940528
-0.020181074294705472
0.03979145578688558
0.0029148527471372096
-0.06976574834006714
0.0023115221512597125
0.0018941110125509225
-0.03545646892876899
-0.020678009323922067
-0.030723108867345847
-0.024104953274350978
-0.02108169194909471
-0.01592807875043593
0.00036709145568142884
-0.001554439798040896
0.03270222799857374
-0.05338669891532878
0.002545021845117647
-0.011496950983046017
-0.02815193299799188
-0.006386262473385695
-0.023319784334262895
-0.006468948413381228
-0.024104953274350978
0.046866702376929345
-0.01541708876727852
0.01904866009701316
-0.009171041554348272
-0.010829813043966652
-0.0003475767281878491
-0.01813165909163848
-0.01001289463485249
-0.013923244880703695
-0.02108335370628942
-0.016685786034685124
-0.014275523045245854
-0.019466137436124107
0.0027324961827088086
0.01853575870792802
0.008641245854945532
-0.013547731203023326
-0.02477450025330121
-0.012575686906285818
-0.007099638687844519
0.016844157767479027
-0.03825805881701177
-0.02815193299799188
-0.038310392576604825
0.010605401073454193
8.393049006683315e-05
0.0028254306449467595
-0.010440450450581212
0.012273851169330002
-0.00586045501696986
-0.00949004873200734
-0.007961915077313163
0.004260920841307325
-0.013547731203023326
0.016545062579635242
-0.00586045501696986
0.0004010981815300176
-0.0011593680390775442
0.0027324961827088086
-0.04417533136417
-0.005653834888073732
-0.029774230441105973
-0.011277413857488422
-0.00789236298799041
-0.0286762547055433
-0.01768356197166715
-0.024090876426784705
-0.004649182195854568
-0.029774230441105973
-0.019466137436124107
-0.02817435441618908
-0.02108169194909471
0.026033227932690518
-0.038310392576604825
-0.023954087330964893
0.0069866237252823055
-0.009248184895316968
-0.012575686906285818
-0.0186723978217274
-0.013859084152515584
0.01904866009701316
0.01780912738140744
0.010605401073454193
0.0021658716848441313
-0.011163782132121283
-0.01813165909163848
-0.002234034328572853
0.01904866009701316
-0.020181074294705472
-0.02606316088672335
0.03908792382912871
-0.0162331821725136
-0.000666163456391624
-0.020181074294705472
-0.031151930408020986
-0.005472598428953041
-0.012068758299711902
-0.000666163456391624
-0.029406276240490598
0.0027324961827088086
0.12622470507160824
-0.048075368515641335
-0.00586045501696986
0.0153277116222418
-0.04858732244282445
-0.013923244880703695
-0.029789269120663004
-0.04599117439368218
-0.00789236298799041
-0.019986707896879192
0.12622470507160824
0.012273851169330002
-0.01813165909163848
-0.0035646632653547816
-0.011075212257710377
-0.011277413857488422
-0.013370245510530761
0.03270222799857374
-0.04045476070581006
0.0027324961827088086
0.0021658716848441313
-0.02454835060859476
-0.009171041554348272
-0.006386262473385695
-0.006653671965471711
0.014924913242037598
-0.014465895500160413
0.0037517348207200363
-0.01570183941075885
-0.008386060852015608
-0.006468948413381228
-0.003972971276571042
-0.00586045501696986
-0.002552942136095426
-0.0011593680390775442
-0.013547731203023326
-0.01570183941075885
-0.006468948413381228
-0.0003475767281878491
0.008641245854945532
-0.02108335370628942
-0.01592807875043593
-0.04858732244282445
-0.011163782132121283
0.03270222799857374
-0.0011593680390775442
0.01159394855109952
-0.004738360511640399
0.0021658716848441313
0.0026197847876314696
0.03979145578688558
0.021778667321752293
-0.022902501000525852
-0.0016010884899504186
-0.019986707896879192
0.02234985530351444
-0.001122010587899234
0.012273851169330002
-0.019466137436124107
-0.010440450450581212
-0.019757364632568213
-0.029406276240490598
0.03908792382912871
0.0023115221512597125
-0.01570183941075885
-0.04858732244282445
-0.0013738286273743184
-0.006567531407508181
-0.010893386182463034
-0.010829813043966652
-0.00789236298799041
0.014679142320763568
-0.020181074294705472
-0.03825805881701177
-0.006567531407508181
-0.008239342792266985
-0.030723108867345847
0.01644771624594794
-0.014012558914786788
0.00036709145568142884
0.004260920841307325
0.0037517348207200363
-0.031085799465032902
-0.003972971276571042
-0.030723108867345847
0.01904866009701316
-0.03831812932162408
0.013910273736355436
-0.008239342792266985
-0.02606316088672335
-0.010440450450581212
8.393049006683315e-05
0.046866702376929345
-0.004151363800763354
0.01853575870792802
-0.03825805881701177
0.013953785583093282
-0.010628250802464568
-0.012575686906285818
-0.03208128631108135
-0.00789236298799041
0.013953785583093282
-0.022792922623573155
-0.013547731203023326
-0.009248184895316968
0.01780912738140744
-0.009171041554348272
-0.009248184895316968
-0.008239342792266985
0.01644771624594794
-0.012068758299711902
-0.023319784334262895
-0.013370245510530761
-0.011163782132121283
0.01159394855109952
0.00036709145568142884
-0.014275523045245854
-0.031779032846777994
-0.029789269120663004
0.004260920841307325
-0.008026742702699997
-0.0018611617663241542
-0.04599117439368218
-0.01665122086486716
-0.0031297026808670848
-0.01570183941075885
-0.03545646892876899
-0.011496950983046017
-0.0003475767281878491
-0.03208128631108135
-0.007638020947657924
-0.004649182195854568
-0.048075368515641335
-0.01768356197166715
-0.022902501000525852
-0.011277413857488422
-0.014275523045245854
-0.014012558914786788
0.014313301996550626
-0.0162331821725136
-0.030766730041677955
-0.048075368515641335
-0.001122010587899234
-0.007084813693777077
-0.013613901641199128
-0.010440450450581212
-0.014465895500160413
-0.011075212257710377
-0.0286762547055433
-0.02606316088672335
0.014679142320763568
0.026033227932690518
-0.008386060852015608
-0.0075652316124210995
0.03908792382912871
0.0012185617689247454
-0.0286762547055433
0.0069866237252823055
-0.013859084152515584
0.008641245854945532
-0.024090876426784705
0.02336930464158406
-0.004738360511640399
0.0012185617689247454
0.01904866009701316
0.021362153205525713
-0.006386262473385695
-0.020181074294705472
-0.002234034328572853
-0.019986707896879192
-0.007638020947657924
0.01904866009701316
-0.008026742702699997
0.00556320529317275
-0.03831812932162408
0.0026197847876314696
-0.019986707896879192
0.0026197847876314696
-0.02454835060859476
-0.010628250802464568
-0.009171041554348272
0.03270222799857374
-0.023386328683774778
-0.011496950983046017
-0.031085799465032902
0.0153277116222418
0.008231073447096763
0.0015777756783116308
-0.007863357248065318
-0.04417533136417
0.0026197847876314696
0.01159394855109952
0.021362153205525713
-0.01592807875043593
-0.013923244880703695
-0.0286762547055433
-0.018512571432984716
-0.04417533136417
0.011127779722224132
0.006417360204469228
-0.018512571432984716
-0.011163782132121283
-0.01813165909163848
-0.001554439798040896
-0.029406276240490598
-0.022902501000525852
0.02336930464158406
-0.01541708876727852
-0.012575686906285818
-0.011277413857488422
-0.000666163456391624
-0.03825805881701177
-0.0003475767281878491
-0.02815193299799188
0.016844157767479027
0.01780912738140744
-0.02346370624810289
0.03270222799857374
-0.02249069662240091
-0.018512571432984716
-0.012068758299711902
0.016545062579635242
-0.012280126349065825
0.006417360204469228
-0.031151930408020986
-0.011075212257710377
-0.023386328683774778
-0.02477450025330121
0.00036709145568142884
-0.022902501000525852
0.010605401073454193
-0.02108335370628942
0.005573342713679266
-0.03831812932162408
0.012273851169330002
-0.03208128631108135
-0.011579550237329502
0.003627956217861869
0.018916646823763195
-0.018117341492282397
-0.02346370624810289
-0.023954087330964893
-0.004207644338068662
0.013953785583093282
-0.02815193299799188
-0.022338059239693477
-0.0162331821725136
-0.005653834888073732
-0.011496950983046017
0.0012185617689247454
-0.02817435441618908
-0.013370245510530761
0.01780912738140744
0.0012185617689247454
0.021362153205525713
-0.006653671965471711
-0.030766730041677955
0.002545021845117647
0.12622470507160824
-0.010440450450581212
-0.009248184895316968
-0.023954087330964893
-0.006468948413381228
-0.002041542957219371
-0.01591576114030004
-0.004207644338068662
-0.012068758299711902
-0.02815193299799188
-0.00789236298799041
0.0026197847876314696
-0.019466137436124107
-0.011163782132121283
-0.02108335370628942
-0.01768356197166715
-0.0013738286273743184
0.0026197847876314696
-0.018117341492282397
-0.024104953274350978
-0.01768356197166715
-0.048075368515641335
-0.0035646632653547816
-0.01730598863438341
0.005573342713679266
0.0023115221512597125
-0.02606316088672335
0.0023115221512597125
-0.012068758299711902
-0.010893386182463034
0.027840470751674427
-0.030723108867345847
0.008254711968846576
-0.007099638687844519
-0.030723108867345847
0.0037517348207200363
-0.0016010884899504186
-0.012280126349065825
-0.04417533136417
0.00556320529317275
0.016545062579635242
-0.009171041554348272
-0.048075368515641335
0.006417360204469228
-0.002234034328572853
-0.00949004873200734
0.0029148527471372096
0.014313301996550626
-0.04417533136417
-0.001122010587899234
-0.04417533136417
-0.029789269120663004
0.01853575870792802
-0.005653834888073732
-0.011075212257710377
-0.020734561332940528
0.01644771624594794
-0.02108335370628942
0.0023115221512597125
0.00036709145568142884
-0.018512571432984716
-0.00038522970133974307
-0.02346370624810289
-0.04858732244282445
-0.048075368515641335
0.0074237300865959205
0.011127779722224132
0.014924913242037598
-0.029774230441105973
0.010288217410105896
-0.04045476070581006
-0.02454835060859476
0.014313301996550626
-0.010440450450581212
-0.01768356197166715
-0.003972971276571042
-0.007863357248065318
0.00556320529317275
-0.022902501000525852
0.0017168670966469495
-0.002041542957219371
-0.048075368515641335
-0.038310392576604825
0.0027324961827088086
-0.007638020947657924
-0.011051417086710634
0.01644771624594794
-0.02346370624810289
0.0027324961827088086
-0.01768356197166715
-0.020181074294705472
-0.02249069662240091
0.013910273736355436
0.00556320529317275
0.12622470507160824
-0.011277413857488422
-0.0286762547055433
0.02234985530351444
-0.005472598428953041
-0.03545646892876899
8.393049006683315e-05
-0.000666163456391624
0.006417360204469228
-0.020678009323922067
0.014313301996550626
-0.004151363800763354
-0.018512571432984716
-0.002552942136095426
-0.02477450025330121
-0.006468948413381228
0.016545062579635242
0.0029148527471372096
0.01904866009701316
-0.008386060852015608
-0.03545646892876899
-0.029406276240490598
0.014313301996550626
-0.019750949748284053
-0.00586045501696986
0.0015777756783116308
-0.013923244880703695
0.03979145578688558
0.021778667321752293
-0.04858732244282445
0.013910273736355436
0.046866702376929345
-0.001122010587899234
-0.030723108867345847
0.00572139805840378
-0.014012558914786788
-0.05338669891532878
-0.022902501000525852
-0.010628250802464568
0.002545021845117647
-0.008026742702699997
-0.0011593680390775442
-0.029406276240490598
-0.011163782132121283
0.014924913242037598
8.393049006683315e-05
-0.03208128631108135
0.010605401073454193
-0.002234034328572853
-0.020734561332940528
-0.023319784334262895
-0.014044109131900257
0.0153277116222418
-0.06976574834006714
-0.04045476070581006
-0.023386328683774778
0.00036709145568142884
-0.004649182195854568
0.00556320529317275
-0.048075368515641335
-0.013859084152515584
0.0017168670966469495
-0.05338669891532878
-0.014044109131900257
-0.01592807875043593
-0.013547731203023326
-0.02168594779091551
-0.011277413857488422
-0.013370245510530761
0.0018941110125509225
-0.003972971276571042
-0.006567531407508181
-0.00038522970133974307
-0.01813165909163848
-0.00038522970133974307
0.014924913242037598
-0.01541708876727852
0.03908792382912871
-0.03208128631108135
-0.007099638687844519
0.003843253936133164
-0.023954087330964893
-0.011579550237329502
0.00556320529317275
-0.03825805881701177
-0.019750949748284053
-0.019466137436124107
0.03270222799857374
0.011127779722224132
0.0004010981815300176
-0.02346370624810289
-0.011075212257710377
-0.009248184895316968
-0.023319784334262895
0.005592408886848402
-0.002552942136095426
8.393049006683315e-05
-0.00949004873200734
0.0015777756783116308
0.0026197847876314696
-0.002041542957219371
0.03979145578688558
-0.011163782132121283
0.003358205012388336
0.00572139805840378
0.01904866009701316
-0.020181074294705472
-0.0003475767281878491
0.0021658716848441313
-0.018512571432984716
-0.014275523045245854
-0.04045476070581006
0.00036709145568142884
0.014679142320763568
0.03270222799857374
-0.029789269120663004
-0.012280126349065825
-0.06976574834006714
0.005573342713679266
-0.011051417086710634
-0.0035646632653547816
-0.010893386182463034
0.00036709145568142884
-0.02477450025330121
0.014924913242037598
0.008641245854945532
-0.048075368515641335
-0.011051417086710634
-0.0035646632653547816
-0.0011593680390775442
0.013953785583093282
0.02336930464158406
-0.000666163456391624
-0.030723108867345847
0.016545062579635242
-0.008386060852015608
0.02336930464158406
-0.02108169194909471
0.03908792382912871
-0.02924125446118695
0.0027324961827088086
-0.0286762547055433
-0.031779032846777994
0.00572139805840378
-0.019757364632568213
-0.008026742702699997
-0.02346370624810289
0.0028254306449467595
0.021778667321752293
-0.0031297026808670848
-0.013547731203023326
-0.013613901641199128
0.018916646823763195
-0.006468948413381228
-0.002552942136095426
-0.023319784334262895
-0.004738360511640399
0.00036709145568142884
0.0004010981815300176
0.00572139805840378
-0.006386262473385695
-0.002041542957219371
8.393049006683315e-05
0.00572139805840378
-0.01665122086486716
-0.006386262473385695
0.010288217410105896
-0.030766730041677955
0.0023115221512597125
-0.011075212257710377
0.013953785583093282
-0.0035646632653547816
-0.0016010884899504186
0.003843253936133164
-0.024104953274350978
-0.012575686906285818
-0.022902501000525852
-0.031085799465032902
0.018916646823763195
0.00556320529317275
-0.012280126349065825
-0.048075368515641335
-0.0186723978217274
-0.0013738286273743184
-0.014012558914786788
-0.0011593680390775442
-0.02249069662240091
-0.01017667270049886
0.0026197847876314696
-0.013923244880703695
-0.01813165909163848
-0.012068758299711902
-0.01813165909163848
0.00556320529317275
-0.004738360511640399
-0.029774230441105973
0.003358205012388336
0.018916646823763195
0.006404555848884554
0.013953785583093282
0.010605401073454193
-0.02477450025330121
-0.009171041554348272
-0.006468948413381228
-0.003972971276571042
-0.012068758299711902
0.003358205012388336
0.014679142320763568
-0.012575686906285818
-0.03208128631108135
-0.020181074294705472
-0.01541708876727852
-0.014012558914786788
0.00572139805840378
0.00572139805840378
0.003843253936133164
0.0018941110125509225
-0.013370245510530761
-0.01017667270049886
-0.007084813693777077
-0.004649182195854568
0.021362153205525713
-0.002234034328572853
0.01780912738140744
0.008254711968846576
0.01159394855109952
-0.04599117439368218
0.003358205012388336
-0.02477450025330121
-0.01813165909163848
-0.008026742702699997
-0.004738360511640399
-0.0013738286273743184
-0.0286762547055433
-0.02168594779091551
0.01780912738140744
-0.024090876426784705
-0.014012558914786788
0.0004010981815300176
-0.03825805881701177
-0.04417533136417
0.00572139805840378
-0.01665122086486716
-0.01017667270049886
0.00572139805840378
-0.022902501000525852
-0.01591576114030004
-0.004649182195854568
-0.03545646892876899
-0.01730598863438341
0.003843253936133164
-0.018117341492282397
-0.018117341492282397
-0.006653671965471711
-0.00038522970133974307
-0.0162331821725136
-0.02168594779091551
0.0027324961827088086
0.003627956217861869
-0.024104953274350978
0.010605401073454193
0.004260920841307325
0.0017168670966469495
-0.007863357248065318
-0.010497958985224348
0.0029148527471372096
0.0027324961827088086
-0.0013738286273743184
-0.0016010884899504186
-0.01768356197166715
-0.01570183941075885
0.005573342713679266
-0.02108335370628942
0.013910273736355436
-0.022792922623573155
-0.0031297026808670848
0.013910273736355436
-0.007863357248065318
-0.004649182195854568
-0.004207644338068662
-0.04045476070581006
0.0153277116222418
0.014679142320763568
-0.006468948413381228
0.0017168670966469495
-0.0013738286273743184
0.0074237300865959205
0.01780912738140744
-0.029406276240490598
-0.025025754478179837
-0.014465895500160413
-0.024090876426784705
-0.020734561332940528
0.021362153205525713
-0.014012558914786788
-0.02815193299799188
-0.029406276240490598
-0.004738360511640399
-0.011361332302658176
-0.00586045501696986
-0.011361332302658176
-0.0013738286273743184
0.03270222799857374
-0.031779032846777994
0.00556320529317275
0.010288217410105896
0.0015777756783116308
-0.008386060852015608
0.01780912738140744
-0.001554439798040896
0.02336930464158406
0.03270222799857374
-0.014465895500160413
0.005592408886848402
0.0028254306449467595
-0.0075652316124210995
-0.02815193299799188
-0.010893386182463034
-0.007863357248065318
-0.009248184895316968
0.0017168670966469495
0.0029148527471372096
-0.011277413857488422
-0.01591576114030004
-0.013859084152515584
-0.010893386182463034
-0.029789269120663004
-0.010628250802464568
-0.02477450025330121
0.003627956217861869
-0.013613901641199128
-0.007638020947657924
-0.011361332302658176
-0.023954087330964893
0.005592408886848402
-0.01017667270049886
0.046866702376929345
-0.018512571432984716
-0.007638020947657924
-0.010440450450581212
0.010605401073454193
-0.0075652316124210995
-0.012575686906285818
-0.023319784334262895
0.03908792382912871
-0.01541708876727852
-0.012068758299711902
-0.013370245510530761
-0.04858732244282445
0.0018941110125509225
-0.020181074294705472
-0.01813165909163848
0.01159394855109952
-0.002552942136095426
-0.013859084152515584
-0.0031297026808670848
0.03908792382912871
-0.02346370624810289
0.0074237300865959205
-0.0075652316124210995
0.005573342713679266
-0.002552942136095426
-0.0286762547055433
0.01159394855109952
-0.01541708876727852
-0.008386060852015608
-0.022902501000525852
0.00036709145568142884
-0.009248184895316968
-0.02454835060859476
-0.008026742702699997
-0.0003475767281878491
0.0026197847876314696
0.011127779722224132
-0.0003475767281878491
-0.025025754478179837
-0.0016010884899504186
-0.014012558914786788
-0.007084813693777077
-0.01001289463485249
0.010288217410105896
-0.06976574834006714
-0.020678009323922067
-0.01541708876727852
-0.022338059239693477
-0.01591576114030004
0.026033227932690518
-0.007638020947657924
-0.007099638687844519
0.0004010981815300176
-0.03545646892876899
0.014924913242037598
-0.013923244880703695
-0.01768356197166715
-0.02454835060859476
0.027840470751674427
-0.00038522970133974307
0.12622470507160824
-0.011163782132121283
0.01644771624594794
-0.03208128631108135
0.0028254306449467595
0.02234985530351444
-0.01017667270049886
0.0037517348207200363
0.010605401073454193
-0.006468948413381228
-0.0003475767281878491
-0.008386060852015608
-0.02108335370628942
-0.038310392576604825
0.013910273736355436
