-0.009171713966408767
-0.012284801353674065
-0.05136350702396229
-0.023776068808846446
-0.014499125370809338
-0.01010585443653073
-0.013227919931413968
-0.024130606443519994
-0.022344485965624442
-0.002814167415910315
-0.007752176040110011
0.0121223852132127
-0.020402459242740593
-0.00711345377499549
-0.022344485965624442
0.012838973878386218
-0.007752176040110011
-0.006276142631076842
-0.028900025690785806
-0.011799416922095393
-0.003918896198206098
-0.007445888206799893
-0.01010585443653073
0.0130347510023008
-0.01874871458891384
-0.01564284236630076
-0.010990047254380984
-0.03423309181828327
-0.008931870970038185
0.007536438240832845
-0.013079371649006284
-0.006167661663363645
-0.006167661663363645
-0.021258189052171528
0.0011084356762459135
-0.005491708055717509
-0.01010585443653073
-0.007887087877139301
-0.005491708055717509
-0.017448026363819112
-0.0067649157404208815
0.003997232694417131
-0.001597384561746716
-0.02021591425935783
-0.013265319327617143
-0.016215813261194666
-0.016215813261194666
-0.010737928160125625
-0.018796517534423136
-0.017939526716370682
0.02677501357847315
0.003943217618782013
-0.01564284236630076
-0.03686352541071033
-0.012357530141104855
-0.008028840953880184
-0.017448026363819112
-0.024763695037479543
-0.00013209485324733227
0.0035971544153905557
-0.014961692612753411
0.01475452001076646
0.007296533379455024
-0.02442423511185498
-0.03084692937239446
0.0023967051389155334
0.012838973878386218
-0.03423309181828327
-0.017831928165406758
-0.016215813261194666
-0.021258189052171528
-0.008931870970038185
-0.018796517534423136
0.0121223852132127
0.014410554577832671
-0.06976097908198085
-0.022959230206719437
-0.010323842789063663
-0.003149787420856313
-0.012284801353674065
-0.007887087877139301
-0.016395550465867992
-0.009272665896230929
-0.03427913627082426
-0.002430671859825692
0.0130347510023008
-0.010577261450180077
-0.004354072724036843
-0.05136350702396229
-0.0030529831911435177
-0.01709430990563238
0.0035238451038031838
-0.004609273606291801
-0.014961692612753411
0.003997232694417131
-0.04292815972303862
-0.0005526185321466491
-0.026608711919256817
-0.008057667385217645
-0.024130606443519994
0.0037237159019622114
-0.01709430990563238
0.028454690088728814
-0.016395550465867992
0.01906446058215185
-0.008028840953880184
-0.009467020828145522
0.003675341611512491
-0.007887087877139301
-0.026608711919256817
0.0031200898944391815
-0.001597384561746716
-0.006374124339324925
-0.007887087877139301
-0.010577261450180077
-0.031226046845842525
0.014410554577832671
0.01906446058215185
0.0015014351122056213
0.003997232694417131
-0.008044884151149246
-0.03423309181828327
0.012838973878386218
0.0130347510023008
-0.004337808895033241
-0.007637306656009329
0.028402710844948786
-0.026221617214194026
-0.020402459242740593
-0.024130606443519994
-0.01590201450173969
-0.011124622805657083
-0.006374124339324925
0.011699421559926449
0.0023967051389155334
-0.012323347586494171
-0.0070544350861276445
-0.0053556477610485044
-0.005491708055717509
-0.016215813261194666
0.02677501357847315
0.001500531833511479
0.012838973878386218
-0.008028840953880184
-0.01874871458891384
-0.003918896198206098
-0.017117053715623342
-0.039062845206138556
-0.0044696436227025585
-0.012323347586494171
-0.041668102167438895
-0.0005526185321466491
0.009047368076028201
-0.013303373588594085
-0.009467020828145522
-0.020611319225492617
-0.007445888206799893
0.001500531833511479
-0.04292815972303862
-0.007445888206799893
0.004453527121097012
-0.023776068808846446
-0.012496952982997857
0.028402710844948786
-0.03242630279807675
-0.0016631725477858608
-0.02744951992965333
-0.011124622805657083
0.014410554577832671
-0.009445343685694036
-0.0032213929763619917
-0.007201986765320457
-0.0068351959722469414
-0.0037243118850726793
0.003675341611512491
-0.004272275315911766
-0.011799416922095393
0.014410554577832671
-0.02503599691398882
-0.05136350702396229
-0.01993693923144211
-0.02387499942706676
0.011699421559926449
-0.011708442779881301
0.014410554577832671
-0.002814167415910315
-0.017448026363819112
-0.013303373588594085
-0.03669448638091909
-0.0068351959722469414
-0.01564284236630076
-0.026221617214194026
-0.018784405560695445
-0.020611319225492617
0.0023967051389155334
-0.0014110472597416203
-0.015834615775023052
0.028454690088728814
-0.029552193408456714
-0.02503599691398882
-0.029318949098604944
-0.0044696436227025585
-0.039062845206138556
-0.023776068808846446
-0.041668102167438895
0.007296533379455024
-0.006374124339324925
-0.005491708055717509
0.0023967051389155334
0.011699421559926449
0.0031200898944391815
-0.028900025690785806
-0.0044696436227025585
-0.005689676589700142
-0.015834615775023052
-0.012323347586494171
0.006918274100616372
-0.0067649157404208815
-0.018796517534423136
-0.0070544350861276445
0.012838973878386218
0.0130347510023008
-0.013079371649006284
-0.023776068808846446
0.007296533379455024
-0.00711345377499549
-0.025527037013389355
-0.023411596239536855
-0.026221617214194026
-0.0067649157404208815
-0.016395550465867992
-0.01658846587893709
-0.01219891489880305
-0.041668102167438895
-0.017448026363819112
-0.01010585443653073
0.0031200898944391815
0.006918274100616372
-0.008540070654174697
0.0011084356762459135
-0.012496952982997857
-0.0030529831911435177
0.0013343547097572149
-0.029318949098604944
-0.013265319327617143
0.0037237159019622114
-0.007752176040110011
-0.03976714614475662
-0.017939526716370682
-0.024130606443519994
-0.026608711919256817
-0.013265319327617143
-0.01621775404744926
-0.0053556477610485044
0.009098423101218805
-0.029552193408456714
-0.009467020828145522
0.007296533379455024
-0.024763695037479543
-0.017831928165406758
-0.02080707419147319
-0.030533089812153757
-0.024130606443519994
-0.008164630723384273
-0.011799416922095393
-0.023776068808846446
-0.014499125370809338
0.007296533379455024
-0.001597384561746716
-0.017117053715623342
-0.013079371649006284
-0.03976714614475662
-0.031349877134233595
0.003943217618782013
-0.022959230206719437
-0.012323347586494171
-0.004609273606291801
-0.014926946477763416
0.0121223852132127
-0.029318949098604944
-0.05136350702396229
0.0005909411164449849
-0.015834615775023052
-0.017831928165406758
-0.0030529831911435177
0.0011084356762459135
-0.00711345377499549
-0.008212585290834877
-0.0070503669443561625
-0.008267340061475904
-0.018784405560695445
-0.012733551277503205
-0.006374124339324925
-0.01993693923144211
0.007536438240832845
-0.026221617214194026
0.028454690088728814
0.012838973878386218
0.003675341611512491
-0.0354813386849048
-0.023411596239536855
-0.02021591425935783
-0.012357530141104855
-0.016215813261194666
0.0024371277216837356
-0.007201986765320457
-0.013694422297035392
-0.010737928160125625
-0.0005526185321466491
-0.039062845206138556
-0.030533089812153757
-0.0070544350861276445
0.009098423101218805
-0.017831928165406758
0.028454690088728814
-0.008044884151149246
-0.022344485965624442
-0.011708442779881301
-0.006167661663363645
-0.007445888206799893
-0.022344485965624442
-0.013303373588594085
-0.020402459242740593
-0.006276142631076842
-0.024763695037479543
-0.030533089812153757
-0.009602739684080815
-0.010737928160125625
-0.011799416922095393
-0.005491708055717509
-0.06976097908198085
0.028402710844948786
-0.02021591425935783
-0.03122418966616957
-0.010323842789063663
-0.009912238451147802
-0.0068715833578014375
-0.01993693923144211
0.016981163432792826
-0.012496952982997857
-0.004354072724036843
-0.06970532021616783
-0.026608711919256817
0.009098423101218805
-0.02744951992965333
-0.0016631725477858608
0.0011084356762459135
-0.012733551277503205
-0.008540070654174697
-0.004349156745336716
0.010122416952924656
-0.05826306511553457
0.007536438240832845
-0.0070544350861276445
-0.012357530141104855
-0.018784405560695445
-0.05136350702396229
-0.013265319327617143
-0.0070544350861276445
-0.0070503669443561625
-0.020402459242740593
-0.005740437272285694
-0.04685153750615333
-0.018784405560695445
-0.008540070654174697
-0.022344485965624442
-0.002814167415910315
-0.018796517534423136
-0.01709430990563238
-0.0005526185321466491
0.019589889222685515
-0.0053556477610485044
0.004453527121097012
0.02045318915761291
0.003997232694417131
-0.020402459242740593
0.007536438240832845
-0.013694422297035392
-0.029318949098604944
-0.013303373588594085
0.014410554577832671
-0.002814167415910315
0.02677501357847315
0.0011084356762459135
0.009098423101218805
-0.013303373588594085
0.016981163432792826
-0.009912238451147802
-0.01564284236630076
-0.0013637970036573974
-0.003149787420856313
-0.003499246081436054
-0.06713370526673265
-0.023642680900198366
-0.001597384561746716
-0.0067649157404208815
-0.039062845206138556
-0.0016631725477858608
-0.009272665896230929
0.0035238451038031838
-0.022344485965624442
-0.017117053715623342
-0.024431737485452406
0.009912359417904977
-0.03122418966616957
0.0013343547097572149
-0.014926946477763416
-0.0067649157404208815
-0.007637306656009329
-0.013079371649006284
-0.02387499942706676
-0.01874871458891384
-0.018796517534423136
-0.03084692937239446
-0.011124622805657083
0.00690107776193957
-0.012357530141104855
-0.025527037013389355
-0.016215813261194666
-0.01993693923144211
-0.024763695037479543
-0.010737928160125625
0.0130347510023008
-0.05136350702396229
-0.041668102167438895
-0.01621775404744926
-0.008028840953880184
0.0035971544153905557
-0.03122418966616957
-0.024130606443519994
-0.010323842789063663
-0.009467020828145522
-0.010990047254380984
0.0031200898944391815
0.011699421559926449
-0.017831928165406758
-0.006374124339324925
0.0024371277216837356
-0.03414538767649616
0.0130347510023008
-0.01010585443653073
-0.017831928165406758
-0.015834615775023052
0.003997232694417131
-0.01993693923144211
-0.0006458620182718242
-0.018784405560695445
-0.008057667385217645
0.010122416952924656
-0.005740437272285694
-0.016395550465867992
0.0121223852132127
-0.020402459242740593
-0.029552193408456714
-0.008057667385217645
-0.016215813261194666
-0.00711345377499549
-0.039062845206138556
-0.024130606443519994
-0.008931870970038185
-0.004609273606291801
-0.029148891508612253
-0.041668102167438895
0.014410554577832671
-0.02080707419147319
-0.02387499942706676
-0.02021591425935783
-0.010323842789063663
-0.004349156745336716
-0.009445343685694036
-0.02387499942706676
0.016981163432792826
-0.0044696436227025585
-0.0005526185321466491
-0.007445888206799893
-0.022959230206719437
0.016981163432792826
-0.01219891489880305
-0.023776068808846446
-0.02442423511185498
-0.022959230206719437
-0.03669448638091909
-0.01993693923144211
-0.026608711919256817
-0.017939526716370682
-0.017831928165406758
0.009047368076028201
-0.0070503669443561625
0.00690107776193957
0.003675341611512491
0.009098423101218805
-0.005740437272285694
-0.01658846587893709
-0.026608711919256817
0.011699421559926449
0.02677501357847315
-0.0354813386849048
0.010122416952924656
-0.008044884151149246
-0.022344485965624442
-0.03242630279807675
-0.01993693923144211
-0.004349156745336716
-0.005491708055717509
-0.01874871458891384
0.0013343547097572149
-0.009171713966408767
0.019589889222685515
0.01475452001076646
-0.008540070654174697
-0.03686352541071033
0.028454690088728814
-0.017831928165406758
-0.008267340061475904
0.003997232694417131
0.0130347510023008
-0.008540070654174697
-0.03084692937239446
-0.010737928160125625
-0.012357530141104855
-0.0016631725477858608
-0.0070503669443561625
-0.009445343685694036
-0.022344485965624442
0.003997232694417131
-0.023411596239536855
-0.004349156745336716
-0.02503599691398882
-0.009912238451147802
0.01906446058215185
-0.016362518349420124
-0.0070544350861276445
-0.01658846587893709
-0.012496952982997857
-0.012284801353674065
0.011699421559926449
-0.016215813261194666
0.0031200898944391815
-0.004354072724036843
-0.03669448638091909
-0.0005526185321466491
-0.003149787420856313
-0.008540070654174697
-0.0070503669443561625
-0.02421826456249393
-0.014961692612753411
-0.0014110472597416203
-0.018796517534423136
-0.005740437272285694
-0.03423309181828327
0.016981163432792826
0.0035971544153905557
-0.014961692612753411
0.0005909411164449849
-0.001597384561746716
-0.012733551277503205
-0.03427913627082426
-0.009272665896230929
-0.03414538767649616
0.012838973878386218
0.028454690088728814
-0.001597384561746716
-0.02387499942706676
-0.02156311914736832
-0.0053556477610485044
0.0005909411164449849
-0.0044696436227025585
0.0031200898944391815
-0.009467020828145522
-0.007637306656009329
-0.024763695037479543
0.0035971544153905557
-0.007752176040110011
-0.013265319327617143
-0.041668102167438895
-0.028900025690785806
-0.005740437272285694
-0.007752176040110011
-0.002814167415910315
0.0130347510023008
-0.029148891508612253
-0.02021591425935783
-0.01874871458891384
-0.029148891508612253
0.0005909411164449849
-0.012733551277503205
-0.02442423511185498
-0.014926946477763416
-0.008044884151149246
-0.009445343685694036
-0.023411596239536855
-0.009272665896230929
-0.003918896198206098
0.003675341611512491
-0.03414538767649616
-0.006276142631076842
0.007296533379455024
0.009098423101218805
-0.011799416922095393
-0.013227919931413968
-0.008540070654174697
-0.06713370526673265
0.009912359417904977
-0.03084692937239446
-0.028900025690785806
-0.007887087877139301
-0.029552193408456714
-0.017939526716370682
0.0121223852132127
-0.016362518349420124
0.010122416952924656
-0.03427913627082426
0.0015014351122056213
-0.007445888206799893
0.0070113786441268165
-0.017939526716370682
-0.012284801353674065
-0.06976097908198085
0.0031200898944391815
0.01475452001076646
-0.0354813386849048
-0.016395550465867992
-0.0044696436227025585
-0.03423309181828327
-0.03686352541071033
0.003943217618782013
-0.0005526185321466491
-0.0068351959722469414
-0.016395550465867992
-0.004609273606291801
-0.02080707419147319
-0.010737928160125625
-0.020402459242740593
0.007536438240832845
-0.0068351959722469414
-0.02387499942706676
-0.031349877134233595
0.0013343547097572149
0.016981163432792826
-0.01658846587893709
-0.007887087877139301
-0.02387499942706676
-0.006276142631076842
-0.0037243118850726793
-0.02156311914736832
-0.02503599691398882
-0.01658846587893709
-0.02503599691398882
-0.005491708055717509
-0.013265319327617143
-0.01874871458891384
-0.022344485965624442
0.02045318915761291
0.009912359417904977
0.012838973878386218
0.009047368076028201
-0.05826306511553457
-0.004272275315911766
-0.009602739684080815
-0.0006458620182718242
-0.02503599691398882
-0.023411596239536855
-0.031349877134233595
-0.0016631725477858608
0.00690107776193957
-0.016395550465867992
-0.01709430990563238
-0.0006458620182718242
-0.014044891261320322
-0.030533089812153757
-0.01709430990563238
-0.009445343685694036
0.0035238451038031838
-0.03669448638091909
-0.016362518349420124
0.007536438240832845
-0.013079371649006284
-0.041668102167438895
0.010122416952924656
-0.022959230206719437
0.0035971544153905557
-0.03084692937239446
-0.03122418966616957
-0.008028840953880184
-0.02021591425935783
0.004453527121097012
-0.022344485965624442
-0.01709430990563238
-0.02442423511185498
-0.01010585443653073
-0.012323347586494171
-0.030533089812153757
-0.01219891489880305
-0.0354813386849048
0.02045318915761291
-0.05136350702396229
-0.009272665896230929
-0.016362518349420124
-0.010323842789063663
-0.012357530141104855
-0.01590201450173969
-0.02156311914736832
0.011699421559926449
-0.028900025690785806
0.0011084356762459135
-0.011708442779881301
-0.0068715833578014375
-0.03976714614475662
0.004453527121097012
-0.008931870970038185
-0.004337808895033241
-0.007752176040110011
-0.03122418966616957
-0.005689676589700142
-0.007445888206799893
-0.018784405560695445
0.009912359417904977
-0.0068351959722469414
-0.00711345377499549
-0.008044884151149246
-0.02021591425935783
-0.0068351959722469414
-0.031349877134233595
-0.009171713966408767
0.0070113786441268165
-0.024431737485452406
-0.026608711919256817
0.0031200898944391815
-0.029148891508612253
-0.008931870970038185
-0.006167661663363645
0.0037237159019622114
-0.004337808895033241
-0.02442423511185498
-0.03122418966616957
-0.005740437272285694
-0.02503599691398882
-0.016215813261194666
-0.009445343685694036
-0.012357530141104855
0.0121223852132127
-0.02421826456249393
-0.02503599691398882
-0.03976714614475662
-0.0067649157404208815
0.0121223852132127
-0.017939526716370682
0.02677501357847315
-0.00013209485324733227
-0.01590201450173969
-0.003149787420856313
-0.0044696436227025585
-0.003149787420856313
-0.02442423511185498
-0.0014110472597416203
-0.0032213929763619917
-0.001597384561746716
-0.0030529831911435177
-0.01621775404744926
-0.001597384561746716
-0.0070544350861276445
-0.012323347586494171
-0.0006458620182718242
-0.0037243118850726793
-0.01010585443653073
-0.01874871458891384
-0.017939526716370682
-0.030533089812153757
-0.006374124339324925
-0.01564284236630076
0.0015014351122056213
-0.0006458620182718242
-0.012284801353674065
-0.0006458620182718242
0.003675341611512491
-0.024763695037479543
-0.018784405560695445
-0.0354813386849048
-0.013303373588594085
-0.012733551277503205
-0.012357530141104855
-0.003149787420856313
-0.009272665896230929
-0.01709430990563238
-0.020611319225492617
0.004453527121097012
-0.0070503669443561625
-0.017939526716370682
-0.002430671859825692
-0.014044891261320322
0.019589889222685515
-0.008057667385217645
-0.04292815972303862
-0.03242630279807675
-0.005491708055717509
0.0015014351122056213
0.0031200898944391815
0.0121223852132127
0.028454690088728814
-0.009602739684080815
-0.0037243118850726793
-0.016362518349420124
-0.008212585290834877
-0.006167661663363645
-0.017939526716370682
-0.024130606443519994
-0.01993693923144211
-0.007887087877139301
-0.06970532021616783
-0.012733551277503205
0.004453527121097012
-0.01993693923144211
0.0121223852132127
0.016981163432792826
-0.0053556477610485044
-0.0037243118850726793
-0.026608711919256817
0.010122416952924656
-0.016395550465867992
-0.012496952982997857
-0.023776068808846446
-0.06713370526673265
-0.009467020828145522
-0.022959230206719437
-0.030533089812153757
-0.023642680900198366
0.0015014351122056213
-0.01709430990563238
-0.008267340061475904
-0.05136350702396229
-0.01010585443653073
-0.01564284236630076
-0.02387499942706676
-0.03686352541071033
-0.06713370526673265
-0.03669448638091909
0.0015014351122056213
-0.010577261450180077
-0.017831928165406758
-0.004272275315911766
0.00690107776193957
-0.009912238451147802
0.01906446058215185
-0.0070503669443561625
-0.0053556477610485044
-0.007637306656009329
-0.012284801353674065
-0.001597384561746716
0.0023967051389155334
-0.03427913627082426
-0.017117053715623342
-0.016362518349420124
-0.013265319327617143
-0.024431737485452406
-0.006276142631076842
0.003997232694417131
-0.03669448638091909
-0.009445343685694036
0.019589889222685515
-0.009467020828145522
-0.028900025690785806
-0.010323842789063663
-0.013303373588594085
-0.014926946477763416
0.001500531833511479
0.009047368076028201
-0.0013637970036573974
-0.03242630279807675
0.02045318915761291
-0.009272665896230929
-0.029552193408456714
-0.0037243118850726793
-0.017939526716370682
-0.02080707419147319
-0.008212585290834877
-0.017117053715623342
0.001500531833511479
-0.0016631725477858608
0.0130347510023008
-0.013694422297035392
0.010122416952924656
-0.008044884151149246
-0.003499246081436054
0.028454690088728814
-0.014961692612753411
-0.020611319225492617
-0.020611319225492617
0.019589889222685515
-0.013079371649006284
-0.0005526185321466491
-0.028900025690785806
-0.01621775404744926
-0.007201986765320457
-0.008931870970038185
0.0011084356762459135
-0.0037243118850726793
0.0035971544153905557
-0.010577261450180077
-0.016215813261194666
-0.022344485965624442
-0.014044891261320322
-0.015834615775023052
0.004453527121097012
-0.0354813386849048
-0.029148891508612253
-0.014926946477763416
-0.026221617214194026
-0.008267340061475904
-0.009467020828145522
-0.006374124339324925
-0.004272275315911766
-0.02503599691398882
-0.006167661663363645
-0.009912238451147802
-0.009445343685694036
-0.02744951992965333
0.0023967051389155334
-0.02387499942706676
0.016981163432792826
-0.03084692937239446
-0.004349156745336716
-0.01709430990563238
-0.03242630279807675
-0.009272665896230929
-0.03423309181828327
-0.022344485965624442
0.003675341611512491
-0.012323347586494171
-0.0013637970036573974
-0.01590201450173969
-0.06970532021616783
0.02677501357847315
-0.0014110472597416203
-0.009272665896230929
-0.05136350702396229
0.019589889222685515
-0.010737928160125625
-0.017939526716370682
-0.06970532021616783
0.02677501357847315
0.003997232694417131
-0.007752176040110011
0.007536438240832845
-0.022959230206719437
-0.001597384561746716
-0.01010585443653073
-0.03686352541071033
0.007536438240832845
-0.039062845206138556
-0.0005526185321466491
-0.031226046845842525
-0.01993693923144211
-0.016395550465867992
-0.003918896198206098
0.0023967051389155334
-0.004354072724036843
-0.006276142631076842
0.004453527121097012
-0.010990047254380984
0.01906446058215185
-0.013227919931413968
0.0130347510023008
-0.06976097908198085
-0.0068715833578014375
-0.008267340061475904
-0.014926946477763416
-0.009272665896230929
-0.015834615775023052
0.0023967051389155334
0.0013343547097572149
-0.006167661663363645
-0.009467020828145522
0.0023967051389155334
-0.011799416922095393
0.0013343547097572149
-0.04292815972303862
0.0070113786441268165
-0.003149787420856313
-0.0354813386849048
-0.007752176040110011
0.02677501357847315
-0.0070544350861276445
-0.007201986765320457
-0.0067649157404208815
-0.041668102167438895
-0.016362518349420124
0.012838973878386218
-0.0068715833578014375
-0.0037243118850726793
-0.012323347586494171
-0.017939526716370682
0.014410554577832671
-0.02421826456249393
-0.03427913627082426
0.003997232694417131
-0.014499125370809338
-0.02503599691398882
0.00690107776193957
-0.02442423511185498
-0.0037243118850726793
