0.0010345831836874747
-0.022494486559938586
-0.0183748240174709
-0.004574452349071918
-0.01288003860649718
-0.041726789167953596
-0.022627989379171574
-0.008801677231828946
0.010019990276198291
0.03347601473059187
0.010650615066916098
-0.004631489865956013
0.017677147067033713
0.005840578719530335
-0.018592194110075906
0.011912589896360078
-0.020780687894057154
0.0019851969515862836
0.013655990359597789
-0.01807188424954458
-0.0402442038687861
0.009796217456499848
-0.04561056486788555
0.0077295271906305954
-0.021255556834953317
-0.05625223061661434
-0.001462797827645938
0.012955995171700483
0.010401365950424454
0.023693086729650793
0.030514960189694396
-0.03542325445607911
-0.014040473784355573
-0.01486647712554825
-0.10851745448490341
-0.03406343723961021
-0.022005984054374206
-0.003070688694166882
-0.022983317461168055
-0.09242427978183074
-0.0563470114290152
0.0005066549045273665
-0.012566886611403922
-0.018592194110075906
0.003779314122984801
-0.028994622172761768
-0.033027730120316415
-0.03610477495314782
-0.05118732719968991
-0.04429292816229158
0.0010393244367607815
-0.08163539922989727
-0.01101939802298304
-0.001043809007217139
-0.004631489865956013
-0.09242427978183074
-0.01864313997756704
-0.0158373812344073
-0.01722456590182542
0.00763381891444983
-0.03578430697814877
-0.0158373812344073
-0.02263168310025969
0.01037477081167186
-0.06572138934304952
-0.049135853227738106
-0.008907340390180577
-0.023039677523417987
0.013728675208681396
-0.017281823274735698
0.04175534807907347
0.05059549586638461
-0.018976874773486904
0.04328204545896767
-0.022983317461168055
-0.03990958775995499
0.022673729597129887
0.008802976053189296
-0.015509212793351696
-0.022627989379171574
-0.004631489865956013
0.02756315429712043
-0.008697919908159872
-0.02493475803867987
-1.7465585206401733e-06
0.01927828893755757
0.0008768962438885593
0.04328204545896767
-0.022005984054374206
-0.008801677231828946
0.024740938749059787
0.05937375054060492
-0.022005984054374206
-0.003896268465589238
-0.04429292816229158
-0.04136076531482396
0.01947541353078688
0.06851436289452366
0.007534410251946673
0.013421372115751133
-0.03610477495314782
0.0005066549045273665
0.0072472202757983386
-0.015808374781563352
-0.03820753013571351
-0.004631489865956013
-0.02263168310025969
-0.04152439781999903
-0.018976874773486904
-0.015271362832428371
0.04328204545896767
-0.027253784104014776
-0.018592194110075906
0.01748137996365253
-0.007533066575927327
2.8454512579148335e-06
-0.034713414577086044
-0.02775750687327131
-0.02493475803867987
0.016563988082365668
-0.05300909171531553
0.0062713272124923485
-0.020591364063808935
0.05059549586638461
-0.007836983601191547
-0.0402442038687861
-0.015929489168834826
-0.005755590208387518
0.003779314122984801
-0.050546245766860995
-0.015184408039332862
-0.018592194110075906
-0.015227264349369838
-0.03969202157712218
0.001207141991497663
0.005975377859194099
0.010239081523613759
-0.016471289749165865
-0.0014602037083934051
2.8454512579148335e-06
-0.003070688694166882
-0.028994622172761768
0.008538425304137712
-0.03542325445607911
0.030514960189694396
-0.022005984054374206
-0.006348586205891339
-0.027889801800772555
-0.015274113412717574
-0.011188172050027171
0.03702230488563092
0.0010393244367607815
-0.039534550883467905
0.03120179087416205
-0.0382060248848707
-0.006348586205891339
0.011912589896360078
0.04175534807907347
-0.009006946989564668
-0.025164290075145902
0.03652731180932219
0.0005066549045273665
0.010019990276198291
-0.03990958775995499
-0.029419833880216868
-0.04429292816229158
-0.03578430697814877
-0.05036500936226291
-0.03990958775995499
-0.001043809007217139
-0.0336321633943957
-0.060135726487425746
-0.057455286292298534
-0.022983317461168055
-0.03971009340008738
-0.022627989379171574
-0.0183748240174709
-0.00887788685193553
-0.005755590208387518
-0.007772042842695137
-0.017734882535848866
-0.015392900281168423
-0.008183163642437256
0.014788237624958567
-0.015808374781563352
-0.036847038812066135
0.01927828893755757
-0.006348586205891339
-0.006270066525239941
0.006763121127194449
-1.7465585206401733e-06
-0.014085559111052746
-0.00492419443182348
-0.06270226498694785
0.02417691827667873
0.004027182974141445
-0.010875435649753034
-0.059718319884993966
-0.09242427978183074
0.003631709568142188
-0.007836983601191547
-0.05118732719968991
-0.01588599073367926
-0.02493475803867987
0.06349980381904635
-0.006348586205891339
-0.039978901457174386
-0.0178003519995352
-0.009006946989564668
-0.018976874773486904
0.02756315429712043
-0.021780765157322052
0.024740938749059787
-0.04152439781999903
0.022673729597129887
-0.02316819880927866
0.03702230488563092
-0.04429292816229158
-0.020280477367018886
0.004027182974141445
0.00046409840082627655
-0.05201237203031289
0.024466892836585753
-0.027834194766020403
-0.016201264187549056
-0.008907340390180577
0.024466892836585753
0.013655990359597789
-0.045483118860492736
0.0008768962438885593
-0.05036500936226291
0.016563988082365668
-0.05625223061661434
0.02417691827667873
-0.0563470114290152
-0.09242427978183074
0.013655990359597789
-0.011431887679918542
0.003548214003410582
-0.025164290075145902
-0.010875435649753034
0.011515921661349899
-0.029419833880216868
-0.0014602037083934051
-0.016471289749165865
-0.0178003519995352
0.01167096404979401
0.023062003300398686
-0.06572138934304952
0.010019990276198291
-0.008801677231828946
-0.0382060248848707
-0.005522614696137003
-0.01864313997756704
-0.023303448038066325
-0.017734882535848866
-0.06597455704600613
-0.010133387438579614
-0.015227264349369838
0.04175534807907347
-0.06270226498694785
0.015332142673427028
-0.057455286292298534
0.010019990276198291
-0.04002666223778166
0.016563988082365668
-0.015184408039332862
-0.04884361231510004
0.01037477081167186
-0.004165257695038908
2.8454512579148335e-06
-0.019102742114612426
0.013822752626530392
0.03347601473059187
-0.023039677523417987
0.004171219420838216
-0.045483118860492736
-0.020591364063808935
-0.015929489168834826
-0.023303448038066325
-0.03406343723961021
0.01927828893755757
-0.029741415877551303
-0.03578430697814877
8.824011390032829e-05
-0.0183748240174709
-0.03231481235290661
-0.011636057089515246
-0.004883301557731101
-0.0014602037083934051
-0.03040991335184543
-0.029419833880216868
-0.014085559111052746
0.010019990276198291
-0.039534550883467905
-0.04241407030034681
0.010019990276198291
0.029148625916030946
-0.015274113412717574
-0.05118732719968991
0.013421372115751133
0.0010202929569254795
0.029148625916030946
-0.011431887679918542
0.009796217456499848
-0.03990958775995499
-0.04665964619270792
-0.015392900281168423
-0.00787279136951744
-0.02283460930608948
-0.025965295564368596
-0.021158959374794124
0.013728675208681396
-0.008801677231828946
-0.06270226498694785
-0.0158373812344073
0.06851436289452366
-0.0563470114290152
0.009272121577453501
0.011369959981347958
-0.010927175596493671
-0.039978901457174386
0.0077295271906305954
0.023115830170402796
-0.02578066395471078
-0.015274113412717574
-0.014137102350974099
0.009968906266059743
-0.08163539922989727
-0.014137102350974099
-0.04002666223778166
0.014788237624958567
-0.05337768405054107
-0.0360620311775254
-0.0011803451722053235
-0.0382060248848707
0.01927828893755757
-0.0019909112384422422
0.010239081523613759
-0.04152439781999903
-0.020763810132854093
-0.012566886611403922
0.00994811792227621
-0.057455286292298534
0.008538425304137712
-0.015951414039370247
-0.010875435649753034
0.016563988082365668
-0.021780765157322052
-0.03046887423044846
0.003779314122984801
-0.03140371770937178
-0.025965295564368596
-0.02316819880927866
-0.027889801800772555
-0.03820753013571351
-0.04561056486788555
0.007527628976423771
-0.010380845882689208
0.036454060747100926
0.05059549586638461
-0.0848951055906359
-0.038729572458708346
-0.03578430697814877
-0.022005984054374206
-0.014040473784355573
-0.02448958818332763
-0.006270066525239941
0.04175534807907347
0.029148625916030946
0.0077295271906305954
-0.001043809007217139
-0.0020578624064539488
-0.06597455704600613
-0.008183163642437256
-0.0014602037083934051
-0.001043809007217139
0.0008768962438885593
-0.0009754401158451
-0.09774099760096504
-0.03040991335184543
0.010239081523613759
-0.017734882535848866
-0.021158959374794124
0.03702230488563092
0.003779314122984801
0.003631709568142188
-0.027889801800772555
-0.04786210625721719
-0.038650693899903166
-0.021158959374794124
-0.022494486559938586
-0.034713414577086044
-0.015808374781563352
-0.02082235937279808
-0.0268494494460133
-0.020280477367018886
-0.027253784104014776
-0.057455286292298534
0.02417691827667873
-0.015951414039370247
-0.02283460930608948
-0.027811531356227187
-0.06270226498694785
-0.08163539922989727
-0.03477318232749038
-0.04665964619270792
-0.0062603134448772114
-0.04474955783211885
-0.0028823575522282812
-0.03231481235290661
0.009968906266059743
-0.007772042842695137
-0.06572138934304952
-0.022005984054374206
-0.02263168310025969
-0.0848951055906359
0.015332142673427028
-0.052928030941199966
0.003779314122984801
-0.0336321633943957
-0.020280477367018886
0.016563988082365668
-0.014137102350974099
0.012148890614227048
0.05937375054060492
-0.007833196208318509
0.04190431753101485
-0.04136076531482396
-0.05864279415419107
0.009609581761412633
-0.04152439781999903
0.013728675208681396
-0.0028823575522282812
-0.09242427978183074
-0.01486647712554825
-0.022983317461168055
-0.00787279136951744
0.019576320747355755
0.01947541353078688
0.009796217456499848
-0.022983317461168055
-0.03990958775995499
0.00994811792227621
0.010650615066916098
-0.008183163642437256
-0.02086376748701794
0.02756315429712043
-0.00640972379948667
-0.015274113412717574
0.022673729597129887
-0.03875209465797296
-0.0019909112384422422
-0.08163539922989727
-0.045483118860492736
-0.01288003860649718
-0.014137102350974099
-0.10851745448490341
-0.027811531356227187
-0.01588599073367926
-0.04474955783211885
0.00529532240344496
-0.014085559111052746
-0.011188172050027171
0.016822404194611586
-0.005755590208387518
0.0028012374857945164
0.05937375054060492
-0.05036500936226291
0.010650615066916098
0.01167096404979401
-0.03231481235290661
0.013655990359597789
-0.0020568261880160085
-0.01807188424954458
-0.021780765157322052
-0.008801677231828946
0.0062713272124923485
0.007534410251946673
-0.0360620311775254
-0.016471289749165865
-0.03046887423044846
-0.02263168310025969
0.010375701075463237
-0.029758580739939654
-0.015271362832428371
-0.018592194110075906
0.010019990276198291
0.016563988082365668
0.023693086729650793
-0.02283460930608948
0.00529532240344496
-0.01486647712554825
-0.05300909171531553
-0.01288003860649718
0.002968789464539332
0.023115830170402796
-0.015227264349369838
0.01927828893755757
-0.006270066525239941
-0.003651695368542244
-0.045483118860492736
0.013822752626530392
-0.09242427978183074
0.024466892836585753
0.012148890614227048
-0.005522614696137003
-0.018592194110075906
0.014788237624958567
-0.04136076531482396
-0.0402442038687861
-0.027889801800772555
-0.04429292816229158
-0.01864313997756704
-0.023303448038066325
-0.007629957575604998
-0.03579340620011081
-0.03820753013571351
-0.02283460930608948
0.005975377859194099
0.016822404194611586
0.053137040568969916
-0.0158373812344073
-0.010380845882689208
0.03120179087416205
-0.007629957575604998
0.010375701075463237
-0.003070688694166882
0.011369959981347958
0.006036048501052663
0.0028012374857945164
-0.0020568261880160085
-0.015929489168834826
-1.7465585206401733e-06
-0.014137102350974099
8.824011390032829e-05
0.006036048501052663
-0.015184408039332862
0.006763121127194449
-0.0158373812344073
-0.001462797827645938
-0.015271362832428371
-0.0268494494460133
0.019576320747355755
0.016563988082365668
-0.025698524446065272
-0.04136076531482396
-0.05118732719968991
0.019576320747355755
-0.015808374781563352
0.007534410251946673
0.0010345831836874747
0.02756315429712043
0.008538425304137712
-0.059718319884993966
0.0010393244367607815
-0.04429292816229158
0.002456146683887742
0.006535879252957604
0.01037477081167186
0.01947541353078688
-0.009010098111386575
-0.05613546329486735
0.004171219420838216
-0.004883301557731101
-0.10851745448490341
0.010375701075463237
-0.026361125348322214
-0.02204612275555228
0.016563988082365668
0.060483388360737675
0.030514960189694396
-0.006348586205891339
0.006535879252957604
-0.026467919543698367
-0.01864313997756704
-0.0020568261880160085
0.0019851969515862836
-0.026467919543698367
-0.027253784104014776
-0.036847038812066135
-0.015808374781563352
0.024740938749059787
-0.033027730120316415
-0.0178003519995352
-0.03969202157712218
-0.007867415203081984
-0.015951414039370247
-0.0183748240174709
-0.038650693899903166
0.00994811792227621
-0.02578066395471078
0.014788237624958567
-0.06539472794303686
-0.02204612275555228
-0.05864279415419107
0.06349980381904635
0.0010345831836874747
-0.00640972379948667
-0.025698524446065272
-0.007836983601191547
-0.057455286292298534
-0.014085559111052746
-0.016201264187549056
-0.052928030941199966
-0.0382060248848707
-0.023303448038066325
-0.0011803451722053235
-0.029741415877551303
0.006535879252957604
-0.0020568261880160085
-0.03579340620011081
0.01748137996365253
-0.006270066525239941
-0.03669858942459781
-0.01101939802298304
-0.011636057089515246
0.005840578719530335
-0.03477318232749038
0.04175534807907347
-0.007629957575604998
-0.039978901457174386
-0.05201237203031289
-0.015274113412717574
-0.03610477495314782
-0.0336321633943957
0.04175534807907347
-0.0336321633943957
-0.029741415877551303
0.006535879252957604
-0.023039677523417987
0.006535879252957604
2.8454512579148335e-06
-0.03875209465797296
-0.02082235937279808
-0.033027730120316415
-0.022494486559938586
-0.022494486559938586
-0.0020578624064539488
0.06349980381904635
-0.03610477495314782
-0.022983317461168055
-0.03040991335184543
-0.01486647712554825
-0.010927175596493671
-0.045483118860492736
0.009581763905282483
-0.04474955783211885
-0.022983317461168055
-0.038650693899903166
0.004027182974141445
-0.03140371770937178
0.003779314122984801
-0.010133387438579614
0.004171219420838216
-0.0848951055906359
-0.001043809007217139
0.005840578719530335
-0.007836983601191547
-0.038650693899903166
-0.012566886611403922
-0.005857351911343156
-0.007629957575604998
-0.007629957575604998
0.0072472202757983386
-0.029741415877551303
0.05059549586638461
-0.0360620311775254
-0.02204612275555228
-0.04665964619270792
0.00046409840082627655
-0.03542325445607911
0.010401365950424454
-0.038650693899903166
-0.0158373812344073
0.002456146683887742
0.009609581761412633
0.011369959981347958
0.036454060747100926
-0.059718319884993966
-0.012566886611403922
-0.0062603134448772114
-0.05337768405054107
0.010294439422145715
-0.04152439781999903
-0.04191344722756813
-0.013560049003321929
0.003631709568142188
-0.021255556834953317
0.010239081523613759
-0.027834194766020403
0.03120179087416205
-0.052928030941199966
-0.01486647712554825
-0.04474955783211885
0.01927828893755757
-0.0009754401158451
0.011912589896360078
-0.027834194766020403
-0.007772042842695137
-0.008801677231828946
-0.01722456590182542
0.007527628976423771
-0.06539472794303686
-0.033632672500454215
-0.0014602037083934051
-0.021255556834953317
-0.03969202157712218
0.010375701075463237
-0.04429292816229158
-0.0011803451722053235
-0.057455286292298534
-0.006270066525239941
0.05937375054060492
-0.049135853227738106
-0.03990958775995499
0.014788237624958567
-0.026361125348322214
-0.039978901457174386
0.011912589896360078
-0.019102742114612426
0.004171219420838216
-0.04429292816229158
-0.007833196208318509
-0.013560049003321929
-0.021255556834953317
-0.0268494494460133
-0.10851745448490341
-0.015274113412717574
-0.039978901457174386
-0.0011803451722053235
-0.001043809007217139
-0.006348586205891339
-0.059718319884993966
0.016563988082365668
0.03120179087416205
-0.00492419443182348
0.01037477081167186
-0.015929489168834826
0.00046409840082627655
-0.015929489168834826
-0.005857351911343156
0.024740938749059787
-0.029741415877551303
-0.04072154290810331
0.009609581761412633
-0.05174658160908527
-0.0011803451722053235
-0.038729572458708346
-0.039534550883467905
0.030514960189694396
-0.03875209465797296
-0.04136076531482396
0.028683683790255106
-0.005755590208387518
0.013728675208681396
-0.018689896169939237
-0.04665964619270792
-0.06098151707080253
-0.05625223061661434
0.012148890614227048
-0.008183163642437256
-0.018689896169939237
-0.04002666223778166
0.015332142673427028
0.06349980381904635
-0.023303448038066325
0.022673729597129887
-0.03669858942459781
-0.03046887423044846
-0.007836983601191547
-0.059718319884993966
0.003779314122984801
-0.041726789167953596
-0.023303448038066325
-0.0848951055906359
0.03702230488563092
-0.05337768405054107
-0.007836983601191547
0.008538425304137712
-0.09774099760096504
-0.027889801800772555
-0.020780687894057154
-0.025965295564368596
-0.03406343723961021
0.06851436289452366
0.007527628976423771
-0.041726789167953596
-0.01807188424954458
0.013655990359597789
0.00763381891444983
-0.004165257695038908
-0.017281823274735698
-0.0402442038687861
0.01748137996365253
-0.0011803451722053235
0.01167096404979401
-0.015274113412717574
-0.022494486559938586
0.00046409840082627655
-0.011188172050027171
-0.007533066575927327
0.015919458156745916
-0.03820753013571351
-0.02448958818332763
-0.0402442038687861
0.009796217456499848
0.013421372115751133
-0.02775750687327131
0.013655990359597789
-0.03579340620011081
-0.006270066525239941
-0.02263168310025969
-0.02082235937279808
-0.033632672500454215
-0.015951414039370247
0.00763381891444983
0.013822752626530392
0.05937375054060492
-0.014040473784355573
0.002456146683887742
-1.7465585206401733e-06
-0.04786210625721719
0.009796217456499848
-0.02082235937279808
-0.0268494494460133
0.013728675208681396
0.04175534807907347
-0.039534550883467905
0.003631709568142188
-0.008907340390180577
0.005975377859194099
0.06349980381904635
-0.03231481235290661
0.01037477081167186
8.824011390032829e-05
-0.03406343723961021
-0.050546245766860995
-0.05201237203031289
-0.022005984054374206
-0.02283460930608948
-0.03477318232749038
-0.020763810132854093
-0.0031682860385690184
-0.0011803451722053235
-0.004165257695038908
-0.029758580739939654
-0.007962168821926125
-0.04786210625721719
0.023062003300398686
0.003631709568142188
0.05059549586638461
-0.015274113412717574
0.01037477081167186
-0.015808374781563352
-0.020763810132854093
0.04190431753101485
0.012148890614227048
-0.005857351911343156
-0.059718319884993966
-0.023303448038066325
-0.05300909171531553
-0.02578066395471078
0.0010345831836874747
0.006036048501052663
0.00763381891444983
0.01748137996365253
0.0010393244367607815
-0.01722456590182542
-0.02316819880927866
-0.08163539922989727
-0.033027730120316415
-0.0178003519995352
-0.04152439781999903
-0.025164290075145902
-0.04429292816229158
0.016822404194611586
-0.007833196208318509
-0.0020578624064539488
-0.022983317461168055
-0.015929489168834826
-0.01593468614690695
-0.02086376748701794
0.002456146683887742
0.0413025950129753
-0.027889801800772555
0.04175534807907347
-0.026361125348322214
0.005975377859194099
-0.03046887423044846
-0.0336321633943957
-0.00640972379948667
-0.014137102350974099
0.007527628976423771
0.012955995171700483
0.007527628976423771
-0.0360620311775254
0.07400091501783826
0.005840578719530335
8.824011390032829e-05
-0.020591364063808935
0.016563988082365668
0.002456146683887742
-0.060135726487425746
0.02417691827667873
0.006763121127194449
-0.003070688694166882
-0.029758580739939654
0.016563988082365668
-0.016471289749165865
-0.02448958818332763
-0.05174658160908527
-0.06597455704600613
-0.010927175596493671
0.006763121127194449
-0.02775750687327131
-0.001462797827645938
-0.060135726487425746
-0.049135853227738106
-0.019102742114612426
0.04175534807907347
0.005975377859194099
0.036454060747100926
0.004171219420838216
0.030514960189694396
0.010019990276198291
-0.04561056486788555
-0.03610477495314782
-0.0031682860385690184
0.019235721807818528
-0.004574452349071918
0.00763381891444983
-0.0011803451722053235
-0.027889801800772555
0.023062003300398686
0.013822752626530392
0.022673729597129887
-0.03610477495314782
-0.021255556834953317
-0.0388096684119062
-0.0028823575522282812
-0.018976874773486904
-0.027889801800772555
-0.057455286292298534
-0.050546245766860995
0.019576320747355755
0.022673729597129887
-0.004883301557731101
0.028683683790255106
-0.021255556834953317
0.060483388360737675
-0.020591364063808935
-0.0031238256618688603
-0.03477318232749038
0.01037477081167186
-0.0402442038687861
-0.03406343723961021
-0.012566886611403922
-0.025377288465015062
-0.0183748240174709
0.02417691827667873
-0.04072154290810331
-0.03477318232749038
-0.0268494494460133
-0.003070688694166882
-0.0031238256618688603
-0.06572138934304952
-0.007533066575927327
-0.007833196208318509
-0.015929489168834826
0.013728675208681396
-0.0158373812344073
-0.0402442038687861
0.024740938749059787
0.023115830170402796
-0.017589126014941787
0.01947541353078688
-0.021255556834953317
-0.01722456590182542
0.009796217456499848
-0.03578430697814877
-0.039978901457174386
-0.011188172050027171
-0.020780687894057154
0.04328204545896767
-0.017281823274735698
0.022673729597129887
-0.017734882535848866
-0.026467919543698367
0.02417691827667873
-0.060135726487425746
-0.06572138934304952
-0.001462797827645938
-0.021255556834953317
-0.007833196208318509
-0.001043809007217139
-0.03040991335184543
-0.09242427978183074
-0.06572138934304952
-0.01486647712554825
