-0.004707683258517161
-0.015453928289767495
-0.010295257695777715
0.009339701773477411
-0.005876245066882989
-4.743378450659582e-05
-0.0008227447174140485
-0.017290674038828346
0.005130747671373303
-0.018853534858976104
-0.007285857613706008
0.011527830413230853
-0.016580264047879184
0.010030389312971537
0.011527830413230853
-0.018853534858976104
-0.00033461398006649214
-0.0007829463415164861
-0.010735085799854228
0.005649158852749242
-0.015453928289767495
-0.010909949744958796
0.011527830413230853
0.006711063277342627
-0.0008227447174140485
-0.015453928289767495
0.0006720909849085812
0.005130747671373303
-0.010961424671249016
0.010174130603571379
-0.010735085799854228
-0.017850925173575796
0.009339701773477411
-0.016580264047879184
-0.010961424671249016
-0.018853534858976104
0.010030389312971537
-0.017290674038828346
-0.023296624441010428
-0.01568397758068176
-0.018853534858976104
0.0006720909849085812
0.0032982368654882405
0.006711063277342627
-0.016580264047879184
-0.017850925173575796
0.009339701773477411
-0.0054806363855287995
-0.00033461398006649214
-0.030203650067654263
-0.01686587452330546
-0.0008227447174140485
0.0032982368654882405
0.009339701773477411
-4.743378450659582e-05
0.005649158852749242
-0.02746977906995856
0.011527830413230853
-4.743378450659582e-05
-0.016580264047879184
-0.007451146786149801
-0.015453928289767495
-0.016580264047879184
0.03356522855247239
0.011527830413230853
-4.743378450659582e-05
0.005130747671373303
-0.010909949744958796
-0.017290674038828346
0.0032982368654882405
-0.015453928289767495
0.005649158852749242
-0.0008227447174140485
0.005130747671373303
-4.743378450659582e-05
-0.007451146786149801
-0.00410440304828006
-0.0054806363855287995
-0.02746977906995856
-0.017290674038828346
0.03356522855247239
-0.0017536404810266938
-0.010735085799854228
-0.017850925173575796
-0.004707683258517161
-0.01686587452330546
0.005130747671373303
-0.030203650067654263
0.007130930414380728
-0.01686587452330546
0.006711063277342627
0.009339701773477411
-0.00033461398006649214
-0.010295257695777715
-0.015453928289767495
-0.007285857613706008
0.0006720909849085812
-0.004872753317166131
0.011527830413230853
0.000479954481811066
-0.018853534858976104
-0.00033461398006649214
0.0015683122403723118
0.005649158852749242
-0.004707683258517161
-0.017850925173575796
0.0006720909849085812
-0.0008227447174140485
-0.030203650067654263
-0.030203650067654263
-0.005876245066882989
-0.010961424671249016
0.000479954481811066
-0.017850925173575796
-0.030203650067654263
0.03356522855247239
-0.0007829463415164861
-0.017290674038828346
-0.010735085799854228
-0.01034921545515071
0.0015683122403723118
-4.743378450659582e-05
0.005649158852749242
0.006711063277342627
0.005649158852749242
0.000479954481811066
0.03356522855247239
0.010174130603571379
-4.743378450659582e-05
-0.0054806363855287995
0.010030389312971537
-0.004872753317166131
-0.0054806363855287995
0.007130930414380728
-0.00410440304828006
-0.015453928289767495
-0.018853534858976104
-0.010909949744958796
-0.010295257695777715
-0.010295257695777715
0.009339701773477411
-0.010961424671249016
-0.01686587452330546
-0.0007829463415164861
-0.004872753317166131
-0.02746977906995856
-0.010735085799854228
-0.030203650067654263
-0.015453928289767495
0.010030389312971537
-0.017290674038828346
0.0032982368654882405
-0.01568397758068176
-0.017850925173575796
0.000479954481811066
-0.016580264047879184
-0.00410440304828006
0.005130747671373303
-0.01568397758068176
0.006711063277342627
0.011527830413230853
0.006711063277342627
-0.0054806363855287995
0.006711063277342627
-0.004872753317166131
-0.0054806363855287995
-0.0054806363855287995
0.03356522855247239
-0.00410440304828006
0.0032982368654882405
-0.0008227447174140485
-0.018853534858976104
0.0015683122403723118
-0.007451146786149801
-0.010909949744958796
-0.007285857613706008
0.0006720909849085812
-0.02746977906995856
-0.0017536404810266938
-0.007451146786149801
-0.00410440304828006
-0.005876245066882989
-0.0007829463415164861
-0.0017536404810266938
-0.00410440304828006
0.010030389312971537
0.0032982368654882405
0.006711063277342627
-0.010961424671249016
-0.030203650067654263
-0.010735085799854228
0.007130930414380728
-0.02746977906995856
-4.743378450659582e-05
0.0032982368654882405
-0.016580264047879184
-0.010735085799854228
-0.015453928289767495
-0.0017536404810266938
-0.016580264047879184
0.007130930414380728
0.010174130603571379
0.0032982368654882405
-0.00033461398006649214
-0.007285857613706008
0.0032982368654882405
0.005649158852749242
-0.01568397758068176
-0.016580264047879184
0.0032982368654882405
-0.018853534858976104
-0.01568397758068176
0.009339701773477411
0.010174130603571379
0.009339701773477411
0.007130930414380728
-4.743378450659582e-05
0.009339701773477411
-0.007285857613706008
-0.010295257695777715
-0.010961424671249016
-0.01686587452330546
-0.017850925173575796
-0.004707683258517161
-0.0017536404810266938
-0.017290674038828346
-0.010961424671249016
-0.0008227447174140485
0.010174130603571379
-0.00033461398006649214
-4.743378450659582e-05
-0.016580264047879184
-0.010961424671249016
-0.00410440304828006
0.010174130603571379
-4.743378450659582e-05
-0.030203650067654263
-0.010295257695777715
-0.016580264047879184
-0.010735085799854228
0.011527830413230853
0.010030389312971537
0.011527830413230853
-0.0007829463415164861
-0.0054806363855287995
-0.030203650067654263
-0.004707683258517161
-0.004872753317166131
0.03356522855247239
-0.0008227447174140485
-0.004872753317166131
-0.0017536404810266938
-0.018853534858976104
-0.030203650067654263
-0.00033461398006649214
-0.010735085799854228
-0.010961424671249016
0.009339701773477411
-0.00410440304828006
-0.023296624441010428
-0.01686587452330546
0.009339701773477411
-0.030203650067654263
0.0006720909849085812
-0.0017536404810266938
-0.01568397758068176
0.010174130603571379
0.011527830413230853
0.005649158852749242
-0.0054806363855287995
-0.02746977906995856
0.010174130603571379
-0.0017536404810266938
-0.01568397758068176
-0.023296624441010428
-0.0054806363855287995
-0.01568397758068176
0.010174130603571379
-0.016580264047879184
0.005130747671373303
-0.017290674038828346
-0.010735085799854228
-0.016580264047879184
0.006711063277342627
-0.015453928289767495
0.0006720909849085812
0.006711063277342627
0.005130747671373303
-0.017850925173575796
0.03356522855247239
0.011527830413230853
-0.017290674038828346
-0.018853534858976104
-0.004872753317166131
0.009339701773477411
-0.010961424671249016
0.000479954481811066
0.009339701773477411
-0.004707683258517161
-0.010961424671249016
0.0032982368654882405
0.03356522855247239
0.010030389312971537
-0.010735085799854228
0.006711063277342627
0.006711063277342627
0.03356522855247239
0.03356522855247239
-0.01034921545515071
-0.007451146786149801
-0.004872753317166131
-0.010961424671249016
-0.010295257695777715
-0.0008227447174140485
-0.02746977906995856
0.0032982368654882405
0.010030389312971537
0.000479954481811066
-0.010961424671249016
-0.010961424671249016
-0.007451146786149801
0.010174130603571379
-0.0017536404810266938
0.0015683122403723118
0.005649158852749242
-0.0054806363855287995
-0.007451146786149801
0.006711063277342627
-0.018853534858976104
-0.030203650067654263
0.005649158852749242
0.0032982368654882405
0.000479954481811066
-0.00410440304828006
-0.00410440304828006
-0.010909949744958796
-0.01686587452330546
-0.0007829463415164861
-0.01686587452330546
-0.010735085799854228
-0.010961424671249016
-0.010295257695777715
-0.017290674038828346
-0.010295257695777715
-0.030203650067654263
-0.023296624441010428
-0.005876245066882989
0.005130747671373303
0.0032982368654882405
-0.018853534858976104
0.005130747671373303
-0.018853534858976104
0.0032982368654882405
-0.0054806363855287995
-0.010961424671249016
-0.030203650067654263
0.005130747671373303
-0.010961424671249016
0.03356522855247239
-4.743378450659582e-05
-0.0007829463415164861
-0.010295257695777715
-0.017290674038828346
-0.004707683258517161
0.000479954481811066
-0.010735085799854228
-0.016580264047879184
-0.016580264047879184
-0.0007829463415164861
-0.0008227447174140485
0.011527830413230853
-0.00410440304828006
-0.007285857613706008
-0.0008227447174140485
0.000479954481811066
0.03356522855247239
0.007130930414380728
0.009339701773477411
-0.00033461398006649214
-0.0007829463415164861
-0.018853534858976104
-4.743378450659582e-05
-0.004707683258517161
-0.015453928289767495
-4.743378450659582e-05
-0.005876245066882989
-0.017850925173575796
0.005649158852749242
-0.0007829463415164861
-0.015453928289767495
-0.01034921545515071
-0.004707683258517161
0.007130930414380728
-0.023296624441010428
0.005649158852749242
-0.030203650067654263
-0.017850925173575796
-0.007285857613706008
0.0006720909849085812
-4.743378450659582e-05
-0.00410440304828006
-0.00033461398006649214
0.0015683122403723118
-0.00410440304828006
0.005130747671373303
-0.02746977906995856
-0.01686587452330546
-0.007285857613706008
0.0032982368654882405
-0.018853534858976104
0.010030389312971537
-0.010295257695777715
0.0032982368654882405
-0.0007829463415164861
0.03356522855247239
-0.005876245066882989
0.005649158852749242
0.005130747671373303
-0.00033461398006649214
0.011527830413230853
-0.010735085799854228
-0.016580264047879184
-0.005876245066882989
-0.00410440304828006
-0.010295257695777715
-0.007285857613706008
0.005649158852749242
-0.010295257695777715
0.009339701773477411
0.005649158852749242
-0.00410440304828006
-0.01568397758068176
-0.0007829463415164861
0.0006720909849085812
-0.023296624441010428
-0.010295257695777715
0.010030389312971537
-0.004707683258517161
-0.02746977906995856
-0.017290674038828346
-0.004707683258517161
-0.00410440304828006
-0.030203650067654263
-0.0017536404810266938
-0.0017536404810266938
0.006711063277342627
-0.01568397758068176
0.000479954481811066
-0.00410440304828006
-0.007285857613706008
-0.0007829463415164861
0.0032982368654882405
0.005130747671373303
-0.005876245066882989
-0.01034921545515071
-0.01034921545515071
0.009339701773477411
-4.743378450659582e-05
-0.030203650067654263
-4.743378450659582e-05
-0.01686587452330546
-0.018853534858976104
0.010174130603571379
-0.004707683258517161
-0.007451146786149801
-0.004872753317166131
-0.02746977906995856
-0.010735085799854228
0.0032982368654882405
0.03356522855247239
0.03356522855247239
-0.018853534858976104
0.010030389312971537
-0.018853534858976104
0.0032982368654882405
0.0032982368654882405
0.03356522855247239
0.0006720909849085812
-0.01568397758068176
0.000479954481811066
0.011527830413230853
-0.0008227447174140485
-0.00033461398006649214
-0.01568397758068176
0.005649158852749242
-0.004872753317166131
0.005130747671373303
-0.016580264047879184
0.0015683122403723118
-0.01034921545515071
0.0015683122403723118
-0.018853534858976104
-0.007285857613706008
-0.030203650067654263
0.006711063277342627
-0.017850925173575796
-0.007451146786149801
0.011527830413230853
-0.007285857613706008
-0.00410440304828006
-0.0017536404810266938
-0.007451146786149801
-0.018853534858976104
-0.00033461398006649214
-0.017850925173575796
-0.01034921545515071
-0.017850925173575796
0.009339701773477411
0.005130747671373303
-0.01034921545515071
0.009339701773477411
-0.0017536404810266938
0.009339701773477411
-0.010909949744958796
0.006711063277342627
-0.0017536404810266938
-0.01568397758068176
0.03356522855247239
-0.0007829463415164861
-0.004707683258517161
-0.030203650067654263
-0.016580264047879184
-0.030203650067654263
-0.010295257695777715
-0.004872753317166131
0.0032982368654882405
-4.743378450659582e-05
0.000479954481811066
0.007130930414380728
0.0006720909849085812
-0.023296624441010428
-4.743378450659582e-05
0.03356522855247239
-0.010295257695777715
-0.01034921545515071
-0.016580264047879184
0.0015683122403723118
-0.01568397758068176
-0.00033461398006649214
-0.005876245066882989
-0.010295257695777715
0.03356522855247239
-0.01034921545515071
0.007130930414380728
0.010174130603571379
-0.0017536404810266938
-0.016580264047879184
-0.00410440304828006
-4.743378450659582e-05
-0.010295257695777715
0.007130930414380728
-0.01034921545515071
-0.0008227447174140485
-0.01034921545515071
-0.0007829463415164861
-0.023296624441010428
0.010030389312971537
0.010174130603571379
-0.0054806363855287995
-0.017290674038828346
-0.007451146786149801
-0.01568397758068176
-0.0008227447174140485
-0.02746977906995856
0.010174130603571379
-0.01034921545515071
-0.0054806363855287995
-0.007285857613706008
0.000479954481811066
-0.016580264047879184
-0.01568397758068176
-0.007451146786149801
-0.0054806363855287995
-0.007451146786149801
0.007130930414380728
0.010030389312971537
-0.010961424671249016
-0.01034921545515071
-0.0017536404810266938
-0.023296624441010428
-0.01034921545515071
-0.030203650067654263
-0.017850925173575796
0.010030389312971537
-0.0007829463415164861
0.010030389312971537
-0.0007829463415164861
0.009339701773477411
0.009339701773477411
0.03356522855247239
-0.02746977906995856
0.0015683122403723118
0.005130747671373303
-0.01686587452330546
-0.004707683258517161
-0.00033461398006649214
-0.010909949744958796
-0.005876245066882989
-0.017290674038828346
-0.00410440304828006
-0.010909949744958796
0.000479954481811066
0.005130747671373303
0.000479954481811066
-0.010961424671249016
-0.010735085799854228
-0.0007829463415164861
0.006711063277342627
-0.007451146786149801
0.005649158852749242
-0.016580264047879184
-0.0007829463415164861
-0.017290674038828346
0.010030389312971537
-0.01686587452330546
0.010174130603571379
0.010174130603571379
-0.005876245066882989
0.000479954481811066
0.000479954481811066
-0.0054806363855287995
-4.743378450659582e-05
-0.015453928289767495
-0.01568397758068176
-0.01568397758068176
-0.010961424671249016
0.0015683122403723118
0.010174130603571379
0.007130930414380728
0.007130930414380728
0.011527830413230853
-4.743378450659582e-05
-0.015453928289767495
0.000479954481811066
-0.004707683258517161
-0.01034921545515071
0.0015683122403723118
-0.010295257695777715
-0.010909949744958796
0.010174130603571379
-0.00033461398006649214
-0.0054806363855287995
0.010030389312971537
-0.004707683258517161
-0.0007829463415164861
-0.030203650067654263
-0.004872753317166131
-0.007285857613706008
0.011527830413230853
0.03356522855247239
-0.017290674038828346
0.006711063277342627
-0.005876245066882989
0.000479954481811066
-0.010735085799854228
-0.017850925173575796
0.03356522855247239
-0.007451146786149801
-0.017850925173575796
-0.01686587452330546
0.0006720909849085812
-0.023296624441010428
-0.015453928289767495
-0.010735085799854228
-0.00033461398006649214
-0.007285857613706008
-0.016580264047879184
-0.00410440304828006
0.005649158852749242
-0.004707683258517161
-0.010295257695777715
0.03356522855247239
0.005649158852749242
-0.01034921545515071
-0.004872753317166131
-0.010295257695777715
-4.743378450659582e-05
-0.0008227447174140485
-0.004707683258517161
-0.017290674038828346
-0.007285857613706008
-0.007451146786149801
0.005649158852749242
-0.030203650067654263
0.000479954481811066
-0.007285857613706008
-0.010735085799854228
-0.007285857613706008
-0.016580264047879184
-0.023296624441010428
-0.0008227447174140485
-0.010295257695777715
-0.016580264047879184
-4.743378450659582e-05
-0.0007829463415164861
-0.017850925173575796
-0.00033461398006649214
-0.030203650067654263
-0.018853534858976104
0.006711063277342627
-0.01686587452330546
-0.007285857613706008
-0.00410440304828006
-0.015453928289767495
0.007130930414380728
-0.005876245066882989
-0.010909949744958796
-0.02746977906995856
-0.010295257695777715
-0.0054806363855287995
-0.010909949744958796
-0.017850925173575796
-0.007285857613706008
-0.0054806363855287995
-0.0007829463415164861
-0.02746977906995856
-4.743378450659582e-05
-0.010961424671249016
-0.01686587452330546
0.011527830413230853
-0.01034921545515071
-0.010295257695777715
-0.017290674038828346
0.011527830413230853
-0.0054806363855287995
0.0015683122403723118
-0.00410440304828006
-0.023296624441010428
-0.00033461398006649214
-0.010961424671249016
-0.00410440304828006
-0.00033461398006649214
-0.018853534858976104
-0.0007829463415164861
0.010174130603571379
-0.00410440304828006
0.005649158852749242
0.0006720909849085812
-0.017290674038828346
-0.0008227447174140485
0.009339701773477411
-0.010961424671249016
0.006711063277342627
-0.018853534858976104
0.0006720909849085812
0.03356522855247239
-0.018853534858976104
0.005649158852749242
0.005130747671373303
0.03356522855247239
0.0006720909849085812
0.007130930414380728
-0.010295257695777715
-0.007285857613706008
-0.016580264047879184
-0.010295257695777715
-0.015453928289767495
-0.016580264047879184
0.009339701773477411
-0.015453928289767495
-0.018853534858976104
-0.007451146786149801
-0.023296624441010428
-0.010735085799854228
-0.010295257695777715
-0.010295257695777715
-0.01568397758068176
-0.0007829463415164861
-0.017290674038828346
-0.018853534858976104
-0.017850925173575796
0.0015683122403723118
0.010030389312971537
-0.004872753317166131
-0.004872753317166131
0.005130747671373303
-0.010961424671249016
0.005649158852749242
-0.023296624441010428
-0.007451146786149801
0.0015683122403723118
-0.030203650067654263
-0.010961424671249016
-0.017290674038828346
0.010030389312971537
-0.018853534858976104
-0.010735085799854228
-0.01686587452330546
-0.0054806363855287995
-0.004872753317166131
-0.0054806363855287995
0.010030389312971537
0.0015683122403723118
0.005130747671373303
-0.007285857613706008
-0.018853534858976104
-4.743378450659582e-05
0.006711063277342627
-0.0008227447174140485
0.000479954481811066
0.010174130603571379
-0.010295257695777715
0.010174130603571379
-0.004872753317166131
-0.010295257695777715
-0.007285857613706008
0.0006720909849085812
0.005130747671373303
-0.0007829463415164861
-0.004707683258517161
-0.010961424671249016
0.0006720909849085812
-0.004872753317166131
0.011527830413230853
-0.016580264047879184
-0.007285857613706008
0.03356522855247239
-0.010735085799854228
-0.00410440304828006
-0.015453928289767495
-0.00033461398006649214
-0.005876245066882989
-0.00410440304828006
0.0006720909849085812
0.005649158852749242
-4.743378450659582e-05
-0.01568397758068176
-0.01568397758068176
0.000479954481811066
-0.010735085799854228
0.005130747671373303
0.0015683122403723118
-0.023296624441010428
-0.00410440304828006
-0.023296624441010428
0.010174130603571379
-4.743378450659582e-05
-0.01568397758068176
-0.01686587452330546
-0.023296624441010428
-0.018853534858976104
-0.0007829463415164861
-0.030203650067654263
-0.0007829463415164861
-0.01686587452330546
0.005649158852749242
0.011527830413230853
-0.004707683258517161
0.000479954481811066
0.005130747671373303
-0.017850925173575796
-0.015453928289767495
-0.017850925173575796
-0.007285857613706008
-0.004707683258517161
-0.015453928289767495
0.0015683122403723118
-0.004707683258517161
0.005649158852749242
0.0032982368654882405
-0.023296624441010428
0.009339701773477411
-0.017850925173575796
-0.0054806363855287995
0.010030389312971537
-0.00033461398006649214
-0.007451146786149801
-0.02746977906995856
0.009339701773477411
0.0006720909849085812
0.0006720909849085812
-0.0017536404810266938
0.0032982368654882405
0.010030389312971537
0.0006720909849085812
-4.743378450659582e-05
0.010030389312971537
0.010030389312971537
-4.743378450659582e-05
-0.0017536404810266938
-0.018853534858976104
0.0015683122403723118
-0.015453928289767495
-0.01686587452330546
0.005130747671373303
-0.017850925173575796
-0.018853534858976104
-0.0007829463415164861
-0.016580264047879184
-0.02746977906995856
0.005130747671373303
-0.017290674038828346
0.011527830413230853
-0.01686587452330546
-0.017850925173575796
0.0032982368654882405
-0.007451146786149801
-0.01568397758068176
-0.004872753317166131
-4.743378450659582e-05
-0.01034921545515071
-0.0054806363855287995
-0.010909949744958796
0.010030389312971537
-0.0007829463415164861
0.010174130603571379
0.007130930414380728
-0.007451146786149801
0.0032982368654882405
0.009339701773477411
-0.004872753317166131
-0.015453928289767495
0.005130747671373303
0.000479954481811066
-4.743378450659582e-05
-0.010295257695777715
0.0006720909849085812
0.009339701773477411
-0.0007829463415164861
-0.01568397758068176
0.0032982368654882405
0.005130747671373303
-0.007285857613706008
-0.01686587452330546
-0.005876245066882989
0.009339701773477411
0.03356522855247239
-0.0008227447174140485
0.0032982368654882405
-0.010961424671249016
-0.0007829463415164861
-0.007285857613706008
-0.00033461398006649214
-0.0017536404810266938
0.007130930414380728
-0.007285857613706008
-0.010295257695777715
0.006711063277342627
-0.0054806363855287995
-0.010735085799854228
0.0032982368654882405
-0.018853534858976104
-0.018853534858976104
0.011527830413230853
-0.005876245066882989
-0.010735085799854228
0.005649158852749242
0.007130930414380728
0.010030389312971537
-4.743378450659582e-05
0.0032982368654882405
0.000479954481811066
-0.01686587452330546
-0.004707683258517161
0.007130930414380728
-0.017850925173575796
-0.010295257695777715
-0.0017536404810266938
-0.00033461398006649214
-0.017290674038828346
-0.030203650067654263
0.011527830413230853
0.0032982368654882405
-0.01568397758068176
-0.007285857613706008
-0.00033461398006649214
-0.01686587452330546
-0.007285857613706008
-0.02746977906995856
-0.0008227447174140485
-0.018853534858976104
-0.010909949744958796
0.005649158852749242
-0.0008227447174140485
0.0006720909849085812
-0.01686587452330546
0.007130930414380728
-0.004707683258517161
-0.01686587452330546
-0.0054806363855287995
0.009339701773477411
-0.02746977906995856
-0.00410440304828006
-0.004872753317166131
-0.007285857613706008
0.000479954481811066
-0.016580264047879184
-0.007451146786149801
-0.010295257695777715
-0.00410440304828006
-0.005876245066882989
0.010174130603571379
-4.743378450659582e-05
-0.030203650067654263
-0.00033461398006649214
-0.0017536404810266938
-0.030203650067654263
0.005130747671373303
0.007130930414380728
0.010174130603571379
