0.010109812400232156
-5.213733402318326e-05
-0.02816144235955926
-0.008738490720338297
-0.010346164346185242
-0.040030644088417285
-0.013099444071436062
-0.006268588214526582
-0.0003254317444574372
-0.03196421833356816
-0.0020775172345788213
-0.013097926832008853
-0.040030644088417285
-0.03393943703775186
-0.024791420781391536
-0.025968030256510774
-0.013104308394930342
-0.01879150918074524
-0.020497789668960164
-0.0184543803074611
-0.018728243690448846
-0.007537984895177966
-0.008059317685297255
-0.024687748985944825
-0.003473409959220141
-0.012832329315305157
-0.030277749411894043
-0.013451732407902107
-0.008008385113109475
-0.021613532174853563
-0.027320962539826264
-0.029396262793635615
-0.020497789668960164
-0.01206342364834527
-0.04244411425785032
-0.025968030256510774
-0.015174805595873517
-0.021613532174853563
-0.02328387207384314
-0.013451732407902107
-0.0184543803074611
-0.0003812767152913863
-0.024249622444525453
-0.02641042762861435
-0.031181219858553887
-0.030053979378564955
0.011858833102325862
-0.012135293262399928
-0.002047952355463482
0.0068022541871825964
0.004698719541495286
-0.010143009913910058
-0.020093239464929375
0.004698719541495286
-0.01004900084881665
-0.012848893101320672
-0.02501885796824622
0.0016441374260888946
-0.039090412888365074
-0.06470106532435417
-0.005066834983988423
-0.018997755709290097
-0.0184543803074611
-0.03688576433297641
0.00911887525932576
-0.003444059503131266
-0.040030644088417285
-0.00045274289618006284
-0.024245125508062397
-0.004620672359044603
-0.01695510012804369
-0.005003304035749754
-0.036101765390907176
-0.002047952355463482
-0.012994768710935335
-0.02667855577769551
-0.01522922612501499
-0.009293518129135356
-0.042495577537664024
-0.05042796363536719
-0.039377066632536796
-0.01421872451587986
-0.03196421833356816
-0.028296021743397074
-0.024791420781391536
-0.007126913123470176
0.004698719541495286
-0.02641042762861435
-0.03523502663763467
-0.011959711148492548
-0.04537444447278782
-0.05042796363536719
-0.02816144235955926
-0.020949820262988347
0.0023385272309333553
0.0069901045254148276
0.0070879339319607805
-0.007126913123470176
-0.01932482647469031
-0.003150479240959084
0.0023385272309333553
0.005767070621747736
-0.02085828635870007
0.008727323958937567
-0.003901629816521953
-0.006268588214526582
-0.018728243690448846
-0.011959711148492548
-0.03231337598154084
-0.010416371636354053
-0.010017566325337745
0.029201502908973182
-0.03821862601928241
-0.020949820262988347
-0.005771143425255528
-0.0184543803074611
-0.030277749411894043
-0.003473409959220141
0.0068022541871825964
-0.023619277684921152
-0.0184543803074611
-0.0020775172345788213
-0.02328387207384314
0.016099320847069838
-0.030277749411894043
-0.010143009913910058
-0.0020775172345788213
-0.018997755709290097
-0.029396262793635615
-0.02767889384634759
0.03656478706354301
-0.0184543803074611
-0.050812318923924515
-0.031181219858553887
-0.01928892438388214
-0.013961767555046444
-0.010416371636354053
-0.04625011271234534
-0.008008385113109475
0.011858833102325862
-0.007537984895177966
-0.042514936713578526
-0.012624561945805607
-0.04753004105582606
-0.02190787075616623
-0.010017566325337745
-0.008059317685297255
-0.014876848520850361
-0.009392907667301166
-0.028365769241985167
0.01947240840546348
-0.0180220130684516
-0.036101765390907176
-0.008008385113109475
-0.012624561945805607
-0.003901629816521953
-0.015174805595873517
-0.03376095504002127
-0.002047952355463482
0.013499702388324715
-0.003444059503131266
-0.024687748985944825
-0.0007188576448489618
-0.018275787190501963
-0.03227276653298644
0.0068022541871825964
-0.003901629816521953
-0.024249622444525453
-0.006694611675125589
-0.02085828635870007
-0.016147852534186637
-0.00808432232873715
-0.009873634443546985
-0.050812318923924515
-0.01226292246342808
-0.019494151383546567
-0.0058870652998505996
-0.03996597591867743
-0.0184543803074611
-0.021613532174853563
-0.020949820262988347
-0.039276476072737314
-0.03069445475657814
-0.004620672359044603
0.02610672408894344
-0.036101765390907176
-0.006268588214526582
-0.009293518129135356
0.010482321827645451
-0.024687748985944825
-0.013783225708903415
-0.02328387207384314
0.0068022541871825964
-0.03821862601928241
-0.03007910857858744
-0.0058870652998505996
-0.020093239464929375
-0.03376095504002127
-0.02667855577769551
-0.024245125508062397
-0.01004900084881665
-0.02641042762861435
-0.030277749411894043
-0.035199009171044265
-0.05042796363536719
-0.020949820262988347
-0.03231337598154084
-0.005003304035749754
-0.0008153164258158671
-0.04244411425785032
-0.03393943703775186
-0.010017566325337745
-0.009392907667301166
-0.018997755709290097
0.0032778546790962586
-0.024249622444525453
-0.003473409959220141
-0.013961767555046444
-0.008738490720338297
-0.010935130600177704
-0.014876848520850361
-0.0034268834160790505
-0.008503879481942929
-0.00045274289618006284
-0.024245125508062397
-0.0034268834160790505
-0.04625011271234534
-0.05516222294948144
-0.011788320704948375
-0.020497789668960164
-0.038752991305780665
0.02610672408894344
-0.04244411425785032
-0.03821862601928241
-0.018275787190501963
0.004698719541495286
-0.028820289460533933
0.03901118803603527
-0.0020775172345788213
0.01267503080218489
0.0068022541871825964
-0.0020775172345788213
-0.009392907667301166
0.0023385272309333553
-0.020497789668960164
-0.019647648716530422
-0.015223225371451064
-0.012368953432243002
0.013499702388324715
-0.0007188576448489618
-0.024791420781391536
-0.010416371636354053
-0.005410142793069741
-0.010143009913910058
-0.013097926832008853
-0.006268588214526582
-0.02022181388211752
-0.009179810965257896
-0.006268588214526582
-0.011518899305595872
-0.012624561945805607
0.006153192217873119
-0.024249622444525453
0.008125720527939369
0.011858833102325862
-0.009392907667301166
-0.010935130600177704
-0.028296021743397074
-0.0020775172345788213
0.006920173772391235
-0.008285467707812941
-0.03069445475657814
0.03901118803603527
0.01267503080218489
0.011858833102325862
-0.04537444447278782
-0.018039650208910508
-0.015223225371451064
-0.014031206029557446
-0.0003812767152913863
-0.005066834983988423
-0.01743696720185271
-0.026601408513775383
-0.0034268834160790505
-0.023814916567659824
0.006920173772391235
-0.02599554191017424
-0.019647648716530422
-0.01095645814527321
-0.013961767555046444
-0.04753004105582606
-0.024249622444525453
-0.010935130600177704
0.013499702388324715
-0.010143009913910058
-0.06470106532435417
-0.0007188576448489618
-0.010416371636354053
0.009488703922746965
-0.029396262793635615
-0.024245125508062397
-0.024245125508062397
-0.006771199178972991
0.016099320847069838
-0.03376095504002127
-0.03996597591867743
-0.01004900084881665
0.004698719541495286
-0.010017566325337745
-0.04244411425785032
-0.011518899305595872
-0.0184543803074611
0.018715752309901176
-0.013097926832008853
-0.028365769241985167
-0.04537444447278782
0.010482321827645451
0.01522192509403959
-0.003444059503131266
-0.019647648716530422
-0.012848893101320672
-0.01421872451587986
-0.03376095504002127
-0.025968030256510774
0.01267503080218489
-0.014604911535337838
-0.006668754635154318
-0.018728243690448846
-0.016147852534186637
-0.02160593701880421
-0.0028620270698163056
-0.01421872451587986
-0.010346164346185242
-0.004620672359044603
-0.01695510012804369
-0.025968030256510774
-0.04462266742059806
-0.003473409959220141
0.008125720527939369
0.009488703922746965
-0.009293518129135356
-0.01421872451587986
-0.01226292246342808
0.0068022541871825964
-0.0184543803074611
-0.02085828635870007
0.013499702388324715
-0.019647648716530422
-0.038752991305780665
-0.0044082546996537224
-0.028296021743397074
-0.039090412888365074
-0.01226292246342808
-0.015174805595873517
-0.008285467707812941
0.0016441374260888946
-0.008059317685297255
-0.01695510012804369
0.009488703922746965
0.0023385272309333553
-0.039276476072737314
-0.01672519358036065
-0.018997755709290097
-0.009179810965257896
-0.008503879481942929
-0.012832329315305157
-0.006771199178972991
-0.04244411425785032
0.004698719541495286
-0.012995326125332033
-0.002047952355463482
-0.02068800305801244
0.00911887525932576
-0.0184543803074611
-0.012848893101320672
-0.01226292246342808
0.06430973592629412
-0.008008385113109475
-0.007537984895177966
-0.01206342364834527
-0.019647648716530422
-0.0071664833060388206
-0.0008153164258158671
-0.025968030256510774
-0.04462266742059806
-0.018997755709290097
-0.008738490720338297
0.0068022541871825964
-0.02673685122532334
-0.013451732407902107
0.01010492445985209
-0.020497789668960164
-0.013451732407902107
-0.010935130600177704
0.0023385272309333553
-0.008738490720338297
-0.005771143425255528
-0.01421872451587986
-0.02068800305801244
-0.008738490720338297
-0.018997755709290097
-0.03688576433297641
-0.014031206029557446
-0.006892686662873773
-0.028296021743397074
-0.011788320704948375
-0.010935130600177704
-0.02673685122532334
-0.05042796363536719
-0.039276476072737314
-0.04753004105582606
-0.025968030256510774
-0.04244411425785032
-0.0003812767152913863
-0.01095645814527321
-0.006742477421773723
-0.01879150918074524
-0.039276476072737314
-0.035199009171044265
-0.005003304035749754
-0.028820289460533933
-0.028365769241985167
0.01947240840546348
-0.02641042762861435
-0.009293518129135356
-0.029138691041576736
0.01947240840546348
-0.019494151383546567
-0.024245125508062397
-0.018275787190501963
-0.02501885796824622
0.0032778546790962586
-0.015223225371451064
0.006920173772391235
0.003654921934224922
-0.011959711148492548
-0.018728243690448846
-0.023814916567659824
-0.040030644088417285
-0.02328387207384314
0.0032778546790962586
-0.012848893101320672
0.0070879339319607805
-0.0030753453346642873
0.0032778546790962586
0.005767070621747736
-0.024245125508062397
0.03901118803603527
-0.011518899305595872
-0.020497789668960164
0.01267503080218489
-0.0007188576448489618
-0.0008153164258158671
-0.04625011271234534
0.01267503080218489
-0.040030644088417285
-0.05042796363536719
-0.028296021743397074
-0.0476579387386202
0.0023385272309333553
0.06430973592629412
-0.030277749411894043
-0.01743696720185271
-0.02667855577769551
0.009488703922746965
-0.03393943703775186
-0.0020775172345788213
-0.02501885796824622
-0.018728243690448846
-0.012726931761458267
0.06430973592629412
-0.00808432232873715
-0.0184543803074611
-0.010346164346185242
0.008125720527939369
-0.006668754635154318
-0.01908754247150983
-0.008285467707812941
-0.0044082546996537224
-0.03996597591867743
0.008125720527939369
-0.01672519358036065
-0.039276476072737314
0.0069901045254148276
-0.06470106532435417
0.010482321827645451
-0.01908754247150983
-0.02085828635870007
-0.039090412888365074
-0.00921596461156706
-0.011788320704948375
-0.029138691041576736
-0.036101765390907176
-0.014604911535337838
-0.020093239464929375
0.01010492445985209
0.004698719541495286
-0.03688576433297641
-0.01695510012804369
-0.018275787190501963
-0.02667855577769551
-0.008503879481942929
-0.015223225371451064
-0.029138691041576736
-0.0184543803074611
0.013499702388324715
-0.012995326125332033
-0.0058870652998505996
-0.03393943703775186
-0.025968030256510774
0.0069901045254148276
-0.02767889384634759
-0.03007910857858744
-0.009179810965257896
-0.013097926832008853
0.01267503080218489
-0.0071664833060388206
-0.028365769241985167
-0.006668754635154318
-0.042495577537664024
-0.0007188576448489618
-0.01095645814527321
-0.02190787075616623
-0.002047952355463482
-0.028296021743397074
-0.022149986162787353
-0.018728243690448846
0.018715752309901176
0.0035326650211681596
-0.0071664833060388206
-0.012664421943138621
-0.018728243690448846
-0.029138691041576736
-0.012491139658076732
-0.012368953432243002
-0.0020775172345788213
-0.01095645814527321
-0.012624561945805607
-0.01932482647469031
-0.0180220130684516
0.0068022541871825964
-0.005478679911285673
-0.026601408513775383
-0.023619277684921152
-0.031181219858553887
-0.015642843194731765
-0.011959711148492548
-0.00045274289618006284
-0.03069445475657814
-0.006771199178972991
-0.01672519358036065
-0.00921596461156706
-0.04462266742059806
-0.008219156494906723
-0.004620672359044603
-0.007126913123470176
-0.019647648716530422
0.006920173772391235
-0.006668754635154318
-0.02328387207384314
0.010034480410075292
-0.014604911535337838
-0.042495577537664024
-0.008219156494906723
0.03656478706354301
-0.018728243690448846
-0.042495577537664024
-0.06470106532435417
-0.010935130600177704
-0.005478679911285673
0.00911887525932576
0.003654921934224922
0.0070879339319607805
-0.011518899305595872
-0.02767889384634759
-0.018728243690448846
0.004698719541495286
-0.01928892438388214
-0.02160593701880421
-0.013451732407902107
-0.0008153164258158671
-0.036101765390907176
-0.01695510012804369
-0.00808432232873715
0.06430973592629412
-0.035199009171044265
-0.05516222294948144
-0.02190787075616623
-0.011518899305595872
-0.009293518129135356
-0.02673685122532334
-0.02160593701880421
-0.014876848520850361
-0.012491139658076732
-0.012491139658076732
-0.0003254317444574372
-0.035199009171044265
-0.010017566325337745
-0.014604911535337838
-0.0184543803074611
-0.01932482647469031
-0.005478679911285673
-0.01672519358036065
-0.006268588214526582
0.01947240840546348
-0.03196421833356816
-0.02673685122532334
0.006153192217873119
-0.006268588214526582
-0.010416371636354053
-0.01743696720185271
-0.028820289460533933
-0.015174805595873517
-0.013961767555046444
-0.06470106532435417
-0.008285467707812941
-0.012726931761458267
-0.028820289460533933
-0.02160593701880421
0.0035326650211681596
-0.0058870652998505996
-0.03196421833356816
0.0070879339319607805
-0.01879150918074524
-0.018728243690448846
-0.012994768710935335
-0.02816144235955926
0.010482321827645451
-0.014031206029557446
-0.0476579387386202
0.0068022541871825964
-0.029396262793635615
0.0032778546790962586
0.01522192509403959
-0.029138691041576736
-0.0184543803074611
-0.020093239464929375
-0.028365769241985167
-0.027320962539826264
-0.03376095504002127
-0.03196421833356816
-0.016181776626221358
-0.018997755709290097
-0.016681157207609907
0.009488703922746965
-0.002047952355463482
-0.009179810965257896
-0.015223225371451064
-0.02816144235955926
-0.0007188576448489618
-0.011959711148492548
-0.0119432719160229
-0.02673685122532334
-0.003150479240959084
0.005767070621747736
-0.0476579387386202
-0.010017566325337745
-0.0003812767152913863
-0.03393943703775186
-0.005003304035749754
-0.05516222294948144
-0.042495577537664024
-0.005771143425255528
-0.011788320704948375
-0.020949820262988347
0.0035326650211681596
-0.01421872451587986
-0.02816144235955926
-0.01226292246342808
0.005767070621747736
-0.020080355685721026
-0.005003304035749754
-0.039377066632536796
-0.01908754247150983
-0.02767889384634759
-0.020497789668960164
-0.010017566325337745
-0.009293518129135356
-0.028296021743397074
-0.0007188576448489618
-0.014031206029557446
-0.012664421943138621
-0.029138691041576736
-0.01879150918074524
-0.039276476072737314
0.010482321827645451
-0.02673685122532334
-0.028296021743397074
-5.213733402318326e-05
-0.016181776626221358
-0.010935130600177704
-0.005478679911285673
-0.008503879481942929
-0.003901629816521953
-0.00045274289618006284
-0.028365769241985167
-0.013097926832008853
0.03656478706354301
-0.005478679911285673
-0.006742477421773723
-5.213733402318326e-05
-0.014876848520850361
-0.018039650208910508
-0.015174805595873517
-0.04753004105582606
-0.015223225371451064
-0.012994768710935335
-0.01743696720185271
-0.012848893101320672
-0.008219156494906723
0.003654921934224922
-0.02328387207384314
-0.04625011271234534
0.01522192509403959
-0.026601408513775383
-0.042514936713578526
-0.03007910857858744
0.06430973592629412
-0.013104308394930342
-0.010017566325337745
0.0068022541871825964
-0.004620672359044603
-0.00045274289618006284
-0.011518899305595872
-0.0476579387386202
-0.016181776626221358
-0.035199009171044265
-0.003473409959220141
-0.03996597591867743
0.010034480410075292
-0.02673685122532334
-0.03007910857858744
-0.012995326125332033
-0.0008153164258158671
0.01522192509403959
0.010109812400232156
0.06430973592629412
0.01010492445985209
-0.05042796363536719
-0.005003304035749754
-0.035199009171044265
0.008727323958937567
-0.0058870652998505996
0.0016441374260888946
-0.015642843194731765
-0.0180220130684516
-0.030277749411894043
-0.012664421943138621
0.02610672408894344
-0.018275787190501963
-0.0119432719160229
-0.048630173543404084
-0.006771199178972991
-0.029138691041576736
0.01267503080218489
-0.024245125508062397
-0.0008153164258158671
-0.030277749411894043
-0.01695510012804369
-0.03821862601928241
-0.01206342364834527
-0.039276476072737314
-0.02816144235955926
-0.014031206029557446
-0.015223225371451064
-0.008738490720338297
-0.03231337598154084
0.009488703922746965
-0.011518899305595872
0.006920173772391235
-0.031181219858553887
-0.012624561945805607
-0.039377066632536796
0.008727323958937567
-0.009293518129135356
-0.010143009913910058
-0.014031206029557446
-0.00808432232873715
-0.024791420781391536
-0.01095645814527321
-0.02767889384634759
-0.03376095504002127
-0.020497789668960164
-0.01522922612501499
0.0068022541871825964
-0.003444059503131266
0.005767070621747736
-0.008285467707812941
0.004615705827286372
-0.01672519358036065
-0.039377066632536796
-0.006668754635154318
-0.0030753453346642873
-0.0034268834160790505
-5.213733402318326e-05
-0.0058870652998505996
-0.024791420781391536
-0.0071664833060388206
-0.014604911535337838
-0.011959711148492548
-0.018275787190501963
-0.03821862601928241
-0.024245125508062397
-0.02085828635870007
-0.03154201735976068
0.0023385272309333553
-0.016147852534186637
0.013499702388324715
-0.009392907667301166
0.010482321827645451
-0.016147852534186637
-0.02190787075616623
-0.01932482647469031
-0.01908754247150983
-0.003901629816521953
0.013499702388324715
-0.026601408513775383
0.008727323958937567
-0.012726931761458267
-0.04753004105582606
-0.05042796363536719
-0.024249622444525453
-0.02068800305801244
-0.013104308394930342
-0.024245125508062397
-0.04537444447278782
-0.012664421943138621
-0.003150479240959084
-0.031181219858553887
0.013499702388324715
-0.020949820262988347
-0.006694611675125589
0.01947240840546348
-0.012368953432243002
-0.03196421833356816
-0.0058870652998505996
-0.011788320704948375
-0.006771199178972991
0.013499702388324715
-0.040030644088417285
-0.014031206029557446
-0.018275787190501963
-0.014604911535337838
0.03656478706354301
-0.016147852534186637
-0.012994768710935335
0.006920173772391235
0.029201502908973182
-0.0030753453346642873
-0.035199009171044265
-0.00045274289618006284
0.003654921934224922
-0.048630173543404084
-0.029396262793635615
-0.01421872451587986
-0.0003254317444574372
-0.0180220130684516
-0.02599554191017424
-0.006268588214526582
-0.008219156494906723
0.0035326650211681596
-0.012995326125332033
0.02610672408894344
-0.0071664833060388206
-0.02673685122532334
-0.0003254317444574372
-0.003473409959220141
-0.03227276653298644
-0.04244411425785032
-0.011959711148492548
-0.009179810965257896
-0.020497789668960164
-0.0058870652998505996
-0.01522922612501499
-0.012135293262399928
-0.023619277684921152
-0.0030753453346642873
-0.0184543803074611
-0.04625011271234534
-0.0003812767152913863
0.01947240840546348
-0.03154201735976068
-0.016181776626221358
0.0068022541871825964
-0.028820289460533933
-0.01672519358036065
-0.008285467707812941
-0.023619277684921152
-0.013783225708903415
0.004698719541495286
-0.005771143425255528
-0.005771143425255528
-0.04537444447278782
-0.016681157207609907
-0.02816144235955926
-0.008285467707812941
-0.0020775172345788213
-0.018728243690448846
-0.023814916567659824
0.02610672408894344
-5.213733402318326e-05
-0.002047952355463482
-0.0007188576448489618
-0.006668754635154318
-0.029396262793635615
-0.007126913123470176
-0.024791420781391536
0.01267503080218489
-0.02767889384634759
-0.013961767555046444
-0.039090412888365074
-0.025968030256510774
-0.05516222294948144
0.010034480410075292
-0.02160593701880421
-0.039090412888365074
-0.012664421943138621
-0.015174805595873517
-0.014604911535337838
-0.0184543803074611
-0.005478679911285673
-0.008059317685297255
-0.011518899305595872
-0.01928892438388214
-0.0058870652998505996
-0.011518899305595872
0.008125720527939369
-0.015642843194731765
-0.010143009913910058
-0.018275787190501963
-0.0119432719160229
-0.020080355685721026
-0.015223225371451064
-0.02328387207384314
-0.0034268834160790505
-0.018275787190501963
-0.020093239464929375
-0.005410142793069741
-0.019494151383546567
-0.010935130600177704
-0.005003304035749754
-0.019494151383546567
-0.05042796363536719
-0.038752991305780665
0.03901118803603527
-0.04625011271234534
-0.020080355685721026
-0.02767889384634759
0.016099320847069838
-0.006892686662873773
-0.0007188576448489618
-0.02068800305801244
-0.024791420781391536
-0.013961767555046444
-0.03154201735976068
-0.006892686662873773
-0.010416371636354053
-0.003473409959220141
-0.01421872451587986
0.0016441374260888946
-0.015223225371451064
-0.0184543803074611
0.013499702388324715
-0.0476579387386202
-0.02328387207384314
0.010109812400232156
-0.03154201735976068
-0.038752991305780665
-0.029396262793635615
0.004698719541495286
-0.01004900084881665
-0.01206342364834527
-0.008008385113109475
-0.01908754247150983
-0.02328387207384314
-0.006694611675125589
-0.020093239464929375
-0.005003304035749754
-0.039276476072737314
-0.04537444447278782
-0.005478679911285673
-0.03996597591867743
-0.015642843194731765
-0.02160593701880421
-0.025968030256510774
-0.01672519358036065
-0.02501885796824622
-0.019647648716530422
-0.02501885796824622
0.0068022541871825964
-0.01908754247150983
-0.010935130600177704
-0.03231337598154084
0.03901118803603527
-0.013104308394930342
0.0069901045254148276
-0.006742477421773723
-0.013099444071436062
-0.03821862601928241
-0.040030644088417285
