-0.007527438977736705
-0.06317434688520746
-0.06668416453589669
-0.03934579318712848
-0.03354927235475458
-0.03980096554545461
-0.026558222631373595
-0.025747744017786393
-0.042018318799423714
-0.014040921824172893
-0.020394506952472347
-0.016252185009720272
-0.008282863244873867
-0.024010627347359287
0.007505487385299161
-0.025304067124882357
-0.020394506952472347
-0.026194655032728657
-0.027255150951636237
-0.05330348843584761
-0.018405205657411557
0.006677306405502994
-0.02025023978464496
-0.029653293549197365
-0.002138759494227384
-0.0044554311063403785
0.006677306405502994
-0.0044554311063403785
-0.034481394558766816
-0.02709912950913516
-0.03336050597166548
0.0028091174569688346
-0.060289235405615954
-0.049293135208623086
-0.018936347257973135
-0.017019475902983583
-0.013739512029347613
-0.016868748226882276
-0.0044554311063403785
-0.05695386210962858
-0.03070879919261319
-0.042651802124492356
-0.020394506952472347
-0.028801220053172802
-0.016868748226882276
-0.02624058473195688
-0.04443932207075468
-0.028801220053172802
-0.021958522366956317
-0.01677298279733069
-0.038301308544001926
-0.007527438977736705
-0.030547936025147434
-0.026987709913466943
-0.06317434688520746
-0.03769782376160064
-0.028308138626255423
-0.024328376475618068
-0.05720797256238014
-0.011452662268764305
-0.01615085837462996
0.0028091174569688346
-0.028801220053172802
-0.030438888910709845
-0.01880188609375993
-0.05281435909327819
-0.04443932207075468
-0.06102272108208735
-0.014040921824172893
-0.060289235405615954
-0.038270977322485064
-0.024121867677359927
-0.007527438977736705
0.0062239674382649594
-0.021357805673702917
-0.026529449407866786
-0.002138759494227384
-0.02981888392093751
-0.004792085259721811
-0.038061603704126104
-0.03529453832759187
-0.0016472375616194996
-0.01802749556448102
-0.05720797256238014
-0.03354927235475458
-0.02658679820680755
-0.037676656300200555
-0.010031887540524535
-0.01615085837462996
-0.03980096554545461
-0.013772328859542292
-0.017542115658937214
-0.06778945009630352
-0.03529453832759187
-0.0016472375616194996
-0.030438888910709845
-0.05720797256238014
-0.0044554311063403785
0.015678975064193957
-0.021958522366956317
-0.021357805673702917
-0.024676065464118536
-0.0044554311063403785
-0.038061603704126104
-0.026558222631373595
-0.01909601998657378
-0.03719605021844295
-0.026529449407866786
-0.032674265285220154
-0.016252185009720272
-0.032674265285220154
-0.030438888910709845
-0.028067159518405806
-0.05766309600518526
-0.0076461704564432156
-0.006529781275618995
-0.05766309600518526
-0.014851354766723394
-0.05281435909327819
-0.016868748226882276
-0.01880188609375993
-0.03336050597166548
-0.026558222631373595
-0.04443932207075468
-0.001357854312385156
-0.019102777812769353
-0.03934579318712848
-0.016868748226882276
-0.025747744017786393
-0.016868748226882276
-0.01900297981002162
-0.02658679820680755
-0.014040921824172893
-0.027578551945651827
0.01512603487140616
-0.021357805673702917
-0.032674265285220154
-0.024121867677359927
-0.028801220053172802
-0.05377779505795219
-0.026558222631373595
-0.02624058473195688
-0.022386792648077736
-0.03225462350321354
-0.025887503375143006
-0.0017424992456867058
-0.034481394558766816
-0.03934579318712848
-0.041465826942902934
-0.013739512029347613
-0.007527438977736705
-0.026558222631373595
-0.03660338337697334
-0.05203923372955011
-0.02025023978464496
-0.018311734566767515
0.01512603487140616
-0.05203923372955011
-0.018405205657411557
-0.01752000059392318
-0.017542115658937214
-0.06317434688520746
-0.020394506952472347
-0.015904787252819824
-0.019287987041538935
-0.024754600728223178
-0.03769782376160064
-0.04443932207075468
-0.014796992924138195
-0.03934579318712848
-0.028801220053172802
-0.038270977322485064
-0.01880188609375993
-0.019102777812769353
-0.024010627347359287
-0.038301308544001926
-0.03934579318712848
-0.03409075533011362
-0.030740794450642556
-0.017019475902983583
-0.042651802124492356
-0.029228586248697425
-0.011601353402643219
-0.01752000059392318
-0.025747744017786393
-0.05766309600518526
-0.04485676530491116
-0.06668416453589669
-0.02171179554175335
-0.007527438977736705
-0.02709912950913516
-0.013772328859542292
-0.029653293549197365
-0.038301308544001926
-0.021958522366956317
-0.022386792648077736
-0.024754600728223178
0.0062239674382649594
-0.027578551945651827
-0.01951861679456704
-0.04536418633508013
-0.049293135208623086
-0.013209912262840476
-0.0017424992456867058
-0.060289235405615954
-0.024121867677359927
0.017127608360779825
-0.026558222631373595
-0.02171179554175335
-0.04536418633508013
-0.03070879919261319
-0.011900460186220959
-0.06317434688520746
-0.010031887540524535
-0.007269432563190335
-0.041465826942902934
-0.05377779505795219
-0.05377779505795219
-0.022386792648077736
-0.030547936025147434
-0.025304067124882357
-0.006529781275618995
-0.04366681048687518
-0.03529453832759187
-0.028308138626255423
-0.03409075533011362
0.015678975064193957
0.0028091174569688346
-0.02624058473195688
-0.010945958177122657
-0.014040921824172893
-0.06778945009630352
-0.01951861679456704
-0.0354437612388453
-0.024754600728223178
-0.001357854312385156
-0.017019475902983583
-0.0044554311063403785
-0.029228586248697425
-0.021958522366956317
-0.04485676530491116
-0.018405205657411557
-0.024328376475618068
-0.037204428228097206
-0.028801220053172802
-0.0017424992456867058
-0.024121867677359927
-0.008282863244873867
0.0028091174569688346
-0.05281435909327819
-0.013209912262840476
-0.026529449407866786
-0.018311734566767515
-0.01909601998657378
-0.024121867677359927
-0.038270977322485064
-0.022386792648077736
-0.026558222631373595
-0.018311734566767515
-0.01909601998657378
-0.01802749556448102
-0.03769782376160064
-0.05766309600518526
-0.01880188609375993
-0.024010627347359287
0.003842424083944879
-0.025304067124882357
-0.02493194731797868
-0.05203923372955011
-0.020394506952472347
-0.027890715761911617
-0.04485676530491116
-0.029653293549197365
-0.011601353402643219
-0.03325618615601268
-0.004792085259721811
-0.01951861679456704
-0.024121867677359927
-0.010945958177122657
-0.04485676530491116
-0.05330348843584761
-0.024754600728223178
-0.04485676530491116
-0.02152243848809154
-0.05330348843584761
-0.025887503375143006
-0.03980096554545461
-0.032674265285220154
-0.014040921824172893
-0.01802749556448102
-0.01909601998657378
-0.014851354766723394
-0.04366681048687518
-0.026987709913466943
-0.007527438977736705
-0.004792085259721811
-0.05281435909327819
-0.026558222631373595
-0.026906027779525034
-0.024676065464118536
-0.06668416453589669
0.006557913222007451
-0.0044554311063403785
-0.042651802124492356
-0.030438888910709845
-0.03225462350321354
-0.004792085259721811
-0.0136238915379414
-0.01802749556448102
0.0062239674382649594
-0.038270977322485064
-0.03336050597166548
-0.041465826942902934
-0.030438888910709845
-0.008282863244873867
-0.026987709913466943
-0.018405205657411557
-0.030547936025147434
-0.06668416453589669
-0.04485676530491116
-0.04485676530491116
-0.04366681048687518
-0.007269432563190335
-0.010031887540524535
0.006557913222007451
0.017127608360779825
-0.01615085837462996
-0.0076461704564432156
-0.05695386210962858
-0.046157774345560836
-0.038270977322485064
-0.029653293549197365
-0.024676065464118536
-0.020394506952472347
-0.011900460186220959
-0.01615085837462996
-0.027255150951636237
-0.06668416453589669
-0.010945958177122657
-0.028308138626255423
-0.016868748226882276
-0.04485676530491116
-0.02152243848809154
0.006557913222007451
-0.04485676530491116
-0.007527438977736705
0.017127608360779825
-0.03719605021844295
-0.04366681048687518
-0.038061603704126104
-0.038061603704126104
-0.05377779505795219
-0.03354927235475458
-0.011900460186220959
-0.05203923372955011
0.0062239674382649594
-0.013739512029347613
-0.06360317981789183
-0.019102777812769353
-0.05203923372955011
-0.024676065464118536
-0.014851354766723394
-0.026529449407866786
-0.021357805673702917
-0.01752000059392318
-0.058678176226243633
-0.03325618615601268
-0.01752000059392318
-0.013739512029347613
0.017127608360779825
-0.0016472375616194996
-0.0017424992456867058
-0.049293135208623086
-0.008282863244873867
-0.024676065464118536
-0.01615085837462996
-0.038301308544001926
-0.027000109712705413
-0.042018318799423714
-0.027255150951636237
-0.027578551945651827
-0.06668416453589669
-0.05720797256238014
-0.038301308544001926
0.012175161242847796
-0.030740794450642556
0.012175161242847796
-0.024676065464118536
0.0028091174569688346
-0.027890715761911617
-0.025887503375143006
-0.017019475902983583
-0.024010627347359287
-0.01615085837462996
-0.01677298279733069
0.0028091174569688346
-0.042018318799423714
-0.0354437612388453
0.007505487385299161
-0.05720797256238014
-0.013739512029347613
-0.06778945009630352
-0.019102777812769353
-0.06317434688520746
-0.02709912950913516
-0.038270977322485064
-0.02025023978464496
0.012175161242847796
-0.03529453832759187
-0.0354437612388453
0.006557913222007451
-0.028801220053172802
-0.02025023978464496
0.0062239674382649594
0.007505487385299161
-0.026987709913466943
-0.01951861679456704
-0.025304067124882357
-0.030547936025147434
-0.030438888910709845
-0.010031887540524535
-0.007269432563190335
-0.018405205657411557
-0.05695386210962858
-0.03325618615601268
-0.025304067124882357
0.007505487385299161
-0.026529449407866786
-0.020394506952472347
-0.05695386210962858
-0.030547936025147434
-0.024010627347359287
-0.007527438977736705
-0.024121867677359927
-0.06778945009630352
-0.034481394558766816
-0.029653293549197365
-0.024328376475618068
-0.0044554311063403785
-0.02624058473195688
-0.024328376475618068
-0.027000109712705413
-0.014851354766723394
-0.06668416453589669
-0.03689781649261019
-0.025887503375143006
-0.013209912262840476
-0.014796992924138195
-0.030547936025147434
-0.02025023978464496
-0.006529781275618995
-0.010945958177122657
-0.022386792648077736
-0.042651802124492356
-0.034481394558766816
-0.028067159518405806
-0.05377779505795219
-0.017542115658937214
-0.021958522366956317
0.01512603487140616
-0.015904787252819824
0.006557913222007451
0.0062239674382649594
-0.024328376475618068
-0.024010627347359287
-0.021357805673702917
-0.03660338337697334
-0.01752000059392318
-0.038270977322485064
0.0016662600452927105
0.015678975064193957
-0.01677298279733069
-0.01880188609375993
-0.0016472375616194996
-0.002138759494227384
-0.060289235405615954
-0.03529453832759187
-0.030438888910709845
-0.03660338337697334
-0.02171179554175335
-0.05766309600518526
0.0016662600452927105
-0.020274288388904823
-0.030547936025147434
-0.007269432563190335
-0.029653293549197365
-0.019287987041538935
-0.030547936025147434
-0.020394506952472347
-0.038061603704126104
-0.0044554311063403785
-0.014796992924138195
-0.03325618615601268
-0.06317434688520746
-0.030547936025147434
-0.027255150951636237
0.003842424083944879
-0.05766309600518526
-0.04366681048687518
-0.024121867677359927
-0.010031887540524535
-0.027578551945651827
-0.03719605021844295
-0.05281435909327819
-0.03436367836524902
-0.037676656300200555
-0.027890715761911617
-0.037204428228097206
-0.03336050597166548
-0.03719605021844295
-0.026529449407866786
-0.011900460186220959
-0.034481394558766816
-0.01615085837462996
-0.028308138626255423
-0.05203923372955011
-0.025747744017786393
-0.029653293549197365
-0.010622791218333268
-0.024676065464118536
-0.02658679820680755
-0.011452662268764305
-0.02493194731797868
-0.030547936025147434
0.0016662600452927105
-0.01900297981002162
-0.04536418633508013
-0.03409075533011362
-0.03529453832759187
-0.021958522366956317
-0.05720797256238014
-0.020394506952472347
-0.029653293549197365
-0.01909601998657378
-0.011452662268764305
-0.02624058473195688
-0.011900460186220959
-0.05377779505795219
-0.010945958177122657
-0.027000109712705413
-0.024010627347359287
0.0016662600452927105
-0.02171179554175335
-0.042651802124492356
-0.01802749556448102
-0.027890715761911617
-0.014796992924138195
-0.007269432563190335
0.003842424083944879
-0.06102272108208735
-0.037676656300200555
-0.04443932207075468
-0.02981888392093751
-0.006529781275618995
-0.010945958177122657
-0.04443932207075468
-0.04366681048687518
0.006677306405502994
-0.025304067124882357
-0.03769782376160064
-0.03409075533011362
-0.05203923372955011
-0.024328376475618068
-0.0136238915379414
-0.011601353402643219
-0.03980096554545461
-0.029653293549197365
-0.027890715761911617
-0.025304067124882357
-0.026558222631373595
-0.026906027779525034
-0.03225462350321354
-0.01615085837462996
-0.028308138626255423
0.0062239674382649594
-0.05766309600518526
-0.0044554311063403785
-0.028801220053172802
-0.03529453832759187
-0.026194655032728657
-0.03529453832759187
-0.038301308544001926
-0.03719605021844295
0.017127608360779825
-0.024121867677359927
-0.027890715761911617
-0.06102272108208735
-0.0017424992456867058
-0.001357854312385156
-0.04536418633508013
-0.011601353402643219
-0.03980096554545461
-0.024121867677359927
-0.01752000059392318
-0.024754600728223178
-0.026906027779525034
-0.013209912262840476
-0.013739512029347613
-0.04443932207075468
-0.0017424992456867058
-0.049293135208623086
-0.026558222631373595
-0.0076461704564432156
0.003842424083944879
-0.05281435909327819
-0.06102272108208735
-0.01615085837462996
-0.0044554311063403785
-0.025887503375143006
-0.028308138626255423
-0.05766309600518526
-0.03325618615601268
-0.010945958177122657
-0.010945958177122657
-0.038061603704126104
-0.011900460186220959
-0.02493194731797868
-0.027000109712705413
-0.024328376475618068
-0.038301308544001926
-0.030547936025147434
-0.028801220053172802
-0.01752000059392318
-0.03352669804737325
-0.026558222631373595
-0.014851354766723394
-0.015904787252819824
-0.011900460186220959
0.007505487385299161
-0.03980096554545461
-0.03934579318712848
-0.029228586248697425
-0.030438888910709845
-0.018311734566767515
-0.016868748226882276
-0.015904787252819824
-0.022386792648077736
0.007505487385299161
-0.007269432563190335
-0.021958522366956317
-0.015904787252819824
-0.029653293549197365
-0.030547936025147434
-0.01615085837462996
-0.026558222631373595
-0.03769782376160064
-0.03689781649261019
-0.026529449407866786
-0.001357854312385156
-0.022386792648077736
-0.01900297981002162
-0.016252185009720272
-0.014796992924138195
-0.02981888392093751
-0.018405205657411557
-0.024328376475618068
-0.018936347257973135
-0.034481394558766816
0.0028091174569688346
-0.030547936025147434
-0.014851354766723394
-0.03070879919261319
-0.010031887540524535
-0.026558222631373595
-0.004792085259721811
-0.01802749556448102
0.007505487385299161
-0.014796992924138195
-0.029653293549197365
-0.03354927235475458
-0.05695386210962858
-0.025304067124882357
-0.05695386210962858
-0.06102272108208735
-0.020274288388904823
-0.015904787252819824
0.0028091174569688346
-0.014796992924138195
-0.05330348843584761
0.006677306405502994
-0.06102272108208735
-0.03354927235475458
-0.01900297981002162
-0.05281435909327819
0.007505487385299161
-0.0076461704564432156
-0.041465826942902934
-0.01951861679456704
-0.01900297981002162
-0.042651802124492356
-0.0136238915379414
-0.037204428228097206
-0.024010627347359287
-0.021958522366956317
-0.014040921824172893
-0.037204428228097206
-0.010945958177122657
-0.05203923372955011
-0.06668416453589669
-0.026906027779525034
-0.0017424992456867058
-0.030740794450642556
-0.03660338337697334
-0.030438888910709845
-0.02025023978464496
-0.020394506952472347
-0.014851354766723394
-0.01677298279733069
-0.06360317981789183
-0.002138759494227384
-0.010945958177122657
-0.011601353402643219
-0.038301308544001926
-0.025304067124882357
-0.03980096554545461
-0.028308138626255423
-0.01802749556448102
-0.04366681048687518
-0.03980096554545461
-0.02025023978464496
-0.03070879919261319
-0.05377779505795219
-0.06668416453589669
-0.030438888910709845
-0.03070879919261319
-0.024676065464118536
-0.030547936025147434
-0.029228586248697425
-0.017019475902983583
-0.001357854312385156
-0.02493194731797868
-0.016252185009720272
-0.01900297981002162
0.015678975064193957
-0.025887503375143006
-0.017019475902983583
-0.03689781649261019
0.006677306405502994
-0.014040921824172893
-0.03934579318712848
-0.02624058473195688
-0.024328376475618068
-0.022386792648077736
-0.05203923372955011
-0.05377779505795219
-0.02981888392093751
-0.026906027779525034
-0.014040921824172893
-0.030547936025147434
-0.01615085837462996
-0.018936347257973135
-0.011452662268764305
0.007505487385299161
0.015678975064193957
-0.01909601998657378
-0.028801220053172802
-0.03980096554545461
-0.004792085259721811
-0.029228586248697425
0.01512603487140616
-0.028308138626255423
-0.0076461704564432156
-0.03436367836524902
-0.034481394558766816
-0.058678176226243633
-0.030438888910709845
-0.004792085259721811
-0.008282863244873867
-0.030438888910709845
-0.014040921824172893
-0.019102777812769353
-0.03225462350321354
-0.0076461704564432156
-0.03719605021844295
-0.01880188609375993
-0.03336050597166548
-0.029653293549197365
-0.013739512029347613
-0.019287987041538935
-0.013772328859542292
-0.03660338337697334
-0.006529781275618995
-0.04536418633508013
-0.016252185009720272
-0.026558222631373595
-0.0017424992456867058
-0.029228586248697425
-0.020394506952472347
-0.046157774345560836
-0.03934579318712848
0.01512603487140616
-0.06317434688520746
-0.030438888910709845
0.01512603487140616
-0.025887503375143006
-0.06102272108208735
-0.030740794450642556
-0.01677298279733069
-0.038301308544001926
-0.030438888910709845
-0.024328376475618068
-0.027255150951636237
-0.018311734566767515
-0.05695386210962858
-0.01802749556448102
-0.022386792648077736
-0.024676065464118536
-0.03070879919261319
-0.03436367836524902
-0.038301308544001926
-0.021958522366956317
-0.03354927235475458
-0.018311734566767515
-0.037676656300200555
-0.019102777812769353
-0.019102777812769353
-0.0354437612388453
-0.03934579318712848
-0.030547936025147434
-0.01880188609375993
-0.016252185009720272
-0.03529453832759187
-0.037204428228097206
0.006557913222007451
-0.03354927235475458
0.017127608360779825
-0.03529453832759187
-0.05766309600518526
-0.0136238915379414
-0.026529449407866786
0.003842424083944879
-0.025887503375143006
-0.001357854312385156
-0.0136238915379414
-0.018311734566767515
-0.011452662268764305
0.006557913222007451
-0.01677298279733069
-0.01951861679456704
-0.030438888910709845
-0.028067159518405806
-0.038270977322485064
-0.029653293549197365
-0.03325618615601268
-0.03352669804737325
-0.014040921824172893
-0.030547936025147434
-0.02624058473195688
-0.011900460186220959
0.006557913222007451
-0.04485676530491116
-0.014796992924138195
-0.034481394558766816
-0.026906027779525034
-0.038270977322485064
-0.028308138626255423
-0.03660338337697334
-0.02152243848809154
-0.03354927235475458
-0.0016472375616194996
-0.002138759494227384
-0.042651802124492356
0.01512603487140616
-0.020274288388904823
0.006677306405502994
0.0016662600452927105
-0.015904787252819824
-0.038270977322485064
-0.002138759494227384
-0.042651802124492356
-0.017019475902983583
-0.025304067124882357
-0.021958522366956317
-0.028308138626255423
-0.008282863244873867
-0.014040921824172893
-0.01951861679456704
-0.01900297981002162
-0.03354927235475458
-0.02709912950913516
-0.04485676530491116
-0.06102272108208735
-0.02981888392093751
-0.006529781275618995
-0.028801220053172802
-0.06317434688520746
-0.041465826942902934
-0.02709912950913516
-0.037676656300200555
-0.024754600728223178
-0.026529449407866786
-0.05281435909327819
-0.026906027779525034
-0.028067159518405806
-0.014851354766723394
-0.030740794450642556
-0.020394506952472347
-0.04366681048687518
-0.03352669804737325
-0.013739512029347613
-0.027578551945651827
-0.01909601998657378
-0.03070879919261319
-0.026987709913466943
-0.029653293549197365
-0.006529781275618995
-0.038301308544001926
-0.04485676530491116
-0.007269432563190335
-0.02493194731797868
-0.046157774345560836
-0.03354927235475458
-0.01909601998657378
-0.018936347257973135
-0.01802749556448102
-0.03352669804737325
-0.03070879919261319
-0.042651802124492356
-0.060289235405615954
-0.011452662268764305
-0.013772328859542292
-0.03336050597166548
-0.008282863244873867
-0.03409075533011362
-0.05203923372955011
-0.02152243848809154
-0.042018318799423714
-0.014040921824172893
-0.03980096554545461
-0.010945958177122657
-0.01802749556448102
-0.022386792648077736
-0.01900297981002162
-0.038270977322485064
-0.026906027779525034
-0.02171179554175335
-0.038301308544001926
-0.0017424992456867058
-0.03719605021844295
-0.060289235405615954
-0.021958522366956317
-0.0044554311063403785
-0.024676065464118536
0.0062239674382649594
-0.0076461704564432156
-0.011900460186220959
-0.025304067124882357
-0.017542115658937214
-0.029653293549197365
-0.002138759494227384
-0.001357854312385156
-0.016252185009720272
-0.029228586248697425
-0.06360317981789183
-0.04443932207075468
-0.02709912950913516
-0.011452662268764305
0.0062239674382649594
-0.004792085259721811
-0.03934579318712848
-0.03660338337697334
-0.05203923372955011
-0.010945958177122657
-0.032674265285220154
-0.01615085837462996
-0.027890715761911617
-0.03436367836524902
-0.01880188609375993
-0.017019475902983583
-0.01615085837462996
-0.013739512029347613
-0.060289235405615954
-0.05281435909327819
0.0028091174569688346
-0.026987709913466943
-0.010945958177122657
-0.01752000059392318
-0.008282863244873867
-0.0016472375616194996
-0.01615085837462996
0.0016662600452927105
-0.010622791218333268
-0.037204428228097206
-0.03225462350321354
0.006557913222007451
-0.011452662268764305
0.006677306405502994
-0.01615085837462996
-0.02025023978464496
-0.05203923372955011
-0.03934579318712848
-0.06317434688520746
-0.028067159518405806
-0.0017424992456867058
-0.06360317981789183
-0.006529781275618995
-0.030740794450642556
-0.042018318799423714
-0.03325618615601268
-0.015904787252819824
