-0.028553214047048102
-0.007698364244172708
-0.022597036513682417
-0.023943434395679856
-0.014080595080176355
-0.0388318945836429
0.019361228689266964
-0.011737958474768878
0.0037586658484141944
-0.023567712155707233
-0.022843986134488056
-0.019630666000152633
-0.01563260513502344
-0.023943434395679856
-0.02315492111405265
-0.009479196936222515
-0.01563260513502344
-0.019630666000152633
-0.022597036513682417
-0.013468124774626769
-0.013468124774626769
-0.023567712155707233
-0.009479196936222515
0.019361228689266964
-0.022843986134488056
0.0037586658484141944
-0.025211003986095968
-0.022597036513682417
-0.016438884650814948
0.01507590356163889
-0.022836144409764374
-0.0388318945836429
-0.044675807540472456
-0.014080595080176355
0.009066325696674303
0.009066325696674303
0.01507590356163889
-0.011737958474768878
-0.003906913767938523
-0.009479196936222515
-0.022597036513682417
-0.005299190042549917
-0.022836144409764374
-0.025211003986095968
-0.007698364244172708
-0.025538966476732376
-0.014089110529115052
-0.02315492111405265
-0.019630666000152633
-0.022843986134488056
-0.01563260513502344
-0.044675807540472456
0.009066325696674303
-0.014089110529115052
-0.025211003986095968
-0.009479196936222515
0.009066325696674303
-0.02315492111405265
-0.02315492111405265
-0.022597036513682417
-0.023567712155707233
-0.022843986134488056
-0.023567712155707233
-0.023567712155707233
-0.023943434395679856
-0.022597036513682417
-0.0388318945836429
0.0037586658484141944
-0.003906913767938523
0.009066325696674303
-0.007749157177949855
-0.025211003986095968
-0.007698364244172708
0.0037586658484141944
-0.007749157177949855
-0.014080595080176355
-0.025538966476732376
-0.011737958474768878
-0.016438884650814948
-0.016438884650814948
-0.005299190042549917
-0.0388318945836429
-0.014089110529115052
-0.025538966476732376
-0.011737958474768878
-0.009479196936222515
-0.011737958474768878
-0.016438884650814948
0.009066325696674303
-0.014080595080176355
-0.009479196936222515
0.01507590356163889
-0.0388318945836429
-0.028553214047048102
-0.005299190042549917
-0.0388318945836429
-0.005299190042549917
-0.014080595080176355
-0.028553214047048102
-0.007749157177949855
-0.023567712155707233
-0.009479196936222515
-0.014080595080176355
-0.025211003986095968
-0.014080595080176355
-0.016438884650814948
0.009066325696674303
-0.0388318945836429
-0.005299190042549917
-0.028553214047048102
-0.025538966476732376
0.019361228689266964
-0.007698364244172708
-0.023567712155707233
-0.028553214047048102
-0.007698364244172708
-0.019630666000152633
-0.003906913767938523
-0.023567712155707233
-0.022836144409764374
-0.025211003986095968
-0.007749157177949855
-0.022836144409764374
-0.005299190042549917
-0.023943434395679856
0.0037586658484141944
-0.016438884650814948
0.009066325696674303
-0.01563260513502344
-0.025538966476732376
-0.025211003986095968
-0.025538966476732376
0.0037586658484141944
0.0037586658484141944
-0.014080595080176355
-0.011737958474768878
-0.028553214047048102
-0.028553214047048102
-0.022836144409764374
-0.014089110529115052
0.009066325696674303
-0.003906913767938523
-0.02315492111405265
-0.025538966476732376
0.009066325696674303
-0.023943434395679856
-0.016438884650814948
-0.014089110529115052
-0.007749157177949855
-0.007698364244172708
-0.0388318945836429
-0.007749157177949855
-0.025538966476732376
-0.023567712155707233
-0.009479196936222515
-0.005299190042549917
-0.005299190042549917
-0.025211003986095968
-0.007749157177949855
-0.044675807540472456
-0.003906913767938523
-0.0388318945836429
-0.022836144409764374
-0.0388318945836429
-0.025211003986095968
-0.019630666000152633
-0.014080595080176355
-0.022836144409764374
-0.014080595080176355
-0.016438884650814948
-0.013468124774626769
-0.016438884650814948
-0.0388318945836429
-0.044675807540472456
-0.016438884650814948
-0.022836144409764374
-0.014080595080176355
0.009066325696674303
-0.013468124774626769
-0.016438884650814948
-0.044675807540472456
-0.023567712155707233
-0.02315492111405265
-0.0388318945836429
-0.025538966476732376
-0.023943434395679856
-0.01563260513502344
-0.022597036513682417
-0.003906913767938523
0.0037586658484141944
-0.013468124774626769
0.019361228689266964
-0.014089110529115052
0.01507590356163889
-0.019630666000152633
0.0037586658484141944
-0.023943434395679856
-0.014080595080176355
-0.013468124774626769
0.009066325696674303
-0.005299190042549917
-0.0388318945836429
-0.022843986134488056
-0.044675807540472456
-0.025211003986095968
-0.025211003986095968
-0.023567712155707233
0.01507590356163889
-0.01563260513502344
-0.007698364244172708
-0.005299190042549917
-0.028553214047048102
-0.019630666000152633
-0.023943434395679856
-0.0388318945836429
-0.009479196936222515
0.009066325696674303
-0.022843986134488056
-0.016438884650814948
-0.022843986134488056
-0.022597036513682417
-0.023943434395679856
-0.023943434395679856
-0.007749157177949855
-0.011737958474768878
-0.023943434395679856
-0.023567712155707233
-0.023567712155707233
-0.009479196936222515
-0.023567712155707233
-0.014089110529115052
-0.02315492111405265
-0.005299190042549917
-0.023943434395679856
-0.022836144409764374
-0.003906913767938523
-0.005299190042549917
-0.028553214047048102
-0.0388318945836429
-0.023567712155707233
0.019361228689266964
-0.025538966476732376
0.009066325696674303
0.019361228689266964
-0.007698364244172708
-0.022843986134488056
-0.02315492111405265
-0.014089110529115052
-0.022843986134488056
-0.0388318945836429
-0.003906913767938523
-0.02315492111405265
-0.019630666000152633
-0.016438884650814948
-0.028553214047048102
0.009066325696674303
-0.016438884650814948
-0.0388318945836429
-0.022843986134488056
0.019361228689266964
-0.014080595080176355
-0.003906913767938523
-0.022836144409764374
-0.0388318945836429
-0.022843986134488056
-0.02315492111405265
-0.022843986134488056
-0.01563260513502344
-0.044675807540472456
-0.044675807540472456
-0.016438884650814948
-0.019630666000152633
-0.003906913767938523
-0.019630666000152633
-0.023943434395679856
-0.022836144409764374
-0.014080595080176355
-0.013468124774626769
-0.02315492111405265
0.01507590356163889
0.01507590356163889
-0.013468124774626769
-0.022597036513682417
-0.014089110529115052
-0.005299190042549917
-0.022597036513682417
-0.028553214047048102
-0.044675807540472456
-0.022597036513682417
-0.025538966476732376
-0.005299190042549917
-0.019630666000152633
-0.01563260513502344
0.019361228689266964
-0.016438884650814948
-0.014089110529115052
-0.0388318945836429
-0.044675807540472456
-0.009479196936222515
0.009066325696674303
-0.011737958474768878
-0.014080595080176355
0.0037586658484141944
-0.02315492111405265
-0.044675807540472456
-0.013468124774626769
-0.023943434395679856
-0.007749157177949855
-0.007749157177949855
-0.016438884650814948
-0.007749157177949855
0.0037586658484141944
-0.028553214047048102
-0.003906913767938523
-0.014080595080176355
0.009066325696674303
-0.016438884650814948
-0.025538966476732376
-0.009479196936222515
-0.0388318945836429
-0.023943434395679856
-0.016438884650814948
-0.016438884650814948
-0.022597036513682417
0.0037586658484141944
-0.0388318945836429
0.019361228689266964
0.01507590356163889
-0.023943434395679856
-0.022843986134488056
-0.023567712155707233
-0.028553214047048102
-0.007698364244172708
-0.022836144409764374
-0.022597036513682417
-0.023943434395679856
-0.0388318945836429
0.0037586658484141944
-0.022597036513682417
-0.003906913767938523
-0.011737958474768878
-0.025211003986095968
-0.01563260513502344
-0.011737958474768878
-0.003906913767938523
-0.025211003986095968
-0.022597036513682417
-0.014089110529115052
-0.02315492111405265
-0.02315492111405265
-0.019630666000152633
-0.007698364244172708
-0.009479196936222515
-0.016438884650814948
0.019361228689266964
-0.023943434395679856
0.01507590356163889
0.0037586658484141944
-0.013468124774626769
0.0037586658484141944
-0.003906913767938523
0.01507590356163889
-0.022597036513682417
-0.009479196936222515
-0.0388318945836429
-0.014080595080176355
-0.011737958474768878
-0.0388318945836429
0.0037586658484141944
-0.01563260513502344
-0.011737958474768878
-0.025538966476732376
-0.025538966476732376
-0.013468124774626769
0.0037586658484141944
-0.028553214047048102
0.01507590356163889
-0.0388318945836429
0.01507590356163889
-0.011737958474768878
-0.01563260513502344
-0.011737958474768878
-0.044675807540472456
0.019361228689266964
-0.007698364244172708
-0.022843986134488056
-0.028553214047048102
-0.023567712155707233
-0.019630666000152633
-0.014089110529115052
-0.025211003986095968
0.009066325696674303
-0.005299190042549917
-0.022843986134488056
-0.014080595080176355
-0.01563260513502344
-0.003906913767938523
-0.025211003986095968
-0.009479196936222515
-0.007698364244172708
-0.022843986134488056
-0.003906913767938523
-0.007749157177949855
-0.016438884650814948
-0.0388318945836429
0.009066325696674303
-0.003906913767938523
-0.016438884650814948
-0.028553214047048102
0.009066325696674303
-0.023567712155707233
-0.022836144409764374
-0.022843986134488056
-0.022843986134488056
-0.023943434395679856
-0.023567712155707233
-0.014089110529115052
-0.023567712155707233
-0.016438884650814948
0.0037586658484141944
-0.01563260513502344
-0.01563260513502344
-0.014080595080176355
-0.023943434395679856
-0.023567712155707233
-0.009479196936222515
-0.007698364244172708
-0.022836144409764374
-0.023567712155707233
0.009066325696674303
-0.009479196936222515
-0.01563260513502344
-0.003906913767938523
-0.044675807540472456
-0.013468124774626769
-0.014089110529115052
-0.025211003986095968
0.009066325696674303
-0.007698364244172708
-0.007698364244172708
-0.007698364244172708
-0.022597036513682417
-0.011737958474768878
-0.019630666000152633
-0.005299190042549917
0.01507590356163889
-0.007698364244172708
-0.007749157177949855
-0.005299190042549917
-0.01563260513502344
-0.011737958474768878
-0.023567712155707233
-0.016438884650814948
-0.02315492111405265
-0.005299190042549917
-0.005299190042549917
0.0037586658484141944
-0.007749157177949855
-0.028553214047048102
0.01507590356163889
-0.01563260513502344
-0.028553214047048102
-0.011737958474768878
-0.003906913767938523
-0.023567712155707233
0.019361228689266964
-0.025538966476732376
0.0037586658484141944
-0.028553214047048102
-0.009479196936222515
0.009066325696674303
-0.005299190042549917
-0.013468124774626769
-0.0388318945836429
-0.0388318945836429
-0.022836144409764374
-0.044675807540472456
-0.022843986134488056
-0.009479196936222515
-0.014080595080176355
-0.003906913767938523
-0.025538966476732376
-0.009479196936222515
-0.025538966476732376
-0.014080595080176355
-0.022597036513682417
-0.025538966476732376
-0.022836144409764374
-0.044675807540472456
0.0037586658484141944
0.019361228689266964
-0.022836144409764374
-0.022836144409764374
-0.022836144409764374
-0.023943434395679856
0.019361228689266964
-0.014080595080176355
-0.044675807540472456
-0.007749157177949855
-0.023943434395679856
-0.019630666000152633
-0.028553214047048102
-0.005299190042549917
-0.009479196936222515
-0.014080595080176355
0.01507590356163889
-0.02315492111405265
-0.007698364244172708
-0.02315492111405265
-0.022597036513682417
-0.022843986134488056
-0.014089110529115052
-0.014080595080176355
-0.022836144409764374
-0.028553214047048102
-0.022843986134488056
-0.014089110529115052
-0.007749157177949855
-0.02315492111405265
-0.044675807540472456
-0.0388318945836429
-0.022597036513682417
-0.007749157177949855
-0.025211003986095968
-0.022843986134488056
-0.023943434395679856
-0.02315492111405265
-0.019630666000152633
-0.016438884650814948
-0.014080595080176355
0.01507590356163889
-0.022843986134488056
-0.022836144409764374
-0.025211003986095968
-0.025211003986095968
-0.025211003986095968
-0.022836144409764374
-0.009479196936222515
-0.007749157177949855
-0.044675807540472456
-0.009479196936222515
-0.023567712155707233
-0.009479196936222515
-0.019630666000152633
-0.016438884650814948
-0.014080595080176355
-0.003906913767938523
-0.0388318945836429
-0.014080595080176355
-0.025211003986095968
-0.005299190042549917
0.0037586658484141944
-0.013468124774626769
-0.0388318945836429
-0.023567712155707233
-0.007749157177949855
-0.02315492111405265
-0.023567712155707233
0.0037586658484141944
-0.022843986134488056
-0.019630666000152633
0.009066325696674303
-0.028553214047048102
-0.028553214047048102
0.0037586658484141944
-0.005299190042549917
-0.0388318945836429
-0.011737958474768878
-0.02315492111405265
-0.014089110529115052
-0.003906913767938523
-0.02315492111405265
-0.007698364244172708
-0.0388318945836429
-0.011737958474768878
-0.009479196936222515
-0.003906913767938523
-0.019630666000152633
0.019361228689266964
-0.009479196936222515
-0.0388318945836429
-0.014089110529115052
-0.003906913767938523
0.009066325696674303
-0.025211003986095968
-0.0388318945836429
-0.007698364244172708
-0.025538966476732376
0.01507590356163889
-0.0388318945836429
-0.016438884650814948
-0.022843986134488056
-0.023567712155707233
0.019361228689266964
-0.007749157177949855
-0.025211003986095968
0.01507590356163889
-0.022843986134488056
-0.0388318945836429
0.0037586658484141944
-0.01563260513502344
-0.019630666000152633
-0.019630666000152633
-0.014080595080176355
-0.01563260513502344
-0.02315492111405265
-0.023943434395679856
-0.025211003986095968
-0.003906913767938523
-0.003906913767938523
-0.022597036513682417
-0.007749157177949855
-0.014080595080176355
0.009066325696674303
-0.005299190042549917
-0.023943434395679856
0.0037586658484141944
-0.022597036513682417
-0.02315492111405265
-0.013468124774626769
-0.011737958474768878
0.009066325696674303
-0.028553214047048102
0.0037586658484141944
0.009066325696674303
-0.025211003986095968
-0.009479196936222515
-0.009479196936222515
-0.007698364244172708
-0.011737958474768878
-0.025538966476732376
0.01507590356163889
-0.014080595080176355
-0.025211003986095968
-0.003906913767938523
-0.007698364244172708
-0.044675807540472456
-0.013468124774626769
-0.044675807540472456
-0.0388318945836429
-0.016438884650814948
-0.01563260513502344
-0.019630666000152633
-0.025538966476732376
-0.005299190042549917
-0.01563260513502344
0.009066325696674303
-0.009479196936222515
-0.025538966476732376
-0.007749157177949855
-0.025538966476732376
-0.02315492111405265
-0.023943434395679856
0.019361228689266964
-0.011737958474768878
-0.023567712155707233
0.01507590356163889
-0.022597036513682417
-0.005299190042549917
-0.007698364244172708
-0.0388318945836429
-0.011737958474768878
0.01507590356163889
-0.025211003986095968
-0.019630666000152633
-0.022836144409764374
0.0037586658484141944
-0.009479196936222515
-0.003906913767938523
-0.022836144409764374
-0.007749157177949855
0.019361228689266964
-0.007698364244172708
-0.01563260513502344
-0.014089110529115052
-0.003906913767938523
-0.013468124774626769
-0.0388318945836429
-0.028553214047048102
-0.025538966476732376
-0.014089110529115052
-0.025211003986095968
0.0037586658484141944
-0.022597036513682417
-0.014080595080176355
-0.009479196936222515
-0.003906913767938523
-0.0388318945836429
-0.014089110529115052
-0.022597036513682417
-0.014089110529115052
-0.014089110529115052
-0.013468124774626769
-0.005299190042549917
-0.003906913767938523
-0.014080595080176355
-0.022843986134488056
-0.023567712155707233
-0.014089110529115052
0.009066325696674303
-0.003906913767938523
-0.014080595080176355
-0.019630666000152633
-0.0388318945836429
-0.02315492111405265
-0.023567712155707233
-0.025211003986095968
-0.003906913767938523
0.01507590356163889
0.009066325696674303
-0.028553214047048102
-0.011737958474768878
-0.005299190042549917
-0.003906913767938523
-0.0388318945836429
-0.009479196936222515
-0.014080595080176355
-0.01563260513502344
-0.011737958474768878
-0.005299190042549917
-0.011737958474768878
-0.011737958474768878
-0.023567712155707233
-0.022597036513682417
0.019361228689266964
0.01507590356163889
-0.023943434395679856
0.009066325696674303
-0.007749157177949855
0.01507590356163889
0.0037586658484141944
-0.009479196936222515
-0.005299190042549917
-0.022597036513682417
-0.009479196936222515
-0.013468124774626769
-0.003906913767938523
0.01507590356163889
-0.023567712155707233
-0.0388318945836429
-0.014080595080176355
-0.01563260513502344
-0.003906913767938523
0.009066325696674303
-0.028553214047048102
-0.007749157177949855
-0.016438884650814948
0.01507590356163889
-0.019630666000152633
0.009066325696674303
-0.02315492111405265
-0.014089110529115052
0.0037586658484141944
0.01507590356163889
-0.0388318945836429
0.009066325696674303
-0.0388318945836429
-0.013468124774626769
-0.022843986134488056
-0.019630666000152633
-0.007749157177949855
-0.0388318945836429
-0.023943434395679856
-0.044675807540472456
-0.003906913767938523
-0.013468124774626769
-0.022597036513682417
-0.009479196936222515
-0.025211003986095968
-0.014080595080176355
-0.013468124774626769
-0.022836144409764374
-0.023567712155707233
-0.009479196936222515
-0.023567712155707233
-0.003906913767938523
-0.007749157177949855
-0.022836144409764374
-0.007698364244172708
-0.016438884650814948
0.0037586658484141944
-0.013468124774626769
0.01507590356163889
0.019361228689266964
0.009066325696674303
-0.023567712155707233
0.0037586658484141944
-0.005299190042549917
-0.01563260513502344
-0.019630666000152633
-0.022836144409764374
-0.028553214047048102
-0.014080595080176355
-0.022843986134488056
-0.025211003986095968
-0.02315492111405265
0.01507590356163889
-0.016438884650814948
-0.007698364244172708
-0.019630666000152633
-0.019630666000152633
-0.014089110529115052
-0.014089110529115052
-0.022597036513682417
-0.025211003986095968
0.01507590356163889
-0.022836144409764374
-0.044675807540472456
0.0037586658484141944
-0.025211003986095968
-0.013468124774626769
-0.009479196936222515
-0.025211003986095968
-0.011737958474768878
-0.028553214047048102
-0.022843986134488056
-0.009479196936222515
-0.011737958474768878
-0.003906913767938523
-0.019630666000152633
-0.0388318945836429
-0.044675807540472456
0.01507590356163889
0.01507590356163889
-0.005299190042549917
-0.022836144409764374
-0.014080595080176355
-0.013468124774626769
-0.009479196936222515
0.019361228689266964
-0.016438884650814948
-0.014080595080176355
-0.022836144409764374
-0.019630666000152633
-0.016438884650814948
-0.007698364244172708
-0.022597036513682417
-0.013468124774626769
-0.014089110529115052
-0.023943434395679856
-0.022597036513682417
-0.022836144409764374
-0.022836144409764374
-0.023943434395679856
-0.0388318945836429
-0.013468124774626769
-0.005299190042549917
-0.007749157177949855
-0.009479196936222515
-0.025538966476732376
-0.019630666000152633
-0.007749157177949855
-0.019630666000152633
-0.007749157177949855
-0.02315492111405265
0.019361228689266964
-0.014080595080176355
-0.009479196936222515
-0.0388318945836429
-0.022836144409764374
-0.009479196936222515
-0.025211003986095968
-0.025538966476732376
-0.013468124774626769
-0.013468124774626769
-0.016438884650814948
-0.009479196936222515
-0.011737958474768878
-0.02315492111405265
0.0037586658484141944
0.01507590356163889
-0.013468124774626769
-0.007749157177949855
-0.013468124774626769
-0.016438884650814948
-0.02315492111405265
-0.028553214047048102
-0.007698364244172708
-0.011737958474768878
-0.016438884650814948
-0.022836144409764374
-0.023943434395679856
-0.044675807540472456
-0.023943434395679856
-0.007749157177949855
-0.023943434395679856
0.009066325696674303
0.009066325696674303
-0.007698364244172708
-0.022836144409764374
-0.01563260513502344
-0.022836144409764374
-0.022843986134488056
-0.003906913767938523
0.009066325696674303
-0.022836144409764374
-0.013468124774626769
-0.013468124774626769
0.01507590356163889
-0.019630666000152633
-0.014089110529115052
-0.01563260513502344
-0.003906913767938523
-0.022836144409764374
-0.028553214047048102
-0.007698364244172708
-0.003906913767938523
-0.007749157177949855
0.01507590356163889
-0.005299190042549917
-0.044675807540472456
-0.003906913767938523
-0.025538966476732376
-0.023567712155707233
-0.014089110529115052
-0.023567712155707233
-0.009479196936222515
-0.014089110529115052
-0.028553214047048102
-0.0388318945836429
-0.005299190042549917
-0.009479196936222515
-0.023567712155707233
-0.014080595080176355
-0.023567712155707233
-0.022836144409764374
-0.01563260513502344
0.01507590356163889
-0.02315492111405265
-0.022597036513682417
-0.016438884650814948
-0.025211003986095968
-0.003906913767938523
-0.013468124774626769
-0.009479196936222515
0.01507590356163889
-0.013468124774626769
0.01507590356163889
-0.013468124774626769
0.01507590356163889
-0.011737958474768878
-0.007698364244172708
-0.02315492111405265
-0.007698364244172708
-0.028553214047048102
-0.025538966476732376
0.019361228689266964
-0.022843986134488056
-0.019630666000152633
-0.003906913767938523
-0.01563260513502344
-0.01563260513502344
0.009066325696674303
-0.044675807540472456
-0.014080595080176355
-0.025538966476732376
-0.019630666000152633
-0.022597036513682417
-0.025211003986095968
-0.01563260513502344
-0.01563260513502344
-0.011737958474768878
-0.013468124774626769
0.009066325696674303
-0.0388318945836429
-0.016438884650814948
-0.014089110529115052
-0.005299190042549917
-0.02315492111405265
-0.023567712155707233
-0.022597036513682417
-0.003906913767938523
-0.009479196936222515
-0.044675807540472456
0.01507590356163889
-0.022597036513682417
-0.014089110529115052
-0.009479196936222515
0.01507590356163889
-0.003906913767938523
-0.028553214047048102
0.0037586658484141944
-0.0388318945836429
-0.016438884650814948
-0.0388318945836429
-0.025538966476732376
-0.023943434395679856
-0.003906913767938523
-0.0388318945836429
-0.013468124774626769
0.0037586658484141944
-0.01563260513502344
-0.014080595080176355
-0.013468124774626769
-0.016438884650814948
-0.023567712155707233
-0.022597036513682417
0.0037586658484141944
-0.023567712155707233
-0.003906913767938523
