-0.02657047676285786
0.0007355180576150542
-0.010844295736531733
-0.026776170931735344
-0.02657047676285786
-0.028828231448950924
0.00971836195596619
0.00971836195596619
-0.026776170931735344
-0.04200101450642738
-0.02657047676285786
-0.026776170931735344
-0.01295832555043859
-0.026776170931735344
0.0007355180576150542
-0.010844295736531733
0.00971836195596619
-0.023755201932203367
-0.015377242253071232
-0.006394950888603414
-0.006394950888603414
-0.007380118041830649
-0.014683745432139936
-0.01295832555043859
-0.04200101450642738
-0.014683745432139936
-0.014612647664998455
-0.024683701601330106
0.0007355180576150542
-0.010844295736531733
-0.0066728632246794645
-0.023755201932203367
-0.01295832555043859
-0.023755201932203367
-0.024683701601330106
-0.024683701601330106
-0.026776170931735344
-0.014683745432139936
-0.017861612624379086
-0.010844295736531733
-0.013299997897622057
-0.023755201932203367
-0.010844295736531733
-0.014612647664998455
0.0007355180576150542
-0.017861612624379086
-0.04200101450642738
-0.006394950888603414
0.00971836195596619
-0.04200101450642738
-0.023755201932203367
-0.02657047676285786
-0.01295832555043859
-0.04200101450642738
-0.007208862672491037
0.00971836195596619
-0.014683745432139936
0.00971836195596619
-0.01295832555043859
-0.007380118041830649
-0.026776170931735344
-0.014683745432139936
-0.026776170931735344
0.0007355180576150542
-0.021943198363417418
0.0007355180576150542
0.00971836195596619
-0.007208862672491037
0.0007355180576150542
-0.014683745432139936
-0.026776170931735344
-0.010844295736531733
-0.021943198363417418
0.0007355180576150542
-0.007208862672491037
-0.013299997897622057
0.00971836195596619
-0.023755201932203367
-0.014612647664998455
-0.0066728632246794645
-0.0057532456151315955
-0.024683701601330106
-0.021943198363417418
-0.015377242253071232
-0.017861612624379086
-0.028828231448950924
-0.007380118041830649
-0.024683701601330106
-0.014612647664998455
-0.026776170931735344
-0.021943198363417418
-0.010844295736531733
0.00971836195596619
-0.007208862672491037
-0.01295832555043859
-0.01295832555043859
-0.028828231448950924
-0.0066728632246794645
-0.006394950888603414
-0.007380118041830649
-0.014612647664998455
0.00971836195596619
-0.02657047676285786
-0.010844295736531733
0.0007355180576150542
-0.0057532456151315955
-0.014612647664998455
-0.014612647664998455
-0.04200101450642738
-0.014612647664998455
-0.02657047676285786
-0.017861612624379086
-0.013299997897622057
-0.014612647664998455
-0.014683745432139936
0.00971836195596619
-0.015377242253071232
-0.023755201932203367
-0.010844295736531733
-0.015377242253071232
-0.006394950888603414
-0.013299997897622057
-0.017861612624379086
0.00971836195596619
-0.013299997897622057
-0.007380118041830649
0.0007355180576150542
-0.010844295736531733
0.0007355180576150542
0.00971836195596619
-0.015377242253071232
-0.026776170931735344
-0.014683745432139936
0.00971836195596619
-0.013299997897622057
-0.0066728632246794645
-0.007208862672491037
-0.007208862672491037
0.0007355180576150542
-0.007380118041830649
-0.007380118041830649
-0.014612647664998455
-0.014683745432139936
-0.026776170931735344
-0.021943198363417418
-0.013299997897622057
-0.028828231448950924
-0.028828231448950924
-0.021943198363417418
-0.0057532456151315955
-0.017861612624379086
-0.0057532456151315955
-0.007208862672491037
-0.0057532456151315955
-0.023755201932203367
-0.007380118041830649
-0.0066728632246794645
-0.015377242253071232
0.0007355180576150542
-0.017861612624379086
0.00971836195596619
-0.007208862672491037
-0.02657047676285786
-0.010844295736531733
-0.026776170931735344
-0.024683701601330106
-0.013299997897622057
-0.007208862672491037
-0.021943198363417418
-0.014612647664998455
-0.04200101450642738
-0.04200101450642738
0.0007355180576150542
-0.04200101450642738
-0.024683701601330106
-0.026776170931735344
-0.010844295736531733
0.0007355180576150542
-0.023755201932203367
-0.02657047676285786
0.00971836195596619
-0.014612647664998455
0.0007355180576150542
0.0007355180576150542
-0.0057532456151315955
-0.024683701601330106
0.00971836195596619
-0.015377242253071232
-0.028828231448950924
-0.014612647664998455
-0.006394950888603414
-0.014683745432139936
-0.0057532456151315955
-0.014612647664998455
0.00971836195596619
-0.024683701601330106
-0.0057532456151315955
-0.01295832555043859
-0.0066728632246794645
-0.01295832555043859
-0.0057532456151315955
-0.017861612624379086
-0.013299997897622057
-0.013299997897622057
-0.007380118041830649
-0.006394950888603414
-0.02657047676285786
0.0007355180576150542
-0.015377242253071232
-0.014612647664998455
-0.028828231448950924
-0.024683701601330106
-0.021943198363417418
-0.024683701601330106
-0.028828231448950924
-0.0057532456151315955
-0.02657047676285786
0.00971836195596619
-0.026776170931735344
0.00971836195596619
-0.024683701601330106
-0.0066728632246794645
-0.023755201932203367
-0.023755201932203367
-0.021943198363417418
-0.024683701601330106
-0.028828231448950924
0.00971836195596619
-0.028828231448950924
-0.0066728632246794645
-0.007208862672491037
-0.015377242253071232
-0.006394950888603414
-0.007380118041830649
-0.017861612624379086
-0.01295832555043859
-0.010844295736531733
-0.026776170931735344
-0.0066728632246794645
-0.01295832555043859
-0.02657047676285786
-0.006394950888603414
-0.04200101450642738
0.0007355180576150542
0.00971836195596619
-0.010844295736531733
0.0007355180576150542
-0.010844295736531733
-0.014683745432139936
-0.014612647664998455
-0.017861612624379086
0.0007355180576150542
-0.024683701601330106
-0.0066728632246794645
-0.0066728632246794645
-0.026776170931735344
-0.014612647664998455
-0.02657047676285786
-0.006394950888603414
-0.014683745432139936
-0.010844295736531733
-0.02657047676285786
-0.0066728632246794645
-0.007208862672491037
-0.021943198363417418
-0.017861612624379086
-0.01295832555043859
-0.010844295736531733
-0.006394950888603414
-0.006394950888603414
-0.006394950888603414
-0.0057532456151315955
-0.007380118041830649
-0.028828231448950924
-0.006394950888603414
-0.04200101450642738
-0.0066728632246794645
0.0007355180576150542
-0.013299997897622057
-0.024683701601330106
-0.04200101450642738
-0.028828231448950924
-0.0066728632246794645
-0.015377242253071232
-0.023755201932203367
-0.024683701601330106
-0.02657047676285786
-0.010844295736531733
-0.021943198363417418
0.00971836195596619
0.00971836195596619
-0.014683745432139936
-0.007208862672491037
-0.02657047676285786
-0.026776170931735344
-0.023755201932203367
-0.02657047676285786
-0.023755201932203367
-0.026776170931735344
-0.0057532456151315955
-0.023755201932203367
-0.014683745432139936
-0.007208862672491037
-0.024683701601330106
-0.015377242253071232
-0.014683745432139936
-0.014683745432139936
-0.014683745432139936
-0.014612647664998455
-0.015377242253071232
-0.026776170931735344
-0.007208862672491037
-0.04200101450642738
-0.014612647664998455
-0.007380118041830649
-0.02657047676285786
-0.026776170931735344
-0.028828231448950924
-0.013299997897622057
-0.006394950888603414
-0.013299997897622057
-0.0057532456151315955
-0.017861612624379086
-0.026776170931735344
-0.014683745432139936
-0.017861612624379086
-0.04200101450642738
-0.013299997897622057
-0.007208862672491037
0.00971836195596619
-0.0057532456151315955
-0.04200101450642738
-0.01295832555043859
-0.014612647664998455
-0.013299997897622057
-0.007380118041830649
0.0007355180576150542
-0.026776170931735344
-0.028828231448950924
-0.014683745432139936
-0.01295832555043859
-0.01295832555043859
-0.01295832555043859
-0.014683745432139936
-0.02657047676285786
-0.04200101450642738
-0.007208862672491037
-0.02657047676285786
-0.02657047676285786
-0.007380118041830649
0.0007355180576150542
-0.026776170931735344
0.00971836195596619
-0.026776170931735344
-0.01295832555043859
-0.024683701601330106
-0.021943198363417418
0.00971836195596619
-0.04200101450642738
-0.013299997897622057
-0.024683701601330106
-0.007380118041830649
-0.010844295736531733
-0.024683701601330106
0.00971836195596619
-0.013299997897622057
-0.017861612624379086
-0.013299997897622057
-0.006394950888603414
0.00971836195596619
-0.02657047676285786
-0.007380118041830649
-0.015377242253071232
-0.02657047676285786
0.00971836195596619
-0.017861612624379086
-0.010844295736531733
-0.01295832555043859
0.00971836195596619
-0.006394950888603414
-0.023755201932203367
-0.028828231448950924
0.00971836195596619
0.0007355180576150542
-0.015377242253071232
-0.04200101450642738
-0.01295832555043859
-0.028828231448950924
0.00971836195596619
-0.024683701601330106
-0.0066728632246794645
-0.007380118041830649
-0.007380118041830649
-0.026776170931735344
-0.0066728632246794645
-0.013299997897622057
-0.014612647664998455
-0.01295832555043859
-0.0057532456151315955
-0.04200101450642738
-0.026776170931735344
-0.010844295736531733
-0.014612647664998455
-0.024683701601330106
-0.0057532456151315955
-0.013299997897622057
-0.021943198363417418
-0.010844295736531733
-0.024683701601330106
-0.010844295736531733
-0.01295832555043859
-0.02657047676285786
-0.02657047676285786
-0.006394950888603414
-0.023755201932203367
-0.028828231448950924
-0.026776170931735344
-0.01295832555043859
-0.006394950888603414
-0.007208862672491037
-0.021943198363417418
-0.007208862672491037
0.00971836195596619
0.0007355180576150542
-0.0066728632246794645
-0.007380118041830649
-0.023755201932203367
-0.0066728632246794645
-0.010844295736531733
-0.02657047676285786
-0.023755201932203367
-0.04200101450642738
-0.023755201932203367
-0.013299997897622057
-0.014612647664998455
-0.015377242253071232
-0.028828231448950924
-0.0057532456151315955
-0.006394950888603414
0.00971836195596619
-0.028828231448950924
-0.01295832555043859
-0.007380118041830649
-0.014683745432139936
-0.024683701601330106
-0.02657047676285786
-0.014683745432139936
-0.04200101450642738
-0.015377242253071232
-0.006394950888603414
-0.0066728632246794645
-0.017861612624379086
-0.021943198363417418
0.00971836195596619
-0.023755201932203367
-0.017861612624379086
-0.01295832555043859
-0.024683701601330106
-0.0057532456151315955
-0.026776170931735344
-0.02657047676285786
0.00971836195596619
-0.017861612624379086
-0.0057532456151315955
-0.017861612624379086
-0.017861612624379086
-0.021943198363417418
-0.026776170931735344
-0.017861612624379086
-0.010844295736531733
-0.026776170931735344
-0.007380118041830649
0.00971836195596619
-0.013299997897622057
-0.01295832555043859
-0.028828231448950924
-0.010844295736531733
0.00971836195596619
-0.02657047676285786
-0.026776170931735344
-0.0066728632246794645
-0.0057532456151315955
-0.015377242253071232
-0.028828231448950924
-0.014612647664998455
-0.010844295736531733
-0.04200101450642738
-0.028828231448950924
-0.024683701601330106
-0.02657047676285786
-0.0057532456151315955
-0.02657047676285786
-0.021943198363417418
-0.028828231448950924
0.00971836195596619
-0.026776170931735344
-0.0066728632246794645
-0.010844295736531733
-0.04200101450642738
0.0007355180576150542
-0.028828231448950924
-0.007380118041830649
-0.010844295736531733
-0.013299997897622057
-0.017861612624379086
-0.024683701601330106
-0.028828231448950924
0.00971836195596619
-0.010844295736531733
0.00971836195596619
-0.021943198363417418
-0.007380118041830649
-0.04200101450642738
0.00971836195596619
-0.014612647664998455
-0.007208862672491037
-0.021943198363417418
-0.0057532456151315955
-0.02657047676285786
-0.01295832555043859
-0.026776170931735344
-0.021943198363417418
-0.014683745432139936
-0.02657047676285786
-0.04200101450642738
-0.014683745432139936
-0.006394950888603414
0.0007355180576150542
-0.024683701601330106
-0.021943198363417418
-0.028828231448950924
-0.015377242253071232
-0.010844295736531733
-0.024683701601330106
-0.0066728632246794645
-0.007380118041830649
-0.014683745432139936
-0.026776170931735344
-0.01295832555043859
-0.013299997897622057
-0.028828231448950924
0.0007355180576150542
-0.006394950888603414
-0.007380118041830649
-0.007380118041830649
-0.017861612624379086
-0.017861612624379086
-0.0057532456151315955
-0.01295832555043859
-0.028828231448950924
-0.014683745432139936
-0.007208862672491037
-0.024683701601330106
-0.01295832555043859
-0.021943198363417418
-0.02657047676285786
-0.01295832555043859
-0.02657047676285786
-0.007380118041830649
0.00971836195596619
-0.007208862672491037
-0.028828231448950924
-0.028828231448950924
-0.014683745432139936
-0.026776170931735344
-0.021943198363417418
-0.02657047676285786
-0.015377242253071232
0.0007355180576150542
-0.026776170931735344
-0.014683745432139936
-0.007380118041830649
0.0007355180576150542
-0.006394950888603414
-0.0057532456151315955
-0.021943198363417418
-0.017861612624379086
-0.014612647664998455
-0.0057532456151315955
-0.014683745432139936
-0.014683745432139936
-0.014612647664998455
0.00971836195596619
-0.021943198363417418
-0.04200101450642738
-0.02657047676285786
-0.023755201932203367
-0.007380118041830649
-0.04200101450642738
-0.007380118041830649
-0.04200101450642738
-0.013299997897622057
-0.015377242253071232
-0.026776170931735344
-0.02657047676285786
0.00971836195596619
-0.014683745432139936
-0.02657047676285786
-0.01295832555043859
-0.023755201932203367
-0.021943198363417418
-0.021943198363417418
0.0007355180576150542
-0.02657047676285786
-0.013299997897622057
-0.024683701601330106
-0.028828231448950924
-0.021943198363417418
-0.04200101450642738
-0.021943198363417418
0.0007355180576150542
-0.013299997897622057
-0.006394950888603414
0.0007355180576150542
-0.014683745432139936
-0.014612647664998455
-0.007208862672491037
-0.014612647664998455
-0.04200101450642738
-0.014612647664998455
-0.010844295736531733
-0.010844295736531733
-0.006394950888603414
-0.014683745432139936
-0.0066728632246794645
-0.014683745432139936
-0.010844295736531733
-0.014683745432139936
-0.021943198363417418
-0.021943198363417418
-0.028828231448950924
-0.007380118041830649
-0.017861612624379086
-0.0066728632246794645
-0.014683745432139936
-0.006394950888603414
-0.04200101450642738
-0.028828231448950924
-0.007208862672491037
-0.023755201932203367
-0.017861612624379086
-0.02657047676285786
-0.017861612624379086
0.00971836195596619
-0.02657047676285786
-0.026776170931735344
-0.014683745432139936
-0.0066728632246794645
-0.028828231448950924
-0.013299997897622057
-0.0057532456151315955
0.0007355180576150542
-0.01295832555043859
-0.021943198363417418
-0.02657047676285786
-0.028828231448950924
-0.021943198363417418
-0.028828231448950924
-0.021943198363417418
-0.028828231448950924
-0.006394950888603414
-0.013299997897622057
-0.006394950888603414
-0.023755201932203367
-0.015377242253071232
-0.007380118041830649
-0.0066728632246794645
-0.0066728632246794645
-0.010844295736531733
-0.007208862672491037
-0.026776170931735344
-0.023755201932203367
-0.007380118041830649
-0.0057532456151315955
-0.01295832555043859
-0.0066728632246794645
-0.0066728632246794645
-0.021943198363417418
-0.010844295736531733
0.00971836195596619
0.0007355180576150542
-0.017861612624379086
-0.013299997897622057
-0.0057532456151315955
-0.02657047676285786
-0.007208862672491037
-0.028828231448950924
-0.0057532456151315955
-0.017861612624379086
-0.02657047676285786
-0.028828231448950924
-0.024683701601330106
0.00971836195596619
0.0007355180576150542
0.00971836195596619
-0.023755201932203367
-0.014612647664998455
0.00971836195596619
-0.021943198363417418
-0.024683701601330106
-0.0066728632246794645
-0.026776170931735344
-0.021943198363417418
0.0007355180576150542
-0.0057532456151315955
-0.024683701601330106
-0.014612647664998455
-0.013299997897622057
-0.007380118041830649
-0.028828231448950924
-0.010844295736531733
-0.026776170931735344
-0.014683745432139936
-0.028828231448950924
0.00971836195596619
0.00971836195596619
-0.023755201932203367
0.00971836195596619
-0.028828231448950924
-0.017861612624379086
-0.017861612624379086
-0.026776170931735344
-0.01295832555043859
-0.007380118041830649
-0.04200101450642738
-0.021943198363417418
-0.007208862672491037
-0.01295832555043859
0.00971836195596619
-0.013299997897622057
-0.014612647664998455
-0.013299997897622057
-0.017861612624379086
-0.023755201932203367
-0.023755201932203367
-0.04200101450642738
-0.023755201932203367
-0.017861612624379086
-0.006394950888603414
-0.007380118041830649
-0.0066728632246794645
0.0007355180576150542
-0.0066728632246794645
-0.04200101450642738
-0.007380118041830649
-0.01295832555043859
-0.0057532456151315955
-0.023755201932203367
-0.017861612624379086
-0.014683745432139936
-0.023755201932203367
-0.01295832555043859
-0.017861612624379086
-0.0057532456151315955
-0.023755201932203367
-0.014683745432139936
-0.02657047676285786
-0.017861612624379086
0.00971836195596619
-0.014683745432139936
-0.0057532456151315955
-0.026776170931735344
-0.01295832555043859
-0.013299997897622057
-0.015377242253071232
-0.014683745432139936
-0.021943198363417418
-0.04200101450642738
-0.014612647664998455
-0.014683745432139936
-0.04200101450642738
-0.026776170931735344
0.00971836195596619
-0.013299997897622057
-0.026776170931735344
-0.014683745432139936
-0.01295832555043859
-0.010844295736531733
0.00971836195596619
-0.010844295736531733
-0.024683701601330106
-0.0066728632246794645
-0.0057532456151315955
-0.0057532456151315955
-0.0066728632246794645
0.00971836195596619
-0.026776170931735344
-0.04200101450642738
-0.021943198363417418
-0.015377242253071232
-0.010844295736531733
-0.04200101450642738
0.00971836195596619
-0.014683745432139936
-0.017861612624379086
-0.01295832555043859
-0.01295832555043859
-0.04200101450642738
-0.026776170931735344
0.0007355180576150542
-0.014683745432139936
-0.007208862672491037
0.00971836195596619
-0.028828231448950924
-0.023755201932203367
-0.023755201932203367
-0.04200101450642738
0.00971836195596619
-0.006394950888603414
-0.023755201932203367
-0.02657047676285786
-0.028828231448950924
-0.013299997897622057
-0.014683745432139936
-0.0057532456151315955
-0.024683701601330106
-0.0057532456151315955
-0.0066728632246794645
-0.007208862672491037
-0.006394950888603414
-0.028828231448950924
-0.023755201932203367
-0.021943198363417418
-0.04200101450642738
-0.017861612624379086
-0.023755201932203367
-0.024683701601330106
-0.02657047676285786
-0.017861612624379086
0.0007355180576150542
-0.04200101450642738
-0.028828231448950924
0.0007355180576150542
0.00971836195596619
-0.006394950888603414
-0.0057532456151315955
-0.021943198363417418
-0.013299997897622057
-0.026776170931735344
-0.014612647664998455
-0.014612647664998455
-0.006394950888603414
-0.014612647664998455
-0.007380118041830649
-0.024683701601330106
-0.0057532456151315955
-0.0057532456151315955
-0.017861612624379086
-0.028828231448950924
0.0007355180576150542
0.00971836195596619
-0.02657047676285786
-0.02657047676285786
-0.01295832555043859
-0.0066728632246794645
-0.013299997897622057
-0.023755201932203367
-0.015377242253071232
-0.024683701601330106
-0.006394950888603414
-0.023755201932203367
-0.028828231448950924
-0.024683701601330106
-0.007380118041830649
-0.02657047676285786
-0.01295832555043859
-0.04200101450642738
-0.0057532456151315955
-0.024683701601330106
-0.007208862672491037
-0.0057532456151315955
-0.017861612624379086
-0.026776170931735344
-0.026776170931735344
0.0007355180576150542
-0.01295832555043859
-0.017861612624379086
0.0007355180576150542
-0.028828231448950924
0.0007355180576150542
-0.024683701601330106
-0.013299997897622057
-0.04200101450642738
-0.007208862672491037
-0.007380118041830649
0.0007355180576150542
-0.010844295736531733
-0.04200101450642738
-0.014683745432139936
-0.0066728632246794645
-0.0066728632246794645
0.00971836195596619
-0.014683745432139936
-0.026776170931735344
-0.02657047676285786
-0.014612647664998455
-0.010844295736531733
-0.007380118041830649
0.0007355180576150542
-0.04200101450642738
-0.015377242253071232
0.00971836195596619
-0.0057532456151315955
-0.04200101450642738
-0.017861612624379086
-0.04200101450642738
-0.014683745432139936
-0.0057532456151315955
-0.01295832555043859
-0.006394950888603414
-0.026776170931735344
-0.026776170931735344
-0.013299997897622057
-0.021943198363417418
-0.026776170931735344
-0.010844295736531733
-0.021943198363417418
-0.02657047676285786
-0.0057532456151315955
-0.023755201932203367
-0.014683745432139936
-0.023755201932203367
-0.017861612624379086
-0.006394950888603414
-0.007380118041830649
-0.02657047676285786
-0.014683745432139936
-0.0057532456151315955
-0.014683745432139936
-0.015377242253071232
-0.02657047676285786
-0.0057532456151315955
-0.006394950888603414
-0.026776170931735344
-0.014612647664998455
-0.006394950888603414
0.0007355180576150542
-0.028828231448950924
-0.021943198363417418
-0.010844295736531733
-0.028828231448950924
0.00971836195596619
-0.0066728632246794645
-0.0057532456151315955
-0.04200101450642738
-0.014612647664998455
0.0007355180576150542
-0.028828231448950924
-0.028828231448950924
-0.007208862672491037
-0.026776170931735344
0.0007355180576150542
-0.010844295736531733
-0.01295832555043859
-0.01295832555043859
-0.007380118041830649
-0.007208862672491037
-0.021943198363417418
0.00971836195596619
-0.024683701601330106
-0.015377242253071232
-0.02657047676285786
-0.010844295736531733
-0.014683745432139936
-0.0066728632246794645
0.00971836195596619
-0.014683745432139936
-0.04200101450642738
-0.013299997897622057
-0.014683745432139936
-0.014683745432139936
-0.013299997897622057
-0.026776170931735344
-0.010844295736531733
-0.013299997897622057
-0.006394950888603414
-0.02657047676285786
-0.015377242253071232
-0.017861612624379086
-0.01295832555043859
-0.0066728632246794645
-0.04200101450642738
-0.021943198363417418
-0.017861612624379086
-0.01295832555043859
-0.028828231448950924
-0.02657047676285786
-0.024683701601330106
-0.01295832555043859
-0.014683745432139936
-0.017861612624379086
-0.021943198363417418
-0.04200101450642738
0.0007355180576150542
-0.01295832555043859
-0.021943198363417418
-0.04200101450642738
0.0007355180576150542
-0.013299997897622057
-0.028828231448950924
