-0.020787100618579187
-0.002987312352851774
-0.006720000932083775
-0.014754645204787718
-0.028601496118587005
-0.020787100618579187
-0.017870333883148983
-0.004631859307878682
-0.001459875614853925
-0.0028679397739095522
-0.014435179631522283
-0.0371321873159445
-0.02103505924988339
-0.006479875810666759
-0.03560163235359407
0.00533428241820843
0.0055693216479595
-0.028601496118587005
-0.014926301644825968
-0.008106858532944974
-0.015379746635621574
-0.02227142519920964
0.0055693216479595
-0.0371321873159445
-0.006720000932083775
-0.028601496118587005
-0.014754645204787718
-0.026854204122473215
-0.0028679397739095522
-0.031879584022271874
-0.018919314571241276
0.00533428241820843
-0.017870333883148983
-0.05231201642871352
-0.05231201642871352
-0.004631859307878682
-0.015379746635621574
-0.02103505924988339
-0.02222621949619569
-0.026854204122473215
0.005975165963225247
-0.02227142519920964
-0.0371321873159445
-0.0028679397739095522
-0.023730038906751676
-0.014754645204787718
-0.031879584022271874
-0.018919314571241276
-0.020787100618579187
0.00533428241820843
-0.031879584022271874
-0.006479875810666759
-0.0371321873159445
-0.0371321873159445
-0.021732524677960715
-0.007217060784870826
-0.0371321873159445
-0.004631859307878682
-0.004631859307878682
-0.023730038906751676
-0.004631859307878682
-0.008106858532944974
-0.001459875614853925
-0.026854204122473215
-0.0371321873159445
0.00533428241820843
-0.002987312352851774
-0.03560163235359407
-0.026854204122473215
0.005975165963225247
-0.0028679397739095522
-0.004631859307878682
-0.014926301644825968
-0.014435179631522283
-0.014754645204787718
-0.014926301644825968
-0.02222621949619569
-0.031879584022271874
-0.001459875614853925
-0.018919314571241276
-0.008106858532944974
-0.031879584022271874
-0.0028679397739095522
-0.03560163235359407
-0.001459875614853925
-0.02227142519920964
-0.020787100618579187
0.005975165963225247
-0.014754645204787718
-0.020787100618579187
-0.0028679397739095522
-0.031879584022271874
-0.014926301644825968
-0.006720000932083775
-0.03560163235359407
-0.002987312352851774
0.00533428241820843
-0.0028679397739095522
-0.031879584022271874
-0.001459875614853925
-0.031879584022271874
-0.02103505924988339
-0.017870333883148983
-0.017870333883148983
-0.020787100618579187
-0.02227142519920964
-0.03560163235359407
-0.02227142519920964
-0.0371321873159445
-0.002987312352851774
-0.006720000932083775
-0.028601496118587005
-0.001459875614853925
-0.015379746635621574
-0.015379746635621574
-0.028601496118587005
-0.006479875810666759
-0.018919314571241276
-0.008106858532944974
-0.026854204122473215
-0.006479875810666759
0.005975165963225247
-0.017870333883148983
-0.006479875810666759
-0.014435179631522283
-0.026854204122473215
-0.02227142519920964
-0.018919314571241276
-0.02103505924988339
-0.014926301644825968
-0.020787100618579187
-0.018919314571241276
-0.008106858532944974
-0.0028679397739095522
-0.017870333883148983
-0.023730038906751676
-0.014754645204787718
-0.007217060784870826
-0.006720000932083775
0.0055693216479595
-0.001459875614853925
-0.017870333883148983
-0.028601496118587005
-0.0371321873159445
-0.021732524677960715
-0.021732524677960715
-0.020787100618579187
-0.021732524677960715
-0.018919314571241276
0.0055693216479595
0.005975165963225247
-0.03560163235359407
-0.006720000932083775
-0.014754645204787718
-0.020787100618579187
-0.014435179631522283
-0.023730038906751676
-0.018919314571241276
-0.0028679397739095522
-0.0371321873159445
-0.020787100618579187
-0.020787100618579187
-0.006479875810666759
0.00533428241820843
0.0055693216479595
-0.0028679397739095522
-0.014926301644825968
-0.015379746635621574
-0.0371321873159445
-0.031879584022271874
0.00533428241820843
-0.004631859307878682
0.005975165963225247
-0.02222621949619569
-0.002987312352851774
-0.006479875810666759
-0.0371321873159445
-0.0028679397739095522
0.0055693216479595
-0.006479875810666759
-0.03560163235359407
-0.007217060784870826
-0.05231201642871352
-0.02103505924988339
-0.007217060784870826
-0.03560163235359407
-0.05231201642871352
-0.006479875810666759
-0.008106858532944974
-0.018919314571241276
-0.001459875614853925
-0.001459875614853925
-0.02227142519920964
-0.02222621949619569
-0.023730038906751676
-0.020787100618579187
-0.014926301644825968
-0.0371321873159445
-0.015379746635621574
0.0055693216479595
-0.028601496118587005
0.0055693216479595
-0.03560163235359407
-0.015379746635621574
-0.006479875810666759
-0.023730038906751676
-0.0028679397739095522
-0.006720000932083775
-0.007217060784870826
-0.0028679397739095522
0.0055693216479595
-0.02103505924988339
0.00533428241820843
-0.007217060784870826
-0.018919314571241276
-0.014435179631522283
-0.014435179631522283
-0.028601496118587005
0.0055693216479595
0.005975165963225247
-0.015379746635621574
-0.0028679397739095522
0.00533428241820843
-0.015379746635621574
-0.007217060784870826
-0.02103505924988339
0.00533428241820843
-0.007217060784870826
-0.017870333883148983
-0.014926301644825968
-0.02222621949619569
-0.031879584022271874
0.005975165963225247
-0.004631859307878682
-0.02227142519920964
-0.008106858532944974
-0.05231201642871352
-0.014754645204787718
-0.026854204122473215
-0.031879584022271874
-0.006720000932083775
-0.02103505924988339
-0.03560163235359407
-0.05231201642871352
-0.023730038906751676
-0.02222621949619569
-0.031879584022271874
-0.03560163235359407
-0.021732524677960715
-0.020787100618579187
-0.0028679397739095522
-0.014754645204787718
-0.03560163235359407
-0.020787100618579187
0.005975165963225247
-0.014754645204787718
-0.004631859307878682
-0.002987312352851774
-0.031879584022271874
-0.031879584022271874
-0.0371321873159445
-0.004631859307878682
-0.008106858532944974
-0.004631859307878682
-0.020787100618579187
0.0055693216479595
-0.02103505924988339
-0.02103505924988339
-0.006720000932083775
-0.0371321873159445
-0.004631859307878682
-0.023730038906751676
-0.02222621949619569
-0.018919314571241276
-0.002987312352851774
-0.004631859307878682
-0.014754645204787718
-0.018919314571241276
-0.023730038906751676
-0.02103505924988339
-0.03560163235359407
-0.017870333883148983
-0.028601496118587005
-0.008106858532944974
-0.05231201642871352
-0.014754645204787718
-0.02222621949619569
-0.02222621949619569
-0.02222621949619569
-0.006479875810666759
-0.007217060784870826
-0.02227142519920964
-0.026854204122473215
-0.015379746635621574
-0.02222621949619569
-0.021732524677960715
-0.018919314571241276
-0.026854204122473215
-0.02103505924988339
0.00533428241820843
-0.007217060784870826
-0.004631859307878682
-0.020787100618579187
-0.001459875614853925
-0.026854204122473215
-0.018919314571241276
-0.026854204122473215
0.0055693216479595
-0.021732524677960715
0.005975165963225247
-0.015379746635621574
-0.02103505924988339
0.005975165963225247
-0.007217060784870826
0.00533428241820843
-0.03560163235359407
-0.004631859307878682
-0.014926301644825968
-0.014435179631522283
0.0055693216479595
0.005975165963225247
-0.023730038906751676
-0.014754645204787718
-0.026854204122473215
-0.028601496118587005
-0.0028679397739095522
-0.0028679397739095522
-0.002987312352851774
-0.017870333883148983
-0.031879584022271874
-0.023730038906751676
-0.006720000932083775
-0.03560163235359407
-0.014435179631522283
-0.023730038906751676
-0.014435179631522283
-0.006720000932083775
-0.006479875810666759
-0.014435179631522283
-0.002987312352851774
-0.017870333883148983
0.0055693216479595
-0.014926301644825968
-0.002987312352851774
-0.002987312352851774
-0.002987312352851774
-0.0371321873159445
-0.014926301644825968
-0.006720000932083775
0.00533428241820843
-0.017870333883148983
-0.021732524677960715
-0.0371321873159445
-0.02227142519920964
0.00533428241820843
0.005975165963225247
-0.026854204122473215
-0.023730038906751676
-0.006720000932083775
-0.015379746635621574
-0.001459875614853925
-0.02222621949619569
-0.001459875614853925
-0.006479875810666759
-0.031879584022271874
-0.008106858532944974
-0.006720000932083775
-0.002987312352851774
0.005975165963225247
-0.031879584022271874
-0.008106858532944974
-0.021732524677960715
-0.001459875614853925
-0.017870333883148983
-0.0028679397739095522
-0.006479875810666759
-0.021732524677960715
-0.05231201642871352
-0.031879584022271874
-0.0371321873159445
-0.001459875614853925
-0.02227142519920964
-0.020787100618579187
-0.006720000932083775
-0.015379746635621574
-0.031879584022271874
-0.002987312352851774
-0.05231201642871352
-0.05231201642871352
-0.05231201642871352
-0.002987312352851774
-0.023730038906751676
-0.021732524677960715
-0.017870333883148983
-0.023730038906751676
-0.004631859307878682
-0.023730038906751676
-0.02227142519920964
-0.020787100618579187
0.00533428241820843
-0.006720000932083775
-0.03560163235359407
-0.0028679397739095522
-0.006720000932083775
-0.05231201642871352
-0.026854204122473215
0.0055693216479595
-0.028601496118587005
-0.0028679397739095522
-0.004631859307878682
-0.021732524677960715
-0.001459875614853925
-0.004631859307878682
0.0055693216479595
-0.031879584022271874
-0.02227142519920964
-0.018919314571241276
-0.014754645204787718
0.005975165963225247
0.005975165963225247
0.0055693216479595
-0.026854204122473215
-0.0028679397739095522
-0.007217060784870826
-0.001459875614853925
-0.008106858532944974
-0.03560163235359407
-0.001459875614853925
-0.02222621949619569
-0.0028679397739095522
-0.007217060784870826
-0.023730038906751676
-0.03560163235359407
-0.02227142519920964
0.00533428241820843
-0.014926301644825968
-0.023730038906751676
-0.0028679397739095522
-0.018919314571241276
-0.008106858532944974
-0.03560163235359407
0.00533428241820843
-0.014754645204787718
0.00533428241820843
-0.05231201642871352
-0.0028679397739095522
-0.02222621949619569
-0.014435179631522283
-0.015379746635621574
-0.0028679397739095522
-0.020787100618579187
-0.031879584022271874
-0.004631859307878682
-0.014926301644825968
-0.021732524677960715
-0.05231201642871352
-0.015379746635621574
-0.031879584022271874
0.00533428241820843
-0.0028679397739095522
0.0055693216479595
-0.02103505924988339
-0.02227142519920964
-0.02227142519920964
-0.006720000932083775
-0.02103505924988339
0.00533428241820843
-0.001459875614853925
-0.0371321873159445
-0.05231201642871352
-0.03560163235359407
-0.03560163235359407
-0.006479875810666759
-0.021732524677960715
-0.006720000932083775
-0.014754645204787718
-0.026854204122473215
-0.0371321873159445
0.0055693216479595
-0.006479875810666759
-0.018919314571241276
-0.001459875614853925
-0.028601496118587005
-0.007217060784870826
-0.014754645204787718
0.005975165963225247
0.0055693216479595
0.00533428241820843
-0.014754645204787718
-0.05231201642871352
-0.023730038906751676
-0.023730038906751676
-0.02222621949619569
-0.007217060784870826
-0.018919314571241276
-0.014435179631522283
-0.015379746635621574
-0.006720000932083775
-0.05231201642871352
-0.03560163235359407
-0.02222621949619569
-0.017870333883148983
-0.028601496118587005
-0.017870333883148983
-0.0028679397739095522
-0.020787100618579187
-0.02103505924988339
-0.02227142519920964
-0.014435179631522283
-0.026854204122473215
-0.02103505924988339
-0.014754645204787718
-0.023730038906751676
-0.014435179631522283
-0.021732524677960715
-0.014435179631522283
-0.001459875614853925
-0.0371321873159445
-0.014926301644825968
-0.007217060784870826
-0.004631859307878682
0.00533428241820843
-0.015379746635621574
-0.006479875810666759
-0.026854204122473215
-0.02222621949619569
-0.0028679397739095522
-0.007217060784870826
-0.018919314571241276
-0.015379746635621574
-0.05231201642871352
-0.018919314571241276
-0.02227142519920964
-0.002987312352851774
0.0055693216479595
-0.023730038906751676
-0.03560163235359407
-0.002987312352851774
-0.021732524677960715
-0.014926301644825968
-0.02222621949619569
-0.02103505924988339
-0.008106858532944974
-0.03560163235359407
-0.028601496118587005
-0.0028679397739095522
0.005975165963225247
-0.014435179631522283
-0.008106858532944974
-0.05231201642871352
0.0055693216479595
-0.006479875810666759
-0.006720000932083775
-0.023730038906751676
-0.03560163235359407
0.00533428241820843
-0.0028679397739095522
-0.008106858532944974
-0.006479875810666759
-0.008106858532944974
-0.008106858532944974
-0.028601496118587005
-0.026854204122473215
-0.03560163235359407
-0.006720000932083775
-0.031879584022271874
-0.004631859307878682
-0.018919314571241276
-0.008106858532944974
-0.014754645204787718
-0.03560163235359407
-0.006720000932083775
-0.02227142519920964
-0.0028679397739095522
-0.001459875614853925
-0.018919314571241276
-0.004631859307878682
-0.05231201642871352
-0.03560163235359407
0.00533428241820843
-0.015379746635621574
-0.014754645204787718
0.005975165963225247
-0.007217060784870826
-0.026854204122473215
-0.03560163235359407
0.00533428241820843
-0.0028679397739095522
-0.023730038906751676
-0.006720000932083775
-0.02103505924988339
-0.007217060784870826
-0.026854204122473215
-0.007217060784870826
-0.018919314571241276
-0.007217060784870826
-0.004631859307878682
-0.006479875810666759
-0.014926301644825968
-0.015379746635621574
-0.0371321873159445
-0.014754645204787718
-0.021732524677960715
-0.015379746635621574
0.0055693216479595
-0.018919314571241276
-0.023730038906751676
-0.026854204122473215
-0.006479875810666759
-0.023730038906751676
0.00533428241820843
-0.028601496118587005
-0.03560163235359407
-0.015379746635621574
-0.004631859307878682
-0.0028679397739095522
-0.006720000932083775
-0.02103505924988339
-0.03560163235359407
-0.014754645204787718
0.005975165963225247
-0.021732524677960715
-0.020787100618579187
-0.015379746635621574
-0.02227142519920964
0.00533428241820843
-0.014754645204787718
-0.001459875614853925
-0.008106858532944974
0.0055693216479595
-0.015379746635621574
0.00533428241820843
-0.0028679397739095522
-0.014754645204787718
-0.0028679397739095522
-0.028601496118587005
-0.031879584022271874
-0.02227142519920964
-0.021732524677960715
-0.0028679397739095522
-0.0371321873159445
-0.017870333883148983
-0.03560163235359407
-0.028601496118587005
-0.018919314571241276
-0.006479875810666759
-0.023730038906751676
-0.05231201642871352
-0.006720000932083775
-0.028601496118587005
-0.002987312352851774
-0.018919314571241276
-0.004631859307878682
0.00533428241820843
-0.023730038906751676
0.00533428241820843
0.00533428241820843
-0.004631859307878682
0.00533428241820843
-0.03560163235359407
-0.021732524677960715
-0.002987312352851774
-0.02222621949619569
0.00533428241820843
-0.020787100618579187
0.0055693216479595
-0.028601496118587005
0.00533428241820843
-0.018919314571241276
-0.015379746635621574
-0.014926301644825968
-0.014754645204787718
-0.004631859307878682
0.0055693216479595
0.00533428241820843
-0.026854204122473215
-0.02103505924988339
-0.02227142519920964
-0.002987312352851774
0.005975165963225247
-0.006720000932083775
-0.031879584022271874
-0.05231201642871352
-0.001459875614853925
-0.015379746635621574
-0.020787100618579187
-0.02222621949619569
-0.02227142519920964
-0.02227142519920964
0.00533428241820843
-0.008106858532944974
-0.008106858532944974
-0.006479875810666759
-0.05231201642871352
-0.015379746635621574
-0.002987312352851774
-0.017870333883148983
0.0055693216479595
-0.05231201642871352
-0.028601496118587005
-0.023730038906751676
-0.05231201642871352
-0.007217060784870826
0.005975165963225247
-0.031879584022271874
-0.023730038906751676
-0.007217060784870826
0.00533428241820843
-0.03560163235359407
-0.02227142519920964
-0.0028679397739095522
0.00533428241820843
-0.017870333883148983
-0.015379746635621574
-0.015379746635621574
-0.026854204122473215
-0.002987312352851774
-0.006720000932083775
-0.028601496118587005
-0.023730038906751676
-0.014926301644825968
-0.020787100618579187
-0.006720000932083775
-0.002987312352851774
-0.02227142519920964
-0.018919314571241276
-0.020787100618579187
-0.02222621949619569
-0.006479875810666759
-0.028601496118587005
-0.008106858532944974
-0.0371321873159445
-0.006479875810666759
-0.002987312352851774
-0.002987312352851774
-0.0371321873159445
-0.0028679397739095522
-0.028601496118587005
-0.026854204122473215
-0.021732524677960715
-0.023730038906751676
-0.014435179631522283
-0.02227142519920964
-0.021732524677960715
-0.02227142519920964
-0.021732524677960715
-0.001459875614853925
-0.014926301644825968
-0.006720000932083775
-0.023730038906751676
-0.0028679397739095522
-0.002987312352851774
-0.023730038906751676
-0.05231201642871352
-0.014435179631522283
-0.028601496118587005
-0.028601496118587005
-0.020787100618579187
-0.023730038906751676
-0.007217060784870826
-0.001459875614853925
0.0055693216479595
-0.015379746635621574
-0.028601496118587005
-0.021732524677960715
-0.028601496118587005
-0.020787100618579187
-0.001459875614853925
0.005975165963225247
-0.02222621949619569
-0.007217060784870826
-0.020787100618579187
-0.002987312352851774
-0.0371321873159445
-0.017870333883148983
-0.0371321873159445
-0.021732524677960715
-0.0371321873159445
-0.014754645204787718
-0.014754645204787718
-0.02222621949619569
-0.002987312352851774
-0.02103505924988339
-0.002987312352851774
-0.031879584022271874
-0.03560163235359407
-0.014754645204787718
-0.002987312352851774
-0.028601496118587005
-0.028601496118587005
-0.015379746635621574
-0.02227142519920964
-0.008106858532944974
-0.02103505924988339
-0.03560163235359407
-0.002987312352851774
0.00533428241820843
0.005975165963225247
-0.02222621949619569
-0.03560163235359407
-0.021732524677960715
-0.015379746635621574
-0.026854204122473215
-0.017870333883148983
-0.03560163235359407
-0.014435179631522283
-0.004631859307878682
-0.008106858532944974
0.00533428241820843
-0.004631859307878682
-0.023730038906751676
-0.008106858532944974
0.005975165963225247
-0.0028679397739095522
-0.026854204122473215
-0.023730038906751676
-0.004631859307878682
-0.006720000932083775
-0.004631859307878682
-0.002987312352851774
-0.02103505924988339
-0.015379746635621574
-0.001459875614853925
-0.006479875810666759
-0.020787100618579187
-0.05231201642871352
-0.03560163235359407
-0.028601496118587005
-0.023730038906751676
-0.015379746635621574
-0.028601496118587005
-0.018919314571241276
-0.015379746635621574
-0.028601496118587005
-0.015379746635621574
-0.007217060784870826
-0.02222621949619569
-0.001459875614853925
-0.02222621949619569
0.005975165963225247
-0.014435179631522283
-0.014926301644825968
-0.031879584022271874
-0.02227142519920964
-0.03560163235359407
-0.02103505924988339
-0.02103505924988339
-0.014754645204787718
-0.017870333883148983
-0.006720000932083775
-0.014435179631522283
0.00533428241820843
-0.02227142519920964
-0.006479875810666759
-0.05231201642871352
-0.02103505924988339
-0.02103505924988339
-0.007217060784870826
-0.028601496118587005
-0.014754645204787718
0.00533428241820843
-0.0028679397739095522
-0.020787100618579187
-0.008106858532944974
-0.026854204122473215
-0.001459875614853925
-0.004631859307878682
-0.006479875810666759
0.00533428241820843
-0.03560163235359407
-0.023730038906751676
-0.017870333883148983
-0.015379746635621574
-0.006479875810666759
-0.008106858532944974
-0.023730038906751676
-0.015379746635621574
-0.03560163235359407
0.005975165963225247
0.0055693216479595
-0.0028679397739095522
-0.020787100618579187
-0.0028679397739095522
-0.014435179631522283
-0.0371321873159445
-0.03560163235359407
-0.0028679397739095522
-0.028601496118587005
0.0055693216479595
-0.02103505924988339
-0.006720000932083775
-0.028601496118587005
-0.020787100618579187
-0.004631859307878682
-0.018919314571241276
-0.006479875810666759
0.0055693216479595
-0.004631859307878682
-0.03560163235359407
-0.0371321873159445
-0.001459875614853925
0.00533428241820843
-0.02227142519920964
-0.015379746635621574
0.005975165963225247
-0.014754645204787718
-0.006720000932083775
0.005975165963225247
-0.007217060784870826
-0.002987312352851774
-0.015379746635621574
-0.0028679397739095522
-0.0028679397739095522
-0.031879584022271874
-0.018919314571241276
-0.014435179631522283
-0.0028679397739095522
-0.015379746635621574
-0.008106858532944974
-0.008106858532944974
-0.006720000932083775
-0.05231201642871352
-0.02227142519920964
-0.021732524677960715
-0.028601496118587005
-0.017870333883148983
0.00533428241820843
-0.05231201642871352
-0.0028679397739095522
-0.001459875614853925
-0.0371321873159445
-0.007217060784870826
-0.001459875614853925
-0.008106858532944974
-0.018919314571241276
-0.014435179631522283
-0.014435179631522283
-0.021732524677960715
-0.014435179631522283
-0.008106858532944974
-0.02222621949619569
-0.02227142519920964
-0.02103505924988339
-0.020787100618579187
-0.02103505924988339
-0.021732524677960715
-0.02227142519920964
-0.05231201642871352
-0.007217060784870826
-0.03560163235359407
-0.006479875810666759
-0.014435179631522283
-0.008106858532944974
-0.002987312352851774
-0.014435179631522283
-0.05231201642871352
-0.008106858532944974
-0.006479875810666759
-0.014435179631522283
-0.018919314571241276
-0.002987312352851774
-0.023730038906751676
-0.008106858532944974
-0.0028679397739095522
-0.002987312352851774
-0.006479875810666759
-0.006720000932083775
-0.026854204122473215
0.00533428241820843
-0.05231201642871352
-0.001459875614853925
-0.031879584022271874
-0.014926301644825968
-0.002987312352851774
-0.028601496118587005
-0.021732524677960715
-0.0371321873159445
-0.002987312352851774
-0.021732524677960715
-0.006720000932083775
-0.0028679397739095522
-0.001459875614853925
-0.004631859307878682
0.005975165963225247
-0.031879584022271874
-0.006720000932083775
-0.018919314571241276
-0.03560163235359407
0.00533428241820843
-0.002987312352851774
-0.05231201642871352
0.00533428241820843
-0.018919314571241276
-0.014754645204787718
-0.0028679397739095522
-0.014754645204787718
0.0055693216479595
-0.02103505924988339
-0.006479875810666759
-0.031879584022271874
