-0.02469429039276183
0.010857997233662693
-0.03219468090427392
-0.015734974814857725
-0.008328095939109817
-0.03809727955560729
-0.0043471080827501875
-0.02623046007197104
-0.038290889437883294
0.014537383402749581
-0.038290889437883294
0.006839623073203196
-0.014280106386763318
0.00521891906535567
0.0031054904269802903
-0.013041488099121649
-0.030017811665605344
-0.007923197970614929
0.01606679459694515
0.005505574329914679
-0.010698777492864974
-0.030017811665605344
0.005505574329914679
0.0010504545091753147
-0.03809727955560729
0.013670613639006225
-0.033377637526829415
-0.008736944030288202
0.013670613639006225
-0.02469429039276183
0.002267205922310888
-0.023076512500865357
-0.0018019988397682293
-0.012545777953314775
-0.012442806949385649
-0.0012274881829528385
-0.007923197970614929
-0.033377637526829415
-0.04978397591424826
-0.008033972646390664
-0.008033972646390664
0.010857997233662693
-0.03496919692081744
-0.030017811665605344
-0.030017811665605344
0.013670613639006225
-0.02131399018141761
-0.012545777953314775
-0.046990281390542996
-0.04978397591424826
0.00521891906535567
-0.015734974814857725
0.002267205922310888
0.006839623073203196
-0.02131399018141761
-0.008736944030288202
0.005505574329914679
-0.03469060888520717
-0.008328095939109817
-0.007923197970614929
-0.03809727955560729
-0.02623046007197104
-0.013041488099121649
-0.013041488099121649
-0.033377637526829415
-0.008736944030288202
-0.009086878993436987
-0.011069224276662992
0.0031054904269802903
-0.018275797600001413
0.0031054904269802903
0.014537383402749581
0.0010504545091753147
-0.038290889437883294
0.013670613639006225
0.010857997233662693
-0.014280106386763318
-0.0018019988397682293
-0.03486072077568936
-0.0018019988397682293
0.0031054904269802903
-0.0043471080827501875
-0.009086878993436987
-0.0018019988397682293
0.013670613639006225
-0.038290889437883294
0.00521891906535567
-0.03486072077568936
-0.0018019988397682293
0.00013548064809100724
-0.010698777492864974
-0.046990281390542996
0.0031054904269802903
-0.04978397591424826
0.002996115841963159
-0.012442806949385649
-0.015937559013463918
-0.03616157995071882
-0.023076512500865357
-0.003493053618688522
-0.020232586134110442
-0.03421343290017871
-0.019486240430356162
-0.01873792719398485
-0.023076512500865357
0.002267205922310888
0.010857997233662693
-0.003493053618688522
-0.012545777953314775
-0.02469429039276183
0.0031054904269802903
-0.03875193219026423
-0.03616157995071882
0.00013548064809100724
-0.033377637526829415
-0.033377637526829415
-0.03809727955560729
-0.019486240430356162
-0.012442806949385649
0.010320712599261556
-0.02469429039276183
-0.03219468090427392
-0.01873792719398485
-0.014280106386763318
0.002996115841963159
0.0031054904269802903
-0.02623046007197104
-0.012545777953314775
-0.03875193219026423
0.006839623073203196
-0.014280106386763318
-0.018742103624395875
-0.0059250227463476385
0.002996115841963159
0.002996115841963159
-0.008328095939109817
-0.03496919692081744
0.002267205922310888
-0.03809727955560729
-0.010698777492864974
-0.020798336664265726
-0.03809727955560729
-0.02131399018141761
-0.046990281390542996
-0.02469429039276183
0.002996115841963159
-0.018275797600001413
-0.011069224276662992
-0.013041488099121649
-0.030017811665605344
-0.03469060888520717
-0.010698777492864974
0.01606679459694515
-0.015734974814857725
-0.007923197970614929
-0.012545777953314775
0.01606679459694515
0.005505574329914679
-0.018742103624395875
-0.046990281390542996
-0.02131399018141761
-0.018742103624395875
-0.03469060888520717
-0.011069224276662992
-0.026129123127403238
-0.01873792719398485
-0.0018019988397682293
-0.03219468090427392
0.00521891906535567
0.006839623073203196
-0.03469060888520717
-0.015734974814857725
-0.03875193219026423
-0.020232586134110442
0.010857997233662693
0.013670613639006225
-0.03616157995071882
-0.03469060888520717
-0.018742103624395875
-0.046990281390542996
-0.03875193219026423
-0.014280106386763318
-0.012442806949385649
-0.009086878993436987
-0.009086878993436987
0.006839623073203196
-0.01873792719398485
0.0010504545091753147
0.002267205922310888
-0.018275797600001413
0.010857997233662693
-0.03486072077568936
-0.046990281390542996
-0.03187000730027075
-0.03187000730027075
-0.03486072077568936
-0.0059250227463476385
-0.0012274881829528385
-0.03421343290017871
-0.013041488099121649
-0.0059250227463476385
-0.03219468090427392
0.00013548064809100724
-0.0059250227463476385
-0.04978397591424826
-0.013041488099121649
0.0010504545091753147
-0.0012274881829528385
-0.012442806949385649
-0.020232586134110442
-0.0018019988397682293
-0.03421343290017871
-0.03469060888520717
0.00013548064809100724
-0.02623046007197104
-0.012545777953314775
-0.03496919692081744
-0.015734974814857725
0.010857997233662693
-0.023076512500865357
-0.046990281390542996
-0.009086878993436987
-0.003493053618688522
0.002996115841963159
-0.008328095939109817
-0.008736944030288202
0.006839623073203196
-0.008328095939109817
-0.0012274881829528385
-0.008033972646390664
-0.030017811665605344
-0.011069224276662992
-0.038290889437883294
0.00521891906535567
0.006839623073203196
-0.04978397591424826
-0.020798336664265726
-0.0012274881829528385
-0.03469060888520717
0.002267205922310888
-0.0018019988397682293
-0.0018019988397682293
-0.0059250227463476385
-0.03616157995071882
-0.008033972646390664
0.0031054904269802903
0.01606679459694515
-0.019486240430356162
-0.014280106386763318
0.002996115841963159
-0.03875193219026423
-0.03616157995071882
-0.010698777492864974
-0.03219468090427392
0.010320712599261556
-0.018275797600001413
-0.015937559013463918
0.002996115841963159
-0.03469060888520717
-0.008033972646390664
-0.015937559013463918
-0.03496919692081744
0.014537383402749581
-0.012442806949385649
-0.03496919692081744
-0.033377637526829415
-0.015937559013463918
-0.02131399018141761
-0.046990281390542996
-0.026129123127403238
0.0010504545091753147
0.005505574329914679
-0.015734974814857725
-0.02623046007197104
0.006839623073203196
-0.020232586134110442
0.002267205922310888
-0.03187000730027075
-0.0043471080827501875
-0.023076512500865357
-0.014280106386763318
-0.0043471080827501875
-0.003493053618688522
-0.023076512500865357
-0.011069224276662992
-0.03187000730027075
-0.015937559013463918
-0.02623046007197104
0.0031054904269802903
0.010857997233662693
0.0026543045901242872
-0.03469060888520717
-0.023076512500865357
-0.0055255686038755995
-0.03616157995071882
0.0026543045901242872
-0.0012274881829528385
-0.007923197970614929
-0.007923197970614929
-0.003493053618688522
-0.008033972646390664
-0.030017811665605344
-0.019486240430356162
-0.03469060888520717
-0.03616157995071882
-0.019486240430356162
-0.03496919692081744
-0.0055255686038755995
-0.03496919692081744
-0.009086878993436987
0.01606679459694515
0.005505574329914679
-0.03875193219026423
-0.03219468090427392
-0.010698777492864974
-0.01873792719398485
-0.02131399018141761
0.014537383402749581
0.00521891906535567
-0.02469429039276183
-0.03875193219026423
0.010857997233662693
-0.012442806949385649
-0.011069224276662992
-0.033377637526829415
-0.020798336664265726
0.010320712599261556
-0.03875193219026423
-0.008328095939109817
-0.0018019988397682293
-0.0043471080827501875
0.0031054904269802903
-0.015734974814857725
-0.012545777953314775
-0.015734974814857725
0.006839623073203196
-0.03219468090427392
-0.012545777953314775
-0.03809727955560729
-0.018275797600001413
-0.018742103624395875
-0.018742103624395875
0.002267205922310888
-0.03809727955560729
-0.02131399018141761
-0.010698777492864974
0.006839623073203196
-0.023076512500865357
-0.012442806949385649
-0.0055255686038755995
-0.038290889437883294
0.002267205922310888
-0.010698777492864974
-0.02623046007197104
0.010320712599261556
-0.018275797600001413
-0.03809727955560729
-0.012545777953314775
-0.02623046007197104
-0.0055255686038755995
-0.009086878993436987
-0.003493053618688522
-0.02131399018141761
0.014537383402749581
0.00521891906535567
0.010320712599261556
0.010320712599261556
0.005505574329914679
-0.0059250227463476385
-0.03496919692081744
-0.01873792719398485
-0.02469429039276183
-0.03187000730027075
0.010320712599261556
-0.008736944030288202
-0.02469429039276183
-0.012442806949385649
0.0026543045901242872
-0.010698777492864974
-0.0018019988397682293
-0.0043471080827501875
-0.046990281390542996
-0.013041488099121649
-0.0012274881829528385
-0.02469429039276183
-0.023076512500865357
-0.008328095939109817
-0.03219468090427392
-0.03187000730027075
-0.0055255686038755995
-0.03219468090427392
0.0026543045901242872
-0.03616157995071882
-0.011069224276662992
-0.03809727955560729
-0.020232586134110442
-0.04978397591424826
-0.023076512500865357
-0.030017811665605344
-0.02623046007197104
-0.012545777953314775
-0.013041488099121649
-0.003493053618688522
0.0031054904269802903
0.0031054904269802903
-0.018275797600001413
0.00013548064809100724
-0.018742103624395875
-0.020798336664265726
0.010857997233662693
-0.007923197970614929
-0.020798336664265726
-0.007923197970614929
0.010857997233662693
-0.015937559013463918
-0.04978397591424826
-0.018275797600001413
-0.015734974814857725
-0.009086878993436987
-0.023076512500865357
-0.020232586134110442
-0.0043471080827501875
-0.018275797600001413
-0.018275797600001413
-0.018275797600001413
0.002996115841963159
-0.020232586134110442
0.010857997233662693
-0.0043471080827501875
-0.03616157995071882
-0.009086878993436987
-0.008736944030288202
0.002996115841963159
0.0010504545091753147
-0.03219468090427392
-0.015734974814857725
-0.013041488099121649
-0.02623046007197104
0.010857997233662693
-0.019486240430356162
-0.026129123127403238
0.005505574329914679
-0.026129123127403238
-0.015937559013463918
-0.03875193219026423
-0.02131399018141761
0.010857997233662693
-0.018275797600001413
-0.030017811665605344
-0.03875193219026423
-0.03421343290017871
-0.008736944030288202
-0.046990281390542996
0.00013548064809100724
0.0031054904269802903
-0.0059250227463476385
-0.008736944030288202
0.014537383402749581
-0.018742103624395875
0.002996115841963159
-0.046990281390542996
-0.01873792719398485
-0.0018019988397682293
-0.038290889437883294
-0.03187000730027075
-0.018742103624395875
-0.018275797600001413
-0.033377637526829415
-0.033377637526829415
-0.033377637526829415
-0.018275797600001413
-0.02623046007197104
-0.008328095939109817
0.00013548064809100724
-0.020798336664265726
-0.0043471080827501875
-0.010698777492864974
-0.02623046007197104
0.0010504545091753147
0.006839623073203196
-0.0043471080827501875
-0.03616157995071882
0.010857997233662693
0.0031054904269802903
-0.038290889437883294
-0.033377637526829415
-0.02469429039276183
-0.023076512500865357
-0.03486072077568936
0.0031054904269802903
-0.010698777492864974
-0.008736944030288202
-0.026129123127403238
-0.010698777492864974
-0.023076512500865357
-0.018742103624395875
0.0010504545091753147
0.00521891906535567
-0.03219468090427392
-0.0043471080827501875
-0.030017811665605344
-0.023076512500865357
-0.013041488099121649
0.0031054904269802903
0.0026543045901242872
-0.026129123127403238
-0.02131399018141761
-0.011069224276662992
-0.026129123127403238
0.010320712599261556
0.0031054904269802903
0.0026543045901242872
-0.020798336664265726
-0.015734974814857725
-0.01873792719398485
0.01606679459694515
-0.02623046007197104
-0.03469060888520717
-0.02131399018141761
-0.0043471080827501875
-0.03616157995071882
0.00521891906535567
-0.03616157995071882
-0.0043471080827501875
-0.033377637526829415
0.0031054904269802903
0.010320712599261556
-0.007923197970614929
-0.019486240430356162
0.0031054904269802903
-0.0018019988397682293
-0.018742103624395875
-0.03809727955560729
0.01606679459694515
-0.008736944030288202
0.014537383402749581
-0.03187000730027075
-0.015734974814857725
-0.03875193219026423
0.0031054904269802903
-0.008033972646390664
-0.0055255686038755995
-0.01873792719398485
-0.01873792719398485
-0.038290889437883294
-0.012442806949385649
-0.0043471080827501875
-0.03616157995071882
-0.046990281390542996
0.002267205922310888
0.014537383402749581
-0.011069224276662992
-0.011069224276662992
-0.0059250227463476385
-0.008736944030288202
-0.014280106386763318
-0.015734974814857725
0.010857997233662693
-0.012545777953314775
-0.013041488099121649
0.002996115841963159
-0.008033972646390664
-0.0059250227463476385
-0.0012274881829528385
-0.046990281390542996
-0.03486072077568936
0.0026543045901242872
-0.012545777953314775
-0.030017811665605344
-0.023076512500865357
-0.012545777953314775
-0.033377637526829415
-0.02623046007197104
-0.020798336664265726
0.010320712599261556
0.0026543045901242872
-0.0012274881829528385
-0.04978397591424826
-0.019486240430356162
-0.038290889437883294
-0.033377637526829415
0.005505574329914679
0.00013548064809100724
-0.003493053618688522
0.00013548064809100724
0.0031054904269802903
-0.014280106386763318
-0.0018019988397682293
-0.0055255686038755995
0.0010504545091753147
-0.007923197970614929
-0.013041488099121649
-0.012442806949385649
-0.012545777953314775
-0.0043471080827501875
-0.020798336664265726
-0.007923197970614929
-0.008736944030288202
-0.04978397591424826
-0.026129123127403238
0.002996115841963159
0.01606679459694515
-0.03496919692081744
-0.010698777492864974
-0.03616157995071882
-0.03187000730027075
-0.0059250227463476385
-0.013041488099121649
0.005505574329914679
0.0031054904269802903
-0.03496919692081744
-0.03187000730027075
0.014537383402749581
0.0010504545091753147
0.013670613639006225
-0.008033972646390664
-0.020798336664265726
0.013670613639006225
-0.008328095939109817
-0.020232586134110442
0.005505574329914679
-0.0055255686038755995
-0.03421343290017871
-0.011069224276662992
-0.03486072077568936
-0.03469060888520717
-0.03219468090427392
-0.007923197970614929
-0.03421343290017871
0.014537383402749581
-0.023076512500865357
-0.015937559013463918
0.010857997233662693
-0.020798336664265726
-0.011069224276662992
-0.03616157995071882
-0.03469060888520717
-0.02131399018141761
-0.015937559013463918
-0.03421343290017871
-0.02131399018141761
-0.03486072077568936
-0.013041488099121649
0.010857997233662693
-0.03875193219026423
-0.014280106386763318
-0.03809727955560729
-0.0012274881829528385
-0.03421343290017871
-0.012545777953314775
-0.011069224276662992
0.010857997233662693
-0.01873792719398485
-0.03469060888520717
-0.046990281390542996
-0.015734974814857725
-0.0012274881829528385
-0.010698777492864974
-0.033377637526829415
-0.03616157995071882
-0.03187000730027075
-0.012545777953314775
-0.030017811665605344
0.0026543045901242872
-0.013041488099121649
-0.011069224276662992
0.0031054904269802903
-0.02623046007197104
-0.0043471080827501875
-0.038290889437883294
-0.0055255686038755995
-0.0043471080827501875
0.0026543045901242872
-0.013041488099121649
0.0026543045901242872
-0.0012274881829528385
-0.03496919692081744
-0.010698777492864974
-0.0059250227463476385
-0.020232586134110442
-0.019486240430356162
0.002267205922310888
-0.012545777953314775
-0.008736944030288202
-0.019486240430356162
-0.023076512500865357
-0.015734974814857725
-0.02623046007197104
-0.013041488099121649
-0.015937559013463918
-0.020798336664265726
-0.003493053618688522
-0.011069224276662992
-0.014280106386763318
-0.03187000730027075
-0.03809727955560729
0.0031054904269802903
0.010857997233662693
-0.014280106386763318
-0.014280106386763318
-0.0055255686038755995
-0.011069224276662992
0.00521891906535567
-0.030017811665605344
-0.008736944030288202
-0.0018019988397682293
-0.019486240430356162
-0.01873792719398485
0.00521891906535567
-0.026129123127403238
-0.03421343290017871
-0.008033972646390664
-0.019486240430356162
0.0031054904269802903
0.00521891906535567
0.0031054904269802903
-0.03486072077568936
-0.018742103624395875
0.0010504545091753147
-0.008328095939109817
0.0031054904269802903
0.002996115841963159
-0.009086878993436987
-0.003493053618688522
-0.0012274881829528385
-0.0059250227463476385
-0.02623046007197104
-0.033377637526829415
0.010857997233662693
-0.03486072077568936
-0.018275797600001413
-0.0012274881829528385
-0.03809727955560729
-0.015734974814857725
-0.02623046007197104
-0.015734974814857725
-0.010698777492864974
-0.008328095939109817
0.013670613639006225
0.005505574329914679
-0.03616157995071882
-0.0018019988397682293
-0.023076512500865357
-0.003493053618688522
-0.03616157995071882
-0.03187000730027075
-0.020232586134110442
-0.012545777953314775
-0.03809727955560729
-0.023076512500865357
-0.013041488099121649
-0.012442806949385649
0.0010504545091753147
-0.018275797600001413
-0.03219468090427392
-0.038290889437883294
-0.018742103624395875
-0.033377637526829415
-0.046990281390542996
-0.019486240430356162
0.006839623073203196
0.010320712599261556
0.0010504545091753147
-0.01873792719398485
-0.03616157995071882
-0.03421343290017871
-0.03421343290017871
-0.015937559013463918
-0.033377637526829415
-0.03187000730027075
-0.015734974814857725
0.013670613639006225
-0.009086878993436987
-0.023076512500865357
0.014537383402749581
-0.003493053618688522
-0.020798336664265726
0.014537383402749581
0.0026543045901242872
-0.0043471080827501875
-0.030017811665605344
-0.03875193219026423
-0.02623046007197104
-0.03496919692081744
0.0010504545091753147
-0.03469060888520717
-0.009086878993436987
-0.03187000730027075
-0.03187000730027075
-0.02469429039276183
0.013670613639006225
0.010857997233662693
-0.014280106386763318
-0.03486072077568936
-0.02623046007197104
-0.020232586134110442
-0.0018019988397682293
-0.038290889437883294
-0.018275797600001413
-0.01873792719398485
-0.014280106386763318
-0.0018019988397682293
-0.0043471080827501875
0.010320712599261556
-0.015937559013463918
-0.03486072077568936
-0.03421343290017871
0.002267205922310888
-0.015937559013463918
0.013670613639006225
-0.018275797600001413
0.002996115841963159
-0.03469060888520717
-0.003493053618688522
-0.013041488099121649
-0.008736944030288202
-0.02623046007197104
-0.007923197970614929
0.0010504545091753147
-0.008736944030288202
-0.01873792719398485
-0.008736944030288202
-0.046990281390542996
-0.020232586134110442
-0.038290889437883294
-0.02623046007197104
0.0031054904269802903
-0.018275797600001413
-0.020798336664265726
0.014537383402749581
-0.04978397591424826
-0.003493053618688522
-0.003493053618688522
-0.0018019988397682293
-0.020798336664265726
-0.03496919692081744
-0.046990281390542996
-0.023076512500865357
-0.019486240430356162
-0.03486072077568936
-0.008328095939109817
-0.015734974814857725
-0.003493053618688522
-0.014280106386763318
0.006839623073203196
-0.046990281390542996
-0.03219468090427392
0.010320712599261556
0.0026543045901242872
-0.0018019988397682293
-0.018275797600001413
-0.014280106386763318
0.002267205922310888
0.00013548064809100724
0.002267205922310888
-0.014280106386763318
-0.008736944030288202
0.002267205922310888
0.00521891906535567
0.00521891906535567
0.010320712599261556
-0.018275797600001413
-0.012442806949385649
-0.018275797600001413
-0.018742103624395875
-0.015734974814857725
0.00521891906535567
0.013670613639006225
-0.003493053618688522
-0.003493053618688522
-0.03187000730027075
-0.01873792719398485
-0.02131399018141761
-0.0055255686038755995
-0.015734974814857725
0.013670613639006225
-0.030017811665605344
0.010320712599261556
-0.011069224276662992
-0.008328095939109817
-0.03187000730027075
-0.013041488099121649
0.00013548064809100724
-0.011069224276662992
-0.04978397591424826
-0.03809727955560729
-0.03421343290017871
-0.03616157995071882
-0.010698777492864974
-0.02623046007197104
-0.02131399018141761
-0.03219468090427392
-0.03469060888520717
-0.013041488099121649
-0.020798336664265726
-0.010698777492864974
-0.038290889437883294
-0.03809727955560729
0.013670613639006225
-0.012442806949385649
-0.03187000730027075
-0.046990281390542996
-0.0059250227463476385
-0.0018019988397682293
-0.033377637526829415
-0.011069224276662992
-0.003493053618688522
-0.014280106386763318
-0.015734974814857725
-0.02623046007197104
-0.019486240430356162
-0.03486072077568936
-0.03187000730027075
-0.03486072077568936
-0.03187000730027075
0.0026543045901242872
0.005505574329914679
-0.046990281390542996
0.005505574329914679
-0.03219468090427392
-0.04978397591424826
-0.020232586134110442
-0.03875193219026423
0.0010504545091753147
-0.011069224276662992
-0.0055255686038755995
-0.0055255686038755995
0.00521891906535567
-0.009086878993436987
-0.038290889437883294
-0.04978397591424826
-0.015734974814857725
-0.03616157995071882
0.0010504545091753147
-0.0059250227463476385
-0.033377637526829415
-0.012442806949385649
-0.0055255686038755995
-0.03496919692081744
-0.03486072077568936
0.00521891906535567
-0.03469060888520717
0.006839623073203196
-0.03421343290017871
-0.013041488099121649
-0.046990281390542996
-0.010698777492864974
-0.0059250227463476385
-0.03616157995071882
-0.011069224276662992
-0.02623046007197104
-0.009086878993436987
-0.03187000730027075
-0.015937559013463918
-0.02131399018141761
-0.02623046007197104
-0.03187000730027075
-0.03219468090427392
-0.023076512500865357
0.0031054904269802903
0.006839623073203196
0.0031054904269802903
-0.0043471080827501875
-0.007923197970614929
0.002267205922310888
-0.011069224276662992
-0.03469060888520717
-0.003493053618688522
-0.008033972646390664
-0.012442806949385649
0.010857997233662693
-0.003493053618688522
-0.0018019988397682293
-0.010698777492864974
-0.0059250227463476385
-0.008033972646390664
-0.03809727955560729
-0.011069224276662992
0.002996115841963159
-0.026129123127403238
-0.03616157995071882
-0.01873792719398485
-0.019486240430356162
-0.03219468090427392
0.00521891906535567
-0.038290889437883294
-0.030017811665605344
-0.03496919692081744
-0.018275797600001413
-0.019486240430356162
-0.03469060888520717
-0.03469060888520717
-0.03875193219026423
-0.0012274881829528385
-0.04978397591424826
-0.03469060888520717
-0.03187000730027075
-0.03421343290017871
-0.03421343290017871
0.010857997233662693
