-0.009955386088623055
-0.005677274225079069
-0.011974779930624508
-0.011974779930624508
-0.03734354301998314
0.018170404348630778
-0.03391395515354855
0.005685988632495199
-0.009544121201011519
-0.02108417921879731
-0.0038512373431562634
0.00628370287479116
0.02390400111950617
-0.025514726528761852
-0.005039605115004785
-0.012683793879803019
-0.000877320217607199
-0.01157791759723056
-0.018364449848307925
-0.031115984148378288
-0.010729355214887992
-0.012683793879803019
-0.01577996702110068
-0.03734354301998314
0.005827318935906732
-0.008834887069136831
0.0035339399920900614
-0.018364449848307925
-0.02108417921879731
-0.0069040533827654646
-0.0026082338634745472
-0.006514259493081847
-0.027729953765585198
-0.0021222290596555195
-0.0008705766528826841
0.004570480106826336
-0.025598322607194152
-0.0005152702506919547
-0.007946892397646422
0.002175749018861152
-0.01365071169508246
0.005827318935906732
-0.025514726528761852
-0.010409089657848368
0.0021035593024984287
-0.01732636343928604
-0.0010388038568127816
-0.01582426658219394
-0.006514259493081847
0.003444433486878337
0.005685988632495199
-0.005677274225079069
-0.0010388038568127816
-0.004384440397382337
0.013639983185898558
0.00047114917627762604
-0.0049552017766412325
-0.022181487327088627
-0.0142716821703824
-0.000877320217607199
0.0081106903580662
-0.010248806193580831
-0.041207083865231676
-0.016077556903915772
-0.022181487327088627
0.0002461786919867236
-0.007983544649516143
-0.00692172731118162
-0.013273763967224045
-0.023896798246301428
-0.014399300805607753
-0.020285439783180054
-0.03178865803418714
-0.03391395515354855
-0.01561077172755144
-0.002905208758199151
-0.01634837600096372
-0.0069040533827654646
-0.016868564222723478
-0.03699584593213663
-0.03935912401121142
-0.00572327064590456
0.003571612378223606
-0.011713081223421457
-0.020999226075558725
-0.020285439783180054
-0.018818255006587504
0.005020231376771827
0.0003949004793636322
-0.025107385310037134
-0.0021222290596555195
0.007119464015295549
-0.003828053370864142
-0.011640455989629704
0.009670512202622286
-0.01157791759723056
0.004925623578144859
-0.013873905771164121
-0.03496677642578754
0.0077655863421651605
-0.029901365816594236
-0.008635257172265952
-0.010248806193580831
0.004432755791365956
-0.031115984148378288
-0.0030339542666361057
0.008060795403763067
-0.012037455788732821
0.025029896668701163
-0.00572327064590456
-0.011240917474757252
-0.02658432538386755
0.013639983185898558
0.003915200048952433
-0.01290357601013932
0.0015110685384670272
-0.014399300805607753
0.006446753051744114
-0.0196848610136583
-0.010246080316719836
-0.021209198275526947
-0.005591376785439401
-0.006328536734123729
0.004432755791365956
-0.033993683565138204
-0.025574106192775305
-0.011228793084512042
-0.010246080316719836
-0.008716574622206184
-0.01365071169508246
0.0077655863421651605
-0.01853347768932425
-0.018364449848307925
-0.014559765291393433
0.00628370287479116
-0.007544115757262967
-0.009692464716924766
-0.008834887069136831
-0.0252363554564731
0.001950927341321612
-0.0030535372479120935
0.005827318935906732
-0.024333913725269343
-0.014559765291393433
-0.03496677642578754
0.0037074943268536843
-0.03178865803418714
-0.03823224370026821
-0.011240917474757252
-0.01045459591949655
0.0010813559637754743
0.01923590969363246
-0.0030339542666361057
-0.007544115757262967
-0.01582426658219394
-0.008198022477859978
-0.011228793084512042
0.0003949004793636322
-0.012336557766270555
-0.02658432538386755
-0.0038512373431562634
0.004726123332758906
0.017923450323382842
-0.003828053370864142
0.0021035593024984287
-0.03734354301998314
-0.02637966230613454
0.0003949004793636322
-0.004384440397382337
0.006667724347574148
0.004570480106826336
-0.016547231784854816
-0.008967720398763375
-0.004384440397382337
0.0077831906463105725
0.019523841868820793
-0.005039605115004785
-0.011034531282808195
0.007768227850846259
-0.009330140387080419
-0.008967720398763375
0.008678781879832472
0.0077655863421651605
0.0005175705234333936
-0.009955386088623055
-0.004046131563404872
-0.010246080316719836
-0.006028972632342722
-0.01577996702110068
0.0021035593024984287
-0.020401458612832244
0.009670512202622286
-0.014705093289145767
-0.004445967631262347
0.008234241807213183
-0.005677274225079069
-0.008834887069136831
-0.01456307048923179
-0.009955386088623055
0.006446753051744114
-0.003828053370864142
0.003444433486878337
-0.024294330814722428
0.00628370287479116
-0.007544115757262967
0.011281052775744914
-0.0069040533827654646
0.002631145984278381
0.0077655863421651605
-0.0038512373431562634
-0.0074429163235751215
-0.006258741408637005
-0.025107385310037134
-0.033993683565138204
0.003571612378223606
-0.006827294322439457
-0.025598322607194152
-0.0348395545204752
-0.009155458315616097
-0.02108417921879731
-0.010554083586416045
-0.014105023687690314
-0.020999226075558725
0.01543760237152595
-0.010246080316719836
-0.006817613616983067
-0.01365071169508246
0.0002461786919867236
0.004432755791365956
-0.02108417921879731
-0.020999226075558725
-0.011974779930624508
0.007119464015295549
-0.008635257172265952
-0.01157791759723056
0.010544866194794765
-0.03391395515354855
0.010256956056449468
-0.01577996702110068
0.017923450323382842
-0.0069040533827654646
-0.007544115757262967
-0.01365071169508246
-0.012869891514652705
-0.013562591674094225
-0.0007550899192930171
-0.0038512373431562634
-0.005157459718740252
0.00047114917627762604
-0.01500069858086842
-0.011974779930624508
-0.011061500706163975
-0.029172530429538743
-0.012683793879803019
-0.029834642232248604
-0.01456307048923179
0.013639983185898558
0.0070672566369840905
-0.011228793084512042
-0.004787942325968199
0.006446753051744114
-0.03496677642578754
0.0015110685384670272
0.02037755919205427
-0.03082178803818723
0.008678781879832472
0.004570480106826336
0.0081106903580662
-0.02108417921879731
-0.01577996702110068
-0.01815031309366956
-0.015612906894691688
-0.004503842896541366
-0.0021222290596555195
-0.008834887069136831
-0.025829671858134808
-0.004384440397382337
0.008234241807213183
0.025029896668701163
-0.015612906894691688
-0.0070683815989978785
-0.023896798246301428
-0.009544121201011519
-0.009210771704616911
-0.004445967631262347
-0.005039605115004785
-0.01561077172755144
-0.006328536734123729
-0.0018051456509373094
-0.009155458315616097
-0.013680289713674115
0.01543760237152595
-0.023896798246301428
0.0003949004793636322
-0.006614000559424742
0.004726123332758906
-0.010554083586416045
-0.0005152702506919547
-0.0070683815989978785
-0.000501800952785242
0.006667724347574148
0.0015110685384670272
0.003915200048952433
-0.013562591674094225
-0.018818255006587504
-0.0023514414582420447
-0.029901365816594236
0.025029896668701163
-0.018445072197884733
-0.02637966230613454
-0.002523540099553673
-0.010729355214887992
-0.011974779930624508
-0.0030339542666361057
-0.011228793084512042
-0.002492134110183021
-0.008834887069136831
-0.020401458612832244
-0.002523540099553673
-0.006514259493081847
0.004432755791365956
0.01923590969363246
-0.012336557766270555
-0.025107385310037134
0.01923590969363246
-0.0070683815989978785
-0.009544121201011519
0.008234241807213183
-0.009330140387080419
-0.011713081223421457
0.011281052775744914
-0.02637966230613454
0.017923450323382842
-0.012869891514652705
-0.01561077172755144
-0.013873905771164121
-0.027452972204021615
-0.014705093289145767
-0.006328536734123729
-0.0020565323915309026
-0.023118213348694093
-0.014399300805607753
-0.005677274225079069
-0.011612241091614671
-0.040716200797313216
-0.02108417921879731
-0.004445967631262347
-0.0034820518614324097
-0.00692172731118162
-0.03935912401121142
0.007119464015295549
-0.002492134110183021
-0.01971656510071686
-0.024333913725269343
-0.004046131563404872
-0.033993683565138204
0.001950927341321612
-0.029172530429538743
0.00628370287479116
-0.013873905771164121
-0.009210771704616911
0.003731689694079821
-0.016547231784854816
-0.041207083865231676
-0.004335817696957245
-0.004046131563404872
-0.004787942325968199
-0.035600861231989134
0.00439219666368099
0.0077831906463105725
0.0015110685384670272
-0.0348395545204752
-0.005039605115004785
-0.024294330814722428
-0.0252363554564731
0.006667724347574148
-0.0074429163235751215
-0.025829671858134808
-0.02637966230613454
-0.03823224370026821
-0.014105023687690314
-0.00374948279404852
-0.02637966230613454
-0.01586215489291654
0.004570480106826336
-0.010714834808459674
-0.0252363554564731
0.0010813559637754743
-0.008198022477859978
-0.008635257172265952
0.005827318935906732
-0.025514726528761852
-0.0007550899192930171
-0.010714834808459674
0.0003949004793636322
-0.0031821283981717076
0.003571612378223606
-0.0074429163235751215
-0.004384440397382337
-0.03734354301998314
-0.005297559576715336
-0.01456307048923179
-0.01971656510071686
0.0003949004793636322
-0.0020565323915309026
-0.010966554399159452
-0.006614000559424742
-0.005157459718740252
-0.01456307048923179
-0.005157459718740252
-0.006258741408637005
-0.010729355214887992
-0.025107385310037134
-0.0069040533827654646
0.002175749018861152
-0.03935912401121142
-0.013680289713674115
-0.006028972632342722
0.02390400111950617
-0.010554083586416045
-0.014552013997706345
-0.02352426317867964
-0.01853347768932425
-0.005157459718740252
-0.012869891514652705
-0.0031821283981717076
-0.03391395515354855
0.009670512202622286
-0.0252363554564731
-0.0008705766528826841
-0.01853347768932425
-0.010909323629361565
-0.020889773986582837
-0.014399300805607753
-0.0008705766528826841
0.017923450323382842
-0.007103863530685172
-0.003828053370864142
-0.01634837600096372
0.008678781879832472
-0.029172530429538743
-0.025514726528761852
0.005020231376771827
-0.0030339542666361057
0.00628370287479116
-0.008967720398763375
-0.027729953765585198
0.025029896668701163
0.007119464015295549
-0.00572327064590456
0.013639983185898558
-0.012037455788732821
-0.012336557766270555
-0.007946892397646422
-0.0069040533827654646
-0.007741543350781769
-0.0008705766528826841
0.0002461786919867236
-0.009330140387080419
-0.025574106192775305
-0.031037621042079588
-0.020889773986582837
-0.011034531282808195
-0.010554083586416045
-0.024294330814722428
0.002175749018861152
-0.031115984148378288
-0.01561077172755144
-0.029172530429538743
-0.02658432538386755
-0.01157791759723056
-0.015298928841133746
-0.006614000559424742
0.006446753051744114
-0.009692464716924766
-0.002492134110183021
0.005685988632495199
-0.02978643807988507
0.0038641310200833376
-0.028972020586795492
-0.007946892397646422
-0.01045459591949655
-0.022181487327088627
-0.014547892529914291
-0.002523540099553673
-0.007103863530685172
-0.00572327064590456
-0.0196848610136583
-0.036392314138688334
-0.016547231784854816
-0.018364449848307925
-0.03935912401121142
-0.010714834808459674
0.0037074943268536843
-0.027729953765585198
0.011281052775744914
-0.012336557766270555
-0.010714834808459674
-0.0031821283981717076
0.0077831906463105725
-0.006827294322439457
-0.020401458612832244
-0.004335817696957245
-0.03699584593213663
-0.009955386088623055
0.0015110685384670272
0.0077831906463105725
0.01923590969363246
-0.005039605115004785
-0.01045459591949655
-0.020999226075558725
-0.033993683565138204
-0.01253235122662833
-0.013498816603900097
-0.014547892529914291
-0.009330140387080419
-0.00572327064590456
-0.008834887069136831
-0.005157459718740252
-0.03496677642578754
-0.0030535372479120935
0.017923450323382842
-0.01157791759723056
0.0002461786919867236
-0.009692464716924766
0.001950927341321612
-0.01815031309366956
-0.005157459718740252
-0.028972020586795492
-0.020285439783180054
0.001950927341321612
-0.004046131563404872
0.003444433486878337
-0.028558384352024676
-0.015298928841133746
0.0081106903580662
0.006667724347574148
0.0081106903580662
-0.009330140387080419
-0.004503842896541366
-0.00021177241935643515
-0.023896798246301428
-0.009816746541883668
0.008060795403763067
-0.023896798246301428
-0.009155458315616097
-0.012683793879803019
-0.031037621042079588
-0.01853347768932425
-0.010966554399159452
-0.025574106192775305
-0.025107385310037134
-0.000501800952785242
-0.004046131563404872
-0.020889773986582837
-0.03734354301998314
-0.005297559576715336
-0.0026082338634745472
-0.021209198275526947
-0.0049552017766412325
0.003731689694079821
-0.01853347768932425
-0.004787942325968199
-0.01853347768932425
-0.014705093289145767
-0.029901365816594236
-0.018364449848307925
-0.024294330814722428
-0.0010388038568127816
-0.0196848610136583
-0.009544121201011519
-0.002905208758199151
-0.01157791759723056
0.019523841868820793
0.0081106903580662
-0.01561077172755144
-0.0008705766528826841
-0.012837569725930654
-0.007946892397646422
-0.01577996702110068
-0.004046131563404872
0.003765811017377876
-0.01586215489291654
-0.004445967631262347
-0.010909323629361565
-0.025598322607194152
-0.014559765291393433
-0.003913755921315715
0.002631145984278381
0.013639983185898558
-0.006258741408637005
0.003731689694079821
0.0015110685384670272
0.001950927341321612
0.01543760237152595
-0.02352426317867964
-0.010966554399159452
-0.029172530429538743
-0.016092920788643328
0.004591686155046297
-0.01253235122662833
-0.004046131563404872
-0.011240917474757252
0.0077655863421651605
-0.01971656510071686
-0.0030535372479120935
-0.003948510453000891
-0.009544121201011519
-0.01500069858086842
-0.007946892397646422
0.0077655863421651605
0.001950927341321612
-0.029834642232248604
-0.004384440397382337
-0.007741543350781769
-0.0005152702506919547
-0.010966554399159452
-0.009955386088623055
-0.004873668050425276
-0.011974779930624508
0.00628370287479116
-0.0252363554564731
0.0070672566369840905
0.007768227850846259
-0.00692172731118162
0.003915200048952433
0.0021035593024984287
-0.008967720398763375
-0.020889773986582837
-0.004445967631262347
-0.013273763967224045
0.003731689694079821
-0.0023514414582420447
-0.0008705766528826841
-0.006817613616983067
-0.031115984148378288
-0.020999226075558725
-0.025574106192775305
-0.002905208758199151
0.010544866194794765
-0.0049552017766412325
-0.029834642232248604
-0.0074429163235751215
0.0003949004793636322
-0.014105023687690314
-0.00692172731118162
-0.0030535372479120935
0.008678781879832472
0.003731689694079821
0.0026259614170678447
-0.010246080316719836
-0.014552013997706345
0.009670512202622286
0.00047114917627762604
-0.011061500706163975
-0.01577996702110068
-0.0005152702506919547
-0.018818255006587504
-0.004787942325968199
-0.023896798246301428
0.0010089993639996518
-0.004873668050425276
-0.009210771704616911
-0.016092920788643328
-0.016868564222723478
-0.029172530429538743
-0.010729355214887992
-0.03699584593213663
-0.0020565323915309026
-0.01365071169508246
0.008678781879832472
0.017923450323382842
-0.025598322607194152
0.003915200048952433
-0.002492134110183021
-0.02658432538386755
-0.03734354301998314
-0.0010388038568127816
-0.011713081223421457
-0.012664272359205322
-0.006028972632342722
-0.0142716821703824
0.002631145984278381
-0.010248806193580831
-0.02637966230613454
0.002175749018861152
-0.01561077172755144
-0.024333913725269343
-0.010966554399159452
-0.004046131563404872
0.013639983185898558
-0.029834642232248604
-0.008198022477859978
0.004591686155046297
-0.016868564222723478
-0.012664272359205322
-0.03391395515354855
0.004432755791365956
-0.010409089657848368
0.00628370287479116
0.011281052775744914
0.0077831906463105725
-0.0034820518614324097
-0.007983544649516143
-0.004445967631262347
0.01543760237152595
-0.015612906894691688
-0.012837569725930654
-0.011228793084512042
-0.010248806193580831
-0.003828053370864142
-0.012837569725930654
-0.025598322607194152
-0.027729953765585198
-0.0196848610136583
0.005020231376771827
-0.009692464716924766
0.004570480106826336
-0.002492134110183021
0.008060795403763067
-0.0077484083127506275
-0.011038116314555674
-0.01045459591949655
0.005685988632495199
-0.010966554399159452
0.025029896668701163
0.0026259614170678447
-0.000501800952785242
-0.03496677642578754
-0.0069040533827654646
-0.010909323629361565
-0.008716574622206184
-0.01586215489291654
-0.007946892397646422
-0.022181487327088627
-0.024294330814722428
0.01923590969363246
-0.0077484083127506275
-0.011974779930624508
-0.011713081223421457
-0.010826832850873441
-0.006817613616983067
0.013639983185898558
0.003915200048952433
-0.021209198275526947
-0.014552013997706345
-0.02637966230613454
-0.005157459718740252
-0.01253235122662833
0.00047114917627762604
0.017923450323382842
0.018170404348630778
0.0010089993639996518
0.0003949004793636322
-0.004384440397382337
0.007119464015295549
-0.0038512373431562634
-0.0008705766528826841
-0.041207083865231676
-0.013873905771164121
0.002631145984278381
-0.01561077172755144
-0.025829671858134808
-0.0069040533827654646
-0.014705093289145767
-0.031037621042079588
-0.0142716821703824
-0.015298928841133746
-0.003948510453000891
0.003444433486878337
-0.004503842896541366
-0.01561077172755144
-0.0026082338634745472
-0.031115984148378288
-0.025598322607194152
-0.008635257172265952
-0.004046131563404872
-0.003948510453000891
0.003444433486878337
-0.01365071169508246
-0.002523540099553673
-0.025514726528761852
-0.011974779930624508
-0.008967720398763375
-0.023896798246301428
-0.025574106192775305
-0.014105023687690314
-0.025514726528761852
-0.03178865803418714
0.004570480106826336
-0.03550401407495359
0.0077655863421651605
-0.0252363554564731
-0.027452972204021615
0.0010089993639996518
-0.03082178803818723
-0.0030535372479120935
-0.0020565323915309026
-0.007946892397646422
-0.033993683565138204
-0.01290357601013932
-0.011061500706163975
-0.040716200797313216
0.004432755791365956
0.00439219666368099
0.0038641310200833376
-0.020999226075558725
-0.006817613616983067
-0.011713081223421457
-0.022181487327088627
0.019523841868820793
-0.0007550899192930171
-0.01561077172755144
0.0006024808377464253
-0.008716574622206184
-0.007544115757262967
0.0010089993639996518
-0.007544115757262967
0.003571612378223606
-0.01253235122662833
0.003915200048952433
0.0010089993639996518
-0.009692464716924766
-0.011612241091614671
0.003571612378223606
-0.003913755921315715
-0.004335817696957245
0.0081106903580662
-0.024294330814722428
-0.002523540099553673
-0.014399300805607753
0.003444433486878337
-0.012683793879803019
-0.011038116314555674
-0.020285439783180054
-0.013562591674094225
-0.0030339542666361057
-0.029172530429538743
-0.013680289713674115
0.0038641310200833376
-0.010966554399159452
-0.031037621042079588
-0.004046131563404872
-0.01582426658219394
-0.041207083865231676
-0.01815031309366956
-0.009210771704616911
-0.01365071169508246
-0.007741543350781769
-0.011702904482184742
-0.005157459718740252
0.009670512202622286
-0.003828053370864142
-0.009330140387080419
-0.003828053370864142
-0.010966554399159452
-0.0007550899192930171
-0.014559765291393433
0.018170404348630778
0.0077831906463105725
0.010256956056449468
0.0038641310200833376
0.0035339399920900614
-0.002523540099553673
-0.02658432538386755
-0.031115984148378288
-0.025107385310037134
-0.0034820518614324097
-0.020999226075558725
0.01543760237152595
-0.009330140387080419
0.018170404348630778
-0.0074429163235751215
-0.025829671858134808
-0.022181487327088627
-0.002905208758199151
-0.0030339542666361057
-0.002492134110183021
-0.004384440397382337
0.005020231376771827
-0.009210771704616911
0.0010089993639996518
0.0021035593024984287
0.0010089993639996518
-0.011038116314555674
-0.007983544649516143
0.011281052775744914
-0.011702904482184742
-0.01586215489291654
-0.035600861231989134
-0.024333913725269343
-0.0031821283981717076
-0.03734354301998314
-0.012336557766270555
-0.018445072197884733
-0.009816746541883668
-0.0077484083127506275
-0.012869891514652705
-0.005677274225079069
-0.007103863530685172
0.018170404348630778
0.008234241807213183
-0.031115984148378288
-0.003828053370864142
-0.0020565323915309026
-0.0007550899192930171
-0.01815031309366956
-0.0252363554564731
-0.010409089657848368
-0.0077484083127506275
0.019523841868820793
-0.012336557766270555
0.005827318935906732
0.019523841868820793
-0.009210771704616911
-0.008716574622206184
0.025029896668701163
-0.01853347768932425
0.0010089993639996518
-0.011612241091614671
-0.011702904482184742
0.0010089993639996518
-0.029172530429538743
-0.014399300805607753
-0.013498816603900097
-0.024333913725269343
-0.00692172731118162
-0.028558384352024676
-0.011038116314555674
-0.028972020586795492
-0.028972020586795492
-0.006827294322439457
-0.029834642232248604
-0.012837569725930654
-0.016547231784854816
0.010256956056449468
-0.010409089657848368
0.0077655863421651605
-0.02978643807988507
-0.020285439783180054
-0.02658432538386755
-0.006328536734123729
0.004591686155046297
-0.02352426317867964
-0.004445967631262347
-0.007300946310061721
-0.0049552017766412325
0.0077655863421651605
-0.01815031309366956
-0.012683793879803019
0.001950927341321612
-0.02108417921879731
-0.015298928841133746
-0.01157791759723056
-0.0005152702506919547
-0.006514259493081847
-0.040716200797313216
-0.0196848610136583
0.0077831906463105725
-0.0005152702506919547
-0.02352426317867964
-0.024333913725269343
-0.014547892529914291
0.002631145984278381
-0.006028972632342722
-0.007103863530685172
-0.025829671858134808
-0.020999226075558725
0.004591686155046297
-0.01815031309366956
0.003765811017377876
-0.012336557766270555
0.008678781879832472
-0.01056215840358754
-0.0077484083127506275
-0.0348395545204752
0.005827318935906732
-0.0077484083127506275
-0.01500069858086842
-0.0010388038568127816
-0.0031821283981717076
-0.009210771704616911
-0.0074429163235751215
-0.00572327064590456
0.008678781879832472
-0.0007550899192930171
-0.01732636343928604
-0.005297559576715336
-0.010246080316719836
-0.01732636343928604
-0.01815031309366956
-0.0069040533827654646
0.02037755919205427
-0.027452972204021615
-0.010966554399159452
-0.003913755921315715
-0.014552013997706345
-0.007103863530685172
-0.014105023687690314
-0.012336557766270555
