0.015538982619079636
-0.0075036899832908455
-0.0002227046405855359
-0.015903600441120117
0.009765570559746367
-0.049186324076287896
-0.018693246904478412
-0.015903600441120117
-0.010439076848068754
-0.015215923255720208
-0.0002227046405855359
-0.0028955332860538083
-0.004902356310381497
-0.0002227046405855359
-0.0032383020719978397
-0.0028654374267044077
-0.015903600441120117
-0.0002227046405855359
-0.0028654374267044077
-0.00829068483344216
-0.015215923255720208
-0.00829068483344216
-0.010439076848068754
-0.0075036899832908455
-0.00829068483344216
-0.004902356310381497
-0.027626408187725562
-0.03255931287765769
-0.03392943062381567
0.02154254943323234
-0.020409260855376695
-0.018693246904478412
-0.02063755987194455
-0.03255931287765769
-0.0091025995198656
-0.015215923255720208
-0.0028955332860538083
-0.0075036899832908455
-0.015903600441120117
-0.03255931287765769
-0.015215923255720208
-0.0075036899832908455
-0.00937535358239576
-0.027626408187725562
-0.015903600441120117
0.009765570559746367
-0.01135378952328963
-0.02443751062096208
-0.01135378952328963
-0.02232814050290404
-0.002923950863654846
-0.00937535358239576
-0.020409260855376695
-0.010545179085872027
-0.0091025995198656
-0.010545179085872027
-0.018693246904478412
-0.00937535358239576
-0.0028955332860538083
0.009765570559746367
-0.03255931287765769
-0.00829068483344216
-0.03392943062381567
-0.00829068483344216
-0.00937535358239576
-0.002206279631757068
-0.018693246904478412
-0.0028654374267044077
-0.015215923255720208
-0.01135378952328963
-0.0032383020719978397
-0.002923950863654846
0.015538982619079636
-0.015215923255720208
-0.018693246904478412
-0.0028654374267044077
-0.002923950863654846
-0.0028654374267044077
-0.015215923255720208
-0.015903600441120117
-0.00914831448960428
-0.02063755987194455
0.009765570559746367
-0.015903600441120117
-0.02359367594765128
-0.049186324076287896
-0.002206279631757068
-0.02359367594765128
-0.00914831448960428
0.02154254943323234
-0.01135378952328963
-0.02063755987194455
-0.010545179085872027
-0.00829068483344216
-0.03255931287765769
0.027069429940575745
-0.00829068483344216
-0.020409260855376695
-0.03255931287765769
-0.0002227046405855359
-0.02443751062096208
0.009765570559746367
-0.02359367594765128
-0.02359367594765128
-0.0201680452228686
0.0018458295921024786
-0.010545179085872027
-0.03255931287765769
-0.027626408187725562
-0.0091025995198656
0.015538982619079636
-0.0002227046405855359
-0.02443751062096208
0.027069429940575745
-0.03255931287765769
-0.03255931287765769
0.0018458295921024786
-0.015215923255720208
-0.018693246904478412
-0.023484360579274624
-0.0032383020719978397
-0.002923950863654846
0.0018458295921024786
-0.02359367594765128
-0.00937535358239576
-0.0032383020719978397
-0.0002227046405855359
0.027069429940575745
-0.0029422250369987293
-0.03392943062381567
-0.02232814050290404
-0.03392943062381567
0.009765570559746367
-0.03255931287765769
-0.027626408187725562
-0.02063755987194455
-0.027626408187725562
-0.00937535358239576
-0.02823895319289623
-0.00914831448960428
-0.0002227046405855359
-0.00914831448960428
-0.0002227046405855359
-0.002923950863654846
-0.03255931287765769
-0.00937535358239576
-0.00914831448960428
-0.03255931287765769
-0.0075036899832908455
-0.02232814050290404
-0.027626408187725562
-0.02063755987194455
-0.020409260855376695
0.027069429940575745
0.009765570559746367
-0.015903600441120117
-0.015903600441120117
-0.02232814050290404
-0.0091025995198656
-0.01135378952328963
-0.004902356310381497
-0.0091025995198656
0.027069429940575745
-0.010439076848068754
-0.00829068483344216
-0.0028955332860538083
-0.02232814050290404
-0.0075036899832908455
-0.020409260855376695
-0.049186324076287896
-0.0075036899832908455
-0.02823895319289623
0.02154254943323234
-0.0032383020719978397
-0.02232814050290404
-0.049186324076287896
-0.0201680452228686
-0.020409260855376695
-0.010439076848068754
-0.0032383020719978397
-0.00937535358239576
0.02154254943323234
-0.004902356310381497
-0.002206279631757068
-0.0075036899832908455
-0.0028955332860538083
-0.023484360579274624
-0.00914831448960428
0.015538982619079636
-0.03392943062381567
-0.004902356310381497
-0.0002227046405855359
-0.02443751062096208
-0.027626408187725562
-0.0002227046405855359
-0.02232814050290404
-0.02823895319289623
-0.0032383020719978397
-0.00914831448960428
-0.0028955332860538083
-0.01135378952328963
0.009765570559746367
-0.015903600441120117
-0.02823895319289623
-0.027626408187725562
-0.004902356310381497
-0.0032383020719978397
-0.027626408187725562
-0.00829068483344216
-0.0032383020719978397
-0.0028654374267044077
-0.02232814050290404
-0.002206279631757068
-0.027626408187725562
-0.02443751062096208
-0.020409260855376695
0.015538982619079636
-0.02063755987194455
-0.020409260855376695
-0.00937535358239576
-0.018693246904478412
-0.018693246904478412
-0.02359367594765128
-0.0028654374267044077
0.027069429940575745
-0.004902356310381497
-0.02232814050290404
-0.0002227046405855359
-0.00914831448960428
-0.02823895319289623
-0.0201680452228686
-0.0201680452228686
-0.00829068483344216
-0.0075036899832908455
-0.00937535358239576
-0.0075036899832908455
-0.03392943062381567
-0.015215923255720208
-0.020409260855376695
0.0018458295921024786
-0.010545179085872027
0.015538982619079636
0.009765570559746367
-0.0002227046405855359
-0.02443751062096208
-0.0002227046405855359
-0.0002227046405855359
-0.002206279631757068
-0.0028654374267044077
0.027069429940575745
-0.01135378952328963
-0.0091025995198656
-0.0028955332860538083
-0.0028654374267044077
-0.0032383020719978397
-0.010545179085872027
-0.00914831448960428
-0.015903600441120117
-0.023484360579274624
-0.0201680452228686
-0.023484360579274624
-0.004902356310381497
-0.00937535358239576
-0.02359367594765128
0.02154254943323234
0.0018458295921024786
-0.01135378952328963
-0.004902356310381497
-0.018693246904478412
0.0018458295921024786
-0.0028955332860538083
0.02154254943323234
-0.0201680452228686
0.02154254943323234
-0.00829068483344216
-0.00914831448960428
-0.0201680452228686
-0.00829068483344216
-0.018693246904478412
-0.00829068483344216
-0.0029422250369987293
-0.02359367594765128
-0.018693246904478412
-0.0028654374267044077
-0.02232814050290404
-0.020409260855376695
-0.00937535358239576
-0.015903600441120117
-0.00937535358239576
-0.027626408187725562
-0.010545179085872027
-0.0002227046405855359
-0.0075036899832908455
0.027069429940575745
-0.010439076848068754
-0.002206279631757068
-0.0075036899832908455
-0.027626408187725562
-0.0201680452228686
-0.015903600441120117
-0.023484360579274624
-0.0028654374267044077
-0.0028955332860538083
-0.02823895319289623
-0.027626408187725562
-0.0201680452228686
-0.010439076848068754
-0.015215923255720208
-0.018693246904478412
-0.015903600441120117
-0.0075036899832908455
-0.027626408187725562
-0.010439076848068754
-0.0201680452228686
-0.0091025995198656
-0.0201680452228686
-0.02232814050290404
-0.02443751062096208
-0.015215923255720208
-0.002923950863654846
-0.02063755987194455
0.0018458295921024786
-0.0028654374267044077
-0.0091025995198656
0.015538982619079636
-0.015215923255720208
-0.0201680452228686
-0.002923950863654846
-0.004902356310381497
0.027069429940575745
-0.015903600441120117
-0.0028654374267044077
0.0018458295921024786
-0.002923950863654846
0.0018458295921024786
-0.010439076848068754
-0.02443751062096208
-0.03255931287765769
-0.0201680452228686
-0.018693246904478412
-0.0201680452228686
-0.00937535358239576
0.02154254943323234
-0.02443751062096208
-0.02232814050290404
-0.02443751062096208
-0.02232814050290404
-0.00829068483344216
-0.00829068483344216
0.015538982619079636
-0.023484360579274624
-0.00914831448960428
-0.03392943062381567
-0.020409260855376695
-0.0028955332860538083
-0.0029422250369987293
-0.02823895319289623
-0.02063755987194455
-0.0029422250369987293
0.027069429940575745
-0.00914831448960428
0.027069429940575745
-0.03255931287765769
0.009765570559746367
-0.02232814050290404
-0.02359367594765128
0.0018458295921024786
-0.0032383020719978397
-0.015903600441120117
-0.02232814050290404
-0.02063755987194455
-0.02443751062096208
-0.03392943062381567
-0.015215923255720208
-0.015215923255720208
-0.02823895319289623
0.027069429940575745
0.027069429940575745
-0.002923950863654846
-0.0075036899832908455
-0.049186324076287896
-0.0028654374267044077
-0.0028654374267044077
-0.03255931287765769
-0.023484360579274624
-0.015215923255720208
-0.010439076848068754
-0.010439076848068754
-0.01135378952328963
-0.0075036899832908455
-0.049186324076287896
0.027069429940575745
-0.020409260855376695
-0.0201680452228686
-0.023484360579274624
-0.027626408187725562
-0.0029422250369987293
-0.015215923255720208
-0.0028955332860538083
-0.002923950863654846
-0.02443751062096208
-0.020409260855376695
-0.02232814050290404
-0.00937535358239576
-0.010545179085872027
-0.004902356310381497
-0.01135378952328963
-0.02063755987194455
-0.02359367594765128
-0.02823895319289623
0.027069429940575745
0.009765570559746367
0.02154254943323234
0.0018458295921024786
0.02154254943323234
-0.03392943062381567
-0.002206279631757068
-0.049186324076287896
0.009765570559746367
-0.0028955332860538083
-0.004902356310381497
-0.015903600441120117
-0.0032383020719978397
-0.020409260855376695
-0.027626408187725562
-0.0032383020719978397
-0.0201680452228686
-0.010545179085872027
-0.027626408187725562
-0.0075036899832908455
-0.0091025995198656
-0.020409260855376695
-0.02063755987194455
-0.004902356310381497
0.0018458295921024786
-0.0032383020719978397
-0.00937535358239576
0.027069429940575745
-0.004902356310381497
0.009765570559746367
-0.004902356310381497
-0.015903600441120117
-0.0091025995198656
-0.027626408187725562
-0.015903600441120117
-0.0075036899832908455
-0.02232814050290404
0.02154254943323234
-0.0028955332860538083
-0.00937535358239576
-0.02359367594765128
-0.03392943062381567
-0.004902356310381497
-0.049186324076287896
-0.010439076848068754
-0.02823895319289623
-0.0029422250369987293
0.015538982619079636
-0.027626408187725562
-0.002923950863654846
-0.0029422250369987293
0.02154254943323234
-0.004902356310381497
-0.002923950863654846
-0.02232814050290404
0.015538982619079636
-0.0075036899832908455
-0.03255931287765769
-0.03392943062381567
-0.01135378952328963
-0.0201680452228686
-0.027626408187725562
-0.02063755987194455
-0.01135378952328963
-0.002923950863654846
-0.023484360579274624
-0.0028955332860538083
-0.03255931287765769
-0.0028955332860538083
-0.02232814050290404
-0.015215923255720208
-0.0032383020719978397
-0.002206279631757068
-0.02063755987194455
-0.0091025995198656
-0.00829068483344216
-0.03255931287765769
-0.02359367594765128
-0.002206279631757068
-0.0032383020719978397
-0.00914831448960428
-0.002206279631757068
-0.010439076848068754
-0.027626408187725562
-0.004902356310381497
-0.015903600441120117
-0.027626408187725562
-0.049186324076287896
-0.015903600441120117
-0.00829068483344216
-0.049186324076287896
0.0018458295921024786
0.009765570559746367
-0.027626408187725562
-0.027626408187725562
-0.0028654374267044077
-0.02232814050290404
-0.02063755987194455
0.02154254943323234
-0.023484360579274624
-0.02443751062096208
-0.010545179085872027
-0.010545179085872027
-0.00914831448960428
-0.03255931287765769
-0.0032383020719978397
0.0018458295921024786
-0.023484360579274624
-0.00937535358239576
-0.03255931287765769
-0.02063755987194455
-0.02443751062096208
0.009765570559746367
-0.03392943062381567
-0.002923950863654846
-0.010545179085872027
-0.002923950863654846
-0.02443751062096208
-0.023484360579274624
-0.00914831448960428
-0.004902356310381497
-0.0075036899832908455
-0.02359367594765128
-0.0091025995198656
0.027069429940575745
-0.015215923255720208
-0.027626408187725562
-0.015215923255720208
-0.010545179085872027
-0.027626408187725562
-0.004902356310381497
-0.002206279631757068
-0.00914831448960428
-0.02232814050290404
-0.020409260855376695
-0.03255931287765769
-0.002206279631757068
-0.010545179085872027
-0.01135378952328963
-0.015903600441120117
-0.004902356310381497
0.009765570559746367
-0.049186324076287896
-0.0028955332860538083
-0.02823895319289623
-0.002206279631757068
-0.0032383020719978397
-0.0075036899832908455
-0.0028654374267044077
-0.0028654374267044077
0.027069429940575745
0.009765570559746367
-0.00914831448960428
-0.023484360579274624
-0.015215923255720208
-0.0075036899832908455
-0.0028654374267044077
-0.03392943062381567
-0.02232814050290404
-0.00937535358239576
-0.02232814050290404
-0.03392943062381567
-0.0032383020719978397
-0.01135378952328963
-0.020409260855376695
0.027069429940575745
-0.00914831448960428
0.02154254943323234
-0.049186324076287896
0.02154254943323234
-0.004902356310381497
-0.020409260855376695
-0.049186324076287896
-0.023484360579274624
-0.020409260855376695
-0.0032383020719978397
-0.0002227046405855359
-0.00829068483344216
0.02154254943323234
-0.002923950863654846
-0.02443751062096208
-0.0028955332860538083
0.0018458295921024786
0.015538982619079636
-0.00829068483344216
-0.002206279631757068
-0.002206279631757068
-0.018693246904478412
-0.0002227046405855359
-0.02443751062096208
-0.002206279631757068
-0.0075036899832908455
-0.02443751062096208
-0.02443751062096208
-0.0075036899832908455
-0.018693246904478412
-0.023484360579274624
-0.049186324076287896
-0.03392943062381567
-0.00914831448960428
0.02154254943323234
-0.02232814050290404
-0.015903600441120117
0.015538982619079636
-0.00914831448960428
-0.02063755987194455
-0.01135378952328963
-0.03392943062381567
0.02154254943323234
-0.0002227046405855359
0.0018458295921024786
-0.0028654374267044077
-0.010545179085872027
-0.0075036899832908455
-0.0201680452228686
-0.002923950863654846
-0.0029422250369987293
-0.02443751062096208
-0.02232814050290404
-0.015215923255720208
-0.010439076848068754
0.0018458295921024786
-0.0002227046405855359
-0.00829068483344216
-0.010545179085872027
-0.049186324076287896
-0.00914831448960428
0.027069429940575745
-0.0075036899832908455
-0.027626408187725562
-0.002206279631757068
-0.00829068483344216
-0.02232814050290404
-0.0028654374267044077
-0.0002227046405855359
-0.00914831448960428
-0.004902356310381497
-0.03392943062381567
-0.02823895319289623
-0.00829068483344216
-0.0091025995198656
-0.0002227046405855359
-0.03255931287765769
-0.02232814050290404
-0.004902356310381497
-0.0028955332860538083
-0.018693246904478412
-0.010439076848068754
-0.004902356310381497
-0.027626408187725562
-0.02359367594765128
-0.002923950863654846
0.009765570559746367
-0.0002227046405855359
-0.01135378952328963
-0.02823895319289623
0.009765570559746367
-0.0032383020719978397
-0.010439076848068754
-0.02443751062096208
-0.0075036899832908455
-0.0002227046405855359
0.027069429940575745
-0.03392943062381567
-0.020409260855376695
-0.010439076848068754
0.02154254943323234
-0.027626408187725562
-0.018693246904478412
-0.0028955332860538083
-0.02063755987194455
-0.00937535358239576
-0.01135378952328963
-0.0002227046405855359
-0.0028654374267044077
-0.004902356310381497
-0.0028955332860538083
-0.03392943062381567
-0.004902356310381497
0.015538982619079636
-0.0091025995198656
-0.0029422250369987293
-0.0032383020719978397
-0.0091025995198656
-0.002206279631757068
-0.03392943062381567
-0.010439076848068754
-0.020409260855376695
-0.03392943062381567
-0.002923950863654846
-0.00829068483344216
0.015538982619079636
-0.010545179085872027
-0.004902356310381497
0.027069429940575745
-0.015903600441120117
0.0018458295921024786
-0.027626408187725562
-0.02823895319289623
-0.015215923255720208
-0.0075036899832908455
-0.00937535358239576
-0.0028955332860538083
-0.018693246904478412
-0.00937535358239576
-0.00914831448960428
-0.010439076848068754
-0.015215923255720208
-0.03392943062381567
-0.049186324076287896
-0.01135378952328963
-0.015903600441120117
-0.015215923255720208
-0.023484360579274624
-0.0029422250369987293
-0.00829068483344216
-0.015215923255720208
-0.03255931287765769
-0.049186324076287896
0.02154254943323234
-0.0075036899832908455
-0.0032383020719978397
-0.02232814050290404
-0.02443751062096208
-0.0028654374267044077
-0.02232814050290404
-0.049186324076287896
-0.0028654374267044077
-0.03255931287765769
-0.0028955332860538083
-0.010439076848068754
0.009765570559746367
-0.049186324076287896
-0.010439076848068754
-0.023484360579274624
-0.0028955332860538083
-0.02823895319289623
0.027069429940575745
-0.027626408187725562
-0.010439076848068754
-0.018693246904478412
-0.0201680452228686
-0.0029422250369987293
-0.049186324076287896
-0.02823895319289623
-0.01135378952328963
-0.010545179085872027
-0.018693246904478412
-0.02063755987194455
-0.0029422250369987293
-0.02359367594765128
-0.015215923255720208
-0.02823895319289623
-0.018693246904478412
-0.023484360579274624
-0.03255931287765769
-0.00914831448960428
-0.0029422250369987293
-0.002923950863654846
-0.00914831448960428
-0.018693246904478412
-0.027626408187725562
-0.002923950863654846
0.009765570559746367
-0.01135378952328963
-0.004902356310381497
-0.02063755987194455
0.02154254943323234
-0.02443751062096208
-0.02823895319289623
-0.02823895319289623
-0.002923950863654846
-0.02443751062096208
0.0018458295921024786
-0.010545179085872027
-0.03392943062381567
-0.02359367594765128
-0.002206279631757068
-0.020409260855376695
-0.015215923255720208
-0.018693246904478412
0.027069429940575745
-0.049186324076287896
0.0018458295921024786
-0.02443751062096208
-0.0091025995198656
-0.004902356310381497
-0.0201680452228686
-0.02063755987194455
-0.015903600441120117
-0.01135378952328963
-0.00914831448960428
-0.0002227046405855359
-0.01135378952328963
-0.0028955332860538083
-0.02232814050290404
-0.02232814050290404
-0.0002227046405855359
-0.03392943062381567
-0.02823895319289623
-0.015903600441120117
0.015538982619079636
-0.002923950863654846
0.009765570559746367
-0.002923950863654846
-0.0029422250369987293
-0.0201680452228686
0.02154254943323234
-0.049186324076287896
-0.0075036899832908455
-0.0002227046405855359
-0.0091025995198656
-0.0028654374267044077
-0.03255931287765769
-0.00829068483344216
-0.010439076848068754
0.027069429940575745
-0.0028955332860538083
-0.02823895319289623
-0.010545179085872027
-0.0075036899832908455
0.015538982619079636
-0.0002227046405855359
0.027069429940575745
0.027069429940575745
-0.018693246904478412
-0.02823895319289623
-0.018693246904478412
-0.018693246904478412
-0.00914831448960428
-0.027626408187725562
-0.0091025995198656
-0.0201680452228686
-0.002206279631757068
-0.00937535358239576
-0.015215923255720208
0.015538982619079636
-0.02443751062096208
-0.002206279631757068
0.009765570559746367
0.009765570559746367
-0.0028654374267044077
-0.0029422250369987293
-0.049186324076287896
-0.023484360579274624
-0.010439076848068754
-0.0002227046405855359
-0.020409260855376695
-0.0201680452228686
-0.0028654374267044077
-0.004902356310381497
0.0018458295921024786
-0.0032383020719978397
-0.015215923255720208
-0.018693246904478412
-0.027626408187725562
-0.0029422250369987293
-0.0201680452228686
-0.010439076848068754
-0.03392943062381567
-0.02443751062096208
-0.02443751062096208
-0.018693246904478412
-0.03255931287765769
0.015538982619079636
-0.03255931287765769
-0.0028654374267044077
-0.00914831448960428
-0.015903600441120117
0.009765570559746367
-0.0075036899832908455
-0.002923950863654846
-0.010439076848068754
0.015538982619079636
-0.002206279631757068
-0.002206279631757068
-0.004902356310381497
-0.020409260855376695
-0.03255931287765769
-0.0075036899832908455
-0.0032383020719978397
-0.00914831448960428
-0.02443751062096208
-0.015215923255720208
-0.010439076848068754
-0.018693246904478412
0.015538982619079636
0.02154254943323234
-0.00937535358239576
-0.0201680452228686
-0.0201680452228686
-0.03255931287765769
-0.004902356310381497
-0.0029422250369987293
0.009765570559746367
0.009765570559746367
-0.0201680452228686
-0.027626408187725562
0.02154254943323234
0.009765570559746367
-0.03255931287765769
0.009765570559746367
-0.010545179085872027
-0.0201680452228686
-0.049186324076287896
-0.015903600441120117
-0.02232814050290404
-0.02063755987194455
-0.023484360579274624
-0.0028955332860538083
-0.015903600441120117
-0.00914831448960428
-0.004902356310381497
-0.02232814050290404
-0.0075036899832908455
-0.0028654374267044077
-0.0201680452228686
-0.02823895319289623
-0.049186324076287896
-0.010545179085872027
0.015538982619079636
0.015538982619079636
-0.018693246904478412
-0.00829068483344216
-0.0028654374267044077
0.0018458295921024786
-0.0028955332860538083
-0.0029422250369987293
-0.0201680452228686
-0.0075036899832908455
-0.02823895319289623
-0.0029422250369987293
-0.0091025995198656
-0.015215923255720208
-0.020409260855376695
-0.00914831448960428
-0.018693246904478412
-0.0002227046405855359
-0.018693246904478412
-0.0028654374267044077
-0.00937535358239576
-0.03392943062381567
-0.0032383020719978397
-0.010439076848068754
-0.0075036899832908455
-0.03392943062381567
-0.02443751062096208
-0.00937535358239576
0.027069429940575745
-0.0028955332860538083
0.009765570559746367
0.0018458295921024786
-0.0032383020719978397
-0.02823895319289623
-0.02063755987194455
-0.004902356310381497
-0.03255931287765769
-0.049186324076287896
-0.02823895319289623
-0.0029422250369987293
0.02154254943323234
0.02154254943323234
-0.0028955332860538083
-0.00914831448960428
-0.004902356310381497
-0.02359367594765128
-0.02359367594765128
-0.0091025995198656
-0.002923950863654846
-0.023484360579274624
-0.0091025995198656
0.0018458295921024786
-0.010545179085872027
-0.0091025995198656
-0.002923950863654846
-0.02063755987194455
0.009765570559746367
-0.023484360579274624
-0.010545179085872027
-0.0075036899832908455
-0.020409260855376695
-0.0032383020719978397
-0.004902356310381497
-0.015903600441120117
0.02154254943323234
-0.02232814050290404
-0.015215923255720208
-0.015215923255720208
-0.002923950863654846
-0.002206279631757068
