-0.023489427179495256
0.00713041638841634
-0.0031509433288388483
-0.00737334904944616
-0.013362072979823829
-0.0017373681148761745
-0.00918150258248483
-0.009262982476860691
0.002635405702954066
-2.337016468247448e-05
-0.002138346381923661
-0.0031060749051667518
-0.035380483400163865
-0.009262982476860691
-2.337016468247448e-05
0.011944408940091699
-0.005299673077043755
-0.04112684133899311
0.010839672558142966
-0.013362072979823829
-0.031205190809743703
-0.006607108480655778
-0.017237914305352927
-0.019445803877515197
-0.001539481660318071
-0.00753220966657708
-0.006397612263903465
-0.006397612263903465
-0.021544467365707587
-0.01033965920414151
-0.013362072979823829
-0.011137856493848186
-0.01033965920414151
-0.030127920683194667
-0.029024436514731695
-0.012723382762718536
-0.00048064521284535525
-0.00934394525219413
-0.00934394525219413
-0.0047982168088060405
-0.014026782906154786
-0.012143621352606906
0.005032836162901994
-0.017237914305352927
-0.03245272909947441
-0.02262761971038162
-0.005764586527998688
-0.030127920683194667
0.005885602756115734
0.024723521984563162
0.0024899517609842992
-0.040484931762205946
-0.016640649113216284
-0.007074969297654187
-0.010058833765360386
0.0001375194064564923
-0.019445803877515197
-0.015986324572870705
-0.00934394525219413
-0.021544467365707587
-0.001539481660318071
-0.0047982168088060405
-0.002138346381923661
-0.004653192907434325
-0.012264529078261636
0.0008365921002539143
-0.037815664992191654
-0.023489427179495256
-0.011137856493848186
-0.02428232375642443
-0.017138984213792924
-0.009789994413032865
-0.014550837286885908
-0.031205190809743703
-0.01778228596289227
0.0034829778794041527
0.00713041638841634
-0.0069164291516476085
-0.024033837244938606
-0.01792533452364645
0.006320211298707117
-0.015988392160984546
-0.04106203687046335
-0.012826034833455022
0.012698321321755508
-0.00918150258248483
-0.024033837244938606
-0.014767617129800275
-0.02428232375642443
-0.012410865721596229
-0.005764586527998688
-0.025525782040127915
-0.011137856493848186
-0.012826034833455022
-0.0027117140093977413
-0.029024436514731695
-0.011788677819933192
-0.011137856493848186
-0.01778228596289227
-0.03938117460229474
-0.004653192907434325
-0.012410865721596229
0.006302580264078957
-0.017562523685514458
-0.019445803877515197
-0.031205190809743703
0.0041724044504763014
-0.02034992456518979
-0.015687558516993754
-0.0031060749051667518
-0.00918150258248483
-0.0151828905561669
-0.0029886189646982334
-0.011788677819933192
-0.0013342416845039658
0.0001375194064564923
-0.010581515871531753
0.0014184102291172336
-0.02066074236814408
-0.01033965920414151
-0.00934394525219413
-0.012143621352606906
0.0019821278356101945
-0.005764586527998688
-0.006607108480655778
-0.04112684133899311
-0.011703175696536094
-0.020637559660145827
0.02087349467682145
-0.010581515871531753
-0.016713972887815693
-0.04106203687046335
-0.01607289490655543
-0.040891099339227105
-0.025525782040127915
-0.020557927473895485
0.010839672558142966
0.0019821278356101945
-0.015988392160984546
0.010839672558142966
-0.0031509433288388483
-0.01587122404919018
-0.02034992456518979
-0.015654434918833462
-0.01279275627133274
0.006243186261728585
-0.0029886189646982334
-0.004653192907434325
-0.017918941864218677
-0.013486336761152094
-0.004566158695981126
-0.018978803701614068
-0.005299673077043755
-0.004653192907434325
0.014788117925790102
0.00713041638841634
-0.023707686308616957
-0.0013342416845039658
-0.004653192907434325
0.002635405702954066
-0.030127920683194667
-0.040891099339227105
-0.023906961228157785
-0.017237914305352927
-0.015687558516993754
-0.008135299179336516
-0.020557927473895485
0.0001375194064564923
0.009143495068052827
-0.014767617129800275
-0.05014973624992316
0.014788117925790102
0.001734223074617051
0.02087349467682145
-0.020637559660145827
-0.0031509433288388483
-0.016713972887815693
-0.016640649113216284
-0.011788677819933192
-0.01033965920414151
0.0001375194064564923
-0.0013342416845039658
-0.0027117140093977413
0.02087349467682145
0.009143495068052827
-0.010581515871531753
-0.0308837933314046
-0.0047982168088060405
0.0014184102291172336
-0.031205190809743703
-0.00753220966657708
-0.0031509433288388483
-0.016640649113216284
-0.035380483400163865
-0.02039851718780703
0.01432906318561431
-0.015687558516993754
-0.02428232375642443
-0.013929680309158796
-0.0217423504662892
-0.016713972887815693
-0.030127920683194667
-0.013362072979823829
-0.0027117140093977413
-0.0308837933314046
-0.01587122404919018
-0.0069164291516476085
-0.003120765475375537
0.001734223074617051
-0.00048064521284535525
-2.337016468247448e-05
-0.019166383364036456
-0.014026782906154786
-0.00918150258248483
-0.012826034833455022
-0.00048064521284535525
-0.009732550405446573
-0.02066074236814408
-0.013843042234679264
-0.05014973624992316
-0.025525782040127915
-0.016640649113216284
0.005885602756115734
-0.015986324572870705
-0.01693147857333697
-0.00918150258248483
-0.005299673077043755
-0.0031509433288388483
-0.00737334904944616
-0.016640649113216284
-0.029024436514731695
-0.011703175696536094
-0.00753220966657708
-0.019166383364036456
-0.018054558355961148
0.005032836162901994
-0.012264529078261636
-0.010581515871531753
0.006320211298707117
-0.01304059450921606
-0.002138346381923661
0.001734223074617051
0.00713041638841634
-0.02007455544051031
0.009143495068052827
-0.015986324572870705
-0.0069164291516476085
-0.035380483400163865
-0.013503835841693413
-0.008135299179336516
-0.012587913407581029
-0.011788677819933192
-0.023707686308616957
-0.015687558516993754
-0.014767617129800275
-0.006206981955408285
0.01432906318561431
-0.012723382762718536
-0.02262761971038162
-0.00934394525219413
-0.02055400879806478
-0.004566158695981126
-0.012472197039644584
-0.04106203687046335
-0.020637559660145827
-0.01693147857333697
0.0014184102291172336
-0.013843042234679264
-0.015986324572870705
-0.014767617129800275
-0.017562523685514458
-0.009262982476860691
-0.006397612263903465
0.010839672558142966
-0.009262982476860691
-0.040891099339227105
-0.0031060749051667518
0.011944408940091699
0.005885602756115734
-0.01693147857333697
0.0009098245025586512
-0.005299673077043755
-0.01033965920414151
-0.02034992456518979
-0.012723382762718536
-0.004343309251011874
0.0008365921002539143
-0.015301487859744398
-0.027116070915323174
-0.023707686308616957
0.0077970481487529865
-0.01587122404919018
0.0034829778794041527
-0.03347801052081678
-0.012826034833455022
-0.013843042234679264
0.006243186261728585
-0.01279275627133274
-0.012587913407581029
-0.003386989627961739
-0.017470625117033418
-0.002882952113732509
0.0014184102291172336
-0.02262761971038162
-0.008135299179336516
0.00713041638841634
-0.00048064521284535525
0.0014184102291172336
-0.0031060749051667518
-0.010741212552834155
-0.008135299179336516
-0.009262982476860691
0.002635405702954066
-0.0047982168088060405
-0.024033837244938606
-0.04106203687046335
0.027064970238074252
-0.02066074236814408
-0.01948286643296177
-0.0031060749051667518
-0.012472197039644584
0.001734223074617051
-0.040891099339227105
-0.004653192907434325
0.002635405702954066
-0.012143621352606906
-0.013843042234679264
-0.040891099339227105
0.0077970481487529865
-0.015301487859744398
-0.017237914305352927
-0.03754839999032105
-0.037815664992191654
0.01037901774007209
-0.015723690129830527
-0.005364494093341734
-0.029024436514731695
-0.020637559660145827
-0.01279275627133274
-0.017138984213792924
-0.01792533452364645
-0.009262982476860691
-0.011703175696536094
-0.024656403242894965
-0.004343309251011874
-0.003120765475375537
-0.01304059450921606
-0.00753220966657708
-0.006607108480655778
-0.0047982168088060405
-0.010058833765360386
-0.0029886189646982334
-0.00946255299882445
-0.02262761971038162
-0.02039851718780703
-0.00934394525219413
-0.023707686308616957
0.005885602756115734
-0.031205190809743703
0.00713041638841634
-0.016713972887815693
-0.009732550405446573
-0.005764586527998688
0.0024899517609842992
-0.004343309251011874
-0.00918150258248483
0.0008365921002539143
-0.025525782040127915
-0.0027117140093977413
-0.0013342416845039658
-0.015986324572870705
-0.011788677819933192
-0.02055400879806478
-0.031205190809743703
-0.013362072979823829
-0.015986324572870705
0.009143495068052827
-0.023707686308616957
-0.0064526190121880315
-0.008135299179336516
0.012698321321755508
-0.017470625117033418
-0.02428232375642443
-0.002138346381923661
-0.0031060749051667518
-0.05014973624992316
0.012698321321755508
-0.00934394525219413
-0.035380483400163865
-0.020637559660145827
-0.00918150258248483
-0.001539481660318071
0.006320211298707117
-0.00707942498609727
-0.016713972887815693
-0.004653192907434325
-0.012723382762718536
0.0008365921002539143
-0.003386989627961739
-0.017918941864218677
0.0077970481487529865
0.02087349467682145
-0.04106203687046335
0.010839672558142966
-0.012264529078261636
0.0077970481487529865
-0.0217423504662892
-0.0031509433288388483
-0.007074969297654187
-0.012264529078261636
-0.023906961228157785
-0.023707686308616957
-0.012826034833455022
-0.014026782906154786
-0.015986324572870705
-0.01607289490655543
-0.00946255299882445
-0.013843042234679264
-0.013929680309158796
-0.012826034833455022
-0.0013342416845039658
-0.012143621352606906
-0.006206981955408285
-0.017470625117033418
-0.017562523685514458
-0.009262982476860691
-0.015654434918833462
-0.023707686308616957
-0.003386989627961739
-0.01033965920414151
-0.006607108480655778
-0.003120765475375537
0.027064970238074252
-0.040484931762205946
-0.03245272909947441
-0.014767617129800275
-0.015986324572870705
-0.013503835841693413
-0.031205190809743703
-0.010058833765360386
-0.02262761971038162
-0.01279275627133274
-0.017918941864218677
-0.009262982476860691
0.01432906318561431
-0.003386989627961739
0.014788117925790102
-0.015301487859744398
-0.012410865721596229
-0.00478717970337854
0.0014184102291172336
-0.013929680309158796
-0.01587122404919018
-0.023489427179495256
-0.0013342416845039658
-0.00934394525219413
-0.0027117140093977413
0.0034829778794041527
-0.023906961228157785
-0.04106203687046335
-0.037815664992191654
-0.019304975601482425
-0.0047982168088060405
-0.019445803877515197
0.0077970481487529865
0.0024899517609842992
-0.02007455544051031
-0.029024436514731695
-0.012587913407581029
-0.009789994413032865
-0.017138984213792924
-0.014767617129800275
-0.029024436514731695
-0.012601288917604
-0.02066074236814408
-0.02007455544051031
0.02087349467682145
-0.0027117140093977413
-0.025525782040127915
0.005885602756115734
0.0024899517609842992
-2.337016468247448e-05
-0.00048064521284535525
-0.016713972887815693
-2.337016468247448e-05
0.002635405702954066
-0.031205190809743703
-0.00707942498609727
-0.012723382762718536
-0.006607108480655778
-0.00707942498609727
-0.02007455544051031
-0.012587913407581029
-0.007074969297654187
-0.01304059450921606
-0.017562523685514458
-0.017918941864218677
0.01432906318561431
-0.017138984213792924
-0.04112684133899311
0.011944408940091699
-0.016640649113216284
-0.013843042234679264
-0.005299673077043755
-0.0017373681148761745
-0.015723690129830527
-0.010058833765360386
-0.011137856493848186
-0.05014973624992316
-0.014026782906154786
-0.002138346381923661
-0.00478717970337854
-0.017470625117033418
-0.009789994413032865
0.006302580264078957
0.010839672558142966
-0.0343046075991417
-0.014026782906154786
-0.023489427179495256
-0.0027117140093977413
-0.040484931762205946
-0.006206981955408285
-0.02428232375642443
0.02087349467682145
-0.019445803877515197
-0.03245272909947441
0.005032836162901994
-0.04106203687046335
-0.02428232375642443
0.006320211298707117
-0.0031060749051667518
-0.018054558355961148
-0.003120765475375537
0.0077970481487529865
-0.013929680309158796
-0.011137856493848186
0.011944408940091699
-0.012601288917604
0.014788117925790102
-0.013929680309158796
0.014788117925790102
-0.01033965920414151
-0.00048064521284535525
-0.006607108480655778
-0.009262982476860691
-0.01948286643296177
-0.01607289490655543
-0.002882952113732509
-0.018978803701614068
0.0009098245025586512
-0.0064526190121880315
0.014788117925790102
0.01432906318561431
-0.018054558355961148
-0.01279275627133274
-0.00946255299882445
-0.02428232375642443
-0.024033837244938606
-0.0064526190121880315
-0.024275709032497154
-0.01693147857333697
-0.024033837244938606
-0.017918941864218677
-0.01792533452364645
-0.023906961228157785
-0.00478717970337854
-0.00753220966657708
-0.016713972887815693
-0.017470625117033418
-0.012264529078261636
0.0024899517609842992
-0.010058833765360386
-0.004343309251011874
-0.005764586527998688
-0.012723382762718536
-0.009262982476860691
-0.024033837244938606
-0.007074969297654187
-0.013362072979823829
-0.010581515871531753
-0.01693147857333697
-0.0217423504662892
-0.006206981955408285
-0.01948286643296177
0.00713041638841634
-0.017138984213792924
-0.00478717970337854
0.0008365921002539143
-0.02262761971038162
-0.0151828905561669
-0.012601288917604
-0.0013342416845039658
-0.027116070915323174
-0.019166383364036456
-0.001539481660318071
0.0041724044504763014
-2.337016468247448e-05
-0.004343309251011874
0.010839672558142966
-0.008135299179336516
-0.035380483400163865
-0.017562523685514458
-0.012723382762718536
-0.018054558355961148
-0.0343046075991417
-0.024656403242894965
-0.012826034833455022
-0.0027117140093977413
-0.00707942498609727
-0.001539481660318071
-0.006397612263903465
0.0041724044504763014
-0.007074969297654187
-0.004343309251011874
0.014788117925790102
-0.00934394525219413
-0.017918941864218677
-0.02262761971038162
-0.002138346381923661
-0.019304975601482425
0.014788117925790102
-0.019166383364036456
-0.002138346381923661
-0.014026782906154786
-0.012143621352606906
0.024723521984563162
-0.0151828905561669
-0.037815664992191654
0.02087349467682145
-0.037815664992191654
-0.007074969297654187
-0.013486336761152094
-0.029024436514731695
-0.0069164291516476085
-0.009732550405446573
-0.029024436514731695
0.0014184102291172336
-0.010581515871531753
-0.0064526190121880315
-0.013362072979823829
-0.006607108480655778
-0.014026782906154786
-0.01693147857333697
-0.011788677819933192
-0.017237914305352927
0.006302580264078957
-0.0064526190121880315
-0.023489427179495256
-0.0064526190121880315
0.005885602756115734
-0.008135299179336516
-0.006206981955408285
-0.040891099339227105
-0.012587913407581029
-0.02262761971038162
-0.037815664992191654
-0.017138984213792924
-0.024033837244938606
-0.020557927473895485
-0.014026782906154786
-0.014550837286885908
-0.024275709032497154
0.027064970238074252
0.012698321321755508
-0.015988392160984546
-0.015654434918833462
-0.01033965920414151
0.006302580264078957
-0.0027117140093977413
-0.002138346381923661
-0.014767617129800275
0.0009098245025586512
-0.00478717970337854
-0.006397612263903465
-0.014026782906154786
-0.00918150258248483
-0.023707686308616957
-0.011137856493848186
-0.03347801052081678
-0.012587913407581029
-0.023707686308616957
-0.002138346381923661
0.0077970481487529865
-0.02066074236814408
-0.012826034833455022
-0.017470625117033418
-0.02428232375642443
-0.01587122404919018
-0.0031509433288388483
-0.015723690129830527
-0.025525782040127915
-0.012264529078261636
-0.01693147857333697
-0.005364494093341734
0.006302580264078957
-0.024033837244938606
-0.013503835841693413
0.00713041638841634
-0.013362072979823829
-0.017237914305352927
-0.03245272909947441
-0.015723690129830527
-0.023906961228157785
0.006302580264078957
-0.01778228596289227
-0.015986324572870705
-0.018978803701614068
-0.00946255299882445
-0.015301487859744398
-0.012410865721596229
-0.02066074236814408
-0.023489427179495256
-0.029024436514731695
0.0001375194064564923
-0.009789994413032865
-0.011703175696536094
-0.00478717970337854
-0.00048064521284535525
-0.024656403242894965
0.011944408940091699
-0.023906961228157785
-0.017918941864218677
0.027064970238074252
-0.025525782040127915
0.0008365921002539143
-0.040891099339227105
-0.01304059450921606
0.0019821278356101945
-0.01607289490655543
-0.03754839999032105
-0.015654434918833462
-0.01948286643296177
-0.017138984213792924
-0.05014973624992316
-0.014026782906154786
-0.011703175696536094
0.0019821278356101945
-0.01279275627133274
-0.031205190809743703
-0.012472197039644584
-0.017470625117033418
-0.017562523685514458
0.01037901774007209
-0.014767617129800275
-0.020557927473895485
-0.020557927473895485
0.027064970238074252
-0.00753220966657708
-0.04106203687046335
-0.009732550405446573
-0.004566158695981126
-0.001539481660318071
0.0024899517609842992
-0.01778228596289227
-0.00934394525219413
-0.009262982476860691
-0.024275709032497154
0.009143495068052827
-0.006206981955408285
-0.00707942498609727
-0.01304059450921606
-0.015687558516993754
-0.013503835841693413
-0.025525782040127915
-0.011788677819933192
-0.018978803701614068
0.014788117925790102
-0.006397612263903465
-0.015301487859744398
-0.017918941864218677
0.006243186261728585
0.0001375194064564923
0.0077970481487529865
-0.010058833765360386
-0.003386989627961739
-0.024033837244938606
-0.015654434918833462
-0.017138984213792924
-0.019445803877515197
-0.009262982476860691
-0.010581515871531753
-0.03754839999032105
-0.0151828905561669
-0.03347801052081678
-0.012143621352606906
-0.017138984213792924
0.00713041638841634
0.027064970238074252
-0.014026782906154786
-0.03347801052081678
-0.012143621352606906
-2.337016468247448e-05
-0.012264529078261636
-0.029024436514731695
-0.013362072979823829
-0.03245272909947441
-0.020637559660145827
-0.04106203687046335
-0.03938117460229474
-0.023707686308616957
-0.02428232375642443
-0.04112684133899311
0.0001375194064564923
0.0034829778794041527
0.011944408940091699
-0.012410865721596229
-0.0017373681148761745
-0.031205190809743703
-0.027116070915323174
-0.013503835841693413
-0.01304059450921606
-0.017138984213792924
0.009143495068052827
0.0001375194064564923
-0.003120765475375537
-0.006397612263903465
-0.025525782040127915
0.0001375194064564923
-0.005299673077043755
-0.003120765475375537
-0.015988392160984546
-0.0343046075991417
-0.037815664992191654
-0.006206981955408285
-2.337016468247448e-05
-0.012143621352606906
0.0014184102291172336
-0.004566158695981126
-0.016713972887815693
-0.00478717970337854
-0.027116070915323174
-0.010581515871531753
-0.014026782906154786
-0.004653192907434325
-0.019304975601482425
-0.009789994413032865
-0.00737334904944616
0.014788117925790102
-0.00946255299882445
-0.007074969297654187
0.012698321321755508
0.006243186261728585
-0.027116070915323174
-0.010741212552834155
-2.337016468247448e-05
0.0008365921002539143
0.00713041638841634
-0.006607108480655778
-0.014767617129800275
-0.007074969297654187
0.006243186261728585
-0.019445803877515197
-0.016713972887815693
0.0077970481487529865
-0.00753220966657708
-0.009789994413032865
0.0001375194064564923
0.0001375194064564923
-0.004566158695981126
0.01037901774007209
-0.017562523685514458
-0.00737334904944616
-0.05014973624992316
-0.018054558355961148
-0.012723382762718536
-0.0069164291516476085
0.01432906318561431
-0.013843042234679264
0.006243186261728585
0.00713041638841634
0.011944408940091699
-0.019304975601482425
-0.02428232375642443
-0.012472197039644584
-0.012723382762718536
-0.0031060749051667518
-0.009789994413032865
0.009143495068052827
0.0024899517609842992
-0.0064526190121880315
0.0001375194064564923
-0.005299673077043755
-0.00737334904944616
0.0001375194064564923
-0.00478717970337854
-0.05014973624992316
-0.015723690129830527
0.024723521984563162
-0.004566158695981126
-0.019166383364036456
-0.019166383364036456
-0.020557927473895485
0.010839672558142966
-0.012472197039644584
-0.023707686308616957
0.0008365921002539143
0.0009098245025586512
-0.030127920683194667
-0.017237914305352927
-0.023707686308616957
-0.019304975601482425
0.0014184102291172336
-0.002138346381923661
-0.0151828905561669
-0.02262761971038162
-0.02066074236814408
0.002635405702954066
-0.0017373681148761745
-0.02066074236814408
0.0009098245025586512
-0.05014973624992316
0.0041724044504763014
-0.015654434918833462
-0.01607289490655543
-0.019445803877515197
-0.019304975601482425
-0.014550837286885908
-0.012723382762718536
-0.023906961228157785
-0.0308837933314046
-0.040484931762205946
-0.0031060749051667518
-0.040891099339227105
-0.018054558355961148
-0.009789994413032865
-0.004343309251011874
-0.023906961228157785
0.001734223074617051
-0.015986324572870705
0.001734223074617051
-0.019304975601482425
-0.009262982476860691
-0.04112684133899311
-0.015988392160984546
-0.018978803701614068
-0.03245272909947441
-0.012723382762718536
-0.01792533452364645
-0.009262982476860691
-0.040484931762205946
-0.015687558516993754
0.005032836162901994
-0.004343309251011874
0.0009098245025586512
-0.00707942498609727
-0.017237914305352927
-0.017470625117033418
-0.00048064521284535525
0.00713041638841634
-0.011137856493848186
0.001734223074617051
-0.001539481660318071
-0.015687558516993754
-0.00737334904944616
-0.024033837244938606
-0.011137856493848186
-0.0027117140093977413
0.0008365921002539143
0.005032836162901994
-0.016713972887815693
-0.01304059450921606
-0.04106203687046335
-0.00753220966657708
-0.007074969297654187
-0.017562523685514458
0.01037901774007209
0.0077970481487529865
0.01432906318561431
-0.013503835841693413
-0.0017373681148761745
-0.04106203687046335
-0.014550837286885908
0.005032836162901994
-0.0151828905561669
-0.013503835841693413
-0.02428232375642443
0.01432906318561431
-0.00753220966657708
-0.03245272909947441
-0.00478717970337854
-0.017138984213792924
-0.00707942498609727
-0.01033965920414151
0.011944408940091699
-0.010058833765360386
0.014788117925790102
-0.024275709032497154
-0.010058833765360386
-0.0308837933314046
0.0014184102291172336
-0.009789994413032865
-0.0029886189646982334
-0.015988392160984546
-0.03754839999032105
-0.005364494093341734
-0.00753220966657708
-0.011137856493848186
-0.009732550405446573
0.009143495068052827
-0.015723690129830527
