-0.057491682133924
0.004703498919350585
-0.018977773503833475
-0.014683203568748386
0.008031474440795307
-0.057491682133924
-0.020856934654766835
-0.02279188943764425
0.0028009663845873414
0.0352487261341173
-0.031133415864589096
0.06104007209941049
-0.06565977357201101
-0.0015214724890646731
0.0015816355758394359
-0.003987899501872314
-0.01431580128105498
-0.04787473889639109
-0.020296858229414804
-0.06449475780324074
-0.006653842376304719
-0.018693559152448393
-0.016870008997792365
-0.0021345177394921674
-0.026292883644983257
-0.027831192646383448
-0.017135308322105705
0.048646925188285936
-0.028020867971162676
0.01687097480588874
-0.011534351546265004
-0.0087540892597757
-0.011534351546265004
-0.06449475780324074
-0.016906028833158396
-0.019452827743341738
-0.014165551611897555
-0.020296858229414804
-0.0270445571140638
-0.031133415864589096
-0.0032117128602234747
-0.0043389347335382735
-0.008446953719734411
-0.003415318911440429
-0.0087540892597757
-0.014165551611897555
-0.012848215764318716
-0.003987899501872314
0.01230906554960907
-0.0025059305730654614
-0.019344187768203597
-0.026292883644983257
-0.014683203568748386
-0.014683203568748386
-0.0015214724890646731
-0.03387412454969467
-0.025841853651126647
0.048646925188285936
-0.006039128074437351
-0.0612037586648126
-0.009553138901258605
-0.0035089770708044846
-0.01606114277211968
-0.03306404329386866
0.01850945219889936
-0.014165551611897555
-0.0043389347335382735
-0.011534351546265004
-0.0837924542751815
-0.016906028833158396
-0.0021345177394921674
-0.03752434183760584
-0.013182918098063105
-0.0035089770708044846
-0.01673250917589142
-0.026292883644983257
-0.011607626277806333
-0.012219742584915124
0.01948419013306355
-0.014683203568748386
0.008031474440795307
0.048646925188285936
-0.014683203568748386
-0.01431580128105498
-0.06320355575085584
-0.006039128074437351
-0.011676595851158258
-0.03859135547419706
-0.0015214724890646731
-0.01524724054753398
-0.01524724054753398
-0.022565424696069043
-0.02057496422266702
-0.027683047282719146
-0.013182918098063105
-0.07794712365979749
-0.023801777689984916
0.0015816355758394359
-0.0032117128602234747
-0.06931513651235065
0.024336778246336965
-0.0073493401511506564
-0.011172681097460783
-0.014213571788204806
-0.07794712365979749
-0.0021345177394921674
-0.06565977357201101
-0.005726403562143899
-0.023898061524016637
0.018196454728344663
-0.009826149257663123
-0.01718156742000801
-0.04500060530642027
-0.018223805090684355
-0.01718156742000801
-0.0073493401511506564
-0.006039128074437351
-0.024105177745840024
-0.025490240369297663
-0.017711495616896656
-0.012848215764318716
0.024336778246336965
-0.0021345177394921674
-0.05207216748480001
-0.0035089770708044846
0.019905796139705317
-0.016686313064360216
-0.02688841277242024
-0.01673250917589142
-0.007646114511780556
-0.0612037586648126
-0.026292883644983257
-0.006529101845189108
0.019905796139705317
-0.016906028833158396
0.005772264289661968
-0.03314528098419796
0.005772264289661968
-0.0021345177394921674
-0.028045020940987347
-0.00938183256364306
-0.06449475780324074
-0.020856934654766835
-0.0227507523221604
-0.010740269664942726
-0.0035089770708044846
0.0063493762288738395
-0.010432889128387721
-0.028045020940987347
-0.02688841277242024
-0.013171236761561822
0.009371741628479358
-0.01223344168093067
-0.006529101845189108
0.014956671964943572
-0.0073493401511506564
-0.026669703640335805
0.024336778246336965
-0.014213571788204806
0.02385011474030347
-0.06320355575085584
-0.0021054566724184863
0.014956671964943572
-0.0033290894670167143
-0.008462477227406878
-0.0043389347335382735
-0.023801777689984916
-0.030600085613134452
0.0030840705661746457
0.005772264289661968
-0.02234776786679658
-0.013171236761561822
0.048646925188285936
0.05951963432233863
-0.02928150403691836
0.0030840705661746457
-0.0006389746662148267
-0.0032117128602234747
-0.01223344168093067
-0.003987899501872314
-0.02132930403373635
-0.012390742088532197
-0.019344187768203597
-0.0087540892597757
-0.025841853651126647
0.02654780979059162
-0.03387412454969467
-0.0025059305730654614
-0.011534351546265004
-0.03306404329386866
-0.021842373892306623
-0.0021054566724184863
-0.018223805090684355
-0.012390742088532197
-0.018194714917794865
-0.05207216748480001
-0.01223344168093067
0.018196454728344663
-0.021842373892306623
-0.03752434183760584
-0.03306404329386866
-0.019344187768203597
-0.010740269664942726
-0.01431580128105498
-0.008130658799453433
-0.026669703640335805
-0.024025950096957994
-0.0837924542751815
0.007680952258184031
-0.028020867971162676
-0.010463502365336386
0.007680952258184031
-0.016686313064360216
-0.06565977357201101
-0.026292883644983257
-0.10744339576461572
-0.020856934654766835
-0.008899017127075883
0.006253441068384177
-0.019344187768203597
-0.02054777654672345
-0.06320355575085584
0.0030840705661746457
-0.03299122876733515
-0.011607626277806333
-0.011676595851158258
-0.0022889000762104698
0.01687097480588874
-0.005726403562143899
-0.024025950096957994
-0.002868231301325083
-0.02057496422266702
-0.001898395768060992
-0.015231963251935111
0.017856279102316543
0.01230906554960907
0.009371741628479358
-0.010053932369774983
0.048646925188285936
-0.034116602597202894
-0.0032117128602234747
0.007680952258184031
-0.010740269664942726
-0.009826149257663123
0.008581327082952622
-0.01718156742000801
0.01230906554960907
-0.0043389347335382735
-0.013696338203630047
-0.00862441862106754
0.028143206158317804
0.0063493762288738395
-0.005644866301206912
-0.024105177745840024
-0.00862441862106754
-0.028774023237518962
-0.012399336076196978
-0.008623856823772853
-0.02234776786679658
-0.0087540892597757
0.008581327082952622
-0.002549791881819255
-0.08196855485053918
0.004703498919350585
0.014956671964943572
-0.022565424696069043
-0.013696338203630047
-0.01928630830760297
-0.019344187768203597
-0.011534351546265004
-0.03387412454969467
-0.0837924542751815
-0.025756100607299878
-0.019344187768203597
0.05951963432233863
-0.03752434183760584
-0.01524724054753398
-0.011534351546265004
-0.028020867971162676
0.05951963432233863
0.006253441068384177
-0.018223805090684355
-0.009752548281668305
0.02385011474030347
-0.019344187768203597
-0.06449475780324074
-0.01673250917589142
-0.03838978429695864
-0.08196855485053918
-0.0015214724890646731
-0.008130658799453433
-0.025841853651126647
-0.007646114511780556
-0.03859135547419706
-0.006653842376304719
-0.012040341458611764
0.004703498919350585
0.02654780979059162
-0.01201857269360557
-0.00938183256364306
-0.010432889128387721
0.017915170505905128
-0.008446953719734411
-0.005726403562143899
-0.03859135547419706
-0.008623856823772853
0.018196454728344663
-0.013182918098063105
-0.024025950096957994
-0.0035089770708044846
-0.012219742584915124
-0.07794712365979749
-0.005386560359791105
-0.0837924542751815
-0.008623856823772853
0.0013017973140860332
0.0025153382537411346
-0.0021345177394921674
-0.013958906650359107
-0.06449475780324074
-0.009553138901258605
0.0005718258501278491
-0.03885717960846361
-0.019344187768203597
-0.021842373892306623
-0.013696338203630047
-0.026210042534867778
-0.007216516673063542
-0.011676595851158258
0.006008043390391691
-0.005726403562143899
-0.02234776786679658
-0.015231963251935111
0.010936804183045384
-0.006529101845189108
-0.03752434183760584
-0.0837924542751815
-0.022565424696069043
0.06104007209941049
0.0005718258501278491
-0.010463502365336386
-0.013182918098063105
-0.02057496422266702
-0.011607626277806333
-0.016686313064360216
-0.010740269664942726
-0.011534351546265004
0.024336778246336965
0.01230906554960907
-0.013696338203630047
-0.002549791881819255
0.01687097480588874
-0.031133415864589096
-0.05207216748480001
-0.0006389746662148267
0.004703498919350585
-0.00938183256364306
0.006253441068384177
-0.0612037586648126
-0.03387412454969467
-0.03838978429695864
-0.023801777689984916
-0.016035355187533205
-0.01201857269360557
-0.013080300331767014
-0.010091173588593278
-0.03299122876733515
-0.011607626277806333
-0.013080300331767014
-0.0015214724890646731
-0.017135308322105705
-0.021227855594718258
-0.012390742088532197
0.012756140927316357
0.006008043390391691
-0.05207216748480001
-0.022565424696069043
-0.07794712365979749
0.007680952258184031
-0.0270445571140638
0.01709401590747041
0.05951963432233863
-0.02279188943764425
-0.0837924542751815
0.05951963432233863
-0.00938183256364306
-0.00862441862106754
-0.012390742088532197
-0.018693559152448393
-0.016870008997792365
-0.019452827743341738
-0.0035089770708044846
-0.012219742584915124
-0.0032117128602234747
-0.08196855485053918
-0.00023826722039791272
-0.028020867971162676
-0.02928150403691836
-0.02234776786679658
-0.0713235122127645
-0.02234776786679658
0.019905796139705317
-0.03859135547419706
-0.006039128074437351
0.005061962342921992
-0.008130658799453433
-0.00938183256364306
-0.016035355187533205
-0.034116602597202894
0.05951963432233863
-0.025490240369297663
-0.03377720112118036
-0.007216516673063542
0.01709401590747041
-0.02279188943764425
-0.008130658799453433
-0.01718156742000801
-0.018977773503833475
-0.016870008997792365
0.029972923296941862
-0.008899017127075883
-0.04787473889639109
-0.0073493401511506564
-0.013080300331767014
0.012974742453395385
-0.025490240369297663
-0.017711495616896656
-0.018693559152448393
-0.01606114277211968
-0.03838978429695864
-0.006653842376304719
-0.016035355187533205
-0.0035089770708044846
-0.028020867971162676
-0.020856934654766835
-0.012219742584915124
-0.08196855485053918
-0.051188868841351924
-0.018223805090684355
-0.011607626277806333
-0.011607626277806333
-0.01524724054753398
-0.013182918098063105
-0.03885717960846361
-0.016686313064360216
0.007680952258184031
0.004703498919350585
-0.05207216748480001
0.019905796139705317
-0.019344187768203597
-0.027831192646383448
-0.02928150403691836
-0.010432889128387721
-0.01718156742000801
0.010936804183045384
-0.01905134941045995
-0.018693559152448393
-0.06565977357201101
-0.010053932369774983
-0.013182918098063105
-0.01223344168093067
-0.02279188943764425
-0.025870061960711593
-0.01742162482491046
-0.0087540892597757
0.0025153382537411346
0.009997803799729739
0.01948419013306355
-0.010053932369774983
-0.030600085613134452
-0.011676595851158258
-0.0022889000762104698
-0.01223344168093067
-0.03387412454969467
0.005061962342921992
-0.051188868841351924
-0.015231963251935111
-0.010053932369774983
-0.009553138901258605
-0.0837924542751815
-0.019344187768203597
-0.0035089770708044846
-0.018693559152448393
0.012756140927316357
-0.016906028833158396
-0.034116602597202894
-0.10744339576461572
-0.009553138901258605
0.018196454728344663
-0.03377720112118036
0.02654780979059162
-0.0022889000762104698
-0.051188868841351924
-0.00862441862106754
-0.026210042534867778
-0.025546426068569977
0.006253441068384177
-0.010091173588593278
-0.0025059305730654614
-0.05207216748480001
0.007680952258184031
-0.04411267830004229
-0.024025950096957994
-0.028045020940987347
-0.06320355575085584
-0.019344187768203597
-0.06565977357201101
-0.009553138901258605
-0.02983814161102576
-0.025841853651126647
-0.018194714917794865
-0.018693559152448393
-0.020296858229414804
-0.031133415864589096
-0.01223344168093067
0.006253441068384177
-0.023801777689984916
-0.0837924542751815
-0.027683047282719146
-0.03306404329386866
-0.06931513651235065
-0.012390742088532197
-0.03306404329386866
-0.016035355187533205
-0.00862441862106754
-0.023801777689984916
-0.01928630830760297
-0.010053932369774983
-0.028045020940987347
-0.023801777689984916
0.006253441068384177
-0.02054777654672345
0.029972923296941862
-0.057491682133924
-0.034116602597202894
-0.021227855594718258
-0.016035355187533205
-0.027683047282719146
0.01230906554960907
-0.026210042534867778
-0.006653842376304719
-0.01223344168093067
-0.05207216748480001
-0.01606114277211968
-0.003415318911440429
-0.02132930403373635
-0.026210042534867778
0.024336778246336965
0.01687097480588874
-0.0270445571140638
-0.010432889128387721
0.017915170505905128
-0.010740269664942726
-0.015231963251935111
0.0352487261341173
0.017915170505905128
-0.011607626277806333
-0.07794712365979749
-0.026292883644983257
-0.0612037586648126
-0.016870008997792365
-0.025490240369297663
-0.03314528098419796
0.008581327082952622
-0.0087540892597757
0.012974742453395385
0.0030840705661746457
-0.03752434183760584
-0.0612037586648126
-0.06565977357201101
0.0063493762288738395
-0.011172681097460783
-0.0612037586648126
-0.028774023237518962
-0.011607626277806333
0.01709401590747041
0.019905796139705317
-0.012390742088532197
-0.02279188943764425
-0.012219742584915124
-0.031133415864589096
-0.0015214724890646731
-0.02279188943764425
0.0030840705661746457
0.01230906554960907
-0.034116602597202894
0.0012954951144991587
-0.00862441862106754
-0.02983814161102576
-0.011534351546265004
-0.04787473889639109
-0.02057496422266702
-0.051188868841351924
-0.0006389746662148267
0.05951963432233863
-0.026292883644983257
-0.0087540892597757
-0.010727475964152045
-0.02983814161102576
-0.0021345177394921674
-0.019344187768203597
-0.030600085613134452
0.005061962342921992
-0.01742162482491046
-0.0227507523221604
-0.03377720112118036
-0.016906028833158396
-0.03885717960846361
0.005061962342921992
-0.025546426068569977
-0.026210042534867778
0.028143206158317804
-0.020856934654766835
0.010936804183045384
-0.0227507523221604
-0.10744339576461572
-0.021227855594718258
0.0352487261341173
-0.005726403562143899
-0.025870061960711593
-0.010463502365336386
-0.06931513651235065
0.007680952258184031
-0.02054777654672345
-0.0022889000762104698
-0.07794712365979749
-0.02057496422266702
-0.010091173588593278
-0.016870008997792365
0.0352487261341173
-0.019344187768203597
-0.0035089770708044846
-0.04411267830004229
0.0005718258501278491
-0.0006389746662148267
-0.01223344168093067
0.028143206158317804
-0.009752548281668305
0.06104007209941049
-0.02928150403691836
-0.02279188943764425
-0.020296858229414804
-0.010432889128387721
-0.01742162482491046
0.017856279102316543
-0.012219742584915124
-0.01606114277211968
-0.012040341458611764
-0.024025950096957994
-0.034116602597202894
-0.04500060530642027
-0.0087540892597757
-0.027831192646383448
0.0015816355758394359
-0.020296858229414804
-0.012848215764318716
-0.0087540892597757
0.0352487261341173
-0.014213571788204806
-0.019452827743341738
0.05951963432233863
-0.01606114277211968
-0.03859135547419706
-0.005644866301206912
-0.008446953719734411
-0.0837924542751815
-0.014165551611897555
-0.0073493401511506564
-0.025756100607299878
0.0043059930200104015
0.008581327082952622
-0.03299122876733515
-0.007216516673063542
-0.025546426068569977
-0.005414504271518012
-0.011676595851158258
-0.018693559152448393
-0.025490240369297663
-0.01742162482491046
-0.03752434183760584
0.01850945219889936
-0.025870061960711593
0.017856279102316543
-0.005414504271518012
0.02385011474030347
-0.0087540892597757
0.017856279102316543
-0.020856934654766835
-0.016035355187533205
-0.014165551611897555
-0.06320355575085584
-0.03314528098419796
0.0063493762288738395
0.019905796139705317
-0.009752548281668305
-0.0087540892597757
0.007680952258184031
-0.01673250917589142
0.009997803799729739
-0.03306404329386866
-0.031133415864589096
-0.005726403562143899
-0.0022889000762104698
-0.0021345177394921674
-0.02983814161102576
0.024336778246336965
-0.017135308322105705
-0.012040341458611764
0.019905796139705317
-0.015231963251935111
-0.027683047282719146
0.009997803799729739
-0.01201857269360557
-0.014213571788204806
-0.014213571788204806
-0.013171236761561822
0.024336778246336965
0.004703498919350585
-0.025870061960711593
-0.019344187768203597
-0.005644866301206912
-0.014165551611897555
-0.025546426068569977
-0.02234776786679658
0.017915170505905128
0.048646925188285936
-0.027683047282719146
-0.006039128074437351
-0.02234776786679658
-0.08196855485053918
-0.04787473889639109
-0.0270445571140638
0.018196454728344663
-0.03838978429695864
-0.020856934654766835
-0.03377720112118036
-0.010727475964152045
-0.0270445571140638
0.009997803799729739
0.0015816355758394359
0.0005718258501278491
0.048646925188285936
0.0063493762288738395
-0.02132930403373635
-0.0087540892597757
-0.002868231301325083
-0.0043389347335382735
0.010936804183045384
0.029972923296941862
0.0012954951144991587
-0.0837924542751815
-0.018223805090684355
-0.0612037586648126
-0.01905134941045995
0.0352487261341173
-0.019344187768203597
-0.010463502365336386
-0.010432889128387721
-0.0021054566724184863
-0.013182918098063105
0.048646925188285936
-0.014683203568748386
0.006253441068384177
-0.051188868841351924
-0.024025950096957994
-0.016870008997792365
-0.0043389347335382735
-0.012219742584915124
0.008581327082952622
0.008031474440795307
-0.027683047282719146
-0.024105177745840024
-0.028774023237518962
0.0012954951144991587
0.004703498919350585
-0.0006389746662148267
0.01687097480588874
-0.017135308322105705
0.017856279102316543
-0.01928630830760297
-0.021227855594718258
-0.013696338203630047
0.0015816355758394359
-0.010053932369774983
-0.0043389347335382735
-0.009553138901258605
-0.028774023237518962
-0.023898061524016637
0.01687097480588874
0.009371741628479358
-0.0227507523221604
-0.009752548281668305
-0.012390742088532197
0.004703498919350585
-0.015231963251935111
-0.034116602597202894
-0.012219742584915124
0.029972923296941862
-0.012848215764318716
0.0352487261341173
-0.02132930403373635
-0.026210042534867778
0.010936804183045384
-0.027683047282719146
-0.034116602597202894
-0.008462477227406878
-0.014683203568748386
-0.016035355187533205
-0.014165551611897555
-0.010091173588593278
-0.008623856823772853
-0.03299122876733515
-0.010432889128387721
-0.02928150403691836
0.02385011474030347
-0.014165551611897555
-0.003415318911440429
-0.008462477227406878
-0.01201857269360557
-0.018977773503833475
0.018196454728344663
-0.006653842376304719
-0.016870008997792365
-0.002868231301325083
-0.04787473889639109
-0.06565977357201101
-0.005414504271518012
-0.03314528098419796
-0.03752434183760584
-0.0015214724890646731
-0.01905134941045995
-0.0073493401511506564
-0.007646114511780556
0.06104007209941049
-0.02983814161102576
-0.003987899501872314
0.004703498919350585
-0.0837924542751815
-0.011676595851158258
-0.03299122876733515
0.019905796139705317
0.0012954951144991587
-0.014683203568748386
0.024336778246336965
-0.03387412454969467
-0.03885717960846361
0.01850945219889936
-0.027683047282719146
0.06104007209941049
-0.04411267830004229
-0.031133415864589096
-0.01905134941045995
-0.0033290894670167143
-0.02983814161102576
-0.06931513651235065
0.01230906554960907
0.01687097480588874
0.024336778246336965
-0.012399336076196978
0.0005718258501278491
0.0043059930200104015
-0.008446953719734411
-0.011534351546265004
-0.012848215764318716
0.006008043390391691
-0.07794712365979749
0.008031474440795307
-0.02688841277242024
0.0352487261341173
-0.02279188943764425
-0.011607626277806333
-0.031133415864589096
-0.011534351546265004
-0.0022889000762104698
-0.022565424696069043
-0.018194714917794865
-0.026210042534867778
-0.0043389347335382735
0.029972923296941862
-0.016870008997792365
-0.023801777689984916
-0.002549791881819255
-0.051188868841351924
0.019905796139705317
-0.025490240369297663
-0.03859135547419706
0.009371741628479358
-0.012399336076196978
-0.015231963251935111
-0.028020867971162676
0.029972923296941862
-0.0021345177394921674
-0.0032117128602234747
-0.01606114277211968
-0.009752548281668305
-0.013182918098063105
-0.012390742088532197
-0.001898395768060992
-0.0837924542751815
-0.028774023237518962
-0.03377720112118036
-0.04295422808286209
-0.025546426068569977
0.009371741628479358
-0.01742162482491046
-0.011172681097460783
-0.013080300331767014
-0.008462477227406878
0.0005718258501278491
-0.0032117128602234747
-0.020296858229414804
-0.025870061960711593
0.008581327082952622
-0.07794712365979749
-0.022565424696069043
-0.011607626277806333
0.0028009663845873414
-0.00862441862106754
0.0025153382537411346
-0.0035089770708044846
-0.00938183256364306
0.010936804183045384
0.0025153382537411346
-0.012040341458611764
-0.005644866301206912
-0.0227507523221604
-0.008623856823772853
-0.0035089770708044846
-0.0073493401511506564
-0.012399336076196978
-0.010727475964152045
-0.006653842376304719
0.01230906554960907
-0.028045020940987347
-0.003987899501872314
-0.011607626277806333
-0.01718156742000801
-0.012848215764318716
-0.024105177745840024
-0.0035089770708044846
-0.013696338203630047
0.0013017973140860332
0.017915170505905128
-0.019452827743341738
0.048646925188285936
0.0005718258501278491
-0.021227855594718258
-0.0035089770708044846
0.0030840705661746457
0.029972923296941862
-0.07794712365979749
-0.025870061960711593
0.02385011474030347
0.0025153382537411346
-0.002868231301325083
-0.025490240369297663
0.014956671964943572
-0.011172681097460783
0.024336778246336965
-0.03299122876733515
-0.03314528098419796
-0.02688841277242024
-0.018223805090684355
-0.010053932369774983
-0.013171236761561822
-0.008446953719734411
-0.017711495616896656
-0.02234776786679658
-0.005414504271518012
0.0015816355758394359
-0.04411267830004229
0.006008043390391691
-0.020296858229414804
-0.027683047282719146
-0.013171236761561822
-0.03387412454969467
-0.005386560359791105
-0.05207216748480001
0.008581327082952622
-0.012390742088532197
0.0005718258501278491
-0.001898395768060992
-0.026669703640335805
-0.025756100607299878
-0.011172681097460783
-0.019344187768203597
-0.0015214724890646731
0.017915170505905128
0.0028009663845873414
-0.014683203568748386
-0.0837924542751815
-0.0270445571140638
-0.025546426068569977
-0.03377720112118036
-0.025756100607299878
-0.006529101845189108
0.007680952258184031
-0.01928630830760297
-0.01928630830760297
-0.01718156742000801
