-0.036420498884909745
0.009598169255390046
-0.001144269828140584
-0.011182637767084978
-0.026256976620760947
-0.02170468755647173
-0.059506553205433826
-0.048145004048025054
-0.01536131577815585
-0.001839423638467661
-0.0011617606187175184
-0.03733638204162235
-0.028692098170886852
0.002194003539458957
-0.024040541215162487
-0.024762139698773958
-0.031100332909768456
-0.05911554899104333
-0.012574287106997139
-0.011182637767084978
0.0035711692479341666
-0.024762139698773958
0.01142819725289821
-0.017228240069530762
-0.036420498884909745
-0.012997889312515906
-0.014966710511189788
-0.04128813107542556
-0.0043670470427086385
-0.005588750757836698
-0.03020257054852464
-0.006097447402599358
-0.04325170295141962
-0.04128813107542556
-0.013491659900039154
-0.007254770478374865
-0.0001242925147325674
-0.0011617606187175184
-0.01751288772155569
-0.0002479438381969436
-0.01902859567215392
-0.02170468755647173
-0.04830849768432063
-0.011247951737064051
0.015362281093547094
-0.03733638204162235
-0.018439890081242645
-0.016248209563471405
-0.011247951737064051
-0.029440883193633693
-0.0065173770893542406
-0.038471015902860076
0.0115196718365155
0.006078089420997254
-0.029440883193633693
-0.004345792412108848
-0.03557289890305585
0.0040771036832852854
0.006078089420997254
-0.018964961088903155
-0.036420498884909745
-0.03720036000143999
-0.0016724412299130723
-0.024762139698773958
-0.025162689365621063
-0.025867070116214613
-0.005954378153020196
-0.030948124157045336
0.0034422755765426537
0.010045967607276942
-0.03720036000143999
-0.024040541215162487
-0.0050332794482980505
0.008723518045335875
-0.0043670470427086385
-0.007340070206077092
-0.0035043560963431163
-0.0004848383856109103
-0.036420498884909745
-0.018439890081242645
-0.028518331619230588
-0.032553673678619686
0.0046965752596493625
-0.04249911811589406
0.011663042613302735
-0.017214310694192304
-0.017149967601107912
-0.024762139698773958
-0.01853145821302332
-0.017228240069530762
-0.011182637767084978
-0.031811438658001935
-0.001144269828140584
0.0007466597555892432
-0.042981436050867315
-0.025867070116214613
-0.016248209563471405
-0.0035043560963431163
-0.017228240069530762
0.013483896570154873
-0.018439890081242645
-0.011477317395742377
-0.020015900912107643
-0.003972172889582315
-0.006845271042027833
-0.05525582476466927
0.010045967607276942
-0.01163895022634815
-0.022996040929811352
-0.024040541215162487
-0.013491659900039154
0.002194003539458957
-0.014010203521083722
-0.018964961088903155
-0.038471015902860076
-0.04693287249563862
-0.025867070116214613
-0.0030347313101020267
-0.019602420628973622
0.011831306503615214
0.008152585821402276
-0.029440883193633693
-0.01536131577815585
-0.010645401653764784
-0.0011145739400458606
-0.020188044613003175
-0.03948897390190774
0.014218262927194934
-0.012574287106997139
-0.017149967601107912
-0.0011145739400458606
-0.011247951737064051
-0.052229100452430094
-0.009560181264911462
-0.010645401653764784
-0.0065173770893542406
0.002194003539458957
-0.028692098170886852
-0.018637801013346764
0.009598169255390046
-0.01536131577815585
-0.031102595269206928
-0.02200181222035582
-0.02170468755647173
-0.02014728570549595
-0.031102595269206928
-0.02754524852066118
-0.011182637767084978
-0.01902859567215392
0.015362281093547094
-0.032553673678619686
-0.01902859567215392
-0.010645401653764784
-0.020188044613003175
0.0040771036832852854
-0.020268928618283735
-0.007340070206077092
-0.016248209563471405
0.013483896570154873
0.014218262927194934
-0.017006074728596
-0.030948124157045336
-0.012574287106997139
-0.028822190536081607
-0.033764831394795865
0.0034422755765426537
0.009368888304489648
-0.044365084398042244
-0.02874143393304603
-0.021070221942081312
-0.031811438658001935
-0.02014728570549595
-0.04124087539426625
-0.04325170295141962
-0.0016724412299130723
-0.03020257054852464
-0.006845271042027833
-0.0043670470427086385
-0.03948897390190774
-0.019363471831038013
0.0115196718365155
-0.006372109751575437
-0.0016724412299130723
-0.022996040929811352
0.002194003539458957
0.011663042613302735
0.008723518045335875
-0.005588750757836698
-0.0065173770893542406
0.008152585821402276
-0.017214310694192304
-0.012232025874023195
-0.038471015902860076
-0.03369419219747664
-0.005588750757836698
-0.0002479438381969436
-0.001144269828140584
-0.006097447402599358
-0.03369419219747664
-0.011247951737064051
0.0022495768755561793
0.0046965752596493625
-0.029440883193633693
0.010045967607276942
-0.04124087539426625
-0.011247951737064051
-0.028822190536081607
-0.05326216528724695
-0.052229100452430094
-0.011477317395742377
0.010045967607276942
-0.011477317395742377
-0.028518331619230588
-0.02200181222035582
-0.032553673678619686
-0.0035043560963431163
-0.007412439859121654
-0.021070221942081312
-0.025162689365621063
0.010526631631283217
-0.02370117730741028
-0.02219302803943986
-0.012997889312515906
-0.011477317395742377
0.013483896570154873
0.0022495768755561793
-0.042981436050867315
-0.005954378153020196
-0.005588750757836698
-0.03257054850663739
-0.012997889312515906
-0.012449295105446729
-0.009674164274446508
-0.03257054850663739
-0.016248209563471405
-0.0056744715356368295
-0.018964961088903155
-0.006845271042027833
-0.02379843198671187
-0.02170468755647173
-0.0043670470427086385
0.006078089420997254
-0.01536131577815585
-0.031811438658001935
-0.001839423638467661
-0.048145004048025054
0.015362281093547094
-0.02655150990727506
-0.0035043560963431163
-0.03257054850663739
0.0040771036832852854
0.0035711692479341666
-0.038213338635875053
-0.009674164274446508
-0.004345792412108848
0.008723518045335875
-0.007412439859121654
-0.026256976620760947
0.014218262927194934
-0.006845271042027833
-0.03733638204162235
0.0007466597555892432
-0.007791641354753296
-0.052229100452430094
-0.024040541215162487
-0.02014728570549595
-0.01559052740829473
-0.049194967124765544
0.00316245175144485
-0.003937911729161417
-0.02655150990727506
-0.01751288772155569
-0.04861794418047844
-0.031102595269206928
-0.001839423638467661
-0.018100224696338058
0.0115196718365155
-0.014966710511189788
-0.021070221942081312
-0.03369419219747664
-0.007254770478374865
-0.007340070206077092
0.015362281093547094
-0.03369419219747664
0.0022495768755561793
-0.006372109751575437
0.007556024907055462
-0.03720036000143999
0.002194003539458957
-0.01902859567215392
-0.01751288772155569
-0.02018548700710704
-0.0013214106273795663
-0.04861794418047844
0.0040771036832852854
-0.001839423638467661
-0.011477317395742377
-0.013491659900039154
-0.016248209563471405
0.0007466597555892432
-0.03020257054852464
-0.0030347313101020267
-0.011477317395742377
-0.003937911729161417
-0.041685879252463594
-0.03020257054852464
-0.0016724412299130723
-0.0050332794482980505
-0.018518233189426598
-0.007791641354753296
-0.04693287249563862
-0.0065173770893542406
-0.04693287249563862
0.0040771036832852854
-0.019602420628973622
-0.022797184387718585
-0.0011145739400458606
0.026651369925252435
-0.059506553205433826
-0.0011145739400458606
-0.05525582476466927
-0.038213338635875053
-0.012997889312515906
-0.05326216528724695
0.0035711692479341666
-0.032553673678619686
-0.0016724412299130723
-0.009674164274446508
-0.031100332909768456
-0.004907260627701033
-0.019363471831038013
-0.012997889312515906
-0.022996040929811352
-0.012997889312515906
-0.030948124157045336
0.009598169255390046
-0.014966710511189788
0.008723518045335875
-0.02442947246975699
-0.020188044613003175
0.0007466597555892432
-0.04693287249563862
0.014218262927194934
-0.03257054850663739
-0.015657455096998226
-0.02655150990727506
-0.025867070116214613
-0.0016724412299130723
-0.05881261054280795
-0.012449295105446729
-0.04249911811589406
-0.04128813107542556
-0.011076390508247897
-0.0004848383856109103
-0.028518331619230588
-0.019363471831038013
0.002194003539458957
-0.03020257054852464
-0.017149967601107912
-0.02219302803943986
-0.05326216528724695
-0.006845271042027833
-0.038155967398842305
-0.02018548700710704
-0.0016724412299130723
-0.0011617606187175184
-0.036420498884909745
-0.04124087539426625
-0.0448720211086476
-0.020188044613003175
-0.02655150990727506
-0.036420498884909745
-0.03020257054852464
-0.029440883193633693
-0.009560181264911462
-0.05326216528724695
-0.03720036000143999
-0.0043670470427086385
-0.005588750757836698
-0.01163895022634815
-0.03557289890305585
-0.02874143393304603
-0.028692098170886852
0.006078089420997254
-0.009674164274446508
-0.03443669625474435
-0.019363471831038013
-0.03257054850663739
-0.01853145821302332
-0.026256976620760947
0.0035711692479341666
-0.004907260627701033
-0.011247951737064051
-0.017214310694192304
-0.02874143393304603
-0.018964961088903155
-0.019363471831038013
-0.011008374988416583
-0.024762139698773958
-0.02370117730741028
-0.005954378153020196
-0.020015900912107643
-0.003972172889582315
-0.025867070116214613
-0.009560181264911462
-0.018637801013346764
-0.022996040929811352
-0.0011145739400458606
-0.02938460442091988
-0.03948897390190774
-0.020102293565852056
-0.006845271042027833
-0.02200181222035582
0.007556024907055462
-0.028822190536081607
-0.017228240069530762
-0.018964961088903155
-0.016248209563471405
-0.04249911811589406
-0.028692098170886852
-0.02014728570549595
-0.03733638204162235
-0.02442947246975699
-0.020268928618283735
-0.007322598990703896
-0.025162689365621063
-0.004566425735742098
-0.0004848383856109103
-0.007412439859121654
0.014218262927194934
-0.04325170295141962
-0.05326216528724695
-0.0016724412299130723
-0.038155967398842305
-0.020102293565852056
-0.007322598990703896
-0.042981436050867315
-0.011182637767084978
0.0014307367019075316
-0.0043670470427086385
-0.007340070206077092
-0.029035845758654567
-0.017149967601107912
-0.015657455096998226
-0.015657455096998226
-0.04249911811589406
-0.02379843198671187
-0.038471015902860076
-0.02014728570549595
-0.059506553205433826
-0.00730480250942759
-0.01751288772155569
-0.01559052740829473
-0.05326216528724695
-0.01536131577815585
-0.011008374988416583
-0.013491659900039154
-0.0035043560963431163
-0.012449295105446729
0.01142819725289821
-0.02655150990727506
0.008723518045335875
-0.01902859567215392
-0.020268928618283735
-0.019026540019939312
-0.01853145821302332
-0.028692098170886852
-0.031100332909768456
-0.02370117730741028
-0.011477317395742377
-0.02018548700710704
-0.020015900912107643
-0.016248209563471405
-0.0317634666171245
-0.02938460442091988
-0.011247951737064051
-0.029440883193633693
-0.031811438658001935
-0.018439890081242645
-0.03257054850663739
-0.0004848383856109103
0.014218262927194934
0.008152585821402276
-0.0035043560963431163
-0.030948124157045336
-0.038213338635875053
-0.004566425735742098
-0.007791641354753296
-0.0448720211086476
-0.0050332794482980505
-0.019602420628973622
0.014218262927194934
-0.026256976620760947
-0.04249911811589406
-0.001144269828140584
-0.0016724412299130723
-0.0448720211086476
-0.0050332794482980505
-0.017228240069530762
-0.031102595269206928
0.006078089420997254
-0.0011145739400458606
0.0035711692479341666
-0.017214310694192304
-0.0001242925147325674
-0.038471015902860076
-0.01723791858415308
-0.036420498884909745
-0.005588750757836698
-0.017006074728596
-0.02938460442091988
-0.014010203521083722
-0.028822190536081607
-0.02655150990727506
-0.003972172889582315
-0.044365084398042244
-0.011182637767084978
0.00316245175144485
-0.01853145821302332
-0.020268928618283735
0.014218262927194934
0.01142819725289821
-0.02938460442091988
0.0046965752596493625
-0.02018548700710704
-0.028692098170886852
-0.02938460442091988
0.009368888304489648
0.0046965752596493625
-0.011076390508247897
-0.006372109751575437
-0.04693287249563862
0.008723518045335875
-0.031102595269206928
-0.0050332794482980505
-0.05525582476466927
-0.00730480250942759
-0.041685879252463594
-0.02170468755647173
-0.006845271042027833
0.00316245175144485
-0.05326216528724695
-0.038213338635875053
-0.0016724412299130723
-0.04830849768432063
-0.0030347313101020267
-0.03948897390190774
-0.017228240069530762
-0.04229704319548518
-0.011477317395742377
-0.005954378153020196
0.0040771036832852854
-0.05326216528724695
-0.04128813107542556
-0.0317634666171245
0.00316245175144485
-0.007545080295263732
-0.031102595269206928
-0.03733638204162235
-0.026256976620760947
-0.032553673678619686
-0.017149967601107912
0.0040771036832852854
-0.0317634666171245
0.008152585821402276
-0.02170468755647173
-0.02014728570549595
-0.029440883193633693
-0.02379843198671187
-0.03948897390190774
-0.02938460442091988
-0.02938460442091988
-0.00730480250942759
-0.029035845758654567
-0.007340070206077092
-0.04229704319548518
-0.04325170295141962
0.0022495768755561793
0.015362281093547094
0.026651369925252435
0.013483896570154873
0.0034422755765426537
-0.0317634666171245
-0.026256976620760947
-0.028822190536081607
-0.0030347313101020267
-0.005588750757836698
0.0014307367019075316
0.015362281093547094
-0.006097447402599358
-0.03948897390190774
0.01142819725289821
-0.01536131577815585
-0.012997889312515906
-0.02938460442091988
0.009368888304489648
-0.04229704319548518
-0.02938460442091988
-0.006845271042027833
-0.0013214106273795663
-0.04325170295141962
-0.02874143393304603
-0.018518233189426598
-0.00730480250942759
-0.003937911729161417
-0.003937911729161417
-0.015657455096998226
0.0115196718365155
0.0014307367019075316
-0.036420498884909745
-0.049194967124765544
-0.041685879252463594
-0.03733638204162235
-0.012574287106997139
-0.038155967398842305
-0.02219302803943986
-0.042647164559975234
-0.004907260627701033
-0.036420498884909745
-0.0030347313101020267
-0.05525582476466927
-0.03020257054852464
-0.007791641354753296
0.0007466597555892432
-0.009560181264911462
-0.02754524852066118
-0.044365084398042244
-0.009560181264911462
-0.02219302803943986
-0.04325170295141962
-0.04861794418047844
-0.0004848383856109103
-0.025162689365621063
0.008152585821402276
-0.038155967398842305
-0.0030347313101020267
-0.05881261054280795
0.015362281093547094
-0.018964961088903155
-0.032954010076403056
0.011663042613302735
-0.006097447402599358
-0.02442947246975699
0.0022495768755561793
-0.03948897390190774
-0.001839423638467661
-0.018964961088903155
-0.024032592212579237
-0.024762139698773958
-0.024032592212579237
-0.0030347313101020267
-0.0035043560963431163
-0.017006074728596
-0.05326216528724695
-0.011076390508247897
-0.02370117730741028
-0.017214310694192304
0.015362281093547094
-0.0056744715356368295
-0.0035043560963431163
0.011663042613302735
-0.019026540019939312
-0.012232025874023195
-0.001839423638467661
-0.019602420628973622
-0.02219302803943986
-0.01902859567215392
-0.038155967398842305
-0.004907260627701033
-0.0043670470427086385
-0.0013214106273795663
-0.019602420628973622
-0.030948124157045336
-0.02200181222035582
-0.026256976620760947
-0.049194967124765544
-0.04124087539426625
-0.024032592212579237
-0.01751288772155569
-0.019026540019939312
-0.04229704319548518
-0.018637801013346764
-0.03257054850663739
-0.04124087539426625
0.002194003539458957
-0.03733638204162235
-0.012232025874023195
-0.02170468755647173
-0.020268928618283735
-0.038471015902860076
-0.02379843198671187
0.0040771036832852854
-0.007340070206077092
-0.025867070116214613
-0.029035845758654567
-0.029440883193633693
0.013483896570154873
-0.01853145821302332
-0.044365084398042244
-0.038471015902860076
-0.02655150990727506
-0.05881261054280795
-0.012232025874023195
-0.007791641354753296
-0.01853145821302332
-0.005588750757836698
0.013483896570154873
-0.02379843198671187
-0.017214310694192304
-0.006845271042027833
0.014218262927194934
-0.01902859567215392
-0.028518331619230588
-0.028822190536081607
-0.031811438658001935
-0.011477317395742377
-0.012449295105446729
-0.031811438658001935
-0.032954010076403056
-0.05525582476466927
-0.03948897390190774
-0.010656433549021726
-0.011076390508247897
-0.004566425735742098
-0.03443669625474435
-0.02379843198671187
-0.018100224696338058
-0.0013214106273795663
-0.04124087539426625
-0.059506553205433826
0.01142819725289821
-0.02874143393304603
-0.04249911811589406
-0.005954378153020196
-0.03020257054852464
-0.028518331619230588
-0.022797184387718585
-0.015657455096998226
-0.03720036000143999
-0.016248209563471405
-0.020188044613003175
-0.02014728570549595
-0.01163895022634815
-0.04229704319548518
-0.03733638204162235
-0.031811438658001935
-0.017214310694192304
0.0007466597555892432
-0.0011617606187175184
-0.009560181264911462
-0.02014728570549595
-0.026256976620760947
-0.033764831394795865
-0.013491659900039154
-0.0056744715356368295
0.0035711692479341666
-0.04861794418047844
-0.052229100452430094
-0.007412439859121654
-0.001144269828140584
-0.01751288772155569
0.0040771036832852854
-0.0011617606187175184
-0.020102293565852056
-0.0011145739400458606
-0.02018548700710704
-0.019602420628973622
-0.033764831394795865
-0.021034814509234768
-0.02379843198671187
-0.029035845758654567
-0.028822190536081607
-0.03557289890305585
-0.02379843198671187
-0.018637801013346764
-0.005588750757836698
-0.003937911729161417
-0.011477317395742377
-0.018637801013346764
-0.03443669625474435
-0.044365084398042244
-0.01559052740829473
-0.0043670470427086385
-0.02379843198671187
-0.05326216528724695
-0.006097447402599358
-0.0001242925147325674
-0.0011145739400458606
-0.00730480250942759
0.014218262927194934
-0.007340070206077092
-0.02442947246975699
-0.018518233189426598
-0.038213338635875053
-0.010645401653764784
-0.02018548700710704
-0.025867070116214613
-0.007254770478374865
-0.017006074728596
-0.018439890081242645
-0.032553673678619686
-0.03020257054852464
-0.018518233189426598
-0.001144269828140584
-0.007791641354753296
0.0014307367019075316
-0.028518331619230588
0.015362281093547094
-0.01536131577815585
-0.036420498884909745
-0.022996040929811352
-0.028822190536081607
-0.001144269828140584
0.011831306503615214
-0.043911528137573694
-0.0030347313101020267
-0.014966710511189788
-0.05326216528724695
-0.048145004048025054
-0.01723791858415308
-0.02379843198671187
-0.01853145821302332
-0.033764831394795865
0.009598169255390046
-0.007322598990703896
-0.02874143393304603
-0.011008374988416583
-0.03020257054852464
-0.01751288772155569
-0.016248209563471405
-0.001839423638467661
-0.005588750757836698
-0.028822190536081607
-0.0050332794482980505
-0.048145004048025054
-0.012449295105446729
0.0014307367019075316
-0.015657455096998226
0.01142819725289821
-0.032954010076403056
-0.017214310694192304
-0.038155967398842305
-0.02014728570549595
-0.033764831394795865
-0.020102293565852056
-0.005954378153020196
-0.031102595269206928
-0.05881261054280795
0.002194003539458957
-0.02018548700710704
-0.017006074728596
-0.03443669625474435
0.0022495768755561793
-0.029035845758654567
-0.0001242925147325674
-0.049194967124765544
-0.004345792412108848
-0.007254770478374865
-0.009674164274446508
-0.024040541215162487
-0.059506553205433826
0.01142819725289821
-0.009674164274446508
-0.00730480250942759
0.010045967607276942
-0.038471015902860076
0.006078089420997254
-0.011008374988416583
-0.05881261054280795
-0.036420498884909745
-0.031811438658001935
-0.007545080295263732
-0.003972172889582315
-0.018637801013346764
-0.006372109751575437
-0.028822190536081607
-0.018637801013346764
-0.017006074728596
-0.038471015902860076
-0.0016724412299130723
-0.04830849768432063
-0.04128813107542556
0.015362281093547094
-0.01536131577815585
-0.03733638204162235
-0.0011145739400458606
-0.011247951737064051
-0.011477317395742377
-0.03257054850663739
-0.01751288772155569
-0.0002479438381969436
-0.01751288772155569
-0.018964961088903155
-0.018518233189426598
-0.04325170295141962
-0.021070221942081312
0.014218262927194934
-0.017006074728596
-0.004345792412108848
-0.018637801013346764
-0.0004848383856109103
-0.031100332909768456
-0.007322598990703896
-0.003972172889582315
-0.006372109751575437
0.014218262927194934
-0.009560181264911462
-0.028692098170886852
-0.04830849768432063
-0.004566425735742098
-0.02219302803943986
-0.009674164274446508
-0.011182637767084978
-0.0004848383856109103
-0.025162689365621063
-0.0016724412299130723
0.026651369925252435
-0.0001242925147325674
-0.038213338635875053
-0.004345792412108848
0.015362281093547094
-0.011477317395742377
-0.011076390508247897
-0.01536131577815585
-0.0011145739400458606
-0.030914155582892906
-0.044365084398042244
0.01142819725289821
0.01142819725289821
-0.003937911729161417
0.0014307367019075316
-0.01723791858415308
-0.032954010076403056
-0.031811438658001935
-0.02018548700710704
-0.05881261054280795
-0.018964961088903155
-0.02379843198671187
-0.017228240069530762
-0.03257054850663739
-0.009560181264911462
-0.05911554899104333
-0.0016724412299130723
-0.05525582476466927
-0.01163895022634815
0.0014307367019075316
-0.012232025874023195
-0.006372109751575437
-0.019363471831038013
-0.020015900912107643
0.0040771036832852854
-0.043911528137573694
-0.0448720211086476
-0.012997889312515906
-0.01163895022634815
-0.02874143393304603
-0.04249911811589406
-0.012232025874023195
-0.029035845758654567
-0.021070221942081312
-0.030914155582892906
-0.016248209563471405
-0.01163895022634815
-0.028822190536081607
-0.02379843198671187
0.015362281093547094
-0.0016724412299130723
0.006078089420997254
-0.010656433549021726
-0.007791641354753296
-0.031100332909768456
-0.025867070116214613
-0.04249911811589406
-0.030914155582892906
0.009598169255390046
-0.0065173770893542406
-0.03443669625474435
-0.024040541215162487
-0.029440883193633693
-0.05881261054280795
-0.031811438658001935
0.010526631631283217
-0.028518331619230588
-0.0035043560963431163
-0.0013214106273795663
-0.02379843198671187
-0.05525582476466927
-0.042981436050867315
-0.007340070206077092
-0.02655150990727506
-0.0016724412299130723
0.00316245175144485
-0.031102595269206928
-0.012232025874023195
-0.03443669625474435
-0.049194967124765544
-0.028822190536081607
0.0115196718365155
0.013483896570154873
-0.012574287106997139
