-0.025588202498730325
0.009701617438508989
0.011054677385825704
-0.0021933010164817443
-0.0034042785135628816
0.011661315889709895
0.0033448533105047066
-0.00021471901354898782
0.014994768580747666
0.03715102754782601
0.011054677385825704
-0.023976233016160406
-0.007777966310496846
0.0008864575989848783
-0.01704438438828817
-0.03303618678229613
0.005989844755044378
-0.04235333132337125
0.0008864575989848783
0.012761088015155604
-0.018502032630526546
-0.014433012913861763
-0.023976233016160406
0.057887622093679376
-0.00021471901354898782
-0.023580081103570183
0.022659687882932083
-0.0076632936653936315
-0.013939798068675673
0.014086549973276978
0.017661159879856086
-0.018502032630526546
-0.023580081103570183
-0.028038536716336902
-0.028038536716336902
-0.03012047052633223
-0.03012047052633223
-0.03303618678229613
-0.020837310190046174
0.009942459292276589
-0.028038536716336902
-0.051353800862405236
-0.017117594613515405
0.011054677385825704
-0.01614584826602055
-0.03303618678229613
0.014086549973276978
-0.014910734167990892
-0.013939798068675673
-0.0453393943325021
-0.03863934164610633
-0.03767516133384227
-0.04442804447874373
0.004150272407380042
-0.02480236564705317
-0.011887425940699468
-0.04442804447874373
-0.018973466642104038
0.014994768580747666
-0.022464565697443505
0.011661315889709895
-0.02480236564705317
-0.04442804447874373
0.012761088015155604
-0.004540873807282589
-0.011887425940699468
0.009942459292276589
0.014994768580747666
0.0880086097237204
-0.013939798068675673
-0.017811112151657225
0.014086549973276978
-0.01614584826602055
-0.01672152835017805
-0.00021471901354898782
-0.025588202498730325
-0.03303618678229613
0.009701617438508989
0.004307264247107634
-0.014433012913861763
-0.02480236564705317
0.009942459292276589
0.018372538796003896
-0.04775255718632456
-0.014910734167990892
0.017661159879856086
0.011054677385825704
-0.028038536716336902
-0.05732331850362972
-0.04775255718632456
-0.022464565697443505
-0.0034042785135628816
0.004150272407380042
-0.01614584826602055
-0.023580081103570183
-0.007777966310496846
-0.022464565697443505
0.009701617438508989
-0.032850492099074
0.004669428122703292
-0.05732331850362972
-0.008590440884014236
-0.018502032630526546
-0.013100633083003821
-0.023976233016160406
-0.00021471901354898782
-0.027468459792929053
0.011054677385825704
0.011661315889709895
-0.014433012913861763
0.022659687882932083
-0.014433012913861763
-0.022464565697443505
-0.018502032630526546
0.015811727466318908
-0.051353800862405236
-0.0034042785135628816
0.014994768580747666
-0.017117594613515405
0.00012958189767334918
-0.051353800862405236
-0.02480236564705317
-0.01572078207143783
0.00012958189767334918
-0.027468459792929053
-0.01704438438828817
-0.020837310190046174
-0.007777966310496846
0.015811727466318908
-0.004540873807282589
-0.02480236564705317
-0.020837310190046174
-0.025588202498730325
-0.03767516133384227
-0.01558276716156109
-0.03012047052633223
0.009701617438508989
-0.04442804447874373
-0.023976233016160406
-0.018502032630526546
0.0008864575989848783
-0.011887425940699468
-0.018973466642104038
-0.018502032630526546
-0.0021933010164817443
-0.04235333132337125
-0.023976233016160406
-0.018502032630526546
0.057887622093679376
0.012761088015155604
0.0008864575989848783
-0.03697807069329759
0.0880086097237204
-0.04235333132337125
-0.023580081103570183
0.03715102754782601
-0.028038536716336902
0.017661159879856086
-0.01614584826602055
-0.023580081103570183
-0.05824002990622997
-0.007777966310496846
-0.01614584826602055
-0.0453393943325021
-0.013100633083003821
0.00012958189767334918
-0.01614584826602055
0.012856059932463571
-0.008590440884014236
0.03715102754782601
-0.011887425940699468
-0.028038536716336902
-0.023976233016160406
-0.025341497718088326
-0.027468459792929053
-0.025341497718088326
0.014086549973276978
-0.03697807069329759
-0.03697807069329759
-0.05824002990622997
-0.023976233016160406
-0.05732331850362972
0.011661315889709895
-0.01558276716156109
0.022659687882932083
-0.013939798068675673
0.012856059932463571
-0.025341497718088326
-0.022464565697443505
0.0033448533105047066
-0.012604418595788851
-0.0076632936653936315
0.009701617438508989
-0.007777966310496846
-0.027468459792929053
0.005989844755044378
-0.0453393943325021
-0.023580081103570183
-0.013939798068675673
0.004150272407380042
0.011661315889709895
0.022659687882932083
0.03715102754782601
0.00012958189767334918
-0.04235333132337125
0.005989844755044378
0.022659687882932083
-0.04235333132337125
0.03715102754782601
-0.03012047052633223
-0.03863934164610633
-0.02480236564705317
0.015811727466318908
-0.03303618678229613
0.009701617438508989
-0.03012047052633223
-0.014433012913861763
-0.04442804447874373
0.02239347188187913
-0.013100633083003821
0.004150272407380042
0.011661315889709895
0.011054677385825704
-0.03303618678229613
-0.022464565697443505
-0.007777966310496846
0.018372538796003896
-0.023580081103570183
-0.04609318477707302
-0.007777966310496846
-0.020837310190046174
-0.014910734167990892
-0.01704438438828817
0.009701617438508989
-0.014433012913861763
-0.014433012913861763
-0.014910734167990892
0.004150272407380042
0.014086549973276978
-0.012604418595788851
-0.05824002990622997
0.0033448533105047066
-0.020837310190046174
0.017661159879856086
-0.05732331850362972
0.011054677385825704
-0.004540873807282589
-0.025588202498730325
-0.051353800862405236
0.03715102754782601
0.004307264247107634
-0.014433012913861763
-0.025341497718088326
0.057887622093679376
-0.013939798068675673
0.009942459292276589
-0.020837310190046174
0.018372538796003896
-0.0021933010164817443
-0.027468459792929053
-0.03767516133384227
-0.0453393943325021
-0.004540873807282589
0.009701617438508989
-0.007777966310496846
-0.008590440884014236
-0.05824002990622997
-0.017811112151657225
0.02239347188187913
-0.020837310190046174
0.012761088015155604
-0.020837310190046174
-0.013939798068675673
-0.007777966310496846
-0.028038536716336902
0.012856059932463571
-0.05824002990622997
-0.03303618678229613
-0.023976233016160406
-0.01672152835017805
-0.03012047052633223
-0.01572078207143783
0.004669428122703292
-0.004540873807282589
0.004669428122703292
-0.025341497718088326
-0.018973466642104038
-0.04442804447874373
0.0033448533105047066
-0.004540873807282589
-0.023580081103570183
-0.011887425940699468
-0.01572078207143783
-0.004540873807282589
-0.04609318477707302
-0.028038536716336902
-0.017811112151657225
0.009942459292276589
-0.032850492099074
-0.025588202498730325
-0.025906173880478653
0.009942459292276589
-0.013100633083003821
0.015811727466318908
0.014994768580747666
-0.03767516133384227
-0.027468459792929053
-0.0076632936653936315
0.017661159879856086
0.004307264247107634
0.02239347188187913
-0.017117594613515405
-0.018502032630526546
-0.01704438438828817
-0.05824002990622997
-0.020837310190046174
0.057887622093679376
-0.017811112151657225
0.009942459292276589
0.02239347188187913
-0.011887425940699468
0.011661315889709895
-0.03012047052633223
-0.00021471901354898782
-0.04775255718632456
0.057887622093679376
-0.00021471901354898782
0.014086549973276978
0.057887622093679376
-0.03767516133384227
-0.05824002990622997
-0.027468459792929053
-0.01572078207143783
0.005989844755044378
-0.05824002990622997
-0.05732331850362972
-0.04609318477707302
-0.03303618678229613
-0.027468459792929053
-0.0021933010164817443
-0.013939798068675673
-0.014433012913861763
-0.04775255718632456
-0.018973466642104038
0.011054677385825704
-0.018502032630526546
0.02239347188187913
-0.017811112151657225
-0.025906173880478653
-0.025906173880478653
-0.023580081103570183
-0.028038536716336902
-0.013939798068675673
-0.025341497718088326
0.015811727466318908
-0.051353800862405236
-0.012604418595788851
-0.017117594613515405
0.009701617438508989
-0.020837310190046174
-0.014910734167990892
-0.014910734167990892
-0.05732331850362972
-0.03767516133384227
0.012761088015155604
-0.020837310190046174
-0.020837310190046174
-0.014910734167990892
0.014994768580747666
-0.03697807069329759
0.0033448533105047066
-0.011887425940699468
-0.03697807069329759
-0.04235333132337125
-0.012604418595788851
-0.023976233016160406
-0.025906173880478653
0.004307264247107634
-0.013939798068675673
-0.025588202498730325
-0.051353800862405236
0.011661315889709895
-0.01558276716156109
-0.04442804447874373
-0.018973466642104038
0.0880086097237204
-0.0076632936653936315
-0.025906173880478653
0.02239347188187913
-0.025906173880478653
0.00012958189767334918
-0.02480236564705317
-0.014433012913861763
-0.014910734167990892
0.014086549973276978
-0.01572078207143783
-0.04609318477707302
-0.023976233016160406
-0.01614584826602055
-0.05824002990622997
-0.012604418595788851
-0.020837310190046174
0.018372538796003896
0.014994768580747666
0.012856059932463571
-0.028038536716336902
0.014086549973276978
0.014086549973276978
-0.05824002990622997
0.0880086097237204
-0.025906173880478653
-0.03012047052633223
0.0880086097237204
-0.0076632936653936315
-0.04442804447874373
-0.025906173880478653
-0.023976233016160406
-0.027468459792929053
-0.028038536716336902
-0.05824002990622997
-0.025906173880478653
-0.025906173880478653
-0.01572078207143783
-0.00021471901354898782
-0.0021933010164817443
-0.03767516133384227
-0.01704438438828817
0.03715102754782601
0.017661159879856086
0.022659687882932083
-0.008590440884014236
-0.017117594613515405
-0.025906173880478653
0.014086549973276978
0.0880086097237204
0.018372538796003896
-0.023976233016160406
0.022659687882932083
0.0008864575989848783
-0.05732331850362972
-0.025906173880478653
0.00012958189767334918
-0.025906173880478653
-0.013100633083003821
-0.01704438438828817
-0.01572078207143783
-0.01704438438828817
-0.01572078207143783
-0.023580081103570183
-0.023580081103570183
-0.03863934164610633
0.057887622093679376
-0.0453393943325021
-0.04609318477707302
-0.0076632936653936315
-0.0034042785135628816
-0.017811112151657225
-0.008590440884014236
-0.0034042785135628816
0.018372538796003896
0.014086549973276978
-0.007777966310496846
-0.02480236564705317
0.009701617438508989
-0.051353800862405236
-0.03012047052633223
-0.008590440884014236
-0.01704438438828817
0.004150272407380042
-0.04442804447874373
-0.017811112151657225
0.018372538796003896
0.018372538796003896
0.022659687882932083
-0.032850492099074
-0.04442804447874373
0.0008864575989848783
0.004307264247107634
0.03715102754782601
0.011661315889709895
0.0880086097237204
-0.03863934164610633
-0.03863934164610633
0.018372538796003896
-0.05824002990622997
-0.011887425940699468
0.022659687882932083
-0.05732331850362972
-0.03697807069329759
-0.03697807069329759
-0.04442804447874373
-0.04775255718632456
-0.022464565697443505
-0.025588202498730325
-0.018973466642104038
0.011661315889709895
-0.014910734167990892
-0.008590440884014236
-0.014433012913861763
-0.017811112151657225
-0.013100633083003821
0.057887622093679376
-0.014910734167990892
-0.051353800862405236
-0.013100633083003821
-0.0453393943325021
-0.01558276716156109
-0.03863934164610633
-0.04775255718632456
-0.032850492099074
-0.025341497718088326
0.009701617438508989
-0.0076632936653936315
-0.018973466642104038
-0.023976233016160406
-0.05824002990622997
0.009942459292276589
-0.022464565697443505
-0.00021471901354898782
-0.028038536716336902
0.014086549973276978
-0.008590440884014236
-0.018973466642104038
0.057887622093679376
-0.051353800862405236
-0.013939798068675673
0.018372538796003896
-0.018973466642104038
0.009701617438508989
-0.018973466642104038
-0.023976233016160406
-0.05824002990622997
-0.03012047052633223
-0.011887425940699468
-0.01672152835017805
-0.014433012913861763
-0.0453393943325021
-0.027468459792929053
-0.032850492099074
0.014086549973276978
-0.03767516133384227
-0.017117594613515405
0.004669428122703292
-0.05824002990622997
0.022659687882932083
-0.013100633083003821
0.0008864575989848783
-0.01572078207143783
-0.03767516133384227
-0.028038536716336902
-0.007777966310496846
-0.0453393943325021
0.057887622093679376
-0.03303618678229613
-0.027468459792929053
-0.025588202498730325
-0.01672152835017805
0.004150272407380042
-0.0076632936653936315
-0.04442804447874373
-0.011887425940699468
0.012761088015155604
-0.027468459792929053
0.014994768580747666
-0.025341497718088326
-0.03303618678229613
-0.03697807069329759
-0.04442804447874373
0.0033448533105047066
0.004150272407380042
-0.025341497718088326
-0.007777966310496846
0.012761088015155604
0.012761088015155604
0.009942459292276589
0.02239347188187913
-0.014910734167990892
-0.03863934164610633
0.014994768580747666
-0.034520461744402466
-0.05824002990622997
0.014086549973276978
-0.00021471901354898782
-0.03012047052633223
-0.05824002990622997
-0.032850492099074
-0.023976233016160406
-0.023580081103570183
0.014086549973276978
-0.032850492099074
0.004669428122703292
-0.051353800862405236
0.005989844755044378
-0.05824002990622997
-0.05824002990622997
-0.01672152835017805
0.0008864575989848783
-0.04235333132337125
-0.01572078207143783
-0.008590440884014236
0.004307264247107634
-0.01704438438828817
-0.012604418595788851
-0.022464565697443505
0.02239347188187913
0.009942459292276589
0.005989844755044378
-0.03697807069329759
-0.013939798068675673
-0.007777966310496846
-0.008590440884014236
-0.01704438438828817
0.012761088015155604
0.009701617438508989
-0.0453393943325021
0.022659687882932083
0.0008864575989848783
-0.022464565697443505
-0.05732331850362972
-0.025588202498730325
0.012761088015155604
0.017661159879856086
0.0033448533105047066
0.018372538796003896
0.03715102754782601
-0.05824002990622997
0.017661159879856086
-0.00021471901354898782
-0.01558276716156109
-0.012604418595788851
-0.05824002990622997
-0.018973466642104038
0.014994768580747666
0.02239347188187913
-0.01572078207143783
-0.04609318477707302
-0.007777966310496846
0.004669428122703292
-0.022464565697443505
0.011661315889709895
-0.023976233016160406
-0.03863934164610633
-0.014910734167990892
-0.01558276716156109
-0.027468459792929053
0.057887622093679376
-0.032850492099074
-0.011887425940699468
0.014086549973276978
-0.017811112151657225
-0.027468459792929053
0.014994768580747666
0.009942459292276589
-0.028038536716336902
0.018372538796003896
0.009701617438508989
0.02239347188187913
0.004669428122703292
0.03715102754782601
-0.00021471901354898782
-0.04235333132337125
-0.0453393943325021
0.005989844755044378
-0.01572078207143783
0.012856059932463571
-0.01614584826602055
-0.04609318477707302
0.018372538796003896
-0.03863934164610633
0.0880086097237204
-0.032850492099074
-0.02480236564705317
-0.032850492099074
-0.025341497718088326
-0.020837310190046174
0.022659687882932083
-0.05732331850362972
-0.0076632936653936315
-0.023580081103570183
-0.025341497718088326
-0.018502032630526546
-0.05732331850362972
-0.01704438438828817
-0.01704438438828817
0.00012958189767334918
0.004150272407380042
-0.032850492099074
0.011054677385825704
0.02239347188187913
-0.02480236564705317
0.011054677385825704
-0.03012047052633223
-0.017117594613515405
-0.01614584826602055
-0.008590440884014236
0.011661315889709895
-0.020837310190046174
-0.04235333132337125
-0.012604418595788851
0.022659687882932083
-0.05732331850362972
-0.034520461744402466
-0.051353800862405236
-0.018502032630526546
-0.023580081103570183
-0.012604418595788851
-0.032850492099074
0.02239347188187913
0.018372538796003896
-0.05824002990622997
0.014994768580747666
-0.025341497718088326
-0.03697807069329759
0.004669428122703292
-0.0021933010164817443
0.0008864575989848783
-0.020837310190046174
0.014086549973276978
-0.01672152835017805
-0.018973466642104038
-0.02480236564705317
-0.004540873807282589
-0.017811112151657225
0.0033448533105047066
-0.020837310190046174
-0.01672152835017805
-0.01558276716156109
-0.01572078207143783
-0.03767516133384227
-0.018973466642104038
-0.0076632936653936315
-0.00021471901354898782
0.00012958189767334918
-0.034520461744402466
-0.01672152835017805
0.017661159879856086
-0.05824002990622997
0.022659687882932083
-0.020837310190046174
0.0880086097237204
0.004150272407380042
0.017661159879856086
0.009701617438508989
0.011054677385825704
-0.03767516133384227
0.009942459292276589
-0.03767516133384227
-0.034520461744402466
-0.025341497718088326
0.004669428122703292
-0.05732331850362972
-0.028038536716336902
-0.018502032630526546
0.018372538796003896
0.012856059932463571
-0.0453393943325021
-0.013100633083003821
-0.05824002990622997
0.014086549973276978
0.017661159879856086
-0.011887425940699468
-0.008590440884014236
-0.013939798068675673
-0.020837310190046174
-0.018973466642104038
-0.0076632936653936315
0.004669428122703292
-0.0453393943325021
-0.0034042785135628816
-0.025341497718088326
-0.0453393943325021
-0.034520461744402466
-0.01672152835017805
-0.0453393943325021
0.004669428122703292
0.022659687882932083
0.011054677385825704
0.004150272407380042
-0.01614584826602055
-0.027468459792929053
-0.012604418595788851
-0.018973466642104038
0.018372538796003896
-0.03012047052633223
-0.017811112151657225
-0.028038536716336902
0.0880086097237204
-0.03697807069329759
-0.013939798068675673
-0.011887425940699468
-0.013939798068675673
-0.00021471901354898782
0.03715102754782601
0.012761088015155604
0.011661315889709895
-0.023976233016160406
0.03715102754782601
0.014086549973276978
-0.03697807069329759
-0.0034042785135628816
0.03715102754782601
-0.007777966310496846
-0.02480236564705317
-0.05732331850362972
-0.01572078207143783
-0.02480236564705317
-0.027468459792929053
0.004150272407380042
-0.04235333132337125
-0.025341497718088326
-0.011887425940699468
0.014086549973276978
-0.01614584826602055
0.057887622093679376
-0.034520461744402466
0.009701617438508989
-0.032850492099074
0.004307264247107634
-0.011887425940699468
0.018372538796003896
-0.05824002990622997
-0.01558276716156109
0.00012958189767334918
-0.017811112151657225
0.011054677385825704
0.0880086097237204
-0.012604418595788851
0.00012958189767334918
-0.03303618678229613
0.004669428122703292
-0.004540873807282589
-0.01614584826602055
-0.007777966310496846
-0.004540873807282589
-0.027468459792929053
-0.0034042785135628816
0.022659687882932083
-0.03767516133384227
0.057887622093679376
-0.05824002990622997
0.022659687882932083
0.012856059932463571
-0.01558276716156109
0.009701617438508989
-0.018973466642104038
-0.03303618678229613
0.005989844755044378
-0.014910734167990892
-0.05732331850362972
-0.025341497718088326
-0.02480236564705317
-0.03697807069329759
-0.017811112151657225
-0.05732331850362972
-0.022464565697443505
-0.0453393943325021
0.004150272407380042
0.014994768580747666
-0.04609318477707302
-0.032850492099074
-0.01704438438828817
0.0033448533105047066
-0.025906173880478653
-0.008590440884014236
-0.03012047052633223
-0.01672152835017805
0.015811727466318908
0.012761088015155604
0.02239347188187913
-0.018502032630526546
-0.004540873807282589
-0.0076632936653936315
-0.04775255718632456
-0.01572078207143783
-0.04442804447874373
-0.020837310190046174
-0.017811112151657225
-0.023976233016160406
-0.017117594613515405
-0.004540873807282589
-0.04775255718632456
-0.025906173880478653
-0.013100633083003821
-0.03697807069329759
0.005989844755044378
0.0008864575989848783
-0.020837310190046174
-0.007777966310496846
-0.03767516133384227
0.018372538796003896
-0.011887425940699468
-0.017811112151657225
0.012856059932463571
-0.022464565697443505
-0.020837310190046174
0.005989844755044378
-0.04775255718632456
-0.017811112151657225
0.02239347188187913
-0.004540873807282589
-0.05824002990622997
0.0033448533105047066
-0.025906173880478653
-0.013939798068675673
-0.01704438438828817
-0.01614584826602055
0.0880086097237204
0.009701617438508989
-0.04235333132337125
0.011054677385825704
0.004307264247107634
0.0880086097237204
-0.020837310190046174
-0.04609318477707302
-0.01558276716156109
-0.03697807069329759
0.004669428122703292
0.011054677385825704
-0.04235333132337125
-0.051353800862405236
0.03715102754782601
-0.0021933010164817443
-0.05824002990622997
-0.027468459792929053
-0.03697807069329759
0.057887622093679376
-0.025906173880478653
0.004669428122703292
-0.0021933010164817443
-0.034520461744402466
-0.0453393943325021
-0.05732331850362972
-0.05732331850362972
0.012761088015155604
0.00012958189767334918
0.004150272407380042
-0.007777966310496846
-0.04235333132337125
0.02239347188187913
-0.03012047052633223
0.009701617438508989
-0.028038536716336902
0.012856059932463571
-0.034520461744402466
-0.01614584826602055
0.014994768580747666
-0.04609318477707302
-0.01672152835017805
0.017661159879856086
-0.007777966310496846
-0.02480236564705317
-0.028038536716336902
-0.025588202498730325
0.005989844755044378
0.02239347188187913
0.004150272407380042
-0.05732331850362972
0.011054677385825704
0.004669428122703292
0.004150272407380042
-0.013100633083003821
-0.025906173880478653
-0.025906173880478653
0.012761088015155604
-0.03697807069329759
-0.025341497718088326
-0.025906173880478653
-0.013100633083003821
0.005989844755044378
0.009701617438508989
-0.012604418595788851
-0.01614584826602055
0.014086549973276978
-0.04775255718632456
-0.023976233016160406
-0.01572078207143783
-0.0021933010164817443
-0.008590440884014236
0.004307264247107634
-0.014910734167990892
-0.011887425940699468
-0.023976233016160406
0.02239347188187913
-0.01572078207143783
-0.04235333132337125
-0.025906173880478653
-0.017811112151657225
-0.00021471901354898782
-0.012604418595788851
-0.017117594613515405
-0.014910734167990892
0.012856059932463571
-0.0021933010164817443
-0.051353800862405236
-0.011887425940699468
-0.0034042785135628816
-0.027468459792929053
-0.028038536716336902
-0.017811112151657225
-0.01558276716156109
