0.00214777697486003
0.021494522068644377
0.00214777697486003
-0.0077885977315719545
-0.031159855429846735
-0.0051808073970518774
0.042141642061642545
-0.015603944604592383
0.021494522068644377
-0.01340056541396998
-0.0051808073970518774
-0.0031833349899075374
-0.01355820745618076
-0.012334740799216091
-0.007460691912403061
0.006815509919888627
-0.012334740799216091
-0.019006918312270898
0.006815509919888627
-0.019006918312270898
0.004437114947802952
-0.015245766376574021
-0.012334740799216091
-0.012334740799216091
-0.007645380048948341
-0.0077885977315719545
0.042141642061642545
-0.010950526287856057
-0.005172280068723585
0.02669131175760511
0.02669131175760511
-0.0031833349899075374
0.021494522068644377
-0.0051808073970518774
0.004437114947802952
-0.010950526287856057
0.00580427279907075
0.021494522068644377
0.042141642061642545
-0.005172280068723585
-0.015245766376574021
-0.020994075509864582
0.0017505039653558036
0.02669131175760511
0.0017505039653558036
-0.005172280068723585
-0.010950526287856057
-0.0031833349899075374
-0.007460691912403061
-0.010319688148177237
-0.01340056541396998
-0.015603944604592383
0.019991173429313468
-0.031159855429846735
-0.012334740799216091
-0.031159855429846735
0.02669131175760511
-0.012334740799216091
-0.007460691912403061
-0.0031833349899075374
-0.0077885977315719545
-0.02350741246988108
0.021494522068644377
0.02669131175760511
-0.007170992136403677
0.006815509919888627
-0.007460691912403061
-0.015245766376574021
-0.019006918312270898
0.00214777697486003
-0.008734973185251097
-0.0051808073970518774
-0.010319688148177237
-0.007645380048948341
-0.007645380048948341
0.019991173429313468
-0.015245766376574021
-0.0031833349899075374
-0.010950526287856057
-0.031159855429846735
-0.010319688148177237
-0.007645380048948341
-0.020994075509864582
-0.0077885977315719545
0.00580427279907075
-0.0077885977315719545
-0.020994075509864582
-0.0051808073970518774
-0.007170992136403677
-0.02350741246988108
0.019991173429313468
-0.0031833349899075374
-0.019006918312270898
-0.007460691912403061
-0.02350741246988108
-0.019006918312270898
-0.010950526287856057
-0.02350741246988108
-0.0051808073970518774
-0.011364645777276182
0.0017505039653558036
-0.005172280068723585
0.00214777697486003
0.004437114947802952
-0.011234391951974999
0.011135676497055593
-0.011364645777276182
-0.005172280068723585
-0.010319688148177237
-0.005172280068723585
-0.005172280068723585
-0.010319688148177237
0.011135676497055593
-0.010950526287856057
-0.019006918312270898
-0.020994075509864582
-0.0031833349899075374
-0.0077885977315719545
0.006815509919888627
-0.011234391951974999
-0.0031833349899075374
0.042141642061642545
-0.007170992136403677
-0.020994075509864582
-0.011364645777276182
0.004437114947802952
-0.007645380048948341
0.02669131175760511
-0.010319688148177237
-0.014415909567632421
0.0017505039653558036
-0.02012010652231993
-0.005172280068723585
-0.0077885977315719545
-0.031159855429846735
-0.01355820745618076
0.004437114947802952
-0.011364645777276182
0.02669131175760511
-0.019006918312270898
-0.0031833349899075374
0.019991173429313468
-0.010319688148177237
-0.012334740799216091
-0.0077885977315719545
-0.007645380048948341
-0.011364645777276182
-0.0031833349899075374
-0.007460691912403061
-0.020994075509864582
-0.008734973185251097
-0.015603944604592383
-0.011364645777276182
0.021494522068644377
-0.0077885977315719545
-0.007460691912403061
0.00214777697486003
0.011135676497055593
-0.01355820745618076
-0.007460691912403061
-0.012334740799216091
-0.01340056541396998
0.0017505039653558036
-0.015245766376574021
-0.011364645777276182
-0.007170992136403677
-0.008734973185251097
-0.015245766376574021
-0.0051808073970518774
-0.01355820745618076
-0.005172280068723585
-0.010319688148177237
-0.011364645777276182
0.019991173429313468
-0.020994075509864582
-0.02350741246988108
-0.01355820745618076
-0.012334740799216091
0.011135676497055593
0.00214777697486003
0.042141642061642545
0.00580427279907075
-0.007170992136403677
-0.011364645777276182
-0.007645380048948341
-0.007460691912403061
0.00214777697486003
-0.020994075509864582
-0.007460691912403061
-0.011234391951974999
-0.015603944604592383
-0.02012010652231993
-0.0051808073970518774
-0.015603944604592383
-0.020994075509864582
-0.01355820745618076
-0.02350741246988108
-0.020994075509864582
0.0017505039653558036
-0.011234391951974999
0.02669131175760511
-0.007460691912403061
0.019991173429313468
0.006815509919888627
0.004437114947802952
-0.012334740799216091
-0.008734973185251097
-0.031159855429846735
-0.010319688148177237
0.00580427279907075
0.00214777697486003
0.011135676497055593
0.00580427279907075
-0.0031833349899075374
-0.01355820745618076
-0.031159855429846735
-0.020994075509864582
-0.019006918312270898
-0.007170992136403677
0.006815509919888627
-0.031159855429846735
-0.010950526287856057
-0.02012010652231993
-0.031159855429846735
0.021494522068644377
-0.019006918312270898
-0.010319688148177237
-0.0051808073970518774
-0.0077885977315719545
-0.005172280068723585
-0.007645380048948341
-0.0077885977315719545
-0.019006918312270898
-0.007645380048948341
0.021494522068644377
0.00214777697486003
-0.01355820745618076
-0.015245766376574021
-0.019006918312270898
-0.01355820745618076
-0.010950526287856057
0.00214777697486003
-0.008734973185251097
0.019991173429313468
-0.012334740799216091
-0.01355820745618076
0.011135676497055593
-0.014415909567632421
-0.02012010652231993
-0.019006918312270898
-0.008734973185251097
-0.007170992136403677
0.02669131175760511
0.011135676497055593
0.042141642061642545
-0.02012010652231993
-0.01340056541396998
-0.031159855429846735
-0.008734973185251097
0.011135676497055593
-0.010950526287856057
0.021494522068644377
-0.0031833349899075374
-0.02012010652231993
0.0017505039653558036
-0.0031833349899075374
0.011135676497055593
-0.012334740799216091
0.0017505039653558036
-0.015245766376574021
-0.007170992136403677
-0.007460691912403061
0.042141642061642545
-0.005172280068723585
-0.008734973185251097
-0.008734973185251097
0.0017505039653558036
-0.005172280068723585
0.004437114947802952
0.02669131175760511
-0.020994075509864582
-0.01340056541396998
-0.02350741246988108
-0.031159855429846735
0.011135676497055593
0.019991173429313468
-0.019006918312270898
0.004437114947802952
-0.005172280068723585
-0.015603944604592383
-0.007460691912403061
-0.014415909567632421
0.042141642061642545
0.006815509919888627
-0.007170992136403677
-0.0031833349899075374
-0.011364645777276182
-0.007170992136403677
0.00214777697486003
-0.0077885977315719545
-0.0077885977315719545
-0.011364645777276182
-0.020994075509864582
-0.008734973185251097
0.006815509919888627
-0.011234391951974999
0.0017505039653558036
-0.015245766376574021
0.0017505039653558036
-0.02012010652231993
-0.014415909567632421
-0.019006918312270898
-0.010319688148177237
-0.011364645777276182
-0.015603944604592383
-0.007645380048948341
0.021494522068644377
-0.01355820745618076
0.019991173429313468
0.00214777697486003
-0.008734973185251097
0.02669131175760511
-0.010319688148177237
-0.011234391951974999
-0.011364645777276182
0.019991173429313468
0.019991173429313468
0.011135676497055593
-0.008734973185251097
0.011135676497055593
0.011135676497055593
-0.0031833349899075374
-0.012334740799216091
-0.015603944604592383
-0.014415909567632421
0.00580427279907075
-0.031159855429846735
-0.011234391951974999
-0.005172280068723585
-0.015245766376574021
-0.015245766376574021
-0.007645380048948341
-0.02012010652231993
-0.019006918312270898
-0.010950526287856057
-0.01355820745618076
-0.011364645777276182
-0.02350741246988108
-0.014415909567632421
-0.007645380048948341
-0.007460691912403061
0.004437114947802952
-0.0051808073970518774
-0.031159855429846735
0.011135676497055593
-0.012334740799216091
-0.02012010652231993
-0.014415909567632421
-0.01355820745618076
-0.020994075509864582
-0.005172280068723585
-0.005172280068723585
0.011135676497055593
0.021494522068644377
-0.011234391951974999
0.021494522068644377
-0.007645380048948341
-0.0031833349899075374
0.006815509919888627
-0.015245766376574021
-0.010319688148177237
0.0017505039653558036
-0.01355820745618076
-0.011234391951974999
-0.007460691912403061
-0.02350741246988108
0.021494522068644377
-0.010319688148177237
-0.0051808073970518774
-0.0031833349899075374
-0.005172280068723585
-0.031159855429846735
-0.01355820745618076
0.011135676497055593
-0.011234391951974999
0.00580427279907075
-0.014415909567632421
-0.014415909567632421
0.021494522068644377
-0.007460691912403061
-0.02012010652231993
-0.015245766376574021
-0.015245766376574021
-0.014415909567632421
-0.012334740799216091
-0.015245766376574021
0.021494522068644377
-0.015245766376574021
0.02669131175760511
-0.014415909567632421
-0.019006918312270898
0.006815509919888627
-0.0077885977315719545
0.042141642061642545
-0.010950526287856057
0.00214777697486003
0.006815509919888627
-0.0031833349899075374
-0.007460691912403061
-0.0077885977315719545
-0.010319688148177237
-0.007645380048948341
-0.014415909567632421
-0.008734973185251097
-0.019006918312270898
0.02669131175760511
-0.011234391951974999
-0.011234391951974999
0.011135676497055593
-0.007645380048948341
0.004437114947802952
0.00214777697486003
-0.02012010652231993
-0.014415909567632421
-0.010319688148177237
-0.008734973185251097
-0.02012010652231993
-0.015603944604592383
-0.031159855429846735
-0.02350741246988108
-0.0031833349899075374
0.011135676497055593
-0.011364645777276182
0.011135676497055593
-0.007645380048948341
0.00580427279907075
-0.020994075509864582
-0.0051808073970518774
-0.01355820745618076
-0.010319688148177237
-0.020994075509864582
-0.005172280068723585
0.00580427279907075
0.019991173429313468
0.00214777697486003
-0.015245766376574021
0.004437114947802952
-0.0051808073970518774
-0.008734973185251097
0.042141642061642545
-0.007460691912403061
0.021494522068644377
-0.019006918312270898
-0.008734973185251097
-0.02012010652231993
0.00214777697486003
-0.0031833349899075374
-0.007460691912403061
-0.01340056541396998
-0.01340056541396998
-0.015603944604592383
0.0017505039653558036
-0.010950526287856057
-0.015603944604592383
0.004437114947802952
0.02669131175760511
-0.015603944604592383
0.0017505039653558036
0.042141642061642545
-0.015245766376574021
-0.010950526287856057
0.02669131175760511
-0.010319688148177237
-0.02350741246988108
-0.0051808073970518774
-0.007460691912403061
0.006815509919888627
-0.0077885977315719545
-0.031159855429846735
-0.031159855429846735
0.0017505039653558036
0.00580427279907075
-0.011364645777276182
0.0017505039653558036
-0.0031833349899075374
-0.015245766376574021
-0.015245766376574021
-0.015603944604592383
-0.019006918312270898
-0.014415909567632421
-0.020994075509864582
-0.02012010652231993
-0.008734973185251097
-0.019006918312270898
0.004437114947802952
-0.02350741246988108
-0.02350741246988108
-0.011234391951974999
0.019991173429313468
-0.005172280068723585
-0.0051808073970518774
0.042141642061642545
-0.0031833349899075374
-0.01340056541396998
-0.012334740799216091
0.006815509919888627
-0.02012010652231993
-0.012334740799216091
-0.0077885977315719545
0.006815509919888627
0.00580427279907075
-0.01340056541396998
-0.014415909567632421
-0.007460691912403061
0.006815509919888627
-0.007170992136403677
-0.019006918312270898
0.0017505039653558036
-0.01355820745618076
-0.01355820745618076
-0.0077885977315719545
-0.019006918312270898
-0.02350741246988108
-0.007170992136403677
-0.02350741246988108
-0.020994075509864582
-0.005172280068723585
-0.008734973185251097
0.004437114947802952
0.00214777697486003
-0.007645380048948341
-0.008734973185251097
-0.007460691912403061
0.00580427279907075
-0.011234391951974999
-0.011364645777276182
-0.008734973185251097
-0.031159855429846735
-0.015245766376574021
-0.012334740799216091
-0.014415909567632421
-0.0051808073970518774
-0.010319688148177237
-0.0051808073970518774
0.004437114947802952
-0.010319688148177237
0.011135676497055593
-0.0031833349899075374
0.011135676497055593
0.006815509919888627
-0.007170992136403677
-0.0031833349899075374
0.011135676497055593
-0.010319688148177237
-0.007170992136403677
-0.0077885977315719545
-0.005172280068723585
-0.015603944604592383
-0.02350741246988108
0.00214777697486003
-0.007645380048948341
-0.01340056541396998
-0.007645380048948341
-0.015245766376574021
-0.012334740799216091
0.0017505039653558036
-0.007645380048948341
0.006815509919888627
-0.031159855429846735
0.004437114947802952
-0.01340056541396998
-0.007170992136403677
0.004437114947802952
-0.019006918312270898
0.00580427279907075
0.011135676497055593
0.042141642061642545
0.006815509919888627
-0.010319688148177237
-0.0077885977315719545
-0.014415909567632421
-0.014415909567632421
0.02669131175760511
-0.011364645777276182
-0.007460691912403061
-0.01355820745618076
-0.011364645777276182
-0.01355820745618076
-0.007460691912403061
-0.0051808073970518774
0.006815509919888627
0.042141642061642545
-0.012334740799216091
0.042141642061642545
-0.007460691912403061
-0.012334740799216091
-0.019006918312270898
0.004437114947802952
-0.0051808073970518774
-0.007460691912403061
0.019991173429313468
-0.005172280068723585
0.019991173429313468
-0.008734973185251097
-0.007460691912403061
-0.008734973185251097
-0.010950526287856057
0.02669131175760511
-0.014415909567632421
-0.015603944604592383
0.00214777697486003
-0.015245766376574021
-0.01340056541396998
-0.011234391951974999
-0.011234391951974999
-0.011234391951974999
-0.031159855429846735
0.02669131175760511
-0.011364645777276182
-0.012334740799216091
-0.012334740799216091
-0.019006918312270898
-0.007460691912403061
-0.014415909567632421
-0.011234391951974999
-0.007645380048948341
0.006815509919888627
-0.014415909567632421
0.019991173429313468
0.006815509919888627
0.004437114947802952
-0.012334740799216091
0.006815509919888627
-0.014415909567632421
0.019991173429313468
0.00580427279907075
0.019991173429313468
-0.014415909567632421
-0.011364645777276182
-0.0051808073970518774
0.00214777697486003
-0.020994075509864582
-0.012334740799216091
-0.019006918312270898
-0.019006918312270898
-0.012334740799216091
-0.011234391951974999
-0.014415909567632421
-0.01355820745618076
-0.014415909567632421
-0.015245766376574021
0.011135676497055593
-0.020994075509864582
-0.01340056541396998
-0.0051808073970518774
-0.008734973185251097
-0.014415909567632421
-0.007170992136403677
0.00214777697486003
0.00214777697486003
-0.012334740799216091
-0.019006918312270898
-0.0031833349899075374
0.00580427279907075
0.00580427279907075
-0.015603944604592383
-0.02012010652231993
-0.0051808073970518774
-0.007460691912403061
-0.010319688148177237
-0.015603944604592383
0.0017505039653558036
-0.010319688148177237
0.006815509919888627
-0.010319688148177237
-0.011234391951974999
-0.011364645777276182
0.0017505039653558036
-0.011234391951974999
-0.005172280068723585
0.02669131175760511
-0.0077885977315719545
0.02669131175760511
-0.014415909567632421
-0.02012010652231993
-0.015245766376574021
-0.007170992136403677
-0.01355820745618076
-0.010319688148177237
-0.012334740799216091
-0.011364645777276182
-0.01355820745618076
0.019991173429313468
-0.020994075509864582
-0.02350741246988108
-0.019006918312270898
-0.01340056541396998
-0.015603944604592383
-0.005172280068723585
-0.014415909567632421
-0.02350741246988108
-0.01340056541396998
0.021494522068644377
-0.011364645777276182
0.021494522068644377
-0.031159855429846735
0.042141642061642545
-0.005172280068723585
-0.007170992136403677
-0.010950526287856057
0.00580427279907075
0.004437114947802952
-0.01355820745618076
-0.010950526287856057
0.006815509919888627
-0.007460691912403061
-0.011364645777276182
0.00580427279907075
-0.019006918312270898
-0.010950526287856057
-0.007460691912403061
-0.008734973185251097
-0.02012010652231993
0.011135676497055593
0.0017505039653558036
-0.010950526287856057
-0.010319688148177237
0.00580427279907075
-0.007460691912403061
0.00214777697486003
-0.0051808073970518774
0.0017505039653558036
-0.011234391951974999
-0.019006918312270898
-0.01340056541396998
-0.010319688148177237
0.00580427279907075
-0.014415909567632421
-0.012334740799216091
-0.007170992136403677
-0.012334740799216091
0.0017505039653558036
-0.02350741246988108
-0.015603944604592383
0.042141642061642545
-0.0031833349899075374
-0.010319688148177237
0.006815509919888627
-0.0051808073970518774
-0.011364645777276182
-0.0077885977315719545
0.00580427279907075
-0.02012010652231993
-0.01340056541396998
0.011135676497055593
-0.014415909567632421
-0.007460691912403061
-0.02012010652231993
-0.02012010652231993
-0.007170992136403677
0.00580427279907075
-0.015245766376574021
0.00214777697486003
0.019991173429313468
-0.010950526287856057
-0.014415909567632421
-0.014415909567632421
-0.031159855429846735
-0.014415909567632421
-0.0077885977315719545
0.0017505039653558036
-0.015603944604592383
-0.011234391951974999
-0.007460691912403061
0.0017505039653558036
0.011135676497055593
-0.0051808073970518774
-0.0051808073970518774
-0.031159855429846735
0.021494522068644377
-0.005172280068723585
-0.019006918312270898
-0.015245766376574021
0.006815509919888627
-0.0077885977315719545
-0.019006918312270898
-0.01340056541396998
0.042141642061642545
-0.010319688148177237
0.011135676497055593
0.006815509919888627
0.004437114947802952
-0.011234391951974999
0.00214777697486003
-0.019006918312270898
-0.010950526287856057
-0.010950526287856057
-0.011234391951974999
-0.01340056541396998
-0.0051808073970518774
0.021494522068644377
0.006815509919888627
-0.0077885977315719545
-0.011364645777276182
-0.012334740799216091
-0.008734973185251097
-0.02350741246988108
-0.01340056541396998
-0.01340056541396998
-0.007645380048948341
0.021494522068644377
-0.007460691912403061
-0.02012010652231993
0.042141642061642545
-0.015245766376574021
0.00214777697486003
-0.02012010652231993
-0.015245766376574021
-0.012334740799216091
-0.010950526287856057
-0.0031833349899075374
0.021494522068644377
-0.0077885977315719545
-0.01355820745618076
0.00214777697486003
0.042141642061642545
-0.014415909567632421
-0.011364645777276182
-0.0077885977315719545
-0.0077885977315719545
-0.015245766376574021
-0.011364645777276182
-0.02350741246988108
0.006815509919888627
-0.031159855429846735
-0.0051808073970518774
-0.0077885977315719545
-0.02012010652231993
0.004437114947802952
-0.015245766376574021
-0.02012010652231993
-0.0031833349899075374
0.02669131175760511
-0.0031833349899075374
-0.02012010652231993
-0.0031833349899075374
-0.0051808073970518774
0.021494522068644377
-0.0077885977315719545
-0.0077885977315719545
-0.01340056541396998
0.00214777697486003
-0.007170992136403677
-0.0051808073970518774
0.021494522068644377
0.00580427279907075
-0.031159855429846735
-0.01340056541396998
0.02669131175760511
0.00580427279907075
0.011135676497055593
-0.010950526287856057
-0.019006918312270898
0.004437114947802952
-0.011364645777276182
0.011135676497055593
0.021494522068644377
-0.01340056541396998
-0.015603944604592383
-0.015245766376574021
-0.011234391951974999
0.00580427279907075
-0.0077885977315719545
-0.02012010652231993
-0.0051808073970518774
-0.01340056541396998
-0.01340056541396998
-0.005172280068723585
-0.005172280068723585
0.004437114947802952
0.042141642061642545
-0.008734973185251097
0.00580427279907075
-0.007170992136403677
-0.007170992136403677
-0.0051808073970518774
-0.019006918312270898
-0.015603944604592383
-0.011234391951974999
-0.007170992136403677
-0.02350741246988108
-0.010950526287856057
-0.015603944604592383
-0.019006918312270898
0.00580427279907075
-0.01340056541396998
-0.01340056541396998
0.004437114947802952
0.006815509919888627
-0.014415909567632421
-0.014415909567632421
-0.012334740799216091
-0.01355820745618076
-0.0031833349899075374
0.00580427279907075
-0.0077885977315719545
-0.007460691912403061
-0.0077885977315719545
-0.015245766376574021
-0.015603944604592383
0.011135676497055593
0.00580427279907075
0.019991173429313468
-0.019006918312270898
0.00214777697486003
0.004437114947802952
-0.02350741246988108
-0.008734973185251097
0.0017505039653558036
-0.01340056541396998
-0.010950526287856057
-0.010950526287856057
-0.007460691912403061
-0.0051808073970518774
0.00214777697486003
-0.031159855429846735
0.02669131175760511
-0.019006918312270898
-0.011234391951974999
0.019991173429313468
-0.02350741246988108
-0.0051808073970518774
-0.010950526287856057
0.0017505039653558036
-0.01355820745618076
0.00214777697486003
-0.015245766376574021
-0.031159855429846735
-0.011234391951974999
-0.015603944604592383
-0.010950526287856057
0.021494522068644377
-0.012334740799216091
-0.01355820745618076
-0.010950526287856057
-0.015603944604592383
0.021494522068644377
-0.012334740799216091
-0.014415909567632421
-0.007645380048948341
-0.011234391951974999
0.019991173429313468
-0.020994075509864582
-0.0077885977315719545
-0.014415909567632421
0.019991173429313468
0.011135676497055593
0.004437114947802952
-0.008734973185251097
-0.007460691912403061
0.0017505039653558036
-0.019006918312270898
-0.011234391951974999
-0.019006918312270898
0.0017505039653558036
-0.0051808073970518774
-0.015603944604592383
-0.007460691912403061
-0.0077885977315719545
0.042141642061642545
0.00580427279907075
-0.010319688148177237
-0.031159855429846735
-0.014415909567632421
0.021494522068644377
-0.010950526287856057
-0.011234391951974999
-0.031159855429846735
-0.007460691912403061
-0.014415909567632421
-0.02350741246988108
-0.01340056541396998
-0.01355820745618076
-0.005172280068723585
-0.01355820745618076
-0.01340056541396998
-0.015603944604592383
0.006815509919888627
-0.015603944604592383
-0.0051808073970518774
-0.005172280068723585
-0.01355820745618076
-0.0077885977315719545
-0.0051808073970518774
-0.010950526287856057
-0.008734973185251097
-0.02350741246988108
-0.012334740799216091
0.00580427279907075
-0.031159855429846735
