0.0035004166468025275
-0.06891467014330876
-0.035607106815149434
-0.03242803596027651
-0.20153602230333006
-0.08551968050344694
-0.0075736676045025965
-0.047229956901468154
0.0026254505049688043
-0.021142956719534606
-0.006603474139582513
-0.03955658908205615
-0.9262218626045782
0.09387753415616422
0.00012521504796491413
-0.01227513658847293
-0.03504727462843049
-0.010398027189688396
0.010220946380376237
0.002842979710234865
0.013861935535979504
-0.014326492329627722
-0.015194305620745838
0.00612286147311209
-0.006314316741837838
0.0284612317479049
-0.0424966220977795
-0.012656184337557375
-0.012656184337557375
0.03396987540340209
-0.0017551543157084287
-0.005134033034575107
-0.2688443274302543
-0.011088970515955981
-0.03458168425675668
-0.025674048076204475
-0.01658611640801196
-0.1418711053449677
-0.061623728314239644
-0.09711673049299735
-0.13299962587560285
0.011903009033340049
-0.011622912393112306
0.003526178905995242
-0.011006533487552324
-0.005985071117128813
-0.0371769844189952
-0.01676263561261623
0.008784652825842542
-0.05834279856018607
0.029276248901956205
-0.03800932319742805
0.0036852264578588496
-0.021954190210481304
-0.014590552000693535
-0.011897695329728104
0.00012521504796491413
-0.018089566324471604
-0.01978726183600817
-0.041789863125422044
-0.1328202723494252
-0.06081612071449861
-0.02419773397636683
-0.013586961877342908
0.01436890640692305
-0.004528200391404481
-0.017181288514874972
0.01436890640692305
-0.07762514312485386
-0.018670692446228043
0.01336717503954906
0.0022832354112557506
-0.006781985278497265
-0.004949104763251571
-0.13538609290348955
-0.033578359265405304
-0.18248009403553
-0.02521554946492774
0.005249998234091119
-0.020868468571733616
-0.031637619759738736
-0.03838150579016555
-0.05312787998264861
-0.01624580433807253
-0.28124385620394776
-0.01030939061457456
-0.012656184337557375
-0.007742444832272406
-0.006603474139582513
-0.014766447583269284
-0.012277470341274969
-0.010062449516514464
-0.0017551543157084287
-0.0300603257018817
0.01066765400142344
-0.045077470845776534
-0.00968394212445592
0.011080220802646092
-0.011198061608414474
-0.018796306516408057
-0.013372652671522475
-0.016259408820061202
-0.295064524305493
-0.010610310634901978
-0.6227014186238873
0.029276248901956205
-0.007727020889131604
-0.06927874434825153
-0.005880342999734345
-0.023045706802793282
-0.0011143267404965657
-0.016963084534996207
-0.01196044955885916
-0.02163353699642352
-0.02812072495502918
-0.016305497567533703
-0.01732870289417528
-0.00806066608114949
-0.02514900768115776
-0.5214700577810498
-0.02432048835638568
-0.010276631544281904
0.02948739723136968
-0.03015696031747143
-0.07960663038535656
-0.016963084534996207
-0.18248009403553
-0.034676589781500906
0.0014264684222886422
-0.018128086070954338
0.04071060767344317
0.0025603277250934604
-0.002882958714500231
-0.020067235781183107
-0.028625052000507363
0.0004387318519307215
0.005050921370513997
-0.04073874291097625
0.003427526521736172
-0.09711673049299735
-0.28124385620394776
-0.03838150579016555
0.04997785875298651
-0.008082244329032868
-0.010385585086864718
-0.0017551543157084287
-0.00958418017055469
-0.05312787998264861
-0.006603474139582513
-0.004949104763251571
0.0031135048536192287
-0.028996154882377802
-0.019484351725977605
-0.002867443636876352
-0.010428326593458019
-0.025861837885308128
0.010220946380376237
-0.01424587268548572
-0.0022021376442581484
-0.024792434401509862
-0.036136881570807224
0.0013501937154136096
0.0003570385425148722
0.005249998234091119
-0.006314316741837838
-0.005864145904084652
-0.01978726183600817
0.009968432257274278
-0.01624580433807253
-0.010812050636576196
-0.0009993842078277377
0.009846259994569232
-0.020067235781183107
-0.13538609290348955
-0.02419773397636683
-0.09711673049299735
0.005593272781678543
-0.04664849456206001
0.004182099694341692
-0.714613407963716
-0.007727020889131604
-0.03953448840507542
-0.05861657914979402
-0.019465284952583345
-0.018395694199253233
-0.05518105347898239
-0.005134033034575107
-0.005383345062919777
-0.025899922843734654
-0.034443315870553604
0.003034223853500707
-0.015836508727582323
-0.0734930625574125
-0.01386329540768124
0.003526178905995242
-0.0022021376442581484
0.010220946380376237
-0.02312365525643613
-0.034676589781500906
-0.031637619759738736
-0.05243285093892323
-0.001978737238145003
-0.0020101927335203027
-0.006603474139582513
-0.03425284211539317
-0.013586961877342908
-0.0039231380513075325
0.047786308342620425
-0.05929079080989013
-0.13538609290348955
0.0034627060042325773
-0.020173075016394267
-0.0011626226386043865
0.01163616999967
-0.012450938278056125
-0.05312787998264861
-0.0009993842078277377
-0.0020101927335203027
-0.021142956719534606
-0.00013415061580231372
-0.010398027189688396
-0.029641676611130142
-0.021142956719534606
0.01740105758839426
-0.047229956901468154
-0.035648681162462316
0.008246051326061599
-0.017136626377045088
-0.2537896297234615
6.262397061078975e-05
-0.2537891561279399
-0.01676263561261623
0.0036852264578588496
-0.027063865452172278
-0.041789863125422044
-0.0009993842078277377
-0.018128086070954338
-0.008516570781969098
-0.005880342999734345
-0.029937445529328335
0.010220946380376237
-0.014015936252433676
-0.013508450919358185
-0.001978737238145003
-0.036678412253216275
-0.021954190210481304
-0.005864145904084652
0.019529912598103896
-0.03953448840507542
-0.020224199500017272
-0.010276631544281904
0.02853533803272957
0.03396987540340209
-0.00968394212445592
-0.018296558314492502
-0.013779686587415201
-0.013036014950955006
-0.020173075016394267
-0.013586961877342908
0.007915290234708577
0.01740105758839426
-0.007520402063034827
-0.13538609290348955
-0.029641676611130142
-0.013736841897345397
-0.06740421885498886
-0.03594459196548779
-0.012658093372390886
0.01066765400142344
-0.029937445529328335
-0.014590552000693535
-0.025186943640625875
-0.011133145474069637
-0.09181713029158972
-0.0734930625574125
-0.006988656775485429
-0.033578359265405304
-0.019465284952583345
-0.014766447583269284
-0.037529954320403104
-0.0055092216806844774
-0.033399049055385155
0.005593272781678543
-0.004949104763251571
-0.004723066738706204
-0.02832633746621245
0.0011009952419571679
-0.01676263561261623
-0.020180319054069203
-0.012990814405248467
-0.07150986090761619
-0.010709846428157047
-0.020425542762397168
0.013861935535979504
-0.010062449516514464
-0.006336714615542413
-0.018820823979232976
-0.034676589781500906
0.000934824044107235
0.011080220802646092
-0.1085028397454459
-0.02514900768115776
0.000934824044107235
-0.012656184337557375
0.005050921370513997
-0.1328202723494252
-0.06577506793237767
-0.0316132951303531
-0.024633311666182166
0.011080220802646092
-0.010062449516514464
-0.014895913418052555
6.262397061078975e-05
-0.016034051636228525
-0.6227014186238873
0.0023031023928843297
-0.013586961877342908
0.019529912598103896
-0.01978726183600817
-0.03955658908205615
0.0030647696792003498
-0.034228708683693786
-0.01226942254890496
-0.04112930950313786
-0.007727020889131604
-0.1498369849006346
-0.05912286447584052
-0.012960519933555183
-0.041789863125422044
-0.04664849456206001
-0.02101160642359797
-0.004477011868996913
-0.01196044955885916
-0.03008146467998489
-0.019405414337009617
-0.012009790754949167
-0.07150986090761619
-0.034201637251703776
-0.006149420574868326
-0.018656217525217348
-0.025186943640625875
-0.04809463184643992
-0.013508450919358185
-0.28124385620394776
-0.9262218626045782
-0.020425542762397168
-0.029079874962667965
0.01580794424907702
-0.28202482196741324
-1.423307989252055
-0.0020101927335203027
-0.04664849456206001
-0.019086356135220976
-0.006336714615542413
-0.0073436124056167245
0.013584177525318514
-0.03328816714236607
-0.03148462000477503
-0.017294566155471723
-0.0039231380513075325
-0.01941424888984373
-0.02312365525643613
0.0023031023928843297
-0.006336714615542413
-0.0652491703645479
-0.010311805647883624
-1.0480767518377732
-0.025185756113700754
0.0059442526760662175
-2.0430671768724587e-05
-0.010062449516514464
-0.003269777225652593
-0.002867443636876352
-0.05912286447584052
-0.02820883650751178
-0.07524197297707347
-0.02312365525643613
-0.013281418111604751
-0.011897695329728104
0.04071060767344317
-0.04097898558491071
-0.014918751265719735
-0.033804281182092256
-0.05861657914979402
-0.020247104735861682
-0.036678412253216275
0.0030647696792003498
-0.030308435936129214
-0.055338712630605316
-0.005383345062919777
-0.04405300849990151
-0.03953448840507542
-0.006603474139582513
-0.01338716414324566
-0.03593931262990955
-0.033921215778000176
-0.008082244329032868
-0.013127363392516427
-0.035648681162462316
-0.1418711053449677
0.00012521504796491413
-0.005864145904084652
-0.024633311666182166
-0.01972863965622983
-0.040219327818810637
-0.015436564608822518
-0.024321417647261846
-0.05929079080989013
-0.030308435936129214
-0.5214700577810498
-0.04188570992523678
-0.012990814405248467
-0.020524659742847062
-0.05361879270251957
-0.019405414337009617
0.008246051326061599
-0.028216178569634848
-0.010428326593458019
-0.004077922077662934
-0.03594459196548779
-0.011133145474069637
-0.13299962587560285
-0.015032317755703684
-0.02036956864081342
-0.0075736676045025965
-0.017984601798489465
-0.0015126549109857285
-0.025861837885308128
-0.016947144204537936
-0.06937838876212116
0.005527692742369544
-0.008082244329032868
-0.08273205324674128
-0.04112930950313786
-0.05356512602238326
-0.06081612071449861
-0.033921215778000176
-0.01978726183600817
-0.0205094385797049
-0.012284077578916983
-0.018374512156563928
-0.04173674160428047
-0.03772869023038135
-0.0011626226386043865
-0.03504727462843049
-0.02659691641523388
-0.00508374400233082
-0.034228708683693786
-0.3061200598513119
-0.0012543241169860595
0.002026535303713644
-0.01928800917379424
-0.010548135694007412
0.002842979710234865
-0.9262218626045782
0.0021056283433678494
-0.006603474139582513
-0.0039231380513075325
0.018327981076084746
-0.05518105347898239
-0.019247608618297767
-0.1234011925579729
-0.041939088303591304
-0.028797928917359085
0.00853387821510384
-0.024321417647261846
-0.03182947367624921
-0.01670993575721972
-0.001978737238145003
-0.0343730267846618
-0.045077470845776534
-0.006149420574868326
0.02853533803272957
-0.1418711053449677
0.0011009952419571679
-0.10709313969445969
-0.03458168425675668
-0.0039231380513075325
-0.0424966220977795
-0.295064524305493
0.029276248901956205
-0.28000173541617934
-0.0223431080321914
-0.04083336742368516
-0.09271079267953895
-0.019175925720304614
0.035709060037201715
0.011478062076041259
-0.8897987573063301
-0.1085028397454459
-0.010385585086864718
-0.007378849631495614
-0.019578897795885244
-0.018395694199253233
-0.01227513658847293
-0.00958418017055469
-0.024518562787071492
-0.650962928375205
-0.07180043870437093
-0.034676589781500906
0.0021056283433678494
0.003427526521736172
6.262397061078975e-05
-0.01410285518281371
-0.8504012301274314
-0.012009790754949167
-0.008082244329032868
-1.423307989252055
0.011492891116847311
-0.034917226632105565
-0.07366757329772203
-0.007441182953124671
-0.012656184337557375
-0.0021383926537754433
0.0023031023928843297
-0.13766844530874284
-0.1085028397454459
0.06821167014756911
-0.015194305620745838
-0.019693064538939493
-0.08804493106954621
-0.006742763761111703
-0.01936012214619463
0.006322373154675408
-0.017181288514874972
-0.0022021376442581484
-0.02586880308231849
-0.017181288514874972
-0.0223431080321914
0.018327981076084746
-0.0018095128835112332
-0.02036956864081342
-0.016351658156116212
-0.2813761705142672
-1.1796184296792755
-0.10645361572807303
0.018327981076084746
-0.035648681162462316
-0.05356512602238326
-0.07960663038535656
-0.0866860732144044
0.00635086448385748
-0.13766844530874284
-0.01226942254890496
-0.02820883650751178
-0.002443591487561109
-0.02036956864081342
-0.03800932319742805
0.0003392049552884484
-0.04251080265461621
-0.018089566324471604
-0.0015871053056504378
-0.0012543241169860595
-0.10709313969445969
0.002842979710234865
-0.10645361572807303
-0.002867443636876352
-0.0075736676045025965
-0.04017369913771478
-0.017984601798489465
-0.026507058420207986
-0.40905046111822574
-0.02036956864081342
-0.0056104743809639295
-0.0021383926537754433
-0.014015936252433676
-0.025185756113700754
0.0015286320178085025
-0.05243285093892323
-0.034228708683693786
0.029276248901956205
-0.04017369913771478
-0.012009790754949167
-0.007727020889131604
-0.028642713157632897
-0.041255068542858604
-0.028797928917359085
-0.02998146377460084
-0.026936628348341565
-0.0018095128835112332
-0.40589377709386315
-0.049285205234245635
-0.06243893835394749
-0.2672196788727848
-0.014895913418052555
-0.02514900768115776
-0.02998146377460084
-0.003141855209238302
-0.0055092216806844774
-0.034443315870553604
-0.002443591487561109
-0.013127363392516427
0.02587906319714594
-0.014815693984716086
-0.019175925720304614
-0.005864145904084652
-0.01670993575721972
-0.010385585086864718
0.035709060037201715
0.019529912598103896
0.01740105758839426
-0.013295158441535802
-0.014465093622564986
-0.01978726183600817
-0.09271079267953895
-0.030308435936129214
-0.015032317755703684
-0.01928800917379424
0.017270099108060235
-0.007520402063034827
-0.010342705201117332
-0.0231015610835283
-0.013795095776937027
-0.006781985278497265
0.005527692742369544
-0.009204066216487849
-0.009403081304915498
-0.05361879270251957
-0.01581176736754524
-0.13538609290348955
-0.018796306516408057
-0.018296558314492502
0.02853533803272957
-0.16702876141622933
-0.1085028397454459
-0.01972863965622983
-0.02586880308231849
-0.028625052000507363
-0.02110432810343642
-0.007378849631495614
-0.03953448840507542
-0.03134203843696156
-0.0476624335383492
0.00748893417257814
-0.021142956719534606
-0.008767205819017425
-0.012284077578916983
-0.295064524305493
-0.05356512602238326
-0.0316132951303531
-0.028625052000507363
0.0151017111257131
-0.008516570781969098
-0.013295158441535802
-0.019484351725977605
-0.031637619759738736
-0.02163353699642352
-0.01957926909964765
-0.010311805647883624
0.0023031023928843297
-0.014815693984716086
-0.13299962587560285
-0.013508450919358185
-0.025861837885308128
-0.2964027448903188
-0.006602863546805885
-0.03425284211539317
0.00612286147311209
0.003034223853500707
-0.014465093622564986
-0.08804493106954621
0.004258783659577523
-0.011727918302224768
-0.020224199500017272
0.004258783659577523
-0.019693064538939493
-0.036136881570807224
-0.025899922843734654
-0.017181288514874972
0.013861935535979504
-0.28202482196741324
0.005050921370513997
-0.026580663246152228
-0.03526325068639207
-0.006051654585628458
-0.0021383926537754433
0.03190113682804027
0.0015286320178085025
-1.423307989252055
-0.026936628348341565
-0.014326492329627722
0.02948739723136968
0.0284612317479049
-0.33703020138591305
0.0025603277250934604
0.011080220802646092
-0.00983952980594538
-0.01972863965622983
-0.40905046111822574
-0.03838150579016555
-0.00983952980594538
-0.0009887301740842589
-0.8504012301274314
0.00853387821510384
-2.0430671768724587e-05
0.0034627060042325773
0.011903009033340049
-0.04017369913771478
0.01336717503954906
-0.006336714615542413
0.029276248901956205
-0.06891467014330876
-0.014521159471621114
-0.009846020727744246
0.005485458800723155
0.005527692742369544
-0.025762899614740653
-0.5214700577810498
-0.00743801673586472
-0.007520402063034827
-0.01732870289417528
-0.014766447583269284
-0.2537896297234615
0.013584177525318514
-0.002882958714500231
0.00635086448385748
-0.024633311666182166
-0.34256841008603994
-0.014918751265719735
-0.0015126549109857285
-0.014815693984716086
-0.061330146415845756
-0.02994137740904704
-0.020067235781183107
6.262397061078975e-05
0.00012521504796491413
0.005485458800723155
-0.03008146467998489
-0.021954190210481304
-0.02659691641523388
0.013724051239875948
-0.05834279856018607
-0.020173075016394267
-0.08551968050344694
-0.01226942254890496
6.262397061078975e-05
-0.03526325068639207
0.008246051326061599
-0.06891467014330876
-0.03217604148191132
-0.01658611640801196
-0.0011143267404965657
0.0013501937154136096
-0.01410285518281371
0.0026254505049688043
-0.013372652671522475
-0.01941424888984373
-0.020173075016394267
-0.006466818499138808
-0.01676263561261623
-0.055338712630605316
0.024022208762441023
-0.03015696031747143
-0.06243893835394749
-0.05243285093892323
0.005182081349678913
-0.0075736676045025965
0.006720458331331249
-0.05495003903431258
-0.20153602230333006
-0.028216178569634848
-0.013779686587415201
-0.023030666989613827
-0.020067235781183107
0.0023720758490148636
-0.06846967104938427
-0.004867352054125076
-0.02137771860591829
-0.05912286447584052
0.023207264503822128
-0.028625052000507363
-0.08273205324674128
-0.028625052000507363
-0.011198061608414474
-0.0015126549109857285
0.007915290234708577
-0.2813761705142672
-0.07524197297707347
0.003526178905995242
-0.024792434401509862
0.00612286147311209
-0.04017369913771478
-0.02163353699642352
-0.0253127964196634
-0.025186943640625875
-0.18248009403553
0.014441029140391907
-0.0382638067928512
-0.005134033034575107
-0.007441182953124671
-0.023030666989613827
0.00635086448385748
-0.06243893835394749
-0.006149420574868326
0.011492891116847311
-0.021954190210481304
-0.00013415061580231372
-0.017136626377045088
0.01436890640692305
0.007915290234708577
-0.28000173541617934
0.01436890640692305
-0.01676263561261623
-0.005134033034575107
-0.009988063374050405
-0.0343730267846618
-0.002443591487561109
-0.0371769844189952
-0.010610310634901978
-0.011686905087708099
-0.009403081304915498
-0.014326492329627722
-0.009988063374050405
-0.019086356135220976
-0.020524659742847062
-0.03800932319742805
-0.08804493106954621
-0.05834279856018607
-0.012450938278056125
-0.029641676611130142
-0.016305497567533703
0.011080220802646092
-0.00806066608114949
-0.030308435936129214
-0.0316132951303531
-0.28124385620394776
0.03190113682804027
-0.010311805647883624
-0.041939088303591304
0.023207264503822128
-2.0430671768724587e-05
0.01048043177368493
0.007059209484286866
-0.03217604148191132
-0.03532398831422885
-0.03008146467998489
0.0025603277250934604
-0.013940212521919787
-0.0055092216806844774
0.002842979710234865
-0.049413133269754286
-0.005383345062919777
-0.012613469261105409
-0.012009790754949167
0.04997785875298651
-0.024321417647261846
-0.01941424888984373
-0.34256841008603994
0.09387753415616422
-0.02994137740904704
-0.018275429809164898
-0.28202482196741324
-0.013779686587415201
-0.06846967104938427
-0.34256841008603994
-0.021954190210481304
-0.018275429809164898
-0.09711673049299735
0.013584177525318514
0.013861935535979504
-0.034917226632105565
-0.714613407963716
-0.010548135694007412
-0.018656217525217348
-0.01227513658847293
-0.009846020727744246
0.005249998234091119
-0.0300603257018817
-0.010398027189688396
0.0057141846462682565
-0.029079874962667965
-0.04188570992523678
-0.019465284952583345
-0.061330146415845756
0.002026535303713644
-0.013127363392516427
-0.05834279856018607
0.0013501937154136096
-0.15927577399857265
-0.033578359265405304
-0.02514900768115776
-0.012658093372390886
-0.03242803596027651
-0.005154830803252221
-0.03718854345366206
-0.05861657914979402
-0.02110432810343642
0.00012521504796491413
0.01740105758839426
-0.0223431080321914
-0.010398027189688396
-0.05495003903431258
-0.025185756113700754
0.02948739723136968
-0.013508450919358185
-0.014766447583269284
-0.04042343877170806
-0.03718854345366206
-0.01658611640801196
-0.0032349329305185587
0.002842979710234865
0.00612286147311209
6.262397061078975e-05
-0.03134203843696156
-0.01941424888984373
-0.018820823979232976
-0.0032349329305185587
-0.025861837885308128
-0.04097898558491071
-0.013281418111604751
-0.01928800917379424
-0.06846967104938427
-0.019086356135220976
-0.04188570992523678
-0.007742444832272406
-0.06577506793237767
-0.05834279856018607
0.03190113682804027
-0.019693064538939493
-0.03458168425675668
-0.08743654183217735
-0.15927577399857265
-0.02137771860591829
-0.2964027448903188
-0.002867443636876352
-0.010398027189688396
-0.029641676611130142
-0.061330146415845756
0.005050921370513997
-0.00013415061580231372
0.010540956982712422
-0.02343278311923246
-0.003269777225652593
-0.02586880308231849
-0.008767205819017425
-0.028797928917359085
0.0034627060042325773
-0.0652491703645479
-0.10709313969445969
0.03357828400959885
-0.01410285518281371
-0.13299962587560285
0.0059442526760662175
-0.033578359265405304
-0.8504012301274314
0.002026535303713644
-0.033578359265405304
-0.6002374061372221
-0.02036956864081342
0.01336717503954906
0.03064640476863815
-0.014326492329627722
-0.03134203843696156
0.035709060037201715
-0.03593931262990955
-0.017181288514874972
-0.010311805647883624
-0.007672389376738696
-0.01227513658847293
-0.01670993575721972
-0.003326807360043285
-0.020067235781183107
-0.025861837885308128
-0.030308435936129214
-0.04405300849990151
-0.033578359265405304
-0.04809463184643992
0.0059442526760662175
-0.8504012301274314
-0.030308435936129214
-0.013779686587415201
-0.020180319054069203
0.003427526521736172
0.005527692742369544
-0.0019296914924453504
-0.016555885448819353
-0.04083336742368516
-0.04809463184643992
-0.018464556328466632
-0.02036956864081342
-0.0022021376442581484
0.01066765400142344
0.01766706750484704
-0.034443315870553604
-0.029641676611130142
0.06037372105925123
-0.0371769844189952
-0.020524659742847062
-0.010311805647883624
-0.03134203843696156
-0.016305497567533703
-0.017181288514874972
-0.07180043870437093
-0.011006533487552324
0.0025603277250934604
-0.01978726183600817
-0.018670692446228043
-0.03328816714236607
-0.010398027189688396
-0.006336714615542413
