-0.028809403493091183
-0.015072377404126345
-0.021631022299413674
-0.011306177552140905
-0.04148534745336669
-0.03677646709962428
-0.03423956302242989
-0.02826014260417714
-0.02157312459991576
0.0037882318094234566
-0.011846013585896811
-0.010880107314540054
-0.008499578585843071
-0.0034026056103601534
-0.0018046560935078202
-0.01728060987935402
-0.010880107314540054
-0.0037650900735719914
-0.061502280380661814
-0.588310144814513
-0.005791413528999492
-0.02211644565565303
-0.10453624307323843
0.003614294303505173
-0.07964741820866265
-0.01388933173327218
-0.0051697080484532755
-0.03525239392345342
-0.018598125178445092
-0.012180048779057642
-0.24624268060223473
0.013513816724340615
-0.03332075731800769
-0.018241850673591808
-0.058233576761834514
0.005756852936260141
-0.016390682013630982
-0.094399865259453
-0.021303851095124553
-0.0074595839200238545
-0.14988548381437547
-0.0574402513190913
-0.016842257744198542
0.0012343175061294911
-0.03104149110820065
-0.018366973056300997
-0.02500650482217248
-0.07926011604861857
-0.03319183488141899
-0.09433356252286478
-0.23539148793169368
-0.003465460767367541
-0.6335508193402302
0.03484815074132018
-0.11557190238393504
-0.027762727372481602
-0.003964915419598426
0.004701941289988808
-0.13986108848366896
0.001537098949659644
-0.03256777563400517
-0.020297335147080084
0.005756852936260141
-0.017023489257329497
-0.011807191027405217
-0.02523393258022113
0.007718931138296853
-0.005741951716937801
-0.006240595253846708
-0.00961961308627147
-0.046427686653293804
-0.0164312265930969
-0.011193063894244354
-0.027412791375479768
-0.005130954456250964
-0.030747577463529973
-0.017561821644402176
0.0018180443798318376
-0.026890979309110496
-0.009754948020283039
-0.02826014260417714
-0.05442180852211117
-0.010170994694718414
-0.37619771514510225
-0.12196249819781
-0.0004940296720178044
-0.024041915495720347
-0.02066523313156995
-0.05442180852211117
-0.027092316982467335
-0.696068052984239
-0.011368450007673624
-0.005710346832110589
-0.02312511294633471
-0.2717573410264605
-0.05116783076692614
-0.018398952038771673
-0.005697937885476478
-0.11740302535513882
0.013513816724340615
-0.17330846087184631
-0.03119075119511951
-0.026371681976269424
-0.0963399955694128
-0.014639823533771919
-0.6335508193402302
-0.16868203758424183
-0.003964915419598426
-0.05218824054429966
-0.01840988011146775
-0.03119075119511951
-0.04534623724716131
-0.030857636234626257
-0.007227478033241972
-0.1058233902738208
-0.02534293151595532
-0.03494962836605662
-0.1927998073784577
-0.01134418705223031
-0.08368548289883447
-0.01831294908834266
-0.14988548381437547
-0.07608554650949438
-0.041533452469684234
-6.59970972633644e-05
-0.011963965598695168
-0.004916397202856375
-6.59970972633644e-05
-0.10484777922866757
-0.05336583697422551
-0.016842257744198542
-0.04148534745336669
-0.02099843576069755
-0.005511334677293378
-0.02445118585883795
-0.026057967695563084
-0.1058233902738208
-0.0018046560935078202
0.003088850710080681
-0.03211168756254839
0.002132037737780397
-0.04217120296709881
-0.006913562805608384
-0.04887858759821766
-0.04148534745336669
-0.04365407400028261
-0.008499578585843071
-0.03814272606435554
-0.016936040163273842
-0.011193063894244354
-0.02500650482217248
-0.02694305071130066
-0.00961961308627147
-0.0046127800968133684
-0.026610927017456504
-0.6335508193402302
0.009766114164778303
-0.01134418705223031
-0.09433356252286478
-0.010880107314540054
-0.05107620914860435
0.005756852936260141
0.008021572959754298
-0.1058233902738208
-0.006119239821564508
-0.003360032645127084
0.05260116905701176
-0.01561975311782424
-0.0505693599809731
-0.02345826361754853
-0.0021005343091894044
-0.09972842005104633
-0.03332075731800769
-0.013167628893982231
-0.04887858759821766
-0.019848756196339516
-0.007227478033241972
-0.007398652102971982
-0.01740611943501619
-0.02582824086374039
-0.10453624307323843
-0.019156422953987003
-0.01884556884300094
-0.2717573410264605
-0.1058233902738208
0.005414017133136095
-0.0072411761702652995
0.001656497242771058
-0.0963399955694128
-0.12222362166554197
-0.3269304982524758
-0.00484985490923743
0.027348891716659617
-0.026757770960396315
-0.0072411761702652995
-0.007227478033241972
-0.044481537582135126
-0.02993460863100419
-0.094399865259453
0.017697391496785987
-0.02582824086374039
-0.024041915495720347
-0.03656499744985122
-0.003912125151895669
-0.02517268358824285
-0.033983908284447056
-0.011846013585896811
-0.06280441532593971
0.037338039594377904
0.047711923781830805
0.00810442285512075
-0.06741146296386771
-0.03525239392345342
-0.0018046560935078202
-0.020404425439793598
-0.0317167920425284
-0.015231594538637401
-0.016274163383331385
-0.012818244241594633
-0.010880107314540054
0.00164348756864771
-0.03319183488141899
-0.005710346832110589
-0.005511334677293378
-0.02423698720565658
0.0023045609626703265
-0.006913562805608384
-0.0009786983025516904
-0.00413894476844021
-0.05920161212205147
-0.05129203714510412
-0.41200152703942067
-0.03931998518893202
0.00042502791370532366
-0.016274163383331385
-0.02780020310617833
-0.01667978383009544
-0.0471218798459687
0.0466664451909032
-0.04083631462754419
-0.029959936682126972
0.008021572959754298
-0.09979117683819194
0.017697391496785987
-0.022891924651848878
-0.04365407400028261
-0.04069160328569746
-0.04368851449948276
-0.010629035051201554
-0.5818696015629398
-0.019156422953987003
-0.03220677284423819
-0.23539148793169368
-0.030203714896243614
-0.024566698314665545
-0.020313176855011984
-0.025518502192621337
-0.02211644565565303
-0.014639823533771919
-0.013307738558733097
-0.2244879932890867
0.004701941289988808
-0.003465460767367541
0.019440503349717874
-0.02694305071130066
-0.007586326351497961
-0.15371886946477023
-0.008954565124643432
-0.017823398284705156
-0.09972842005104633
0.0031305945221891916
-0.06901555840633183
-0.07926011604861857
-0.09433356252286478
-0.018724799881361515
-0.011803124340627335
-0.02099843576069755
-0.1058233902738208
-0.10303522587319498
-0.0009786983025516904
0.014701918400672333
-0.01884556884300094
-0.0055833553502825685
-0.0317167920425284
-0.09342190173788478
-0.02157312459991576
-0.006914410795711874
-0.023766488807841546
-0.0051697080484532755
0.0018180443798318376
-0.01378613907628419
-0.037766843211324105
-0.017059131639080308
-0.020404425439793598
-0.6255090629310189
-0.007398652102971982
-0.0033043491619169137
-0.05107620914860435
-0.02861357124676119
0.0031305945221891916
-0.588310144814513
-0.025102070249692462
-0.0505693599809731
-0.018598125178445092
0.005132611324236412
0.0009607315714894019
-0.003964915419598426
-0.01141580672285835
-0.02028458564120199
-0.01837284562313905
-0.004916397202856375
-0.0025678982513038582
0.0035773567563954435
-0.011368450007673624
-0.13986108848366896
-0.02099843576069755
-0.10486442975793961
-0.02780020310617833
-0.016050833254413942
-0.02727422523052154
-0.0074568888556076586
-0.0034026056103601534
-0.023851708624834916
-0.003360032645127084
0.005756852936260141
-0.011807191027405217
-0.02500650482217248
-0.01800369665462273
-0.0025678982513038582
-0.0572859628035146
-0.007586326351497961
-0.12165453782853947
0.014702121701252109
-0.10303522587319498
0.00810442285512075
-0.017563352574727957
-0.021631022299413674
-0.03647975658052281
-0.03677646709962428
-0.2717573410264605
-0.022527207533442208
-0.04083631462754419
-0.014639823533771919
-0.012784066991336655
-0.04368851449948276
-0.05920161212205147
-0.1954557930999296
-0.012496743240353879
-0.00934047447860585
-0.010880107314540054
-0.06092991311337499
-0.022527207533442208
-0.0030762067831562744
-0.043956883567582615
-0.01327100962678975
0.0009148466128770284
-0.0074568888556076586
-0.014733580406067055
-0.031201231556005776
-0.017823398284705156
-0.1927998073784577
-0.12222362166554197
-0.021519270646104427
-0.07608554650949438
-0.09433356252286478
-0.03559642720521663
0.04243795371483402
-0.0505693599809731
-0.03012482296575134
-0.1058233902738208
-0.12222362166554197
-0.02534293151595532
-0.025518502192621337
-0.12741981595458787
0.003614294303505173
-0.003912125151895669
-0.034752863512005704
-6.59970972633644e-05
-0.0574402513190913
-0.011950321698372866
0.003614294303505173
-0.03939436412713165
-0.01141580672285835
-0.01876012334445477
-0.01399489952651397
-0.01240745359593372
-0.020353251852607245
0.00600559808608724
-0.028364968683581755
-0.0963399955694128
-0.01300066276953697
0.027348891716659617
-0.02312511294633471
-0.012080205751096714
-0.03485237098063749
0.0028839984560858328
-0.08515920535648207
-0.0064240334697005215
-0.03256777563400517
-0.005710346832110589
0.00164348756864771
-0.007586326351497961
-0.014874684879103036
0.03100871496478705
-0.02518400727327262
0.0006520233236565641
-0.09433356252286478
0.017056685258990113
0.0006390162113748976
-0.05668316781418884
0.00600559808608724
0.0004330268957537468
-0.049857851389813676
-0.02028458564120199
-0.2717573410264605
0.00810442285512075
-0.04368851449948276
-0.025152400667470744
-0.028646992992662056
-0.049857851389813676
-0.03235839762703204
-0.12196249819781
-0.01831294908834266
-0.05122288066255281
0.007718931138296853
-0.01728060987935402
-0.02534293151595532
-0.0067946033409073715
-0.02811945535253195
-0.002814221081782093
-0.3730537044574056
-0.008066459017597796
-0.10453624307323843
-0.034441595971106534
0.003102848783037272
-0.02582824086374039
-0.016842257744198542
0.012966540289649638
0.00041435779546883405
-0.007003801113282101
-0.01840988011146775
-0.5818696015629398
-0.019964143356943083
-0.094399865259453
-0.0812902354926382
-0.03677646709962428
0.0037882318094234566
-0.588310144814513
-0.11740302535513882
-0.09035895859407536
-0.029294948041215862
-0.02582824086374039
0.0006520233236565641
-0.02345826361754853
-0.012784066991336655
-0.01378613907628419
0.013081661155041783
-0.03256777563400517
-0.018039200175295245
-0.12741981595458787
-0.033983908284447056
-0.01257261959659693
0.04243795371483402
0.044499732302904965
-0.02601098385869977
-0.020542175457328258
-1.2663756344010921
-0.14988548381437547
-0.012784066991336655
-0.00413894476844021
-0.007680105313720061
-0.014874684879103036
-0.026610927017456504
-0.01388933173327218
-0.01837284562313905
-0.1954557930999296
-0.07964741820866265
-0.01724551512483341
0.00600559808608724
-0.06741146296386771
-0.04368851449948276
0.0035773567563954435
-0.05438527937770261
0.0018180443798318376
-0.03248744480572537
0.0180252002074583
-0.1313524429293456
-0.018627743313295114
-0.07295626338267218
0.003088850710080681
-0.026890979309110496
-0.045119262004249774
-0.011963965598695168
-0.0025678982513038582
-0.03423956302242989
-0.023682917346252365
-0.061502280380661814
-0.012784066991336655
-0.019170093631488465
-0.03319183488141899
-0.029294948041215862
-0.020313176855011984
-0.0009246657917470694
-0.013204556885284328
-0.011846013585896811
-0.002602348386779234
-0.025345916599786886
0.009766114164778303
-0.026890979309110496
-0.0021090942070062925
0.009766114164778303
-0.01724551512483341
-0.023851708624834916
-0.012180048779057642
-0.04148534745336669
0.00600559808608724
-0.010402737635061486
-0.0812902354926382
0.00600559808608724
-0.10453624307323843
0.006138137009199923
-0.07389167147473774
-0.018724799881361515
0.047711923781830805
-0.03494962836605662
-0.02811945535253195
-0.04534623724716131
-0.04534623724716131
-0.010170994694718414
-0.044481537582135126
-0.025102070249692462
-0.012421096420381892
0.013081661155041783
-0.002602348386779234
-0.0072411761702652995
-0.005697937885476478
0.001537098949659644
-0.002814221081782093
-0.01257261959659693
-0.01869826838469337
-0.01884556884300094
-0.011306177552140905
-0.020404425439793598
-0.01318353068504244
-0.006913562805608384
-0.0072411761702652995
-0.01840988011146775
-0.05336583697422551
-0.007227478033241972
-0.003623001609842453
0.03484815074132018
-0.6335508193402302
-0.02835798472758817
-0.014692894977918113
0.0028839984560858328
-0.00961961308627147
-0.05442180852211117
-0.02835798472758817
-0.01740611943501619
-0.018627743313295114
-0.02523393258022113
-0.09972842005104633
-0.008954565124643432
-0.061502280380661814
0.0009148466128770284
-0.020542175457328258
-0.014923233761020923
-0.01840988011146775
0.09549183014773438
-0.058233576761834514
0.00042502791370532366
0.021293033328132906
-0.0025678982513038582
-0.015251697733704602
-0.0021090942070062925
-0.0025678982513038582
-0.00484985490923743
-0.020306090753370264
-0.07295626338267218
-0.01724551512483341
0.02778749389985555
-0.006240595253846708
-0.02211644565565303
0.0006520233236565641
-0.04644444187845729
-0.03211168756254839
-0.022807934889845418
-0.00865517171110501
-0.022605833263938276
-0.01840988011146775
-0.0074568888556076586
-0.045349081145219634
-0.020353251852607245
-0.02582824086374039
-0.0021005343091894044
-0.021631022299413674
-0.005741951716937801
-0.011950321698372866
-0.058233576761834514
0.002132037737780397
-0.005791413528999492
0.003614294303505173
-0.016390682013630982
0.005480837775428724
-0.03332075731800769
-0.01105635564442186
-0.07165956628795489
0.017361790960194336
-0.16868203758424183
0.04073751279458839
-0.060420015765071965
0.013513816724340615
-0.08008031310498587
-0.01740611943501619
-0.01800369665462273
-0.026610927017456504
-0.01884556884300094
-0.006913562805608384
-0.0051697080484532755
-0.05116783076692614
-0.015331093441255697
-0.08008031310498587
-0.03814272606435554
-0.030203714896243614
-0.03319183488141899
-0.02228671576045309
0.06823614587041256
-0.019886317991790328
-0.04644444187845729
-0.017023489257329497
-0.12165453782853947
-0.09035895859407536
-0.0812902354926382
-0.004441919467987451
-0.013412561929804565
-0.021303851095124553
-0.019886317991790328
-0.02066523313156995
-0.01257261959659693
-0.060420015765071965
-0.008066459017597796
-0.007586326351497961
-0.01141580672285835
-0.010629035051201554
-0.07964741820866265
-0.14988548381437547
0.0018180443798318376
0.008021572959754298
-1.5917693363187582
-0.0074595839200238545
-0.042771580967244295
-0.017059131639080308
-0.02993460863100419
-0.588310144814513
0.03100871496478705
-0.03423956302242989
-0.010629035051201554
-0.045119262004249774
0.014702121701252109
-0.015331093441255697
-0.02264088966090595
0.0028839984560858328
-0.01141580672285835
0.005756852936260141
-0.006119239821564508
0.017361790960194336
-0.060420015765071965
-0.1927998073784577
0.00164348756864771
-0.011846013585896811
-0.019156422953987003
-0.03423956302242989
-0.07964741820866265
-0.05442180852211117
-0.007003801113282101
-0.10303522587319498
-0.05668316781418884
-0.011950321698372866
-0.09756261974611023
-0.10453624307323843
-0.09433356252286478
-0.01800369665462273
0.013143359550621382
-0.01300066276953697
-0.012496743240353879
-0.03677646709962428
-0.022807934889845418
-0.0034026056103601534
-0.012496743240353879
0.021293033328132906
-0.0067946033409073715
-0.01724551512483341
0.0010581052653291434
7.591060153221126e-05
-0.0021005343091894044
0.0157294074597092
-0.015231594538637401
-0.07964741820866265
-0.046427686653293804
-0.02909351978267125
-0.07389167147473774
-0.7988260902951746
-0.019886317991790328
-0.004916397202856375
-0.026951949803966244
-0.019170093631488465
0.0006390162113748976
0.047711923781830805
-0.026057967695563084
-0.0505693599809731
-0.0032933721581876675
-0.02423698720565658
0.0466664451909032
-0.007227478033241972
-0.013167628893982231
-0.06167803268044893
-0.03211168756254839
-0.6461064490852158
0.01152745262586091
-0.05107620914860435
-0.024041915495720347
-0.06167803268044893
-0.0037650900735719914
-0.0046127800968133684
0.013081661155041783
-0.01837284562313905
0.04073751279458839
-0.06280441532593971
-0.03248744480572537
-0.015111838465140979
-0.003465460767367541
-0.00484985490923743
-0.020542175457328258
-0.24624268060223473
0.05260116905701176
-0.011950321698372866
-0.6335508193402302
0.019171440202507054
-0.02835798472758817
-0.061502280380661814
-0.01837284562313905
-0.00961961308627147
-0.03319183488141899
-0.012114493408671892
-0.00271942538461088
-0.026371681976269424
-0.005791413528999492
-0.020542175457328258
-0.0574402513190913
-0.018398952038771673
-0.003964915419598426
-0.007809617828733926
-0.11557190238393504
0.0019660218437803924
0.003563313675334752
-0.025363090711854927
-0.017023489257329497
-0.11740302535513882
0.019171440202507054
-0.03220677284423819
-0.04069160328569746
-0.011256036003951773
-0.07608554650949438
-0.03781996451934563
-0.015856771009084503
0.001920288229456576
0.0009607315714894019
-0.029294948041215862
-0.05438527937770261
-0.020313176855011984
0.037338039594377904
-0.07964741820866265
-0.022891924651848878
-0.011846013585896811
-0.04534623724716131
-0.022807934889845418
-0.029294948041215862
-0.03677646709962428
-0.004441919467987451
-0.03931998518893202
-0.0076831620100925495
-0.01383064226883051
-0.13986108848366896
-0.017561821644402176
-0.02517268358824285
0.0009607315714894019
-0.026757770960396315
-0.02582824086374039
-0.09756261974611023
-0.012743143583091246
-0.024319297849267008
-0.04069160328569746
0.0035773567563954435
-0.045119262004249774
-0.01327100962678975
0.0004330268957537468
0.0018180443798318376
-0.02694305071130066
-0.03494962836605662
-0.013412561929804565
-0.016842257744198542
0.0019176913062134444
-0.011256036003951773
-0.6255090629310189
-0.00484985490923743
0.008021572959754298
-0.030747577463529973
-0.02518400727327262
-0.020353251852607245
0.003614294303505173
-0.00934047447860585
0.044499732302904965
-0.05218824054429966
-0.026757770960396315
-0.045119262004249774
-0.03494962836605662
-0.025363090711854927
-0.1927998073784577
-0.023766488807841546
-0.013167628893982231
-0.026890979309110496
-0.7988260902951746
-0.16868203758424183
0.04964850056330594
-0.10486442975793961
0.013081661155041783
-0.01399489952651397
-0.04365407400028261
-0.01300066276953697
-0.025363090711854927
-0.06092991311337499
-0.01641765750600151
0.0019660218437803924
-0.06652549601301361
-0.013204556885284328
-0.011193063894244354
-0.02099843576069755
0.003088850710080681
-1.882077438358721
-0.018241850673591808
-0.061502280380661814
0.021465784170445878
-0.07964741820866265
0.014702121701252109
-0.015856771009084503
-0.01953594184476065
-0.15371886946477023
-0.41200152703942067
-0.005800836183620091
-0.05218824054429966
-0.011368450007673624
-0.014639823533771919
-0.10194990375667237
-0.16868203758424183
-0.006240595253846708
-0.011846013585896811
-0.01300066276953697
-0.03781996451934563
-0.02534293151595532
-0.018241850673591808
-0.00296054659623356
-0.01561975311782424
-0.023766488807841546
-0.05107620914860435
-0.023851708624834916
0.021293033328132906
-0.011950321698372866
-0.029294948041215862
-0.014923233761020923
-0.01837284562313905
-0.012114493408671892
-0.0055833553502825685
0.0037882318094234566
-0.025345916599786886
-0.12741981595458787
-0.022527207533442208
0.09549183014773438
-0.019848756196339516
-0.011256036003951773
-0.034765005969206376
-0.019156422953987003
-0.015231594538637401
0.05260116905701176
-0.019156422953987003
-0.07295626338267218
-0.007003801113282101
-0.05438527937770261
-0.03939436412713165
-0.02228671576045309
-0.03104149110820065
-0.011731617356793463
0.0012343175061294911
-0.027762727372481602
-0.004916397202856375
-0.023851708624834916
-0.0018046560935078202
-0.0963399955694128
-0.018598125178445092
-0.02811945535253195
-0.01655647663780522
-0.3730537044574056
-0.03668416886823273
-0.03332075731800769
-0.002578425347236087
-0.123965698386799
-0.01141580672285835
-0.034752863512005704
-0.02780020310617833
-0.006119239821564508
-0.010170994694718414
-0.0072411761702652995
-0.012496743240353879
-0.03185838716870683
-0.029959936682126972
-0.004441919467987451
-0.12196249819781
0.0004330268957537468
-0.020313176855011984
-0.03656499744985122
-0.004441919467987451
-0.020353251852607245
-0.00271942538461088
-0.010629035051201554
-1.7156940043247058
-0.1058233902738208
0.00041435779546883405
-0.1425120474265148
-0.003964915419598426
0.017917775164804587
0.0004330268957537468
-0.026890979309110496
0.03100871496478705
-0.10486442975793961
-0.003465460767367541
0.009766114164778303
-0.026057967695563084
-0.033983908284447056
-6.59970972633644e-05
-0.05920161212205147
-0.03677646709962428
0.0015641138874898715
-0.010880107314540054
-0.017023489257329497
-0.014874684879103036
-0.03145380845039665
-0.03559642720521663
-0.017023489257329497
-0.02211644565565303
-0.008064343682473553
-0.018627743313295114
-0.06092991311337499
-0.028286140777619997
-0.09433356252286478
-0.020353251852607245
-0.020970804343648394
-0.10484777922866757
-0.004441919467987451
-0.043956883567582615
-0.017563352574727957
-0.15371886946477023
-0.029959936682126972
-0.12196249819781
-0.09433356252286478
-0.02835798472758817
-0.2244879932890867
-0.017561821644402176
0.00041435779546883405
0.015750055040903252
-0.01378613907628419
0.0157294074597092
-0.37619771514510225
-0.034441595971106534
-0.011306177552140905
0.0012343175061294911
-0.08515920535648207
-0.043956883567582615
0.0004330268957537468
-0.008954565124643432
-0.1058233902738208
-0.011963965598695168
-0.024319297849267008
-0.031201231556005776
-0.007003801113282101
-0.020970804343648394
-1.5917693363187582
-0.02264088966090595
-0.026890979309110496
-0.03677646709962428
-0.03235839762703204
-0.10486442975793961
-0.10303522587319498
-6.59970972633644e-05
-0.005741951716937801
-0.018753631427030196
0.0028839984560858328
0.0006390162113748976
-0.023851708624834916
-0.06901555840633183
-0.020297335147080084
-0.002602348386779234
