-0.010621437046757021
0.02272606669834649
-0.0162715596866602
-0.9165123603166232
-0.023840462035253734
0.0906051454639766
-1.2492689326051691
-0.7120546264416556
-0.9165123603166232
-0.061467178908030246
0.006870725685243807
-0.0450415548586135
0.04380551727810477
0.05780307600545952
-0.04145690193452312
0.008885434516202328
0.06328220141115129
-0.45950600164471495
0.006851885374639659
0.05780307600545952
-0.24096356867808044
-0.24669662203125453
-0.6676419549378366
0.030545631762507446
-0.25999455817497313
-0.006162898541190158
-0.1049024559999641
-0.41464936339078184
0.006860352214930434
-0.8012872679899804
-0.06752518898345199
-1.0454438586432317
0.04706301121704096
-0.049275282424601295
-0.2892066876709014
0.06557862786326775
-2.206209472542224
-0.29479591382133735
-0.049275282424601295
-0.3152771856198757
-0.08095215753079499
-0.05182720113718464
-0.29479591382133735
-0.15112066735381663
0.006870725685243807
0.01772399861555368
-0.00732769315157649
-0.9165123603166232
-0.02657192676325676
0.018261654322477606
0.15309945082550386
0.00938599055606632
-0.08398867917333355
0.03192756984576503
0.01772399861555368
-0.0162715596866602
-0.03350045482364675
0.2108968201394466
-0.04145690193452312
0.006603011363046082
0.4244641698486723
0.06960138484981807
0.006870725685243807
-1.0454438586432317
-0.20001069041084535
0.5530239961937244
-1.0162693504855738
-1.249285950366368
-0.4355173119429304
0.011581711896054978
-1.8411390262006342
-0.9165123603166232
0.08006013130722903
-1.2492689326051691
-0.23202917384903776
0.02714378497999339
0.06287857297572495
0.018261654322477606
0.04706301121704096
0.4244641698486723
-0.0452349831147646
-1.0454438586432317
0.7085987605079903
0.05190968528063709
0.09723569635377342
-0.011712413280337135
-0.016887433967251196
0.03192756984576503
0.02774460682868736
-0.0019159332293125345
-0.0162715596866602
-0.24096356867808044
0.02272606669834649
0.02320110059088553
-0.15112066735381663
0.06557862786326775
-0.3070906264928963
0.018261654322477606
0.03272686754963117
-0.026365164547344857
-0.046214874383613776
-0.049275282424601295
-0.0013022901657660907
-0.1626970900252559
-0.04689569687014347
0.008544082155022574
-0.012841998088539724
0.07943546711646511
-1.8411390262006342
-0.04689569687014347
-0.013861945281392044
-0.764261356012053
-0.1626970900252559
-0.2892066876709014
0.02272606669834649
-0.010621437046757021
-0.009962857195857553
-0.0507354072859826
-0.0013022901657660907
-0.2102627476946452
0.0381975271697253
-0.41464936339078184
-0.2102627476946452
-0.07062684988609907
-1.2492689326051691
-0.1049024559999641
-0.8012872679899804
0.5530239961937244
-0.1049024559999641
-0.1626970900252559
0.008544082155022574
-0.05182720113718464
0.025880393963398828
0.006603011363046082
0.04706301121704096
-0.0452349831147646
0.07943546711646511
-0.4594285528083674
0.00938599055606632
-0.13549277560273554
-0.8783919964156661
-0.08398867917333355
-0.056370889745121854
-0.0010072300579103326
-0.07256866520969533
0.04912077689463247
-0.23202917384903776
-0.05127586831763769
0.006851885374639659
-0.00732769315157649
0.06328220141115129
-0.011712413280337135
-0.04145690193452312
-0.012841998088539724
-0.46176265857322035
-2.206209472542224
-0.02179038790207691
-0.00732769315157649
-0.0019159332293125345
0.02272606669834649
-0.4355173119429304
0.2108968201394466
0.008885434516202328
-0.2892066876709014
-0.046214874383613776
0.011581711896054978
-0.1873572664273523
0.06557862786326775
0.09553425840156637
0.008885434516202328
-0.006162898541190158
-0.45950600164471495
0.09553425840156637
-0.19493120334034614
-1.0162693504855738
-0.049275282424601295
0.03192756984576503
-0.05127586831763769
-0.13549277560273554
-0.05836373109626417
-0.013861945281392044
0.7085987605079903
0.03192756984576503
0.7085987605079903
-0.20001069041084535
0.0381975271697253
0.5530239961937244
0.4244641698486723
-0.5396979224143087
0.04912077689463247
-0.02657192676325676
-0.4150548792271944
-0.1307571667134656
-0.05852251535667124
-0.0450415548586135
0.7085987605079903
-0.0452349831147646
-0.19493120334034614
0.06287857297572495
0.15309945082550386
0.008885434516202328
-0.2890536842013927
-0.0450415548586135
-0.01850588534840982
0.1435567062204183
-0.2890536842013927
0.04706301121704096
-0.03434508985740253
-0.15112066735381663
-0.011712413280337135
0.11908156758056165
-0.41464936339078184
-0.04145690193452312
-0.29479591382133735
-0.0013022901657660907
-0.23202917384903776
-0.06685202840220099
0.2535827913797608
-0.8012872679899804
-0.03782640011683136
0.4244641698486723
-0.2890536842013927
-0.05182720113718464
-0.7120546264416556
-0.1361923578232726
0.1435567062204183
-0.3152771856198757
0.2108968201394466
-0.5396979224143087
-0.10477737605579077
0.07943546711646511
-0.011712413280337135
-0.06752518898345199
0.02714378497999339
-0.03146769081579337
-0.013861945281392044
-0.0162715596866602
0.026699404440350627
0.037379482068593615
-0.03782640011683136
-0.25999455817497313
-0.06667151962738574
-0.2102627476946452
-0.06685202840220099
-0.0003212269412447364
-2.206209472542224
0.04380551727810477
0.04912077689463247
0.09553425840156637
-0.24669662203125453
0.006603011363046082
-0.8012872679899804
0.09553425840156637
-0.19493120334034614
-0.02179038790207691
0.0010913709760311727
0.01772399861555368
0.02272606669834649
-0.1049024559999641
-0.25999455817497313
-0.21588855390676343
-0.06667151962738574
-0.05182720113718464
-0.06685202840220099
0.7085987605079903
-0.24096356867808044
0.04706301121704096
0.02714378497999339
0.06328220141115129
0.03272686754963117
0.7085987605079903
0.037379482068593615
0.10011537326084399
0.06328220141115129
-0.00732769315157649
-0.03350045482364675
-0.05944400918777504
-0.03146769081579337
-0.3070906264928963
-0.2892066876709014
-0.3070906264928963
-0.05182720113718464
0.1239652929244351
-0.04689569687014347
-0.047586900041106425
-0.025684489666368635
-0.04689569687014347
-0.016887433967251196
-0.1361923578232726
-0.0450415548586135
-0.05836373109626417
-0.7120546264416556
0.5530239961937244
-0.00732769315157649
0.1435567062204183
-0.023840462035253734
-0.13743936743006674
-0.46176265857322035
-0.0450415548586135
-0.0019159332293125345
-0.0450415548586135
0.00938599055606632
-0.0507354072859826
0.04380551727810477
0.2108968201394466
-0.11011023800961478
0.008544082155022574
0.02714378497999339
-0.3070906264928963
0.07943546711646511
-0.2890536842013927
0.004656453177236122
-0.03782640011683136
0.018261654322477606
-0.00732769315157649
-0.05356147041836235
-0.01850588534840982
-1.249285950366368
0.05780307600545952
-0.011709635712449932
0.06960138484981807
-0.20001069041084535
-0.46176265857322035
0.02272606669834649
0.06328220141115129
-1.8411390262006342
-0.05852251535667124
-0.05836373109626417
-0.011712413280337135
-0.5974159031397255
-0.21588855390676343
-0.00732769315157649
0.030545631762507446
0.006870725685243807
-0.05127586831763769
-0.21977425019536895
0.008544082155022574
-0.03782640011683136
0.006870725685243807
0.06328220141115129
-0.049275282424601295
-0.764261356012053
-0.05836373109626417
0.01772399861555368
-0.04145690193452312
0.008885434516202328
0.02774460682868736
-0.08095215753079499
-0.07256866520969533
-0.010621437046757021
-0.29479591382133735
0.1435567062204183
-0.03470871416820786
-0.46176265857322035
-0.2890536842013927
0.08006013130722903
-0.10477737605579077
-0.7120546264416556
-0.13743936743006674
0.011581711896054978
-0.07256866520969533
-0.15112066735381663
-0.46176265857322035
-0.02464041386710611
-0.9165123603166232
-0.1307571667134656
0.15309945082550386
0.05190968528063709
0.09723569635377342
0.018261654322477606
-0.764261356012053
-0.009962857195857553
-0.0019159332293125345
-0.04689569687014347
-0.03392376328451691
-0.012841998088539724
-0.21875444744142725
-0.011712413280337135
0.0381975271697253
0.0010913709760311727
-0.13549277560273554
-0.15112066735381663
0.04706301121704096
-1.249285950366368
-0.010621437046757021
-0.06752518898345199
-0.11011023800961478
0.025880393963398828
0.12816985466351832
-0.02657192676325676
-0.8451075624628578
0.06960138484981807
-0.5396979224143087
0.07943546711646511
0.006851885374639659
-0.05836373109626417
-0.00732769315157649
-0.5974159031397255
-0.21875444744142725
0.12816985466351832
0.06287857297572495
-1.2492689326051691
-0.08415205502610436
-0.04145690193452312
0.006603011363046082
-1.1543052840710417
-1.8411390262006342
0.004656453177236122
0.004656453177236122
-1.249285950366368
0.11908156758056165
0.06557862786326775
-0.025684489666368635
0.013932781639059455
-0.25999455817497313
-0.05836373109626417
-0.0013022901657660907
-0.02464041386710611
-0.24096356867808044
0.4244641698486723
-0.01850588534840982
-0.061467178908030246
-0.03782640011683136
0.2108968201394466
-0.1049024559999641
0.025880393963398828
-2.040395519146102
0.08006013130722903
-0.010621437046757021
-0.023840462035253734
-0.1307571667134656
0.7085987605079903
-0.21588855390676343
0.05190968528063709
0.04706301121704096
-0.009593090875696405
-0.03392376328451691
-0.049275282424601295
-0.23202917384903776
-1.0454438586432317
-0.2890536842013927
0.06960138484981807
0.07943546711646511
-0.046214874383613776
0.4244641698486723
0.00938599055606632
-0.1361923578232726
-0.8451075624628578
-0.03146769081579337
-0.21977425019536895
-0.03350045482364675
0.07943546711646511
-0.10477737605579077
-1.249285950366368
-0.00732769315157649
-0.21977425019536895
-0.03350045482364675
-0.2102627476946452
-0.29479591382133735
-0.04689569687014347
-0.7120546264416556
0.011581711896054978
-0.6676419549378366
0.06557862786326775
-0.04255070036313229
0.006870725685243807
0.008885434516202328
-0.4594285528083674
-0.03392376328451691
0.02320110059088553
-0.13549277560273554
-0.03782640011683136
0.09723569635377342
-0.0010072300579103326
-1.2492689326051691
0.026699404440350627
0.08006013130722903
0.025880393963398828
0.07943546711646511
-0.061467178908030246
-0.03392376328451691
-1.0162693504855738
-0.21588855390676343
-0.010621437046757021
-0.03392376328451691
-0.056370889745121854
-1.0162693504855738
-0.011709635712449932
-0.02179038790207691
-0.3070906264928963
0.2108968201394466
-0.2102627476946452
-0.03350045482364675
-0.016887433967251196
0.013932781639059455
0.10011537326084399
-0.41464936339078184
-0.011712413280337135
0.026699404440350627
-0.05836373109626417
-0.1361923578232726
-0.00732769315157649
0.006860352214930434
0.03272686754963117
-0.012841998088539724
-0.5139453649071893
0.7085987605079903
0.15309945082550386
-0.05182720113718464
-0.05836373109626417
0.05780307600545952
-0.009593090875696405
0.026699404440350627
-0.23092486249965372
-0.2102627476946452
-0.06752518898345199
-0.10477737605579077
0.5530239961937244
-1.8411390262006342
-0.05182720113718464
-0.009593090875696405
-0.046214874383613776
-0.41464936339078184
-0.049275282424601295
0.11908156758056165
-0.012841998088539724
-0.03392376328451691
-0.03392376328451691
0.013932781639059455
-1.1543052840710417
0.006603011363046082
-0.5139453649071893
0.006851885374639659
-0.19493120334034614
-0.8012872679899804
-0.047586900041106425
-0.0452349831147646
-0.08398867917333355
-0.009593090875696405
-0.10477737605579077
-0.13549277560273554
0.03272686754963117
0.008885434516202328
-0.08415205502610436
-0.8012872679899804
-0.45950600164471495
-0.012841998088539724
-0.061467178908030246
-0.0013022901657660907
-0.0450415548586135
-0.03392376328451691
-0.056370889745121854
-0.5139453649071893
-0.03392376328451691
-0.011712413280337135
0.006851885374639659
-0.07256866520969533
-0.05944400918777504
0.013932781639059455
0.037379482068593615
0.037379482068593615
0.004656453177236122
-2.206209472542224
-0.08415205502610436
0.006870725685243807
0.10011537326084399
-0.06752518898345199
-0.5974159031397255
-0.05852251535667124
-0.04122360111505757
-0.13743936743006674
0.006870725685243807
0.03272686754963117
-0.016887433967251196
0.06328220141115129
-0.03146769081579337
0.02714378497999339
-0.764261356012053
-0.07062684988609907
-0.0010072300579103326
-0.764261356012053
-0.05852251535667124
0.006851885374639659
-0.06667151962738574
0.06960138484981807
-0.02657192676325676
-0.046214874383613776
-0.5974159031397255
0.03272686754963117
-0.05356147041836235
-0.8012872679899804
-0.15112066735381663
-0.7422154473500211
-0.4355173119429304
-0.45950600164471495
-0.11011023800961478
-0.19493120334034614
-0.012841998088539724
-0.06685202840220099
-0.15112066735381663
-0.20340289759978275
-0.9165123603166232
-0.20340289759978275
0.03272686754963117
0.4244641698486723
-0.4594285528083674
-0.05836373109626417
-0.011709635712449932
-0.1307571667134656
0.011581711896054978
-0.8012872679899804
-0.03434508985740253
0.4244641698486723
-0.4355173119429304
-2.040395519146102
-0.1873572664273523
-0.06685202840220099
-0.05852251535667124
-0.1049024559999641
-0.5974159031397255
-0.13743936743006674
-0.04145690193452312
0.00938599055606632
0.0381975271697253
-0.10477737605579077
-0.05127586831763769
-0.20340289759978275
-0.25999455817497313
-2.040395519146102
-0.5139453649071893
-0.009962857195857553
-0.2890536842013927
-0.05127586831763769
0.02272606669834649
-0.06752518898345199
-0.1873572664273523
-0.41464936339078184
0.025880393963398828
0.06557862786326775
0.11908156758056165
-0.05182720113718464
0.006603011363046082
0.018261654322477606
-1.1543052840710417
-0.049275282424601295
-0.0452349831147646
0.08006013130722903
-0.0010072300579103326
0.06557862786326775
-0.03782640011683136
-0.05356147041836235
-0.1873572664273523
-0.03146769081579337
0.08006013130722903
0.008885434516202328
-0.0452349831147646
0.11908156758056165
0.011581711896054978
-0.011712413280337135
0.07943546711646511
-0.1049024559999641
-0.20001069041084535
-0.13549277560273554
-0.23202917384903776
0.7085987605079903
-0.01850588534840982
-0.23202917384903776
-0.7422154473500211
-0.016887433967251196
-0.012841998088539724
-0.09262777737500556
-0.011709635712449932
-0.8451075624628578
-0.03470871416820786
0.11908156758056165
-0.0003212269412447364
-0.05127586831763769
-0.025684489666368635
-0.061467178908030246
-0.07256866520969533
-1.249285950366368
0.15309945082550386
0.06328220141115129
-0.20001069041084535
0.1239652929244351
0.004656453177236122
0.01772399861555368
0.04706301121704096
0.008544082155022574
0.02774460682868736
-0.5139453649071893
-0.06752518898345199
-0.23202917384903776
0.011581711896054978
0.02714378497999339
0.030545631762507446
-0.764261356012053
-0.10477737605579077
-0.8783919964156661
-0.24096356867808044
-0.03434508985740253
-0.7120546264416556
-0.06667151962738574
-0.013861945281392044
-0.5396979224143087
-0.25999455817497313
-0.05182720113718464
0.030545631762507446
-0.21875444744142725
-0.04689569687014347
-0.21588855390676343
-0.8783919964156661
-0.741010196374769
0.11908156758056165
-1.1543052840710417
-0.13549277560273554
-0.08095215753079499
0.11908156758056165
-0.009962857195857553
0.008885434516202328
0.037379482068593615
0.7085987605079903
-0.009962857195857553
-0.03470871416820786
-0.0010072300579103326
-0.04145690193452312
0.11908156758056165
-0.05836373109626417
-0.45950600164471495
-0.6676419549378366
-0.04689569687014347
0.013932781639059455
0.07943546711646511
0.006603011363046082
-0.11011023800961478
-0.05944400918777504
-0.1361923578232726
-0.1626970900252559
-0.21588855390676343
0.018261654322477606
-0.24669662203125453
-0.4594285528083674
-1.0454438586432317
0.5530239961937244
0.06328220141115129
-0.05944400918777504
-0.03146769081579337
-0.08415205502610436
-0.20001069041084535
-0.8012872679899804
-0.0013022901657660907
0.006870725685243807
-0.0019159332293125345
-0.13549277560273554
-0.026365164547344857
-0.0772803278017596
0.03272686754963117
0.04380551727810477
-0.05836373109626417
0.2535827913797608
-0.04255070036313229
0.11908156758056165
0.08006013130722903
-0.8783919964156661
-0.0507354072859826
0.12816985466351832
-0.07256866520969533
-0.02464041386710611
0.06328220141115129
-0.25999455817497313
0.04706301121704096
-0.06685202840220099
0.008885434516202328
-0.13549277560273554
-0.03350045482364675
0.2535827913797608
-0.01850588534840982
-0.08415205502610436
0.004656453177236122
-0.061467178908030246
-0.7422154473500211
0.011581711896054978
-0.5974159031397255
-0.8783919964156661
-0.21875444744142725
0.15309945082550386
-0.2102627476946452
-0.05356147041836235
0.02272606669834649
-0.21588855390676343
-0.4594285528083674
-0.03470871416820786
-0.19493120334034614
-1.1543052840710417
-0.6676419549378366
-0.3152771856198757
-0.24669662203125453
0.1435567062204183
-0.0162715596866602
-0.025684489666368635
-0.061467178908030246
0.1435567062204183
0.013932781639059455
0.03192756984576503
0.06557862786326775
-0.29479591382133735
-0.02464041386710611
-0.05356147041836235
0.006870725685243807
-0.23202917384903776
-0.23092486249965372
0.09723569635377342
-0.009962857195857553
-0.02179038790207691
-0.13549277560273554
-0.009962857195857553
-0.4594285528083674
0.06557862786326775
-0.00732769315157649
0.006860352214930434
0.05780307600545952
-0.8012872679899804
-0.0013022901657660907
-0.06752518898345199
-0.04689569687014347
0.7085987605079903
-0.2890536842013927
-0.25999455817497313
-0.006162898541190158
-0.25999455817497313
-0.15112066735381663
-0.05944400918777504
0.006851885374639659
0.04912077689463247
0.07943546711646511
-0.4594285528083674
-0.3152771856198757
-0.009962857195857553
0.06960138484981807
-0.023840462035253734
0.12816985466351832
0.09723569635377342
-0.02179038790207691
0.07943546711646511
-0.764261356012053
-0.010621437046757021
0.006860352214930434
-0.8451075624628578
-0.05852251535667124
0.1435567062204183
-1.2492689326051691
0.06960138484981807
-0.02657192676325676
-0.00732769315157649
-0.047586900041106425
-0.6676419549378366
-0.1361923578232726
-0.3152771856198757
-0.8012872679899804
0.7085987605079903
-0.011709635712449932
-0.0013022901657660907
-0.04689569687014347
-0.378850527451574
-0.0010072300579103326
-0.061467178908030246
-0.061467178908030246
0.037379482068593615
-0.08415205502610436
-0.04255070036313229
-0.7422154473500211
-0.23202917384903776
-0.21588855390676343
-0.05356147041836235
-0.15112066735381663
0.11908156758056165
-0.2890536842013927
-0.764261356012053
0.0906051454639766
-0.00732769315157649
-0.016887433967251196
0.02774460682868736
-0.08415205502610436
-0.1873572664273523
-0.02179038790207691
-0.46176265857322035
0.05190968528063709
-0.05182720113718464
-0.0772803278017596
-0.21977425019536895
-0.0450415548586135
0.02774460682868736
-0.07256866520969533
-1.249285950366368
-0.1873572664273523
-1.1543052840710417
0.04912077689463247
-0.378850527451574
0.04706301121704096
0.02774460682868736
-0.13549277560273554
0.11908156758056165
-0.8012872679899804
-0.00732769315157649
-0.29479591382133735
-0.09262777737500556
-0.03146769081579337
-0.023840462035253734
0.018261654322477606
-1.249285950366368
-0.378850527451574
-0.0507354072859826
-0.2892066876709014
-0.03470871416820786
-0.0162715596866602
-0.049275282424601295
-0.05356147041836235
-0.23202917384903776
-0.4150548792271944
-0.20001069041084535
0.4244641698486723
0.11908156758056165
-0.016887433967251196
0.06287857297572495
0.006603011363046082
-0.03782640011683136
-0.00732769315157649
0.026699404440350627
-0.2102627476946452
-0.1873572664273523
-0.03470871416820786
-0.13549277560273554
-2.206209472542224
-0.0452349831147646
0.06557862786326775
-0.0452349831147646
-0.3152771856198757
-0.741010196374769
0.02774460682868736
0.4244641698486723
-0.03470871416820786
-0.0003212269412447364
-1.0162693504855738
0.03192756984576503
-0.3152771856198757
-2.206209472542224
-0.0507354072859826
-0.1361923578232726
-0.1873572664273523
-0.05356147041836235
-0.047586900041106425
-1.8411390262006342
0.025880393963398828
-0.0507354072859826
-0.5974159031397255
0.15309945082550386
-0.23092486249965372
-1.0454438586432317
0.011581711896054978
0.04706301121704096
0.2108968201394466
-1.0454438586432317
-0.061467178908030246
0.006870725685243807
-0.012841998088539724
-0.19493120334034614
0.006860352214930434
0.06960138484981807
-0.9165123603166232
0.030545631762507446
-0.05182720113718464
-1.2492689326051691
-0.05127586831763769
0.008885434516202328
-0.19493120334034614
-0.016887433967251196
-0.03434508985740253
-0.04122360111505757
-0.19493120334034614
-0.013861945281392044
-0.061467178908030246
0.09723569635377342
-0.15112066735381663
0.06557862786326775
-0.02179038790207691
-0.0013022901657660907
-0.2102627476946452
0.013932781639059455
-0.02179038790207691
-0.05127586831763769
0.09553425840156637
0.06287857297572495
0.004656453177236122
-0.378850527451574
0.02272606669834649
-0.009962857195857553
-0.012841998088539724
-0.05182720113718464
0.02320110059088553
0.06287857297572495
