-0.01523377902005898
-0.0025357670327440405
-0.04536642240924659
-0.03715431225321304
0.0010308660197199495
-0.7354665609177126
-1.4584924024648291
-0.023003663995144967
-0.01565699100002129
-0.039948425970281455
-0.15884439380412116
-0.07996594462164548
-0.07496478190106598
0.017774841492334548
-0.012496202293327064
-0.02509801948116723
-0.05745024298043535
-0.01681419258067975
-0.12730833407759543
-0.02703759923289672
-0.04385447352424
-0.07226469564726835
-0.044437205540391295
-0.00874656191416803
-0.04107832012569981
-0.07152833768610953
-0.03581438532887561
-0.023314408758280437
-0.047048645901005465
-0.10376509734494682
-0.04831010622160741
-0.08097368773538464
-0.02993002860701195
-0.6059287178676481
0.042371648087190614
-0.02888127544624682
-0.07662150159388889
0.042371648087190614
-0.047048645901005465
-0.07086072274340063
-0.07392870960523747
-0.17200727605953678
-0.010373017324844488
-0.23263946242917422
-0.028823629470848273
-0.02000259067345315
0.0034913985158261324
-0.036216978188100594
-0.00723740952675654
-0.12796981772246463
-0.039948425970281455
-0.057755240084625036
-0.004224848492655083
-0.036342803073329204
-0.0031765760014591045
-0.016673435056701866
-0.07794809152741007
-0.06614859513529342
-0.06600099267584439
-0.020840986075749496
0.003098153143260369
-0.07152833768610953
-0.08100443643978021
-0.04828645866802686
-0.046550009671028535
-0.009653922113816979
-0.02702351961758331
-0.13391364376085102
-0.01424867505966918
-0.09226406639584746
-0.017728631351434036
-0.033012950011275334
-0.0778195570438593
-0.02269499681604484
-0.013225118739706653
-0.022841469867517464
-0.0011603922883323607
-0.022206267546475752
-0.02539342655260197
-0.0709787292457889
-0.03473105083435611
-0.059241250145535294
-0.012496202293327064
-0.22450715541649707
0.004269232060385181
-0.016687093515665653
-0.21130635979246543
-0.1809807304915957
-0.023901391159816893
-0.016682833231453902
-0.021541245433401118
-0.005706752879969256
0.045714285238062556
-0.019369949623378385
-0.022946321280997137
0.00023928566517625197
-0.04037914023996607
-0.03765490027628766
-0.0653750906918348
-0.05610841250048208
-0.1026049285680343
-0.07199974917480473
-0.07664980470104871
-0.023782361630579504
-0.8847444847060475
-0.3994124269140756
0.005805138499484419
-0.25017990591496875
-0.00723740952675654
0.005661122796948623
-0.03300020320435907
-0.036684842676514805
-0.14331201604433214
-0.02398638900226322
-0.04385484280973547
-0.052753139018632676
-0.020536180408775587
-0.033012950011275334
0.00854281280567037
-0.08270048813306768
-0.011553400580748574
-0.020149666241950005
-0.006323708836857982
-0.01473099050936808
-0.010683182657262603
-1.2005625585860862
-0.02703759923289672
-0.00874656191416803
0.09289188218129973
-0.7498936927510284
-0.003357304851027681
-0.01964004734008658
0.02729768667177135
-0.06447733507732062
-0.05701653327637845
-0.009653922113816979
-0.059241250145535294
-0.026209172136267778
-0.024432217298789773
-0.018048711715323216
-0.019369949623378385
-0.8646351517597385
-0.05521066911035831
0.0038789073487535955
-0.15085221535380977
-0.07169080820188416
-0.039663361203811434
-0.0868868998376321
-0.047048645901005465
-0.05041734513032009
-0.027891739608945178
0.006312803413923432
-0.36475230317749396
-0.06447733507732062
-0.039663361203811434
-0.01258320995700308
-0.05544188522240675
-0.13436212398662303
0.0004921936633878153
-0.01812921979742809
-0.053425544457881044
-0.014091315251968045
-0.021676236857230077
-0.011049143440884186
-1.2005625585860862
-0.08270048813306768
-0.02014402659659198
-0.03592195125694534
-0.06611540660976321
-0.1978646414520552
-0.024422182615790954
0.0776941175357947
-0.004708018275858848
-0.07205522419253683
0.0008097037604365143
-0.5553091474667089
0.004439633031694454
-0.3296038222990704
-0.0369130472557546
-0.22432594816408785
-0.024100559591433722
-0.012288505950138529
-0.10765707977353502
-0.14516838253542277
-0.02844116048898987
-0.09800831421345434
0.03934961127985072
-0.019865072590886348
-0.027848608046220344
-0.08238972594948046
-0.16356333911925047
-0.25017990591496875
-0.007966852730473515
-0.014766132530010502
-0.042734318670596703
0.017708532799928876
-0.042734318670596703
0.0776941175357947
0.0017303593313520954
-0.040588566939447374
-0.5553091474667089
-0.03473105083435611
-0.04079510678910665
-0.05489020188044722
-0.03506155420620578
-0.021541245433401118
-0.019827598755497965
-0.008557753729971355
-0.02623669383653712
-0.004734227344309494
-0.6541287033622911
-0.07794809152741007
-0.04831010622160741
-0.032199569568641395
-0.10376509734494682
-0.138876498021261
-0.01304286387728102
-0.05870605499965667
-0.07043742172538169
-0.25940659334978267
0.009378141882644901
-0.019770692570207152
0.005718597704386154
-0.051381775809197165
0.055181069247328865
-0.024432217298789773
-0.006877614102738538
-0.16356333911925047
-0.05003405077960843
-0.02095357632320271
-0.0066496952754324145
-0.029121890704226976
0.006226473102664552
-0.1643957942078131
-0.0066496952754324145
-0.06349598083376086
-0.03578191837316753
0.008649617836687691
0.134404659051164
-0.4140175260479931
-0.030642789070548276
-0.06639821765241422
-0.033012950011275334
-0.009141436747085346
-0.015311739402511898
-0.15951619844940884
-0.02984853058011286
-0.024257484940223503
0.09265997885025146
-0.4930794406422486
-0.010261620485499426
-0.01258320995700308
-0.5158209753358758
-0.04311245185284439
-0.9555263164856738
0.002032822248351242
-0.006134114608040245
-0.10689086947192472
0.02433285977348791
-0.580949867254657
0.010976808472156584
0.004075586996914386
-0.020042217352053023
-0.03868695302221352
-2.148682567962927
-1.5756897842829742
-0.04626314320263051
-0.04612513564973583
-0.07086072274340063
-2.492195350399681
-0.03632484731255871
-0.038232547450100025
-0.057712347281967766
-0.009119157821355799
-0.08100443643978021
-0.0556253026694346
-0.12571182477913972
-0.022206267546475752
-0.022089227803065024
-0.03354038914202056
-0.08475409609849685
-0.011816371246305003
-0.010750269356842491
-0.012521388954189396
-0.01536875647771133
-0.015976278518367026
0.039512536626303836
-0.06743346912224531
-0.018248243100868155
-0.025584088884168764
-0.1552623610154282
0.020868361483423463
0.007997406883856424
-0.7498936927510284
0.005718597704386154
-0.013839972853018884
-0.11589025245649998
0.07284737831317378
-0.024825096191465952
-0.009004801610853192
0.023313726983042876
-0.05921580489640978
-0.03443055020574391
-0.03575556772080433
-0.011702429295656177
-0.052753139018632676
-0.03601031691553372
-0.03354038914202056
-0.03394122600832786
-0.01789530243166431
-0.04389142932121964
-1.2189048637741782
-0.018754967146497648
-0.0033815456776314784
-0.03513163485417143
-0.026455651942994908
0.0038789073487535955
-0.01870241612453107
0.017708532799928876
-0.367843775150987
-0.0032813060352583174
-0.01523377902005898
-0.03232493638826936
0.0166254118228791
0.26499748672810625
-0.15238482685701937
-0.050894996504450354
-0.002670204449019253
-0.18178758175528287
-0.05328575901847075
-0.09794582380876062
-0.011184114751937035
-0.035103837598951346
-0.033301830216558435
-0.04654323191562769
-0.03601031691553372
-0.08100443643978021
-0.012521388954189396
-0.025320477349373847
-0.06358251409181302
-0.07412605674431404
-0.02329750491408534
-0.04070914834163198
-0.04165921266306208
-0.0455037628059675
-0.15951619844940884
0.03714776290444847
-0.04174219201544648
-0.032199569568641395
-0.09317955050479747
-0.07258343579844571
-0.03563098671840899
-0.0032813060352583174
-0.21130635979246543
-0.02703759923289672
-0.01122293464050831
-0.13436212398662303
0.017001866360949993
-0.13866965534370845
-0.0183775981832823
0.0004921936633878153
-0.07226469564726835
-0.03132476768866916
0.02433285977348791
0.0008097037604365143
-0.009001082894122792
-0.04536642240924659
-0.023867086674988203
-0.08768845927079923
-0.5216402371326017
-0.00951092627745982
-1.0454888898103885
-0.08480354504219342
-0.005270393334961435
-0.01733136937909254
-0.0011603922883323607
-0.01749588382432908
-0.18390637509551963
-0.5254599824041062
-0.04287301885513373
-0.052003877841878245
-0.015090530803299768
-0.11925084448388076
-0.0556253026694346
-0.005743966693696503
-0.020357507540433296
-0.041266409344742516
-0.020042217352053023
-0.037241166675838475
-0.09800831421345434
-0.08475409609849685
-0.12571182477913972
-0.02888127544624682
-0.039948425970281455
-0.07276067070078814
-0.007911596364482245
-0.1465707927180212
-0.08059549324944791
-0.5553091474667089
-0.01856467429294081
-0.02368137953955063
-0.015661799643670912
-0.0031765760014591045
-0.032189542716189304
-0.0031504350415833453
-0.0026586600442003215
-0.004044590169532509
-0.025577361680934333
0.00835898355315936
-0.10376509734494682
-0.16392251142469805
-0.014989078748913082
0.0008097037604365143
-0.0141337051580115
-0.03210865811352926
-0.003357304851027681
-0.23263946242917422
-1.5756897842829742
0.000952534758885187
-0.03354038914202056
-0.06073806172011799
-0.07209208958720435
-0.13238461588093542
-0.08336199505693404
-0.075717219583912
-0.05003405077960843
-0.018443409394266648
-0.07029066646800851
-0.07209208958720435
-0.04107832012569981
-0.04474261968035454
-0.015947381310606763
0.07284737831317378
-0.03986933298347295
-0.015090530803299768
-0.033012950011275334
-0.03446059846544395
-0.026209172136267778
-0.023867086674988203
-0.05373207100956337
-0.03473105083435611
-0.08715612117587623
-0.4064100696332347
-0.003845302942456152
-0.020202929434155553
-0.10166352243322463
-0.04753120648476475
-0.08100443643978021
-0.07392870960523747
-0.00596409868735451
-0.02368137953955063
-0.10166352243322463
-0.03151809918660038
0.04512355690910962
-0.026455651942994908
0.0034913985158261324
-0.07199974917480473
-0.0023260649227980104
0.02653534700090092
-0.06615652455510028
-0.11589025245649998
-0.10480684039825541
-0.045430857323537514
-0.04224661200528695
-0.026237128321813068
-0.018207668765770662
-0.03736247184141224
-0.011047433898327278
-0.03563098671840899
-0.07675255755388011
-0.015093266609118392
0.020868361483423463
0.011283866545345252
-0.3942818944282347
-0.2307464767426123
-0.12796981772246463
-0.03454953136499139
0.006380649708673163
-0.3986462482809016
-0.050212861650683165
-0.015790636921692122
-0.01800977461870004
-0.0265025624414179
-0.7627630229144937
-0.07349779219568382
-0.21418001057103164
-0.003357304851027681
-0.5988908950201665
-0.02269499681604484
-0.0005704809009134914
-0.05536668585660846
-2.5673666998497824
-0.019770692570207152
-0.036701288852321094
-0.0031765760014591045
0.07580420019206802
-0.00394164758803043
-0.0033815456776314784
-0.05940112048077098
-0.25017990591496875
-0.009333419206550382
-0.05870605499965667
-0.4011595517973608
-0.015090530803299768
-0.013836883344708452
-0.02938273109081361
-0.05701653327637845
-0.006918977067075805
0.009378141882644901
-0.029001518166086
-0.08238972594948046
-0.13215263489934895
-0.1793326029858779
-0.18498532207577506
0.03659587339860918
-0.021931297370308942
-0.007955336524606872
-0.060992473446449855
-0.14269411717430797
0.02572733937103659
-0.01473099050936808
-0.13861475309702853
-0.024422182615790954
-0.03329897355005627
-0.058544886194271
-0.0027924397773365817
-0.04968760896752284
-0.5959321037484431
-0.06123816644239713
-0.03394122600832786
-0.018592090614313266
0.005155734910344808
-0.01947927005803587
-0.04534922002151563
-0.02703759923289672
-0.051381775809197165
-0.02952597627413286
-0.10996602133139545
-0.032189542716189304
-0.07203883497372689
-0.5216402371326017
-0.052754625826069365
-0.0265025624414179
-0.08097368773538464
-0.041617958521613665
-0.09129123113361064
-0.012288505950138529
-0.40102987015269304
-0.004734227344309494
-0.1465707927180212
-0.04902112877535622
-0.138876498021261
-0.03573771871095943
-0.5826161755281133
-0.01424867505966918
-0.03713299374033332
-0.07209208958720435
-0.020888548063331323
-0.12188306837225903
-0.07209208958720435
0.017635641366021842
-0.7227962087841872
0.0166254118228791
-0.09297719913628372
-0.00758443669752422
-0.05984727788378577
0.03986494528710615
-0.06890042261647869
0.0034913985158261324
-0.009653922113816979
-0.03308123054666468
-0.29890006685011883
-0.025950246424785835
-0.012092416302733095
0.006164778662658788
-0.04654323191562769
-0.032189542716189304
-0.5216402371326017
-2.148682567962927
0.006164778662658788
-0.010410007735456379
0.03659587339860918
0.11922307912800044
-0.11910107678995596
-0.5988908950201665
-0.04998205188171824
-2.492195350399681
-0.3986462482809016
-0.03248009980911894
-0.04655199393266719
-0.0033815456776314784
-0.004011220747424763
-0.04385447352424
-0.003357304851027681
-0.02131318119175027
-0.01258320995700308
-0.016441324606889712
-0.0372052805696538
-0.321479999573629
0.005740323819646188
-1.2189048637741782
-0.14269411717430797
-0.024304873013291657
-0.07104960818741081
-0.01565699100002129
-0.6612984222922479
-0.03765490027628766
-0.014842411813947633
0.005805138499484419
-0.018048711715323216
-0.015947381310606763
-0.10689086947192472
-0.0778195570438593
-0.01812921979742809
-0.0655641986170143
-0.07104960818741081
-0.04418705447118137
-0.02982088014327434
-0.026237128321813068
-0.027012075258467685
-0.04828645866802686
-0.09596337929726124
-0.0653750906918348
0.134404659051164
-0.022017121617425334
-0.047159027723639294
-0.0183775981832823
-0.06839559657596872
0.0017303593313520954
-0.06032975882243997
-0.07226469564726835
-0.006918977067075805
-0.0010059978775376565
-0.019149266057371567
-0.02816400592015254
-0.022457151983245677
-0.022206267546475752
-0.09107039347456619
-0.028823629470848273
-0.03573771871095943
-0.009333419206550382
-0.06743346912224531
0.03659587339860918
-0.0421547690255352
-0.024825096191465952
-0.4091040849012364
-0.008621739071847571
0.02729768667177135
-0.024856487049390943
-0.033907635186953146
-0.8646351517597385
-0.005258329998501174
-0.004788138791685112
-0.07863481382916468
-0.032030740022367776
-0.004224848492655083
-1.0232085832832405
-0.054444770250737025
-0.018592090614313266
-0.05064789298712909
-0.07670143945518965
-0.04751307449334041
-0.022864296050737604
0.000952534758885187
-0.09666559248033835
0.02917267504802786
-0.022840893246324264
-0.09609620665174134
-0.08238972594948046
-0.05701653327637845
-0.18300628228892388
-0.010135267916792319
-0.19196791009195532
-1.4584924024648291
-0.024159579266141155
0.0034913985158261324
0.07580420019206802
-0.0006278669506921575
-0.19681101412126709
-0.15951619844940884
-0.07664980470104871
-0.03647040194526603
0.017774841492334548
-0.075717219583912
-0.04037914023996607
-0.18178758175528287
-0.04637997660639481
-0.07229749352649413
-0.01878214977786719
0.042371648087190614
-0.08034708350705125
-0.8451658630349639
-0.09024451628508222
-0.03573771871095943
-0.009503871246712982
-0.07104960818741081
-0.016441324606889712
-0.005258329998501174
0.004150644613246373
-0.8847444847060475
-0.037241166675838475
-0.10821741839912533
-0.06615652455510028
-0.0818028034670919
-0.03151809918660038
-0.04626314320263051
-0.030664348584426657
0.014544136150808202
-0.9694800157386662
-1.3828846260765388
-0.03699948938317128
-0.017608554359181756
-0.19643260427539247
-0.0265097183024555
-0.014302715383107019
-0.05373207100956337
-0.04174219201544648
-0.04079510678910665
-0.032030740022367776
-0.0627952520710323
-0.7354665609177126
-0.18013718515654534
-0.04028465995682512
0.02433285977348791
-0.0442910247522462
-0.020580048124368516
0.06882202559763835
-0.0455037628059675
-0.7480690705822659
-0.08270048813306768
-0.1552623610154282
-0.02703759923289672
0.020868361483423463
0.01171077833215636
-0.0238592385020945
-0.03693898350016284
0.017884365211159697
-0.13160359508286426
-0.4091040849012364
-0.17965859500119719
0.01171077833215636
-0.075717219583912
-0.0378047402788304
-0.1015909000912706
-0.014059391910221963
-0.026455651942994908
-0.033012950011275334
-0.01305589010166766
-0.034036717973543316
-0.029001518166086
-0.25940659334978267
-0.745502122577406
-0.0043321708553412195
-0.39576782726128706
-0.5553091474667089
-0.028823629470848273
-0.023901391159816893
-0.00723740952675654
-0.06611540660976321
-0.14143135123021577
-0.032803146184304216
0.013696963558163728
-0.07497569281274608
-0.0646757676569211
-0.04862822900653102
-0.0032813060352583174
-0.06512285561548492
0.003098153143260369
-0.02010648456723867
-0.01749588382432908
-0.08235382502435343
-0.010495139854341353
-0.0372052805696538
-0.015947381310606763
-0.09655388177068416
-0.01927331179797887
-0.6612984222922479
-0.026455651942994908
-0.06407194849894794
-0.020536180408775587
0.018829378043459678
0.011152092921094967
0.013658232313865542
-0.027891739608945178
-0.04308283198858283
-0.07104960818741081
-0.4091040849012364
-2.492195350399681
0.0034913985158261324
-0.012288505950138529
-0.4394434629419538
-0.059392211656451824
-0.02368137953955063
-0.07226469564726835
-0.03985145975254072
-0.010724482988325224
-0.0607071785783616
-0.05544188522240675
-0.04732635206386078
-0.019053365984542655
-0.09115528785342308
-0.07794809152741007
-0.025950246424785835
-0.037241166675838475
-0.03232493638826936
-0.06615652455510028
-0.08444071648424266
-0.04612513564973583
0.02653534700090092
0.02653534700090092
-0.11273426724474375
-0.4930794406422486
-0.040390719136845984
-0.03232493638826936
-0.003938245200738623
-0.006754015355223735
-0.06614859513529342
-0.07392870960523747
-0.03386066719537254
-0.025320477349373847
-0.0778195570438593
-0.03681195887994527
-0.4870531072774408
-0.15951619844940884
-0.06819561961658552
-0.03454953136499139
-0.02888127544624682
-0.04311245185284439
-0.22880300746647078
-0.0032813060352583174
-0.083518398255987
-0.014766132530010502
-0.025950246424785835
0.0015161257102948812
-0.7354665609177126
-0.009141436747085346
-0.010990559582428212
-0.18888549154995096
-0.02095357632320271
-0.04305642800076416
-0.02993002860701195
-0.07226469564726835
0.02666145701555873
0.0015161257102948812
-0.04292441639411579
-0.053727151253462675
-0.040390719136845984
-0.7480690705822659
-0.024187581956423496
-0.08475409609849685
-0.006754015355223735
-0.00656853889626489
-0.2075222249868697
-0.025320477349373847
-0.013839972853018884
-0.051381775809197165
-0.032189542716189304
-0.033487022798010906
-0.09584096964199862
-0.07026205188052148
-0.010924357383661728
-0.008006939733169351
-0.1528841092609319
-0.07026205188052148
-0.0372052805696538
-0.0430860910754966
-0.12166229259860326
-0.08715612117587623
-0.037582210845122824
-0.21130635979246543
0.055181069247328865
-0.04534922002151563
-0.03454953136499139
0.004075586996914386
-0.01183864082936141
-0.04668021262711173
0.00023928566517625197
-0.13160359508286426
-0.410829908432269
-0.09998318315778394
-0.01927331179797887
0.04512355690910962
-0.005047283458678492
0.020868361483423463
0.013317093959102322
-0.03618435559112635
-0.009333419206550382
-0.06285013301857453
-0.03528729510183811
-0.07152833768610953
-0.22450715541649707
-0.02269499681604484
-0.047159027723639294
-0.04174219201544648
0.023313726983042876
-0.3798710400486788
-0.017728631351434036
-0.4675038681838589
-0.05808170018424321
-0.036342803073329204
-0.08406030414609038
-0.01856467429294081
-0.09794582380876062
-0.4394434629419538
-0.0070050103244642115
-0.0064691968141356
-0.26954519379221076
-0.023378418696024073
0.013885084081834238
-0.06830036985479006
-0.10689086947192472
-0.4922086753389115
-0.022457151983245677
-0.07442711081513795
-0.04037914023996607
0.022615068146885204
-0.020875097030215402
-0.016682833231453902
-0.011049143440884186
-0.03151809918660038
0.26499748672810625
-0.7275034859946816
-0.011331789044174014
-0.020609667954697212
-0.13160359508286426
-0.06285013301857453
-0.0033815456776314784
-0.06371268584646342
0.02653534700090092
-0.01789530243166431
0.005899185485418913
-0.04509384786357467
-0.1528841092609319
0.0010308660197199495
-0.5216402371326017
-0.054444770250737025
-0.0421547690255352
-0.02984853058011286
-2.5673666998497824
-0.07203883497372689
-0.027012075258467685
0.001827516013848763
-0.016673435056701866
-0.08175448736107623
-0.6601317820797045
-0.06917561841928177
0.00854281280567037
-0.0455037628059675
-0.5959321037484431
-0.016330808074612124
-0.0043321708553412195
-0.008670552130497737
-0.07043742172538169
-0.010683182657262603
-0.024187581956423496
-0.05940112048077098
-0.06819561961658552
-0.04990086555135323
-0.026726587106612604
0.023313726983042876
-0.022457151983245677
-0.05641117945811169
-0.022475952039616057
-0.021749036081584572
-0.024821276714048986
0.013658232313865542
-0.024432217298789773
-0.07152833768610953
-0.07976640595242285
-0.01947927005803587
-0.1795754936493117
0.003674275411133696
-0.0706616434731743
-0.032189542716189304
-0.022470967461716417
0.07284737831317378
-0.07104960818741081
-0.5679217903090781
-0.01536875647771133
-0.04998205188171824
-0.0026586600442003215
-0.052003877841878245
-0.09666559248033835
-0.014936578248848292
-0.04474261968035454
-0.15323087722787632
-0.4675038681838589
-0.05644794109948152
-0.0328187779229343
-0.09226406639584746
-0.02334819680250564
0.0347765533249718
0.023313726983042876
-0.04536642240924659
-0.014737530203511214
0.045714285238062556
0.0034913985158261324
-0.36475230317749396
-0.9694800157386662
-0.006918977067075805
