-0.008713586817580866
-0.020501497101986545
-0.00995743274008697
-0.021408433903064256
-0.008195143244033514
-0.020501497101986545
-0.0056334892784297656
-0.013245939151900891
-0.004472984210445288
0.00037786561082251053
0.0006519474580692979
-0.016423548603995915
-0.010492831844721832
-0.01369672457357078
-0.008001400322558055
-0.00995743274008697
0.00037786561082251053
-0.009713725550483386
-0.0019231803900081647
-0.010492831844721832
0.002828840777836154
-0.01769680263861374
-0.013199760628310443
-0.02132875306558927
-0.01369672457357078
-0.006039353402411808
-0.016749596353548574
-0.0064627414380480025
-0.00995743274008697
-0.005845953101980955
-0.02132875306558927
-0.007147826112447478
-0.01369672457357078
-0.005845953101980955
0.003563047627654858
-0.009377731785067877
-0.021408433903064256
-0.013245939151900891
-0.005555617734398752
-0.005845953101980955
-0.024121048250096463
-0.012356166507314952
-0.004406975115419329
-0.00995743274008697
-0.024081035895626674
-0.005487326048573979
-0.011842869037131038
-0.009713725550483386
0.0006519474580692979
-0.016805069542987695
-0.005555617734398752
-0.005487326048573979
-0.011842869037131038
-0.003270524112755613
-0.02132875306558927
-0.020659681085195575
-0.006039353402411808
-0.007147826112447478
-0.004472984210445288
-0.004538907158559972
-0.009377731785067877
-0.007132616765912332
-0.00995743274008697
-0.016749596353548574
0.00037786561082251053
-0.011842869037131038
-0.012823961809213526
-0.024081035895626674
-0.0064627414380480025
-0.009986007155277981
-0.00276803339651579
-0.0013140371606926698
-0.009713725550483386
0.0006519474580692979
-0.011246944007873776
-0.008001400322558055
-0.0034456824019932675
-0.004472984210445288
-0.01369672457357078
-0.006171605276168236
0.0006519474580692979
-0.013245939151900891
-0.014484340751220601
-0.016889084373695188
-0.0034456824019932675
-0.004406975115419329
-0.013549023117968188
-0.008713586817580866
-0.020501497101986545
-0.006171605276168236
0.0006519474580692979
-0.00463703555677563
-0.009377731785067877
-0.0064627414380480025
-0.012823961809213526
-0.009986007155277981
0.004050965574149175
-0.00463703555677563
-0.013199760628310443
-0.010964340648976958
-0.008001400322558055
-0.016423548603995915
-0.013199760628310443
-0.005487326048573979
-0.0064627414380480025
-0.010976475650130534
-0.024121048250096463
-0.024081035895626674
-0.009691968389370618
-0.002442371787983291
-0.007132616765912332
-0.004538907158559972
-0.014378305594810684
-0.020501497101986545
-0.009440119925272064
-0.010976475650130534
-0.008195143244033514
-0.0064627414380480025
-0.013199760628310443
0.0002604244400082401
-0.00995743274008697
-0.014484340751220601
-0.010964340648976958
0.002828840777836154
-0.00995743274008697
0.001591893863989305
-0.009876032535908168
0.002828840777836154
-0.0064627414380480025
-0.024121048250096463
-0.009876032535908168
-0.004472984210445288
-0.011709244938191928
0.004050965574149175
-0.010926751659717621
0.002828840777836154
-0.002442371787983291
-0.020501497101986545
-0.005845953101980955
-0.004807740666625002
-0.014505867659040435
-0.009986007155277981
-0.0056334892784297656
-0.012823961809213526
-0.013549023117968188
-0.010926751659717621
-0.021408433903064256
-0.008001400322558055
-0.0064627414380480025
-0.0056334892784297656
-0.004472984210445288
-0.00994401036714239
0.0002604244400082401
-0.003270524112755613
-0.016805069542987695
0.003563047627654858
0.004050965574149175
-0.0013140371606926698
0.0006519474580692979
-0.014378305594810684
-0.024081035895626674
-0.009876032535908168
-0.010492831844721832
0.00037786561082251053
-0.00463703555677563
-0.011842869037131038
-0.010964340648976958
0.004050965574149175
-0.010976475650130534
-0.0013140371606926698
-0.007147826112447478
-0.0056334892784297656
-0.021408433903064256
-0.005845953101980955
-0.006039353402411808
-0.010964340648976958
-0.0056334892784297656
-0.004472984210445288
-0.011709244938191928
-0.020659681085195575
-0.002442371787983291
-0.0034456824019932675
-0.0034456824019932675
-0.016805069542987695
0.0006519474580692979
-0.006039353402411808
-0.016423548603995915
-0.009691968389370618
-0.011246944007873776
0.00037786561082251053
-0.015788925796839767
-0.006039353402411808
-0.01369672457357078
-0.0019231803900081647
-0.016889084373695188
-0.009440119925272064
-0.009205150843433459
-0.010964340648976958
-0.010926751659717621
-0.004807740666625002
-0.01369672457357078
-0.02132875306558927
-0.016423548603995915
0.0002604244400082401
0.003563047627654858
-0.003270524112755613
-0.0013140371606926698
0.004050965574149175
-0.009713725550483386
-0.02132875306558927
-0.0056334892784297656
-0.010976475650130534
-0.005487326048573979
-0.011842869037131038
-0.009691968389370618
-0.012823961809213526
-0.005845953101980955
-0.009377731785067877
0.001591893863989305
-0.010492831844721832
-0.014378305594810684
-0.013549023117968188
-0.012356166507314952
-0.002442371787983291
-0.006039353402411808
-0.011709244938191928
-0.006171605276168236
-0.0056334892784297656
-0.009440119925272064
-0.009377731785067877
-0.013245939151900891
-0.014484340751220601
0.001591893863989305
-0.00463703555677563
-0.013245939151900891
-0.009377731785067877
-0.010976475650130534
-0.00463703555677563
-0.01769680263861374
-0.011246944007873776
-0.006171605276168236
-0.016805069542987695
-0.005487326048573979
-0.010492831844721832
0.002828840777836154
-0.0013140371606926698
0.001591893863989305
-0.0016542307886979798
-0.016805069542987695
-0.014378305594810684
-0.009876032535908168
-0.020659681085195575
-0.008195143244033514
-0.011842869037131038
-0.010492831844721832
-0.014505867659040435
-0.016749596353548574
0.001591893863989305
-0.016805069542987695
-0.024121048250096463
-0.009377731785067877
-0.01769680263861374
-0.016749596353548574
-0.009713725550483386
-0.0056334892784297656
-0.005487326048573979
-0.011246944007873776
-0.020659681085195575
-0.004472984210445288
-0.020659681085195575
-0.024081035895626674
-0.009205150843433459
-0.008713586817580866
-0.010964340648976958
-0.013199760628310443
-0.018627150542723216
-0.005555617734398752
-0.024121048250096463
0.0006519474580692979
-0.020659681085195575
-0.009377731785067877
-0.024081035895626674
-0.01369672457357078
-0.011842869037131038
-0.0019231803900081647
-0.009713725550483386
-0.010926751659717621
-0.014505867659040435
-0.0064627414380480025
-0.009876032535908168
-0.005845953101980955
-0.015788925796839767
-0.00463703555677563
-0.020659681085195575
-0.0064627414380480025
-0.002442371787983291
-0.00995743274008697
0.002828840777836154
-0.005487326048573979
-0.008195143244033514
-0.016889084373695188
-0.007147826112447478
-0.01369672457357078
0.002828840777836154
-0.008713586817580866
-0.008713586817580866
-0.007147826112447478
-0.02132875306558927
-0.006039353402411808
-0.014378305594810684
0.003563047627654858
0.004050965574149175
-0.02132875306558927
-0.006171605276168236
-0.008195143244033514
-0.020659681085195575
-0.016749596353548574
-0.016889084373695188
-0.006039353402411808
-0.016805069542987695
-0.02132875306558927
-0.004406975115419329
-0.005487326048573979
-0.010492831844721832
-0.003270524112755613
-0.021408433903064256
-0.00994401036714239
0.0006519474580692979
-0.012356166507314952
0.004050965574149175
-0.009876032535908168
-0.004538907158559972
-0.00995743274008697
-0.007132616765912332
-0.014484340751220601
-0.016749596353548574
-0.009986007155277981
-0.009440119925272064
-0.009986007155277981
-0.007132616765912332
-0.00276803339651579
-0.016423548603995915
-0.020659681085195575
0.001591893863989305
-0.00994401036714239
-0.009440119925272064
-0.015788925796839767
-0.014484340751220601
-0.009440119925272064
-0.011246944007873776
-0.010964340648976958
0.0002604244400082401
0.0002604244400082401
-0.003270524112755613
-0.016889084373695188
-0.011842869037131038
-0.011246944007873776
-0.014378305594810684
-0.016749596353548574
0.003563047627654858
-0.003270524112755613
-0.004807740666625002
0.002828840777836154
-0.004807740666625002
0.003563047627654858
-0.013245939151900891
-0.004538907158559972
-0.00995743274008697
-0.008001400322558055
0.001591893863989305
-0.00994401036714239
-0.013549023117968188
-0.020501497101986545
-0.00276803339651579
-0.008713586817580866
-0.011709244938191928
-0.0034456824019932675
-0.009986007155277981
-0.006039353402411808
-0.007147826112447478
-0.009205150843433459
-0.010976475650130534
-0.002442371787983291
-0.014484340751220601
-0.010976475650130534
-0.013199760628310443
-0.009440119925272064
-0.010964340648976958
-0.006171605276168236
-0.018627150542723216
-0.016889084373695188
-0.004807740666625002
-0.00994401036714239
-0.018627150542723216
-0.011246944007873776
-0.012823961809213526
-0.021408433903064256
-0.003270524112755613
-0.011842869037131038
-0.005555617734398752
0.001340096202696093
-0.02132875306558927
-0.006171605276168236
-0.006171605276168236
-0.0064627414380480025
-0.013549023117968188
-0.004472984210445288
-0.0034456824019932675
-0.013549023117968188
-0.008001400322558055
0.00037786561082251053
-0.015788925796839767
-0.007147826112447478
-0.018627150542723216
0.00037786561082251053
-0.008001400322558055
-0.014505867659040435
-0.014505867659040435
-0.020659681085195575
0.002828840777836154
-0.018627150542723216
-0.008195143244033514
0.001340096202696093
-0.014484340751220601
-0.008713586817580866
-0.016423548603995915
0.0006519474580692979
-0.008195143244033514
-0.004406975115419329
0.002828840777836154
-0.012823961809213526
-0.00995743274008697
-0.011709244938191928
-0.0016542307886979798
0.001591893863989305
-0.016423548603995915
-0.006171605276168236
-0.013549023117968188
-0.012356166507314952
-0.016749596353548574
-0.00994401036714239
-0.010492831844721832
-0.008195143244033514
-0.006171605276168236
-0.0034456824019932675
-0.01369672457357078
-0.009876032535908168
-0.004807740666625002
-0.0064627414380480025
-0.002442371787983291
-0.015788925796839767
-0.008195143244033514
-0.018627150542723216
-0.00463703555677563
0.004050965574149175
0.0002604244400082401
-0.010964340648976958
-0.016749596353548574
-0.0064627414380480025
-0.015788925796839767
0.0006519474580692979
-0.0034456824019932675
-0.003270524112755613
-0.0056334892784297656
0.0006519474580692979
-0.009691968389370618
-0.015788925796839767
-0.016805069542987695
-0.009713725550483386
-0.005487326048573979
-0.004807740666625002
-0.024121048250096463
0.001591893863989305
-0.020501497101986545
-0.004807740666625002
-0.021408433903064256
-0.00995743274008697
-0.020501497101986545
-0.012823961809213526
-0.00276803339651579
-0.0056334892784297656
-0.004406975115419329
-0.005487326048573979
-0.008195143244033514
-0.020501497101986545
-0.013245939151900891
-0.009876032535908168
-0.004406975115419329
-0.02132875306558927
-0.004538907158559972
-0.01369672457357078
-0.012356166507314952
0.003563047627654858
-0.006171605276168236
-0.010964340648976958
-0.004406975115419329
-0.0019231803900081647
-0.009713725550483386
0.004050965574149175
-0.00994401036714239
-0.014505867659040435
-0.008195143244033514
-0.0019231803900081647
0.00037786561082251053
-0.016423548603995915
-0.0016542307886979798
-0.016749596353548574
-0.014505867659040435
-0.0056334892784297656
-0.009205150843433459
-0.011709244938191928
-0.002442371787983291
-0.010926751659717621
-0.014484340751220601
-0.009713725550483386
-0.006039353402411808
-0.024121048250096463
-0.00995743274008697
-0.008195143244033514
-0.01369672457357078
0.001340096202696093
-0.024121048250096463
-0.01369672457357078
-0.009986007155277981
-0.014378305594810684
-0.00995743274008697
-0.0016542307886979798
-0.016749596353548574
-0.008713586817580866
-0.005555617734398752
-0.009986007155277981
-0.010964340648976958
-0.004406975115419329
-0.008195143244033514
-0.011246944007873776
-0.009691968389370618
-0.00994401036714239
-0.015788925796839767
-0.007147826112447478
-0.005487326048573979
-0.005555617734398752
-0.004807740666625002
-0.016749596353548574
-0.016749596353548574
-0.014378305594810684
-0.005487326048573979
-0.005555617734398752
-0.008001400322558055
-0.003270524112755613
-0.016423548603995915
-0.014484340751220601
-0.013549023117968188
-0.006171605276168236
0.0006519474580692979
-0.020501497101986545
-0.004807740666625002
-0.008195143244033514
-0.009377731785067877
-0.004538907158559972
0.0002604244400082401
-0.008001400322558055
0.00037786561082251053
0.001340096202696093
0.00037786561082251053
-0.011246944007873776
-0.013549023117968188
-0.01369672457357078
-0.002442371787983291
-0.011246944007873776
-0.005845953101980955
-0.010976475650130534
-0.00995743274008697
-0.003270524112755613
-0.011842869037131038
-0.011246944007873776
-0.013245939151900891
-0.009440119925272064
0.003563047627654858
-0.014484340751220601
-0.0034456824019932675
-0.0013140371606926698
-0.004472984210445288
-0.020659681085195575
-0.01769680263861374
-0.007132616765912332
-0.010964340648976958
-0.00995743274008697
-0.020501497101986545
-0.009986007155277981
-0.02132875306558927
-0.006171605276168236
-0.012823961809213526
-0.016423548603995915
-0.010976475650130534
0.004050965574149175
-0.007132616765912332
-0.009986007155277981
-0.009440119925272064
-0.005487326048573979
0.0002604244400082401
-0.018627150542723216
-0.004807740666625002
-0.01769680263861374
-0.02132875306558927
-0.016889084373695188
-0.0056334892784297656
-0.020659681085195575
-0.009205150843433459
-0.0019231803900081647
-0.024081035895626674
-0.024081035895626674
-0.011842869037131038
-0.006039353402411808
-0.009691968389370618
-0.008713586817580866
-0.013199760628310443
-0.024081035895626674
-0.010964340648976958
-0.015788925796839767
-0.007147826112447478
-0.01369672457357078
-0.008713586817580866
-0.009691968389370618
-0.010492831844721832
-0.020659681085195575
-0.012823961809213526
-0.002442371787983291
-0.024121048250096463
-0.0016542307886979798
-0.016749596353548574
-0.010926751659717621
-0.00995743274008697
-0.007132616765912332
-0.024121048250096463
-0.009986007155277981
0.0002604244400082401
-0.004807740666625002
0.001340096202696093
-0.0016542307886979798
-0.004406975115419329
-0.0019231803900081647
-0.016423548603995915
-0.010492831844721832
-0.005555617734398752
-0.00276803339651579
-0.012823961809213526
-0.007132616765912332
-0.011842869037131038
-0.012823961809213526
-0.0013140371606926698
-0.018627150542723216
-0.009986007155277981
-0.009440119925272064
-0.016889084373695188
-0.008001400322558055
-0.008195143244033514
-0.024121048250096463
-0.008195143244033514
-0.012356166507314952
-0.024081035895626674
-0.014378305594810684
0.0006519474580692979
-0.005487326048573979
-0.0064627414380480025
-0.014378305594810684
-0.0064627414380480025
0.00037786561082251053
-0.00995743274008697
-0.003270524112755613
-0.005845953101980955
-0.013245939151900891
-0.003270524112755613
-0.011246944007873776
-0.008001400322558055
-0.008713586817580866
-0.005845953101980955
0.0002604244400082401
0.0006519474580692979
-0.010976475650130534
-0.009691968389370618
-0.010492831844721832
-0.018627150542723216
-0.004538907158559972
-0.011246944007873776
-0.008001400322558055
-0.00994401036714239
-0.01369672457357078
-0.005845953101980955
-0.009876032535908168
-0.0019231803900081647
-0.009713725550483386
-0.010964340648976958
-0.008195143244033514
-0.0064627414380480025
-0.0034456824019932675
-0.009440119925272064
-0.012356166507314952
-0.012823961809213526
-0.011246944007873776
-0.016749596353548574
-0.01769680263861374
-0.004538907158559972
-0.009440119925272064
-0.0034456824019932675
-0.010492831844721832
-0.01369672457357078
-0.00276803339651579
0.003563047627654858
0.0006519474580692979
-0.011842869037131038
-0.024081035895626674
-0.009377731785067877
-0.0056334892784297656
0.001340096202696093
-0.00276803339651579
-0.010926751659717621
-0.024081035895626674
0.002828840777836154
0.0002604244400082401
-0.016889084373695188
-0.009440119925272064
0.001340096202696093
-0.006039353402411808
-0.008713586817580866
-0.009205150843433459
-0.004538907158559972
-0.021408433903064256
-0.02132875306558927
-0.010976475650130534
-0.004406975115419329
-0.014378305594810684
-0.006039353402411808
-0.014484340751220601
-0.009713725550483386
-0.010926751659717621
0.003563047627654858
-0.0016542307886979798
-0.01369672457357078
0.0006519474580692979
-0.005845953101980955
-0.006039353402411808
0.002828840777836154
0.003563047627654858
-0.0013140371606926698
-0.015788925796839767
0.001591893863989305
-0.00276803339651579
-0.005487326048573979
-0.0019231803900081647
-0.009876032535908168
-0.013549023117968188
-0.004807740666625002
0.0002604244400082401
0.001591893863989305
0.0002604244400082401
-0.009377731785067877
-0.018627150542723216
-0.005555617734398752
-0.00276803339651579
-0.00995743274008697
0.001591893863989305
-0.0013140371606926698
-0.020659681085195575
-0.018627150542723216
-0.020501497101986545
-0.021408433903064256
-0.008001400322558055
-0.0056334892784297656
-0.0016542307886979798
-0.014484340751220601
0.002828840777836154
-0.004472984210445288
-0.006171605276168236
-0.005555617734398752
-0.013199760628310443
-0.009876032535908168
-0.009205150843433459
-0.011842869037131038
0.004050965574149175
-0.011842869037131038
0.004050965574149175
-0.004538907158559972
-0.015788925796839767
-0.006171605276168236
-0.012823961809213526
-0.00276803339651579
-0.016749596353548574
-0.021408433903064256
-0.008713586817580866
-0.011246944007873776
-0.0013140371606926698
0.001340096202696093
-0.013549023117968188
0.003563047627654858
-0.014378305594810684
-0.004807740666625002
0.002828840777836154
-0.0056334892784297656
-0.007147826112447478
-0.011842869037131038
-0.00276803339651579
0.004050965574149175
0.00037786561082251053
-0.016805069542987695
0.001340096202696093
-0.013549023117968188
-0.012823961809213526
-0.008001400322558055
-0.004472984210445288
-0.013245939151900891
-0.021408433903064256
0.00037786561082251053
-0.008001400322558055
-0.01369672457357078
-0.004538907158559972
-0.011246944007873776
-0.00463703555677563
-0.02132875306558927
-0.008195143244033514
-0.013199760628310443
-0.013199760628310443
-0.011246944007873776
-0.0056334892784297656
-0.006039353402411808
-0.0019231803900081647
-0.014484340751220601
-0.013245939151900891
-0.004538907158559972
-0.00994401036714239
-0.014505867659040435
-0.009691968389370618
-0.016423548603995915
-0.00994401036714239
0.00037786561082251053
-0.00463703555677563
-0.010976475650130534
-0.010976475650130534
-0.005555617734398752
-0.004538907158559972
-0.00276803339651579
-0.0056334892784297656
-0.016889084373695188
-0.004472984210445288
-0.012823961809213526
-0.0019231803900081647
-0.010976475650130534
-0.011709244938191928
-0.00463703555677563
-0.020659681085195575
-0.016423548603995915
0.001340096202696093
-0.016749596353548574
0.002828840777836154
-0.010976475650130534
-0.010976475650130534
-0.013245939151900891
-0.014505867659040435
-0.00995743274008697
-0.012356166507314952
-0.006171605276168236
-0.011709244938191928
-0.008713586817580866
-0.0016542307886979798
-0.007147826112447478
-0.00463703555677563
-0.009377731785067877
-0.016805069542987695
-0.011842869037131038
-0.010926751659717621
-0.016889084373695188
0.0006519474580692979
-0.005845953101980955
-0.012823961809213526
-0.016749596353548574
-0.009440119925272064
-0.011709244938191928
0.0002604244400082401
-0.009440119925272064
-0.007132616765912332
0.004050965574149175
-0.008195143244033514
-0.024121048250096463
-0.00994401036714239
-0.007132616765912332
-0.013199760628310443
-0.0056334892784297656
-0.016749596353548574
-0.0064627414380480025
-0.012823961809213526
0.0002604244400082401
-0.010926751659717621
-0.00463703555677563
-0.004538907158559972
-0.0064627414380480025
-0.008195143244033514
0.0002604244400082401
-0.0064627414380480025
-0.0019231803900081647
-0.0064627414380480025
-0.009205150843433459
-0.003270524112755613
-0.008001400322558055
-0.014505867659040435
-0.008713586817580866
-0.011842869037131038
-0.01369672457357078
-0.007147826112447478
-0.009691968389370618
-0.008713586817580866
-0.004538907158559972
0.001591893863989305
-0.0056334892784297656
-0.016423548603995915
-0.004406975115419329
-0.013549023117968188
-0.012356166507314952
0.0006519474580692979
-0.007147826112447478
-0.006171605276168236
-0.014484340751220601
-0.012356166507314952
-0.00463703555677563
-0.016889084373695188
0.004050965574149175
-0.00463703555677563
-0.00995743274008697
-0.008001400322558055
-0.015788925796839767
-0.009205150843433459
-0.009713725550483386
-0.018627150542723216
0.004050965574149175
-0.00463703555677563
-0.009691968389370618
-0.014505867659040435
-0.003270524112755613
-0.016749596353548574
-0.010492831844721832
-0.014484340751220601
-0.002442371787983291
-0.006039353402411808
-0.01369672457357078
-0.020659681085195575
-0.010964340648976958
-0.009377731785067877
-0.004472984210445288
-0.0056334892784297656
-0.014378305594810684
-0.0013140371606926698
-0.016805069542987695
-0.005555617734398752
-0.009986007155277981
0.0002604244400082401
0.004050965574149175
0.001340096202696093
0.004050965574149175
-0.008713586817580866
-0.0013140371606926698
-0.0019231803900081647
-0.009691968389370618
-0.005555617734398752
0.001591893863989305
-0.016423548603995915
-0.004538907158559972
-0.005487326048573979
-0.02132875306558927
-0.009986007155277981
-0.004538907158559972
-0.015788925796839767
-0.01769680263861374
-0.020659681085195575
-0.016805069542987695
-0.014378305594810684
-0.009205150843433459
0.004050965574149175
-0.008195143244033514
-0.0019231803900081647
-0.004472984210445288
0.0002604244400082401
-0.014378305594810684
-0.01769680263861374
0.00037786561082251053
-0.008001400322558055
0.003563047627654858
-0.013245939151900891
-0.024081035895626674
-0.014505867659040435
-0.008001400322558055
-0.009205150843433459
-0.0064627414380480025
-0.005487326048573979
-0.009440119925272064
-0.003270524112755613
-0.010976475650130534
-0.021408433903064256
-0.009440119925272064
-0.010976475650130534
-0.009377731785067877
0.004050965574149175
-0.009691968389370618
