0.007981419066125258
-0.0010997831376762138
0.005577027461448174
0.0026687969063687467
-0.002026113325682796
0.0011374848367925949
0.004531596391556199
0.0011374848367925949
-0.0032924677802826084
-0.002026113325682796
-0.004275783132890049
-0.003968228618437381
0.0027200755268656897
-0.005082492223374771
2.0816383399171798e-05
-0.006354353099216653
-0.008763128095990697
-0.004779999864791034
0.0020955109061683123
-0.019025724392413495
0.003962516165934762
-0.008231506522093443
-0.010784504925445783
-0.0025236141330643347
-0.0004025378507676864
0.0005903073463209842
-0.011482058661670588
-0.010133243364909342
-0.002924152862979714
-3.8461695842524026e-05
0.005341028779451403
-0.009783646368367902
0.0014071189475655162
0.01774752730067524
-0.009264727665978485
-0.009875290051609004
0.004746866672759118
-3.8461695842524026e-05
0.0011374848367925949
-0.014457538474525307
-0.002026113325682796
-0.008685666007848402
0.011366986892065839
0.0042271161683930915
-0.002971133508227231
0.0008578103226474657
0.0014071189475655162
-0.006682022842066937
-0.004275783132890049
-0.0010997831376762138
-0.007495788375554644
-0.006874561286251083
-0.014052499834740361
-0.007664591057152132
-0.01862626576223702
-0.0067171815025293844
-0.006558952987102113
-0.005128534516962273
-0.006960806792253726
-0.0070536694778514705
2.0816383399171798e-05
-0.00756191862286121
-0.01862626576223702
-3.8461695842524026e-05
-0.0063605943382124205
-0.002026113325682796
-0.010768738906309881
-0.0026919657373926636
-0.0073147025041124985
0.0038460001444634907
0.005007012808099076
-0.008763128095990697
-0.001106034901225649
-0.009264727665978485
-3.8461695842524026e-05
-0.0035127641565586504
-0.010133243364909342
0.0008327236570226032
-0.0040577226301742875
-0.008685666007848402
-0.008231506522093443
0.00383797553395812
-0.0004683383751905536
-0.008685666007848402
-0.0039943605473279345
-0.009875290051609004
-0.0021005215118700855
0.01774752730067524
-0.003417108191473959
-0.0019117153078939346
0.0008578103226474657
-0.002889094980297682
-0.004885782397277294
-0.0025236141330643347
-0.004779999864791034
0.0014071189475655162
-0.004275783132890049
-0.0009564638838919421
0.0005903073463209842
-0.0025040499225185866
-0.014052499834740361
-0.004500929648746017
-0.005609368507789088
0.015142604803179112
-0.003665144552032558
0.005007012808099076
-0.0021028600927850594
-0.0026919657373926636
-0.003665144552032558
-0.007272575184999332
-0.004029578351042212
-0.014227214717705727
-0.010249513082772265
-0.006960806792253726
-0.01862626576223702
-0.005128534516962273
0.0
-0.0004683383751905536
-0.012872591302922277
-0.001106034901225649
-0.007154501749384089
-0.014052499834740361
0.0006399154503302257
-0.0059014126914941475
0.001167440284884762
-0.002971133508227231
0.004531596391556199
0.003962516165934762
-0.004029578351042212
-0.01862626576223702
0.00289814441332569
-0.007361423312204069
-0.0021005215118700855
-0.022200814862620443
-0.0035127641565586504
-0.0004683383751905536
0.005007012808099076
-0.008685666007848402
-0.009478004023430827
0.001167440284884762
0.0008578103226474657
-0.0025040499225185866
-0.006682022842066937
-0.0037457579328065965
-0.006750765060302436
-0.006960806792253726
-0.011482058661670588
-0.008647064111899808
-0.004779999864791034
-0.012415112269141224
-0.000331679151014412
0.0038460001444634907
0.008130928623752302
-0.0004099752616014323
-0.006682022842066937
0.0
-0.012414538562375876
-0.01308367270432316
-0.007313914528579531
-0.0011412132505781828
-0.012872591302922277
0.010467723275999536
-0.011762769050451418
-0.0021028600927850594
0.0014155098437484
0.005341028779451403
-0.011762769050451418
-0.005179120201488699
0.0032253021521949352
-0.012898758324588543
-0.009783646368367902
-0.010423396764654376
-0.011762769050451418
-0.01628533191481098
0.001574686254053962
0.005341028779451403
0.0008327236570226032
-0.012415112269141224
-0.0034685579903398467
-0.008231506522093443
-0.001311241386269191
-0.006874561286251083
0.015142604803179112
-0.005179120201488699
0.0011181760498741595
-0.00821555536037109
-0.005317608145183759
-0.006354353099216653
-0.0009564638838919421
-0.005083447554170855
0.007777877133415877
0.00289814441332569
0.008130928623752302
-0.007154501749384089
-0.007272575184999332
-0.0026919657373926636
-0.007664591057152132
0.003962516165934762
-0.009264727665978485
-0.007313914528579531
-0.007154501749384089
0.0014071189475655162
-0.0059014126914941475
-0.0004683383751905536
-0.006354353099216653
0.008130928623752302
-0.006960806792253726
-0.0026919657373926636
-0.001824396814223356
-0.01162344701940413
-0.0029424577394432526
-0.011298067696492345
0.003962516165934762
-0.0021028600927850594
-0.019448805343634374
-0.007038959284974035
-0.022200814862620443
0.006298729070546564
-0.004885782397277294
-0.010382822112500535
-0.006572848735286149
-0.008685666007848402
-0.007664591057152132
-0.001582689569665579
-0.012414538562375876
-0.0008638614703150609
-0.0031468946710840723
-0.010133243364909342
-0.010133243364909342
-0.0070536694778514705
-0.0004099752616014323
-0.011762769050451418
-0.010382822112500535
0.0026687969063687467
-0.003812546824040835
0.015142604803179112
0.0014155098437484
0.00289814441332569
-0.003968228618437381
0.0011374848367925949
-0.014457538474525307
-0.0059014126914941475
-0.001106034901225649
-0.012898758324588543
-0.003968228618437381
-0.002971133508227231
-0.002971133508227231
0.008130928623752302
-0.0038413272764824973
0.011366986892065839
-0.022200814862620443
-0.007154501749384089
-0.0073147025041124985
0.0059217231642702
-0.012415112269141224
-0.0004099752616014323
0.0042271161683930915
0.0020955109061683123
0.00383797553395812
-0.012290114197568638
-0.007313914528579531
-0.005028788486009808
-0.0004025378507676864
-0.0039943605473279345
0.0008327236570226032
-0.0021028600927850594
-0.006874561286251083
-0.0053667614513558245
-0.009264727665978485
-0.007138032231018826
-0.0035127641565586504
-0.010249513082772265
-0.004275783132890049
-0.003588762586485389
0.004746866672759118
-0.0011464751012052355
-0.012414538562375876
0.006730743963757514
-0.007561183343962104
-0.007577592379290414
-0.0004025378507676864
-0.002971133508227231
0.0043696914330475164
0.007981419066125258
-0.0004683383751905536
0.0008578103226474657
-0.0021005215118700855
0.0008578103226474657
0.005341028779451403
-0.009040446749359377
-0.0013503331975253633
-0.003968228618437381
-0.003938331980304581
-0.005317608145183759
-0.007577592379290414
-0.010218803333925325
-0.007313914528579531
-0.004779999864791034
-0.003588762586485389
-0.006572848735286149
-0.0053667614513558245
-0.005449561005005072
0.008130928623752302
-0.010382822112500535
0.0042271161683930915
-0.006572848735286149
-0.005449561005005072
-0.001582689569665579
-0.0021028600927850594
-0.00442538804443848
-0.003665144552032558
-0.007664591057152132
0.0005903073463209842
0.006730743963757514
-0.0008638614703150609
0.0008578103226474657
0.0020955109061683123
-0.003938331980304581
0.0005903073463209842
-0.002971133508227231
-0.004885782397277294
-0.006960806792253726
-0.005083447554170855
-0.0063605943382124205
-0.003938331980304581
-0.007038959284974035
-0.0025040499225185866
-0.0021028600927850594
-0.0037457579328065965
-0.0011412132505781828
0.008668785640297178
0.007981419066125258
-0.005179120201488699
-0.004898484254375286
-0.0040577226301742875
-0.0032924677802826084
-0.005170939231451983
0.0011181760498741595
-0.010382822112500535
-0.00804858537335943
-0.003588762586485389
-0.0039943605473279345
-0.007361423312204069
-0.008647064111899808
-0.0021005215118700855
-0.0039943605473279345
-0.007361423312204069
0.0006399154503302257
0.0027200755268656897
-0.007664591057152132
-0.003968228618437381
-0.0053667614513558245
-0.007138032231018826
0.0011374848367925949
-0.005449561005005072
-0.019448805343634374
0.008668785640297178
-0.003968228618437381
0.0020955109061683123
0.0020955109061683123
-0.003742099092693044
-0.0029424577394432526
-0.0025236141330643347
0.001167440284884762
-0.008231506522093443
0.005341028779451403
-0.0009564638838919421
-0.018344078783160713
-0.00048573144504821176
-0.0038413272764824973
0.003962516165934762
-0.0032924677802826084
0.0020955109061683123
0.01774752730067524
-0.0032924677802826084
-0.0029424577394432526
0.0008327236570226032
-0.007361423312204069
-0.0009564638838919421
-0.001582689569665579
0.0042271161683930915
-0.010249513082772265
0.0032253021521949352
-0.004885782397277294
0.000674366548036868
-0.0070536694778514705
-0.008231506522093443
-3.8461695842524026e-05
-0.007664591057152132
-0.000331679151014412
-0.004029578351042212
-0.007664591057152132
-0.0013503331975253633
-0.0059014126914941475
0.0027200755268656897
-0.01162344701940413
-0.007138032231018826
-0.0017206534414458256
-0.0034207748837649776
-0.0037457579328065965
-0.0013503331975253633
-0.005128534516962273
-0.00756191862286121
-0.01628533191481098
-0.0027797958288350516
-0.0063605943382124205
-0.0025236141330643347
-0.0067171815025293844
0.0020955109061683123
-0.0034685579903398467
-0.0004099752616014323
-0.007138032231018826
-0.005028788486009808
-0.010382822112500535
-0.003588762586485389
0.00289814441332569
-0.009875290051609004
-0.0004025378507676864
-0.010768738906309881
0.0020955109061683123
-0.0027797958288350516
-0.0036593959237513074
-0.0008638614703150609
-0.002971133508227231
-0.0017206534414458256
-0.0017206534414458256
-0.007094694791572475
0.0008578103226474657
-0.0027888348606051887
0.007981419066125258
0.0026687969063687467
-0.012414538562375876
-0.0037457579328065965
0.006730743963757514
-0.006874561286251083
-0.0025236141330643347
-0.0034685579903398467
-0.012792029380044435
-0.005170939231451983
-0.0025236141330643347
-0.01308367270432316
-0.0010997831376762138
-0.0027888348606051887
0.0026687969063687467
-0.012792029380044435
-0.0070536694778514705
-0.004885782397277294
-0.003812546824040835
-0.002889094980297682
-0.001106034901225649
-0.004410386474614714
-0.0021005215118700855
-0.00821555536037109
-0.009478004023430827
-0.002026113325682796
-0.006572848735286149
-0.0027888348606051887
0.003962516165934762
-0.006750765060302436
0.007777877133415877
-0.005317608145183759
-0.003959067995258392
-0.005082492223374771
-0.0032924677802826084
-0.006682022842066937
-0.004029578351042212
-0.01862626576223702
-0.022200814862620443
-0.0009564638838919421
-0.004275783132890049
-0.005170939231451983
0.0027200755268656897
-0.007809901886972919
0.004531596391556199
-0.009248825028202274
-0.010218803333925325
-0.002971133508227231
-0.0034685579903398467
-0.0021005215118700855
0.001167440284884762
-0.0038413272764824973
-0.00821555536037109
0.010467723275999536
-0.004275783132890049
0.0
-0.01162344701940413
-0.0038413272764824973
-0.005609368507789088
-0.007664591057152132
-0.01308367270432316
0.008401867825383979
-0.007094694791572475
-0.006960806792253726
-0.006558952987102113
0.008130928623752302
-0.004275783132890049
-0.009783646368367902
-0.01862626576223702
-0.010423396764654376
-0.007664591057152132
-0.0034685579903398467
-0.005082492223374771
0.015142604803179112
-0.005083447554170855
-0.0019117153078939346
-0.007495788375554644
-0.003812546824040835
0.0027200755268656897
-0.014457538474525307
-0.003743769853547363
-0.010768738906309881
-0.0034685579903398467
-0.0063605943382124205
-0.0025236141330643347
-0.012290114197568638
-0.003743769853547363
-0.001307474613214758
0.01774752730067524
-0.0021381204268787865
-0.0010997831376762138
-0.012792029380044435
-0.0019117153078939346
-0.002046609965621362
-0.009478004023430827
0.003962516165934762
0.0027200755268656897
-0.003968228618437381
0.015142604803179112
0.005577027461448174
-0.003665144552032558
-0.003938331980304581
0.0042271161683930915
0.010467723275999536
-0.008647064111899808
0.0020955109061683123
-0.005179120201488699
-0.00821555536037109
-0.0004683383751905536
-0.007664591057152132
0.001167440284884762
-0.0027888348606051887
-0.005347832858473152
-0.007561183343962104
-0.002026113325682796
-0.014052499834740361
2.0816383399171798e-05
-0.001307474613214758
-0.019448805343634374
0.0043696914330475164
0.005341028779451403
-0.0009564638838919421
-0.007361423312204069
-0.008685666007848402
-0.0017206534414458256
-0.008231506522093443
-0.0021381204268787865
0.0026687969063687467
0.0026687969063687467
0.01774752730067524
-0.007094694791572475
-0.009264727665978485
-0.0059014126914941475
-0.01162344701940413
-0.002046609965621362
-0.01162344701940413
-0.006572848735286149
-0.01308367270432316
-0.014052499834740361
-0.008231506522093443
0.001574686254053962
-0.0021005215118700855
-0.0004099752616014323
0.001167440284884762
-0.012898758324588543
-0.003743769853547363
-0.009264727665978485
-0.0029338847071448204
-0.008685666007848402
-0.011762769050451418
-0.005347832858473152
-0.0004099752616014323
-0.004500929648746017
0.0043696914330475164
-0.005609368507789088
-0.009264727665978485
-0.002924152862979714
-0.00756191862286121
-0.0026919657373926636
-0.001307474613214758
0.00383797553395812
-0.0018744072552404922
-0.0025236141330643347
-0.009040446749359377
0.006298729070546564
-0.0008638614703150609
-0.012290114197568638
-0.007313914528579531
-0.001824396814223356
-0.0034207748837649776
-0.0027797958288350516
0.0059217231642702
0.005577027461448174
-0.0004099752616014323
-0.0053667614513558245
-0.0032924677802826084
-0.001311241386269191
-0.001582689569665579
-0.0040577226301742875
0.0008578103226474657
-0.010784504925445783
0.0043696914330475164
-0.004500929648746017
-0.002889094980297682
-0.01162344701940413
-0.002971133508227231
-0.0019396755384773296
-0.01283450680864294
-0.003812546824040835
-0.007664591057152132
-0.0063605943382124205
-0.0025040499225185866
-0.0009564638838919421
-0.009875290051609004
-0.0018744072552404922
-0.019025724392413495
0.00289814441332569
-0.0025236141330643347
-0.005083447554170855
-0.0053667614513558245
-0.012414538562375876
-0.012872591302922277
-0.0019396755384773296
-0.0035127641565586504
-0.0013503331975253633
0.0038460001444634907
-0.010218803333925325
-0.0038413272764824973
-0.007561183343962104
-0.002026113325682796
-0.0059014126914941475
-0.005179120201488699
-0.0038413272764824973
-0.0013503331975253633
-0.01283450680864294
-0.006558952987102113
-0.00048573144504821176
-0.00804858537335943
-0.012290114197568638
-0.012898758324588543
-0.0021381204268787865
0.015142604803179112
-0.007495788375554644
0.001574686254053962
-0.018344078783160713
-0.007272575184999332
0.003962516165934762
-0.0025236141330643347
-0.0008638614703150609
-0.0039943605473279345
-0.0034685579903398467
0.007981419066125258
-0.0013503331975253633
0.0008327236570226032
-0.008260858200593187
-0.0073147025041124985
0.0022464648124743167
0.0008327236570226032
-0.022200814862620443
-0.008763128095990697
0.000674366548036868
0.000674366548036868
-0.006354353099216653
-0.006960806792253726
0.0020955109061683123
0.00289814441332569
-0.006750765060302436
-0.002924152862979714
-0.0067171815025293844
0.0
-0.0067171815025293844
-0.004500929648746017
-0.011298067696492345
0.0032253021521949352
-0.003938331980304581
0.008130928623752302
-0.0010997831376762138
-0.0021381204268787865
-0.01308367270432316
-0.006750765060302436
-0.0031468946710840723
-0.0004683383751905536
-0.007809901886972919
-0.0027797958288350516
-0.0025040499225185866
-0.00041924712123602586
-0.0021028600927850594
-0.014052499834740361
-0.0021028600927850594
-0.012792029380044435
-0.008685666007848402
0.008668785640297178
-0.005028788486009808
-0.008763128095990697
0.0043696914330475164
-0.0031468946710840723
-0.0009564638838919421
-0.004779999864791034
-0.0034207748837649776
-0.007495788375554644
0.0008327236570226032
0.0005903073463209842
-0.0011412132505781828
-0.008763128095990697
-0.01283450680864294
-0.018344078783160713
-0.005317608145183759
0.015142604803179112
-0.007272575184999332
-0.0029424577394432526
-0.004898484254375286
-0.003968228618437381
-0.007138032231018826
-0.005028788486009808
0.0020955109061683123
-0.001307474613214758
0.004746866672759118
-0.005609368507789088
-0.008260858200593187
-0.010133243364909342
0.011366986892065839
-0.012415112269141224
-0.006750765060302436
-0.011482058661670588
-0.001582689569665579
-0.007664591057152132
0.000674366548036868
-3.8461695842524026e-05
-0.009636616471271592
-0.013368585132009999
-0.003742099092693044
-0.0009564638838919421
0.0005903073463209842
-0.0009564638838919421
0.0020955109061683123
-0.002971133508227231
-0.0025040499225185866
-0.0010997831376762138
-0.0018744072552404922
-0.014227214717705727
-0.007038959284974035
-0.010249513082772265
-0.006750765060302436
-0.019448805343634374
0.0
-0.0073147025041124985
-0.008763128095990697
-0.002889094980297682
-0.0019396755384773296
-0.005609368507789088
-0.0021005215118700855
-0.002046609965621362
-0.01308367270432316
-0.000331679151014412
-0.010249513082772265
-0.010382822112500535
0.0042271161683930915
0.0011374848367925949
-0.007272575184999332
0.015142604803179112
-0.0025236141330643347
-0.002924152862979714
-0.019448805343634374
-0.008763128095990697
-0.009783646368367902
0.007981419066125258
-0.003938331980304581
-0.007154501749384089
-0.0019396755384773296
-0.008231506522093443
-0.01862626576223702
-0.003938331980304581
-0.003742099092693044
-0.0059014126914941475
0.003962516165934762
-0.005449561005005072
-0.005317608145183759
-0.0019117153078939346
-0.0025236141330643347
-0.0019117153078939346
0.0008578103226474657
-0.011762769050451418
-0.002046609965621362
0.0042271161683930915
-0.010249513082772265
-0.004779999864791034
-0.0053667614513558245
-0.009875290051609004
-0.002026113325682796
0.00289814441332569
0.00289814441332569
-0.014457538474525307
0.0008327236570226032
0.01774752730067524
-0.012792029380044435
-0.01162344701940413
-0.005609368507789088
-0.0037457579328065965
0.011366986892065839
-0.012872591302922277
-0.009040446749359377
-0.0053667614513558245
-0.012792029380044435
-0.008260858200593187
-0.019025724392413495
-0.0032924677802826084
-0.019448805343634374
0.011366986892065839
-0.0029424577394432526
-0.006558952987102113
0.0026687969063687467
-0.007809901886972919
-0.002924152862979714
-0.0034685579903398467
-0.005179120201488699
0.0026687969063687467
-0.019448805343634374
-0.012415112269141224
-0.0011412132505781828
-0.003588762586485389
0.004746866672759118
0.007777877133415877
-0.006572848735286149
-0.0027888348606051887
0.005577027461448174
-0.005170939231451983
-0.006572848735286149
-0.007094694791572475
-0.012898758324588543
-0.0009564638838919421
0.001167440284884762
-0.001824396814223356
-0.0008638614703150609
-0.003938331980304581
0.0043696914330475164
-0.008231506522093443
0.0014071189475655162
-0.00442538804443848
-0.010784504925445783
-0.012415112269141224
-0.006572848735286149
0.00289814441332569
0.0008578103226474657
-0.006960806792253726
-0.005170939231451983
-0.007313914528579531
-0.011298067696492345
-0.014457538474525307
0.0027200755268656897
-0.0019117153078939346
-0.00442538804443848
-0.005083447554170855
0.0011374848367925949
-0.001307474613214758
-0.0019117153078939346
-0.0039943605473279345
-0.000331679151014412
-0.0009564638838919421
0.001167440284884762
-0.009040446749359377
-0.008763128095990697
-0.0004025378507676864
-0.00442538804443848
-0.00041924712123602586
-0.006354353099216653
-0.004500929648746017
-0.006750765060302436
-0.003417108191473959
0.005007012808099076
-0.010768738906309881
-0.007138032231018826
-0.0013503331975253633
-0.005449561005005072
-0.007577592379290414
-0.005609368507789088
-0.005347832858473152
-0.009875290051609004
-0.010382822112500535
0.001574686254053962
0.0020955109061683123
-0.019448805343634374
0.00289814441332569
-0.0034207748837649776
-0.0019117153078939346
-0.003812546824040835
0.0042271161683930915
-0.0039943605473279345
-0.0004099752616014323
-0.011037110263770142
-0.0067171815025293844
-0.006354353099216653
-0.005179120201488699
-0.0038413272764824973
-0.012414538562375876
0.004531596391556199
0.0008578103226474657
-0.001582689569665579
-0.0017206534414458256
-0.0032924677802826084
-0.009783646368367902
-0.0004099752616014323
-0.0053667614513558245
-0.014052499834740361
-0.004029578351042212
-0.007094694791572475
-0.0021381204268787865
-0.011482058661670588
-0.001106034901225649
-0.008685666007848402
-0.005028788486009808
-0.007664591057152132
-0.008260858200593187
-0.008231506522093443
-0.004779999864791034
-0.00048573144504821176
-0.012414538562375876
-0.010423396764654376
-0.002889094980297682
-0.000331679151014412
-0.00442538804443848
-0.0073147025041124985
-0.0067171815025293844
-0.014227214717705727
-0.007094694791572475
-0.00821555536037109
-0.0034685579903398467
-0.01308367270432316
-0.003665144552032558
-0.008647064111899808
-0.014457538474525307
-0.0036593959237513074
-0.010382822112500535
-0.005170939231451983
0.007981419066125258
-0.002971133508227231
-0.011298067696492345
-0.0027888348606051887
0.005007012808099076
-0.009248825028202274
-0.007664591057152132
0.0027200755268656897
-0.0025040499225185866
-0.007094694791572475
-0.01162344701940413
-0.0008638614703150609
-0.001307474613214758
-3.8461695842524026e-05
-0.0053667614513558245
-0.0027797958288350516
2.0816383399171798e-05
-0.004275783132890049
-0.002026113325682796
-0.006874561286251083
-0.005083447554170855
-0.00756191862286121
-0.014227214717705727
0.0043696914330475164
-0.007154501749384089
-0.002924152862979714
-0.007313914528579531
-0.0025236141330643347
-0.014457538474525307
-0.0039943605473279345
-0.003959067995258392
0.0020955109061683123
-0.007561183343962104
-0.0034207748837649776
0.004531596391556199
-0.0021005215118700855
-0.0032924677802826084
-0.013368585132009999
0.0042271161683930915
-0.008647064111899808
-0.0004683383751905536
-0.005028788486009808
-0.0029338847071448204
-0.002971133508227231
-0.012872591302922277
-0.0004099752616014323
-0.001311241386269191
0.015142604803179112
-0.005082492223374771
-0.006354353099216653
-0.004275783132890049
-0.012792029380044435
-0.003812546824040835
-0.001106034901225649
-0.0004025378507676864
-0.0029424577394432526
-0.004500929648746017
-0.0040577226301742875
