-0.005523324879712281
-0.004803955381146387
-0.005201703972315345
0.0019599939122798686
-0.010355791395679327
-0.005429366841710384
-0.01619491316671528
0.006773612194407553
0.015785851726063057
0.006773612194407553
-0.005480882935063044
-0.004803955381146387
0.0019599939122798686
-0.009109512062600873
-0.00419757713152885
-0.010044512337747198
0.013926020407504496
-0.0027963434165366747
-0.0022514535020355256
-0.00742484232337719
0.013926020407504496
-0.009692115203519624
-0.0085494250087385
0.006471860302888382
-0.004979165633225712
-0.0015658041210194487
-0.008753585712064216
-0.004719743733826303
-0.011649957168155025
-0.0025332306607808376
-0.022560517050660076
-0.015163433419434548
0.006471860302888382
-0.005542747975217418
-0.005523324879712281
-0.007379776354030132
0.000873048920549835
-0.002665626837439953
0.005603270355836362
-0.009868320910597896
-0.026037293417974904
0.006773612194407553
-0.007379776354030132
-0.0035318738211760113
-0.007552885022824021
-0.010676493588864208
-0.003548449972894635
-0.0058597248682045865
-0.005542747975217418
-0.014744373285520154
0.0013928754790182372
-0.013263196565480063
-0.003552482807247029
-0.013710660668773451
-0.01568712505254042
0.0011947245821464138
-0.016575700763597462
-0.0046668310269577865
0.0019865524530079718
-0.0007866548080627188
-0.003548449972894635
-0.01265031050902721
-0.008997912067865854
-0.002437156861843371
-0.018086319310463162
-0.007695238900413453
-0.007056232128341443
-0.005288445489278804
8.84359721130212e-05
-0.0015658041210194487
-0.01568712505254042
-0.013999330612329962
-0.0020015599080712497
-0.009123097338341905
-0.008817040425411593
-0.003086755887614162
-0.004214706297934761
-0.005180699525879247
-0.005480882935063044
-0.0008130518406229777
-0.013732477351989831
0.00010868132485849565
-0.003319849794250868
-0.003086755887614162
-0.018086319310463162
-0.002125420047707463
0.005512156346574898
-0.0129951208619463
-0.0009617002568090743
-0.003259028140701492
-0.003548449972894635
-0.0025514307321782346
-0.013725856963936009
-0.0012960614352069586
-0.0048354602374281516
-0.01961114424433946
-0.001834743450285709
0.005603270355836362
-0.0016265147511298139
0.00526137219345507
-0.0067189994623459495
0.005603270355836362
-0.001834743450285709
-0.010676493588864208
-0.00122389963489786
-0.003552482807247029
-0.003022642594803226
-0.00046461885741656665
-0.005288445489278804
-0.0048227324452529505
-0.015163433419434548
-0.0025332306607808376
-0.006896328323544984
0.003583926992949757
-8.031553371661443e-05
-0.0025514307321782346
-0.009584955059445528
-0.004129283242856954
-0.01308004871255172
-0.007379776354030132
-0.023714501001497874
-0.0031252850209649167
-0.006608497935274794
0.00220360488388342
-0.0078071539828395535
-0.006127173910909914
-0.015226145796630728
-0.00647895127408019
0.005381753861446572
-0.007376497242070964
-0.002828748326252077
-0.001053877632575928
-0.0018449978571647636
0.0019599939122798686
-0.005614999917901173
0.005138477092002552
-0.021561728494030152
-0.0018449978571647636
-0.014418964822238091
-0.007195912239004372
-0.0015752822156654114
-0.003971793694368627
-0.0024629335835884216
-0.00930969110260484
0.006473353991682814
-0.0009368234974576193
-0.00844268634160151
-0.00742484232337719
0.004976290428101895
0.0019599939122798686
-0.009213462493275773
-0.00742484232337719
0.0011947245821464138
-0.0070101378872634386
-0.0085494250087385
-0.007236877314775019
-0.006625312696341367
-0.003585285021778381
-0.004214706297934761
-0.007507957001687142
-0.0027963434165366747
-0.012430176675126248
-0.002665626837439953
-0.006445639702333517
0.006773612194407553
-0.00655200982347067
-0.007695238900413453
-0.003319849794250868
0.005603270355836362
0.0005001500672663138
-0.0026863317929720874
-0.0030721116056274
-0.003790141050651727
-0.0031252850209649167
-0.009692115203519624
-0.00820400810835499
-0.00255980811879463
0.0029498340523367046
-0.01619021452589459
-0.014418964822238091
0.004108463185996737
-0.014418964822238091
-0.0009368234974576193
-0.01050357163909919
-0.008986721704846518
-0.007952689106975386
-0.0008130518406229777
-0.007490372711772418
-0.0031252850209649167
-0.002274918093758564
-0.011028462483134868
-0.010044512337747198
-0.000932466190245083
-0.0037190969925301235
-0.00122389963489786
-0.009398736338667732
-0.005164123213614353
-0.0027963434165366747
-0.015570200163691119
-0.013263196565480063
-0.016575700763597462
-0.0049954247715248935
-0.01563007512117639
-0.003452663909887096
-0.012430176675126248
-0.0058165436071686396
0.005381753861446572
-0.0035318738211760113
-0.007195912239004372
0.006471860302888382
0.00220360488388342
0.0115945343781766
-0.004129283242856954
-0.011160437493167663
-0.0019398747484810604
-0.0015658041210194487
-0.0024629335835884216
0.00220360488388342
-0.006127173910909914
-0.009692115203519624
-0.01154688929814196
-0.0022857301736355414
-0.006300463191225175
0.0030699348040024352
-0.00930969110260484
-0.006608497935274794
-0.000932466190245083
-0.0030721116056274
0.0016553920832658637
-0.008396345145811793
-0.00908896930039813
-0.012430176675126248
-0.011619652132420428
-0.004374345636424147
0.001190457922112673
0.0005235666814296785
-0.01040615586764301
-0.003585285021778381
0.006473353991682814
-0.012656319305811991
-0.008753585712064216
0.006503463837530341
-0.004374345636424147
-0.0016265147511298139
-0.014744373285520154
-0.006142379705105066
-0.014744373285520154
-0.003158198271599923
-0.0078071539828395535
-0.007195912239004372
-0.013263196565480063
-0.002258373467322424
-0.010676493588864208
-0.013777999742792037
0.0026823565445701454
0.010823529704410105
-0.018230373258075413
-0.00655200982347067
-0.0024629335835884216
-0.013732477351989831
-0.003552482807247029
-0.007379776354030132
-0.008396345145811793
-0.0007866548080627188
-0.0027823996539242
-0.011619652132420428
-0.00555276354703052
-0.009109512062600873
-0.006127173910909914
-0.004129283242856954
-0.006026634903623018
-0.00742484232337719
-0.0003989754319088807
-0.008805802339173038
-0.0031252850209649167
-0.002274918093758564
-0.004129283242856954
-0.005429366841710384
-0.005288445489278804
-0.0026863317929720874
0.0016598008229654025
0.0013815264087029204
-0.018334471866560016
0.004510218000029752
-0.0030721116056274
-0.00835451658489429
-0.004701764074009052
-0.008805802339173038
-0.0020015599080712497
0.001190457922112673
-0.008396345145811793
-0.016120608145223366
-0.011619652132420428
-0.009290334470026806
-0.007695238900413453
-0.009123097338341905
-0.009196072412850332
-0.00036467091336782364
0.00596441130259222
-0.01308004871255172
0.01058419921564568
-0.0010688056908396192
-0.013263196565480063
-8.031553371661443e-05
0.006503463837530341
-0.0036026351458989404
-0.023714501001497874
-0.008817040425411593
0.013926020407504496
-0.004214706297934761
-0.0048354602374281516
-0.009290334470026806
-0.005480882935063044
-0.00930969110260484
-0.012543357661656375
-0.0009617002568090743
0.002190613083257282
-0.0023889624648420504
-0.00844268634160151
-0.00555276354703052
0.001190457922112673
-0.013194362843113525
-0.004374345636424147
-0.013194362843113525
-0.026037293417974904
-0.014418964822238091
-0.006445639702333517
-0.01050357163909919
-0.008396345145811793
-0.004116863683513303
-0.0019398747484810604
-0.009692115203519624
0.0003148476117013422
-0.023714501001497874
-0.009868320910597896
-0.018334471866560016
-0.009213462493275773
-0.005542747975217418
-0.0031435922843505433
-0.0036026351458989404
-0.00555276354703052
-0.0019398747484810604
0.0021190723753499326
-0.008176998552074715
0.006773612194407553
-0.007376497242070964
0.00596441130259222
-0.0011858403048562586
0.006473353991682814
-0.006896328323544984
-0.008986721704846518
-0.014265712389575962
-0.006625312696341367
-0.01040615586764301
-0.00742484232337719
-0.01557513723377405
-0.006026634903623018
-0.013999330612329962
0.004642091596967797
-0.0007617441459642768
-0.014149517945627875
0.0021647966870532425
-0.0011132466383167322
-0.004374345636424147
-0.004526929425957893
-0.011619652132420428
0.0016598008229654025
0.0030402010199945496
-0.005164123213614353
-0.013732477351989831
-0.004979165633225712
-0.004374345636424147
-0.016120608145223366
-0.0129951208619463
-0.004116863683513303
-0.0011132466383167322
-0.00647895127408019
-0.003548449972894635
-0.026037293417974904
-0.0015658041210194487
0.006473353991682814
-0.003452663909887096
-0.0025332306607808376
-0.0129951208619463
0.001190457922112673
-0.01182219022745671
-0.002437156861843371
-0.01619491316671528
-0.00835451658489429
-0.00419757713152885
-0.001834743450285709
-0.0023889624648420504
-0.0018449978571647636
-0.0011858403048562586
-0.00419757713152885
-0.00255980811879463
-0.003259028140701492
-0.0046668310269577865
-0.001053877632575928
-0.007952689106975386
0.004955846375830107
0.004976290428101895
-0.007195912239004372
-0.0018449978571647636
0.0005235666814296785
-0.008176998552074715
-0.004116863683513303
-0.0038115276145832687
-0.00419757713152885
0.0013815264087029204
-0.011649957168155025
-0.008267384713495179
-0.0030721116056274
-0.0025332306607808376
-0.01543011439597005
-0.006445639702333517
-0.003319849794250868
-0.006608497935274794
0.00018811139606402663
-0.00930969110260484
-0.008116645948088665
-0.0049954247715248935
-0.008753585712064216
-0.007695238900413453
-0.00045640646424355573
0.0016553920832658637
-0.011649957168155025
0.0019865524530079718
-0.010355791395679327
-0.015570200163691119
0.005138477092002552
-0.01147437858122383
0.0030402010199945496
-0.015163433419434548
-0.0078071539828395535
0.005512156346574898
-0.008176998552074715
-0.014744373285520154
-0.009398736338667732
-0.009109512062600873
-0.011105704725190187
8.84359721130212e-05
0.0030402010199945496
0.0026823565445701454
0.0030699348040024352
-0.009868320910597896
-0.002408883700876613
-0.00046461885741656665
-0.00046461885741656665
0.0013928754790182372
-0.00930969110260484
-0.009868320910597896
0.006473353991682814
-0.006625312696341367
-0.003158198271599923
-0.011105704725190187
-0.013710660668773451
-0.003158198271599923
0.0030699348040024352
-0.0003989754319088807
-0.01619021452589459
-0.00426102438807976
-0.00036467091336782364
0.0011030166989079312
-0.004636841903654694
0.010823529704410105
-0.003005394686078784
0.0016598008229654025
0.0011947245821464138
0.0115945343781766
-0.007695238900413453
-0.0049954247715248935
-0.002274918093758564
-0.014418964822238091
0.00829324427219248
-0.010355791395679327
-0.009123097338341905
0.0021647966870532425
-0.0085494250087385
-0.003452663909887096
-0.003790141050651727
-0.0023889624648420504
-0.005164123213614353
-0.002408883700876613
0.004510218000029752
-0.008753585712064216
-0.013710660668773451
-0.006445639702333517
0.005057197289495896
-0.01050357163909919
-0.006896328323544984
-0.003086755887614162
0.0030402010199945496
-0.014265712389575962
-0.00241919617109139
0.0005235666814296785
-0.003086755887614162
-0.013725856963936009
-0.005495120906007935
-0.0067189994623459495
-0.013263196565480063
-0.013194362843113525
0.001190457922112673
-0.01406205283276016
-0.0048227324452529505
-0.007695238900413453
-0.0035318738211760113
-0.004205587275092992
-0.005201703972315345
-0.006896328323544984
0.0016553920832658637
0.015785851726063057
-0.0011858403048562586
-0.015799062559604404
-0.009845881201186893
-0.014265712389575962
-0.009398736338667732
-0.003158198271599923
-0.003086755887614162
-0.00831426674851773
-0.004706886934123304
-0.0016265147511298139
-0.005201703972315345
-0.009846540285082285
-0.01543011439597005
-0.004701764074009052
0.004108463185996737
0.0115945343781766
-0.00930969110260484
-0.0020505659313062334
-0.00742484232337719
-0.012656319305811991
-0.006896328323544984
0.005138477092002552
-0.0011858403048562586
-0.0085494250087385
-0.00328470254413259
-0.009868320910597896
-0.00328470254413259
0.0009146046225746462
-0.0012681288113617563
-0.003790141050651727
-0.00930969110260484
0.0016598008229654025
-0.002274918093758564
-0.002553157199244657
0.005603270355836362
-0.0022857301736355414
-0.005288445489278804
0.006503463837530341
-0.015226145796630728
-0.014973521928350874
-0.014973521928350874
-0.0009617002568090743
-0.01308004871255172
-0.014418964822238091
-0.001834743450285709
-0.005180699525879247
0.005512156346574898
-0.0025332306607808376
-0.011056566454964813
-0.006896328323544984
-0.018086319310463162
-0.0027963434165366747
-0.013725856963936009
-0.013194362843113525
0.0014360041829723663
0.00220360488388342
-0.004526929425957893
-0.010961575061832936
-0.0022857301736355414
0.0021647966870532425
-0.00742484232337719
-0.009868320910597896
-0.003259028140701492
-0.007056232128341443
0.000873048920549835
-0.011625451757553928
-0.0012960614352069586
0.005603270355836362
-0.008396345145811793
-0.01406205283276016
-0.015226145796630728
0.005512156346574898
-0.002274918093758564
0.0005001500672663138
-0.0025514307321782346
-0.023714501001497874
-0.003548449972894635
-0.0022857301736355414
-0.002437156861843371
-0.00988585831870965
0.00596441130259222
-0.011649957168155025
-0.009868320910597896
-0.005201703972315345
-0.007876858452111335
-0.016120608145223366
0.0003148476117013422
0.0013815264087029204
0.0009146046225746462
-0.01281277125838688
-0.010044512337747198
-0.01281277125838688
-0.004979165633225712
-0.010294505951370027
-0.0011858403048562586
-0.00255980811879463
-0.011028462483134868
0.0026823565445701454
0.0016553920832658637
0.00220360488388342
0.005603270355836362
0.0115945343781766
0.004955846375830107
0.00526137219345507
0.005381753861446572
-0.007507957001687142
-0.010765962935439514
0.00018811139606402663
-0.005712361219231089
0.004955846375830107
0.0094658747862482
-0.0010688056908396192
-0.0046668310269577865
-0.014149517945627875
-0.01398826427007772
-0.01568712505254042
-0.0026863317929720874
-0.010814320717981512
0.00829324427219248
-0.013710660668773451
-0.006445639702333517
-0.0015658041210194487
-0.018334471866560016
-0.011619652132420428
-0.0007866548080627188
-0.018230373258075413
-0.0058165436071686396
-0.00046461885741656665
0.004976290428101895
-0.009623632938249223
-0.003452663909887096
-0.00255980811879463
-0.005288445489278804
-0.008817040425411593
-0.0078071539828395535
0.0014360041829723663
-0.0018449978571647636
0.0016598008229654025
-0.005201703972315345
-0.007997268192066535
-0.004374345636424147
-0.014080294380039061
-0.007104144861560802
-0.013835314341658606
-0.007056232128341443
-0.006127173910909914
-0.005429366841710384
-0.00328470254413259
-0.003585285021778381
-0.015570200163691119
-0.002553157199244657
-0.009584955059445528
-0.0067189994623459495
-0.007379776354030132
0.00829324427219248
-0.00647895127408019
-0.002828748326252077
-0.0022514535020355256
0.006471860302888382
0.0005001500672663138
-0.015570200163691119
-0.0027963434165366747
-0.008986721704846518
-0.0018449978571647636
-0.006300463191225175
-0.0012681288113617563
-0.0027963434165366747
0.0013815264087029204
-0.011056566454964813
-0.006445639702333517
0.000873048920549835
0.0013815264087029204
-0.0011858403048562586
-0.014744373285520154
-0.006368147954618992
0.00829324427219248
0.0026823565445701454
-0.013777999742792037
-0.00426102438807976
0.005603270355836362
-0.001053877632575928
-0.006896328323544984
-0.008648483003507285
-0.0085494250087385
-0.0008130518406229777
0.004642091596967797
-0.0027963434165366747
-0.009868320910597896
-0.00584290193163861
-0.010355791395679327
-0.011056566454964813
0.0009146046225746462
-0.0020015599080712497
0.0021647966870532425
-0.005164123213614353
0.005381753861446572
-0.0007617441459642768
-0.004116863683513303
0.00220360488388342
-0.00742484232337719
-0.010961575061832936
0.00220360488388342
-0.011090342175353658
-0.003790141050651727
-0.009868320910597896
-0.018230373258075413
-0.003259028140701492
-0.013732477351989831
-0.006625312696341367
-0.004205587275092992
-8.031553371661443e-05
-0.005288445489278804
0.004955846375830107
-8.031553371661443e-05
-0.00036467091336782364
-0.004719743733826303
-0.009846540285082285
0.0030402010199945496
-0.004971460928041209
-0.008282266606873994
-0.013725856963936009
-0.0015658041210194487
-0.010676493588864208
-0.0020015599080712497
-0.018334471866560016
0.00018811139606402663
0.0026823565445701454
-0.009120082702658952
0.01058419921564568
-0.007507957001687142
0.00010868132485849565
-0.015570200163691119
-0.008282266606873994
0.008396737443802321
-0.012946994789296788
-0.0003522818116579014
-0.01040615586764301
0.0016240864240886805
-0.013732477351989831
0.010823529704410105
-0.011056566454964813
-0.0038115276145832687
-0.009196072412850332
-0.006127173910909914
-0.00820400810835499
-0.00870205342587601
-0.010961575061832936
0.0021647966870532425
0.0030699348040024352
-0.0010597786276967704
-0.00988585831870965
-0.007490372711772418
-0.007552885022824021
-0.015570200163691119
-0.004803955381146387
-0.004374345636424147
-0.0023889624648420504
-0.011619652132420428
0.0009146046225746462
-0.00241919617109139
-0.004116863683513303
-0.005164123213614353
-0.012430176675126248
-0.0022857301736355414
0.004108463185996737
-0.00328470254413259
0.0013928754790182372
-0.004803955381146387
-0.0005912010121675785
0.0014360041829723663
-0.004205587275092992
-0.008997912067865854
-0.006445639702333517
-0.002665626837439953
-0.008176998552074715
-0.013725856963936009
-0.014149517945627875
-0.00870205342587601
0.006773612194407553
-0.011160437493167663
0.0030699348040024352
-0.0002526895029161059
0.008396737443802321
-0.007195912239004372
0.006773612194407553
-0.015570200163691119
0.0016240864240886805
-0.013725856963936009
-0.00328470254413259
8.84359721130212e-05
-0.01961114424433946
-0.004735432201733536
-0.007490372711772418
-0.007507957001687142
0.004510218000029752
-0.009290334470026806
-0.00584290193163861
-0.00844268634160151
-0.0007866548080627188
0.0014360041829723663
-0.00045640646424355573
-0.014149517945627875
-0.009846540285082285
-0.003319849794250868
-0.008986104928260638
-0.01557513723377405
-0.0067189994623459495
-0.0029666720173619327
0.00220360488388342
-0.0048227324452529505
-0.0030721116056274
-0.01147437858122383
-0.001834743450285709
0.01058419921564568
-0.00046461885741656665
0.0026823565445701454
-0.0015752822156654114
0.008396737443802321
-0.018086319310463162
0.004108463185996737
-0.011754548918518836
0.0016598008229654025
-0.008116645948088665
-0.012430176675126248
0.0005001500672663138
-0.00555276354703052
-0.005480882935063044
-0.003452663909887096
-0.009584955059445528
-0.006142379705105066
-0.00328470254413259
-0.00742484232337719
0.004510218000029752
-0.007876858452111335
0.006471860302888382
-0.0036026351458989404
-0.004971460928041209
-0.0018449978571647636
-0.002665626837439953
-0.00555276354703052
-0.004129283242856954
-0.0010688056908396192
-0.010294505951370027
-0.00241919617109139
-0.0036026351458989404
0.0009146046225746462
-0.010765962935439514
0.005381753861446572
-0.010961575061832936
0.0115945343781766
-0.0025332306607808376
8.84359721130212e-05
0.004108463185996737
0.0030402010199945496
-0.004129283242856954
-0.014973521928350874
-0.0015752822156654114
-0.00255980811879463
0.0029498340523367046
-0.014973521928350874
-0.011028462483134868
-0.008648483003507285
-0.002558416200789183
0.0029498340523367046
-0.009120082702658952
-0.01265031050902721
-0.006896328323544984
-0.00820400810835499
-0.00419757713152885
-0.005523324879712281
-0.012430176675126248
-0.004636841903654694
-0.002828748326252077
-0.013999330612329962
0.0011947245821464138
-0.009120082702658952
-0.0009617002568090743
-0.0027823996539242
-0.007236877314775019
0.0021647966870532425
-0.010044512337747198
-0.008396345145811793
-0.0030721116056274
0.0020999884601898985
-0.00555276354703052
-0.005549285924890955
-0.0030721116056274
-0.006896328323544984
-0.0029666720173619327
-0.00328470254413259
-0.001834743450285709
0.0029498340523367046
-0.0003989754319088807
-0.01050357163909919
-0.008648483003507285
-0.00820400810835499
-0.007695238900413453
-0.005614999917901173
-0.01154688929814196
-0.005549285924890955
-8.031553371661443e-05
0.005138477092002552
-0.009123097338341905
-0.005712361219231089
-0.006300463191225175
-0.00831426674851773
-0.004214706297934761
0.0011947245821464138
-0.00045640646424355573
-0.004214706297934761
0.000873048920549835
-0.010814320717981512
0.006471860302888382
-0.00647895127408019
0.0029498340523367046
-0.0038115276145832687
-0.01563007512117639
-0.002258373467322424
0.0094658747862482
-0.0009368234974576193
-0.0005912010121675785
-0.021561728494030152
-0.00655200982347067
-0.00584290193163861
-0.005201703972315345
-0.004636841903654694
-0.013835314341658606
-0.01543011439597005
-0.008267384713495179
-0.003585285021778381
0.003583926992949757
-0.002558416200789183
0.005138477092002552
-0.013710660668773451
-0.003022642594803226
-0.004030922410724165
-0.010044512337747198
-0.005542747975217418
-0.003319849794250868
-0.004971460928041209
-0.010814320717981512
-0.004761424745939558
0.0013815264087029204
0.004510218000029752
-0.008986104928260638
-0.003585285021778381
-0.0015752822156654114
-0.010355791395679327
-0.008986104928260638
0.0011030166989079312
-0.002274918093758564
-0.009290334470026806
-0.006470499839368856
-0.008986721704846518
-0.013725856963936009
-0.007379776354030132
-0.013710660668773451
-0.011090342175353658
-0.010765962935439514
-0.001053877632575928
-0.00046461885741656665
-0.004761424745939558
-0.00831426674851773
-0.014418964822238091
-0.004129283242856954
-0.0011132466383167322
-0.013194362843113525
0.004642091596967797
-0.0038115276145832687
-0.0027963434165366747
0.0013928754790182372
-0.01563007512117639
-0.00930969110260484
-0.014265712389575962
-0.007997268192066535
-0.006625312696341367
-0.0005912010121675785
-0.0078071539828395535
-0.009120082702658952
-0.00655200982347067
0.0021647966870532425
-0.00046461885741656665
0.010823529704410105
-0.010272165858944787
-0.0031435922843505433
-0.009623632938249223
-0.007952689106975386
-0.002665626837439953
