-0.006524950432177128
-0.024350945524261664
-0.005011236725432459
-0.0067696730048830474
-0.0025919455128524697
-0.00802369270819538
-0.017172041346192612
-0.010591258657956015
-0.0019479278137809928
-0.0015094041566434929
-0.007432010627056257
-0.011512428470611447
-0.0035400301632501417
-0.0033049337775457946
-0.0044791135958928705
-0.007578071481237843
-0.0044791135958928705
-0.00625364995445592
-0.0007931081263196856
-0.0035400301632501417
0.021136253042930427
0.000611872390096871
-0.006920071270063911
-0.007052976604631592
-0.008867525510048043
0.001984210986376364
-0.012780746793464
-0.0058445860923768385
-0.008097035811615574
-0.010370428122719547
-0.010660953561575358
-0.004681900214383532
-0.0069231285467611856
0.013362212535785218
-0.005704628161920765
0.015503839630445534
-0.007219178062767091
-0.010067084211537881
-0.004265249342195078
-0.019073729377802915
-0.017765857918703155
-0.009909395226631612
-0.010993275190940118
-0.0010142163953461697
0.021136253042930427
-0.004265249342195078
-0.009938603393776417
-0.011463464838292787
-0.004787925050965319
-0.0032250076036543706
0.003627217823094091
-0.008617734716826439
-0.0033049337775457946
-0.00803920546024332
-0.0056811980247413576
-0.0037750589177304307
-0.011094079609956032
-0.015476242364244006
-0.010170367338733149
0.007697360255723372
-0.0018435743735873357
-0.007613811372013138
-0.005704628161920765
0.0016246799580311307
-0.0032912322712669926
-0.007697457031304906
0.003627217823094091
-0.013994745222280072
-0.004145152729579294
-0.003655931034997466
-0.012780746793464
-0.005704628161920765
-0.008001265278518016
-0.006463695528239988
-0.010811896910547618
-0.003877630723636605
0.0016246799580311307
-0.006920071270063911
0.005525242178245052
-0.005652734979517393
-0.013994745222280072
-0.005365703228321715
-0.0035749095595366464
-0.0032912322712669926
-0.0015094041566434929
-0.004681900214383532
-0.00746095984460629
-0.007390141164326907
-0.0006788279036370887
-0.0025919455128524697
-0.01909043117497047
-0.005967563900836723
-0.007556821648700224
-0.0016047342858625236
-0.005740471400072614
-0.019073729377802915
0.0018135156916488837
-0.00746095984460629
-0.015476242364244006
-0.005112967383276919
-0.005162541876880682
-0.010170367338733149
-0.00625364995445592
-0.0025919455128524697
0.0018050201611781566
-0.0035253143500770263
-0.007951534586186694
-0.006463695528239988
0.0018135156916488837
-0.007337760505524824
-0.009000182758802232
-0.0023578535350121783
-0.001973212901599612
-0.019073729377802915
-0.009225830466443853
-0.014513078939558893
-0.012780746793464
0.0011790328702793056
-0.00746095984460629
-0.001130336126791742
-0.015476242364244006
-0.010111647638823114
-0.005938298181791391
-0.005162541876880682
-0.010993275190940118
-0.007578071481237843
-0.011094079609956032
-0.007951534586186694
-0.001973212901599612
-0.0056811980247413576
-0.0005819695308308514
-0.004007309430485076
-0.009225830466443853
-0.003877630723636605
-0.009703479163558846
-0.0116802149178323
-0.005340677403536596
-0.005872192813983102
-0.009703479163558846
-0.004007309430485076
-0.012169432459494683
0.0016246799580311307
-0.009938603393776417
-0.008617734716826439
-0.0035253143500770263
-0.004787925050965319
0.021136253042930427
-0.011512428470611447
-0.0016047342858625236
-0.0032912322712669926
-0.0057678249395126295
-0.010993275190940118
-0.010392023085961705
-0.007337760505524824
0.001984210986376364
-0.004664011283860659
-0.008001265278518016
-0.0021881381361457987
-0.00803920546024332
-0.00746095984460629
0.005525242178245052
-0.005365703228321715
-0.0037750589177304307
-0.012219406691432058
-0.015198333047262242
-0.004723187129479642
0.013362212535785218
0.013362212535785218
-0.00803920546024332
-0.001130336126791742
-0.010170367338733149
-0.0037750589177304307
-0.013567154593268025
0.0016246799580311307
-0.010111647638823114
-0.014513078939558893
-0.0023578535350121783
0.003387036355587304
-0.009000182758802232
-0.008097035811615574
0.004983361958310698
-0.011512428470611447
-0.0025919455128524697
-0.004145152729579294
-0.00044250843597475607
-0.009225830466443853
-0.00467607994784064
-0.011463464838292787
-0.011287368844663317
-0.013994745222280072
-0.004861018280466979
-0.0044791135958928705
0.003627217823094091
-0.006463695528239988
-0.015476242364244006
-0.020316378499684686
-0.01203539567229432
-0.0021881381361457987
-0.007613811372013138
-0.020316378499684686
-0.004787925050965319
-0.007337760505524824
-0.004787925050965319
-0.003178209386472093
-0.012169432459494683
-0.0057678249395126295
-0.0026080529256422703
-0.00746095984460629
-0.011512428470611447
-0.001130336126791742
-0.004681900214383532
-0.010683719857333528
0.0018135156916488837
-0.010111647638823114
-0.010111647638823114
0.000611872390096871
-0.00467607994784064
-0.01909043117497047
-0.005011236725432459
-0.005967563900836723
-0.009000182758802232
-0.00457164158656987
-0.0116802149178323
-0.007454170515213669
-0.007556821648700224
0.0018135156916488837
-0.0041785609412290535
-0.0025919455128524697
-0.015198333047262242
-0.005432055608814746
0.003627217823094091
-0.009225830466443853
-0.0023578535350121783
-0.001134369705434573
0.001984210986376364
0.006574887987846534
-0.0032912322712669926
-0.005872192813983102
-0.0007530171253624002
0.000611872390096871
0.0016246799580311307
-0.001134369705434573
-0.009000182758802232
-0.006200345617555095
0.021136253042930427
-0.00457164158656987
-0.0069175978401232
-0.011287368844663317
-0.007390141164326907
-0.01909043117497047
-0.021355337264170642
-0.0021881381361457987
-0.0034106836527797407
-0.019073729377802915
-0.0033049337775457946
-0.009703479163558846
-0.00044250843597475607
-0.0007931081263196856
-0.0025919455128524697
-0.006920071270063911
-0.007613811372013138
-0.008471726557466992
-0.008001265278518016
0.004357238320450554
-0.0023578535350121783
0.0040994909157881605
-0.010591258657956015
-0.021355337264170642
-0.014513078939558893
-0.010067084211537881
-0.010591258657956015
-0.007697457031304906
-0.007578071481237843
-0.010170367338733149
-0.0006788279036370887
-0.011094079609956032
-0.0017087009671659771
-0.017172041346192612
-0.008617734716826439
0.004357238320450554
-0.0035974859367448333
-0.0005819695308308514
-0.0069231285467611856
-0.0023578535350121783
-0.007044219263082573
-0.014637083615474016
-0.010683719857333528
-0.013567154593268025
0.001984210986376364
-0.00625364995445592
-0.004681900214383532
-0.001130336126791742
-0.004572652027237796
0.0011790328702793056
-0.007454170515213669
-0.0012287606432655372
-0.005183071774033483
0.000611872390096871
-0.009678542139765831
-0.003655931034997466
0.0018135156916488837
-0.005872192813983102
-0.010580249253174854
-0.0006788279036370887
-0.012169432459494683
0.007697360255723372
-0.011463464838292787
-0.003877630723636605
0.013362212535785218
0.0016246799580311307
-0.011463464838292787
-0.0035974859367448333
-0.0007651777395923411
-0.003877630723636605
-0.0029767970799967555
-0.0025919455128524697
-0.0032250076036543706
-0.0058445860923768385
-0.010370428122719547
-0.00625364995445592
-0.010111647638823114
-0.004572652027237796
-0.008617734716826439
-0.005740471400072614
0.000611872390096871
-0.007951534586186694
-0.005162541876880682
-0.010683719857333528
-0.010067084211537881
-0.012780746793464
-0.0021881381361457987
0.007697360255723372
-0.005011236725432459
0.0016246799580311307
0.0036366777199208075
-0.009938603393776417
-0.005112967383276919
-0.0005819695308308514
-0.00803920546024332
-0.00943346539672399
-0.011512428470611447
-0.010067084211537881
-0.009353923577008627
-0.005896568463873267
-0.00943346539672399
-0.0035749095595366464
0.0036366777199208075
-0.0026080529256422703
-0.0032250076036543706
-0.00625364995445592
0.006574887987846534
-0.009225830466443853
-0.0012287606432655372
0.0016246799580311307
-0.0015094041566434929
-0.003655931034997466
-0.0116802149178323
-0.006091806609400754
-0.0006788279036370887
-0.007219178062767091
-0.007337760505524824
-0.009938603393776417
-0.010370428122719547
-0.00746095984460629
-0.009000182758802232
-0.0028412212551583845
0.0036366777199208075
-0.0035400301632501417
-0.005740471400072614
-0.010392023085961705
0.003627217823094091
0.021136253042930427
-0.007052976604631592
-0.0025919455128524697
-0.0007651777395923411
-0.006091806609400754
0.0018050201611781566
-0.005740471400072614
-0.003655931034997466
-0.0032912322712669926
-0.006200345617555095
0.005525242178245052
-0.0276428175255753
-0.001134369705434573
-0.010392023085961705
0.005525242178245052
-0.0035749095595366464
-0.0015094041566434929
-0.02200063552019714
-0.004572652027237796
-0.013166680669028357
-0.004265249342195078
-0.009678542139765831
-0.024350945524261664
-0.011463464838292787
-0.0017087009671659771
-0.005967563900836723
-0.020316378499684686
0.000611872390096871
-0.006091806609400754
-0.012169432459494683
0.007697360255723372
-0.014513078939558893
-0.010392023085961705
-0.011094079609956032
-0.009580329195723257
-0.010993275190940118
-0.0058445860923768385
0.0018135156916488837
-0.005938298181791391
-0.005652734979517393
-0.007697457031304906
0.015503839630445534
-0.005938298181791391
-0.008565924799138081
0.001984210986376364
0.006574887987846534
-0.007613811372013138
-0.017172041346192612
-0.0058445860923768385
0.007697360255723372
-0.0035749095595366464
-0.012219406691432058
-0.007951534586186694
-0.004681900214383532
-0.007052976604631592
0.007697360255723372
-0.005740471400072614
-0.0069231285467611856
-0.01837500769508293
-0.009353923577008627
-0.009580329195723257
-0.005896568463873267
-0.00467607994784064
0.004357238320450554
-0.009678542139765831
-0.010370428122719547
-0.006091806609400754
-0.009678542139765831
-0.0035749095595366464
0.001984210986376364
0.003387036355587304
-0.0116802149178323
-0.020316378499684686
-0.00467607994784064
-0.003178209386472093
-0.011463464838292787
0.005525242178245052
-0.0021881381361457987
-0.002172853747878221
-0.005872192813983102
-0.011512428470611447
-0.00625364995445592
-0.00467607994784064
-0.007578071481237843
-0.0116802149178323
-0.012169432459494683
-0.0010142163953461697
-0.0037750589177304307
-0.014513078939558893
-0.0007530171253624002
-0.001973212901599612
0.021136253042930427
-0.004723187129479642
-0.012780746793464
-0.014513078939558893
0.006574887987846534
-0.0067696730048830474
-0.0034106836527797407
0.0018135156916488837
-0.015476242364244006
0.0018050201611781566
-0.009000182758802232
-0.0035974859367448333
0.0001017233671957574
-0.009938603393776417
-0.011463464838292787
0.000611872390096871
0.0036366777199208075
0.000611872390096871
-0.003877630723636605
-0.0021881381361457987
-0.00553394346246875
-0.009353923577008627
-0.021355337264170642
-0.011796281163049364
-0.0019479278137809928
-0.015476242364244006
-0.00467607994784064
-0.0033049337775457946
0.004983361958310698
-0.00943346539672399
-0.010683719857333528
-0.0007651777395923411
-0.020316378499684686
-0.010660953561575358
-0.005872192813983102
-0.004572652027237796
0.003627217823094091
-0.006524950432177128
-0.008097035811615574
-0.0035400301632501417
0.000611872390096871
-0.00044250843597475607
-0.007390141164326907
0.0001017233671957574
-0.0035749095595366464
-0.0023578535350121783
0.000611872390096871
-0.011512428470611447
0.001984210986376364
-0.006920071270063911
-0.006463695528239988
-0.011512428470611447
-0.0016047342858625236
-0.01203539567229432
-0.015198333047262242
-0.00457164158656987
-0.003178209386472093
-0.01909043117497047
-0.0069231285467611856
-0.006200345617555095
-0.0041785609412290535
-0.0028412212551583845
-0.011287368844663317
-0.001134369705434573
-0.0057678249395126295
-0.00746095984460629
-0.014513078939558893
-0.00457164158656987
-0.010683719857333528
-0.010591258657956015
-0.008565924799138081
-0.005740471400072614
-0.008471726557466992
-0.009580329195723257
-0.0018435743735873357
-0.013994745222280072
-0.005938298181791391
-0.004007309430485076
-0.013567154593268025
-0.009353923577008627
-0.0035749095595366464
-0.0028412212551583845
0.0018135156916488837
-0.012219406691432058
-0.004265249342195078
-0.010067084211537881
-0.0023578535350121783
0.004357238320450554
-0.005011236725432459
0.0001017233671957574
-0.024350945524261664
-0.008565924799138081
-0.0032912322712669926
-0.013567154593268025
-0.01909043117497047
-0.0032250076036543706
-0.010067084211537881
-0.0035253143500770263
-0.010993275190940118
-0.021355337264170642
-0.010370428122719547
-0.005652734979517393
0.0040994909157881605
-0.003178209386472093
-0.009225830466443853
-0.004572652027237796
-0.008001265278518016
0.021136253042930427
-0.005652734979517393
-0.006091806609400754
-0.007219178062767091
0.001984210986376364
-0.00625364995445592
-0.0005819695308308514
-0.004265249342195078
-0.00802369270819538
-0.00467607994784064
-0.005938298181791391
-0.005938298181791391
-0.001134369705434573
-0.0033049337775457946
-0.005938298181791391
-0.012780746793464
0.0016246799580311307
-0.007432010627056257
-0.011287368844663317
-0.001134369705434573
-0.004723187129479642
-0.003655931034997466
-0.01909043117497047
-0.008867525510048043
-0.014637083615474016
-0.0016047342858625236
-0.006920071270063911
-0.005872192813983102
-0.0015094041566434929
-0.010370428122719547
-0.005112967383276919
-0.011796281163049364
-0.0012287606432655372
-0.004664011283860659
-0.010660953561575358
-0.010660953561575358
-0.011463464838292787
0.0011790328702793056
-0.008097035811615574
-0.002172853747878221
-0.003178209386472093
0.0001017233671957574
-0.0056811980247413576
-0.004584975107479267
-0.0056811980247413576
-0.0035749095595366464
-0.014637083615474016
-0.0058445860923768385
-0.012219406691432058
-0.009909395226631612
-0.008565924799138081
-0.001130336126791742
-0.008565924799138081
-0.006524950432177128
0.001984210986376364
-0.001973212901599612
-0.011586716364779955
-0.0035400301632501417
-0.012219406691432058
-0.004584975107479267
-0.00803920546024332
-0.011463464838292787
-0.00746095984460629
-0.00553394346246875
0.015503839630445534
-0.0019479278137809928
-0.003178209386472093
-0.017172041346192612
-0.005426035082474968
-0.010811896910547618
-0.004631097405492209
-0.005112967383276919
-0.010370428122719547
-0.008867525510048043
-0.007390141164326907
-0.005365703228321715
-0.015198333047262242
-0.008471726557466992
-0.005426035082474968
-0.006463695528239988
0.003627217823094091
-0.010993275190940118
0.0018050201611781566
-0.009703479163558846
-0.00943508591680911
0.006574887987846534
-0.005162541876880682
-0.01203539567229432
-0.004664011283860659
-0.005432055608814746
0.005525242178245052
-0.007578071481237843
-0.0007931081263196856
-0.005426035082474968
-0.004631097405492209
0.005525242178245052
0.0018135156916488837
-0.00467607994784064
-0.011586716364779955
-0.0035400301632501417
-0.005652734979517393
0.007697360255723372
0.006574887987846534
-0.008565924799138081
-0.003655931034997466
-0.007556821648700224
-0.009580329195723257
-0.004265249342195078
-0.0057678249395126295
0.004983361958310698
-0.0069175978401232
0.0040994909157881605
-0.00467607994784064
-0.0026080529256422703
-0.004145152729579294
-0.004723187129479642
-0.014513078939558893
-0.010993275190940118
0.015503839630445534
-0.007951534586186694
-0.007390141164326907
-0.00943508591680911
-0.006920071270063911
-0.0025919455128524697
-0.0035253143500770263
0.0040994909157881605
-0.005704628161920765
-0.0057678249395126295
-0.005432055608814746
-0.010660953561575358
-0.0010142163953461697
-0.008001265278518016
-0.0069175978401232
-0.00044250843597475607
-0.009000182758802232
0.004983361958310698
-0.015476242364244006
-0.0012287606432655372
-0.0037750589177304307
-0.007613811372013138
-0.008867525510048043
-0.007578071481237843
0.003627217823094091
-0.0025919455128524697
-0.008471726557466992
-0.00044250843597475607
-0.0007530171253624002
0.0001017233671957574
-0.008471726557466992
-0.014637083615474016
-0.001130336126791742
0.001984210986376364
-0.005740471400072614
-0.010993275190940118
-0.010591258657956015
-0.003178209386472093
-0.010392023085961705
-0.005896568463873267
-0.01203539567229432
-0.007613811372013138
-0.009354870323129127
-0.010170367338733149
-0.010067084211537881
0.004357238320450554
-0.005365703228321715
-0.0035400301632501417
-0.004681900214383532
-0.010111647638823114
-0.004723187129479642
-0.0023578535350121783
-0.011094079609956032
-0.007697457031304906
-0.001130336126791742
-0.0069231285467611856
-0.02200063552019714
-0.0116802149178323
-0.020316378499684686
-0.01837500769508293
-0.010580249253174854
-0.014513078939558893
-0.003877630723636605
-0.0067696730048830474
-0.004145152729579294
-0.00746095984460629
-0.0018435743735873357
-0.011512428470611447
-0.004787925050965319
-0.010591258657956015
-0.0005819695308308514
-0.007613811372013138
-0.009909395226631612
-0.0026080529256422703
-0.0056811980247413576
-0.004631097405492209
-0.017172041346192612
0.0018135156916488837
0.001984210986376364
-0.0018435743735873357
-0.008867525510048043
0.0016246799580311307
-0.004584975107479267
-0.0007931081263196856
0.0016246799580311307
0.0018135156916488837
-0.004787925050965319
-0.0021881381361457987
-0.004584975107479267
-0.01837500769508293
-0.011463464838292787
-0.012219406691432058
0.0018135156916488837
-0.008617734716826439
-0.004584975107479267
-0.007390141164326907
-0.010370428122719547
-0.004861018280466979
-0.013567154593268025
-0.009225830466443853
-0.011287368844663317
-0.007613811372013138
-0.005740471400072614
0.006574887987846534
-0.007337760505524824
0.0036366777199208075
-0.007697457031304906
-0.004631097405492209
-0.0037750589177304307
-0.011094079609956032
0.004357238320450554
-0.0029767970799967555
-0.005112967383276919
-0.013567154593268025
-0.010392023085961705
-0.00943346539672399
-0.0015094041566434929
-0.007556821648700224
0.013362212535785218
-0.001134369705434573
-0.009580329195723257
-0.0034106836527797407
-0.010580249253174854
-0.013567154593268025
0.021136253042930427
0.004983361958310698
-0.009580329195723257
-0.01837500769508293
-0.0067696730048830474
0.0018135156916488837
-0.0033049337775457946
-0.007951534586186694
-0.0015094041566434929
-0.0006788279036370887
-0.007052976604631592
-0.001973212901599612
-0.003877630723636605
-0.0035253143500770263
-0.007390141164326907
-0.008867525510048043
0.013362212535785218
-0.003877630723636605
-0.009354870323129127
-0.009580329195723257
-0.001134369705434573
-0.004007309430485076
-0.004145152729579294
-0.004723187129479642
-0.004787925050965319
-0.015476242364244006
-0.0006788279036370887
-0.013567154593268025
-0.013166680669028357
-0.007556821648700224
-0.014513078939558893
-0.007044219263082573
-0.008565924799138081
-0.0029767970799967555
-0.014513078939558893
-0.0016047342858625236
-0.006463695528239988
0.006574887987846534
-0.011463464838292787
-0.01909043117497047
-0.013567154593268025
-0.004664011283860659
-0.0018435743735873357
-0.0069231285467611856
-0.004007309430485076
-0.0021881381361457987
-0.0033049337775457946
-0.007697457031304906
-0.005740471400072614
-0.005365703228321715
0.0018050201611781566
-0.0035400301632501417
-0.00457164158656987
-0.005896568463873267
-0.0041785609412290535
-0.01837500769508293
-0.009938603393776417
-0.004007309430485076
-0.0276428175255753
-0.009225830466443853
-0.01203539567229432
-0.008471726557466992
-0.008867525510048043
-0.0069175978401232
-0.02200063552019714
0.004357238320450554
-0.0035400301632501417
-0.013994745222280072
-0.010370428122719547
-0.010683719857333528
-0.0035974859367448333
-0.009678542139765831
-0.012780746793464
-0.005365703228321715
-0.006091806609400754
-0.01203539567229432
-0.015198333047262242
-0.004681900214383532
-0.019073729377802915
-0.006091806609400754
-0.0037750589177304307
0.0018135156916488837
-0.0032250076036543706
-0.0034106836527797407
-0.006524950432177128
-0.019073729377802915
-0.015198333047262242
0.0011790328702793056
0.001984210986376364
-0.0035974859367448333
-0.005112967383276919
-0.003178209386472093
-0.0034106836527797407
-0.0017087009671659771
-0.0037750589177304307
-0.010993275190940118
-0.00044250843597475607
-0.005365703228321715
-0.007108763303204414
-0.007337760505524824
-0.0035400301632501417
-0.020316378499684686
-0.007052976604631592
-0.004007309430485076
-0.010170367338733149
-0.0017087009671659771
-0.004145152729579294
-0.007044219263082573
-0.0032912322712669926
-0.0056811980247413576
-0.004572652027237796
-0.0116802149178323
-0.00457164158656987
-0.0056811980247413576
-0.004723187129479642
-0.0032912322712669926
-0.004664011283860659
-0.010170367338733149
-0.005011236725432459
-0.004007309430485076
-0.003877630723636605
-0.0035974859367448333
-0.002172853747878221
-0.010811896910547618
-0.0035253143500770263
-0.008617734716826439
-0.004007309430485076
-0.005967563900836723
-0.005183071774033483
-0.005365703228321715
-0.003877630723636605
-0.004681900214383532
0.0018050201611781566
-0.0057678249395126295
-0.021355337264170642
-0.0033049337775457946
-0.013567154593268025
-0.005011236725432459
-0.0044791135958928705
-0.0029767970799967555
-0.005112967383276919
-0.0025919455128524697
-0.005112967383276919
-0.0035253143500770263
-0.009225830466443853
0.000611872390096871
-0.0033049337775457946
-0.007219178062767091
-0.004787925050965319
-0.0032250076036543706
-0.00044250843597475607
0.004357238320450554
0.003387036355587304
-0.010660953561575358
-0.02200063552019714
-0.007052976604631592
-0.01837500769508293
-0.010067084211537881
-0.0019479278137809928
-0.008617734716826439
0.007697360255723372
-0.010111647638823114
-0.005183071774033483
-0.0033049337775457946
-0.009354870323129127
-0.0019479278137809928
-0.0023578535350121783
-0.010370428122719547
-0.003655931034997466
-0.005896568463873267
-0.005938298181791391
-0.005426035082474968
0.004983361958310698
-0.005896568463873267
-0.005704628161920765
-0.017765857918703155
-0.004723187129479642
-0.005652734979517393
-0.00457164158656987
-0.009354870323129127
-0.0006788279036370887
0.003387036355587304
-0.007432010627056257
-0.007337760505524824
-0.010370428122719547
-0.009580329195723257
-0.010392023085961705
-0.004681900214383532
-0.008565924799138081
