-0.004968411328520603
-0.010199061571246075
-0.004308953672593385
-0.009374324673315523
-0.012065953030884459
-0.0017013906073257714
0.0028386607033104505
-0.0103513503410908
-0.00473935737676195
-0.009254778389912892
-0.0017013906073257714
-0.01591311805959365
-0.016229421767294992
-0.007989418378666178
-0.0008240682144497524
0.008731513049497696
0.0039046857139285944
-0.007062467606962642
0.0042428622059375205
-0.014440579811945485
-0.011249804266236639
-0.008943770875627205
0.00046196407141840416
-0.002290202316324261
-0.0063383616291504945
0.0027190513484004453
-0.0037072978673631106
-0.007564347613888195
-0.007829338404589251
-0.011473324382077847
-0.006705507787859351
-0.01064196008030709
-0.011249804266236639
-0.007629193406233086
-0.005311275461022755
-0.014337414563272866
-0.004903495967991272
0.0027190513484004453
-0.003617682549807112
-0.013367050948316308
0.0039123475943683966
-0.00827630700726887
-0.01302605106390728
-0.0026612710454772853
-0.005764787617585131
0.006140580210709972
-0.010199061571246075
-0.008400362441498893
-0.007564347613888195
-0.018870354495584107
-0.002011170097438536
-0.010961725805476387
-0.00698175046806045
-0.0038408128525550577
-0.002011170097438536
-0.007526546539898298
0.0007770410353076042
-0.003215288255511239
-0.016006131137013185
0.0016933690420816373
0.0042428622059375205
-0.009996954789863836
-0.0012577364998695674
-0.008150927328518416
-0.020181734683559483
-0.016220019634923706
0.00046196407141840416
-0.010961725805476387
0.0011086531180260991
0.0007770410353076042
-0.0042525789046625
-0.003617682549807112
0.00046196407141840416
-0.00473935737676195
-0.020050316620644933
-0.008742062543061712
-0.005261319700393165
-0.004308953672593385
-0.009271699626126903
-0.005311275461022755
-0.003578616259512279
-0.0036079397104410433
-0.011249804266236639
-0.007526546539898298
0.006140580210709972
0.0039046857139285944
-0.015354419761680714
-0.012065953030884459
-0.003215288255511239
-0.005931837122114628
-0.015354419761680714
-0.0024350070249783266
-0.007302269162023628
0.006140580210709972
-0.0065960800993064865
-0.011374730534047495
-0.016229421767294992
-0.0038408128525550577
-0.011506966329313719
-0.006112966534386938
-0.004308953672593385
-0.020050316620644933
0.0011086531180260991
-0.012545079524116529
-0.019965609145104257
-0.013267276246515027
-0.0063383616291504945
-0.004968411328520603
0.0005913534170916388
-0.00666919246025866
0.0042428622059375205
-0.006204637913825179
-0.0038408128525550577
-0.002990981408287448
-0.002990981408287448
-0.017421595318699627
-0.005710176817362913
-0.007564347613888195
-0.007564347613888195
0.005482181918026615
-0.016229421767294992
-0.012545079524116529
0.002895650106256293
-0.006705507787859351
-0.006572767407815238
-0.008400362441498893
-0.00669682511834909
-0.0008240682144497524
-0.0029274599233348087
-0.018870354495584107
-0.0020073133117317074
-0.008742062543061712
-0.017665703903351832
-0.017665703903351832
-0.0025731140310781353
-0.0018425177231358191
-0.009996954789863836
-0.00827630700726887
-0.004899947455877535
-0.007526546539898298
-0.01501787324568194
-0.005261319700393165
-0.013267276246515027
-0.0036079397104410433
-0.003215288255511239
0.012920140668414508
-0.007829338404589251
-0.0106318053993554
-0.002290202316324261
-0.016220019634923706
-0.010459993896971468
0.0002438393204669162
-0.016229421767294992
-0.006725505324610865
-0.0024350070249783266
-0.0018425177231358191
-0.007904077431517827
0.008731513049497696
-0.014337414563272866
-0.004899947455877535
-0.0024350070249783266
-0.0032826716158390916
-0.0064954597062794875
-0.009926893162651317
0.002895650106256293
-0.01302605106390728
-0.005764787617585131
-0.005358842571360892
-0.0042525789046625
-0.004449437525608983
-0.004449437525608983
0.024833211988198493
-0.007629193406233086
-0.003383640662710094
-0.003617682549807112
-0.015354419761680714
-0.007564347613888195
-0.012257820950820562
-0.010459993896971468
-0.009254778389912892
-0.007829338404589251
0.002895650106256293
-0.0025731140310781353
-0.013367050948316308
-0.0008240682144497524
-0.0038408128525550577
-0.011374730534047495
-0.012898219156652513
-0.002418633551855584
-0.0032826716158390916
-0.0065960800993064865
-0.0042525789046625
-0.004308953672593385
-0.005710176817362913
-0.0032826716158390916
-0.002727086105735391
-0.011473324382077847
-0.00409251968644871
-0.012065953030884459
0.010168465084221614
-0.005710176817362913
-0.011473324382077847
-0.012919083438964316
-0.0063038664496680745
-0.011473324382077847
-0.0063383616291504945
-0.005314789470023675
-0.011374730534047495
-0.015354419761680714
-0.003215288255511239
0.005482181918026615
-0.016220019634923706
-0.003383640662710094
-0.0011243772014097907
-0.0063038664496680745
-0.005764787617585131
-0.007302269162023628
-0.011453465804811134
0.00778985010781532
-0.020181734683559483
-0.007564347613888195
0.0042428622059375205
-0.005764787617585131
-0.009271699626126903
-0.018870354495584107
-0.012919083438964316
-0.0037072978673631106
-0.0028726399344102182
-0.020050316620644933
-0.009254778389912892
-0.012898219156652513
0.0039123475943683966
-0.01824322707154287
-0.007955684615547784
-0.00846283425746277
-0.0017013906073257714
-0.00666919246025866
-0.00698175046806045
-0.018870354495584107
-0.015354419761680714
-0.006204637913825179
-0.00458135600392759
-0.0103513503410908
-0.00669682511834909
-0.011374730534047495
-0.0034525131421094635
-0.0036079397104410433
-0.0036079397104410433
-0.00458135600392759
-0.008400362441498893
0.00046196407141840416
-0.004308953672593385
-0.00024735636221319483
0.008731513049497696
-0.0024350070249783266
-0.005314789470023675
-0.005261319700393165
-0.0018425177231358191
-0.019276850461307195
-0.006546545323860551
-0.0026612710454772853
-0.007904077431517827
-0.019276850461307195
-0.00827630700726887
-0.005360816674001682
0.0005913534170916388
-0.0028726399344102182
-0.01097106816592646
-0.005002413265206666
-0.0011243772014097907
-0.011388850716264307
-0.011737713292057668
-0.0026612710454772853
0.0007770410353076042
-0.020181734683559483
-0.006705507787859351
-0.00669682511834909
-0.005002413265206666
-0.016229421767294992
-0.016006131137013185
-0.004516655168384635
-0.007989418378666178
-0.008400362441498893
0.0015709999317615915
-0.010199061571246075
-0.00698175046806045
-0.005841704111948441
-0.004516655168384635
-0.009926893162651317
-0.0034525131421094635
-0.005659878734155129
-0.005841704111948441
-0.012257820950820562
-0.00016059464192471698
-0.00827630700726887
-0.00666919246025866
-0.0063383616291504945
-0.0020073133117317074
-0.0059599745558982795
-0.0026612710454772853
-0.012774227545838982
-0.00431957412783874
-0.007989418378666178
0.0016933690420816373
-0.002011170097438536
-0.009928396475434913
-0.016220019634923706
-0.002083218612748229
-0.006973499095830651
-0.003578616259512279
-0.012065953030884459
-0.012898219156652513
-0.006443821926978358
-0.00473935737676195
-0.013267276246515027
-0.024528591740959838
-0.0178265778643205
0.002895650106256293
-0.006725505324610865
0.0042428622059375205
0.00046196407141840416
0.024833211988198493
-0.007955684615547784
-0.01465965455870373
-0.00666919246025866
-0.01302605106390728
-0.016229421767294992
-0.006546545323860551
0.0011086531180260991
-0.006747486668264713
0.0039123475943683966
-0.010961725805476387
-0.017421595318699627
-0.0024350070249783266
-0.016229421767294992
-0.0020073133117317074
-0.0028726399344102182
-0.015180644054774062
-0.007526546539898298
0.0016933690420816373
-0.0037072978673631106
-0.012774227545838982
-0.012065953030884459
-0.0032826716158390916
-0.005710176817362913
-0.002083218612748229
-0.012257820950820562
-0.006572767407815238
-0.01071474834990088
-0.005360816674001682
-0.004968411328520603
-0.01591311805959365
-0.0025731140310781353
-0.0036079397104410433
-0.01824322707154287
-0.0103513503410908
-0.014337414563272866
-0.007564347613888195
-0.019965609145104257
-0.007025498689799923
-0.014337414563272866
-0.002083218612748229
-0.009790310375040892
-0.011453465804811134
-0.007629193406233086
-0.0020073133117317074
-0.007989418378666178
-0.016220019634923706
-0.007302269162023628
-0.011453465804811134
-0.012898219156652513
0.002895650106256293
-0.0026612710454772853
-0.012774227545838982
-0.011769813153172895
-0.013496288879636241
-0.0023150349695850057
-0.0106318053993554
0.008731513049497696
-0.014440579811945485
0.00778985010781532
-0.013267276246515027
-0.007904077431517827
-0.00458135600392759
-0.014440579811945485
-0.024528591740959838
-0.0106318053993554
-0.002290202316324261
0.012920140668414508
-0.011249804266236639
-0.019965609145104257
-0.006443821926978358
-0.01071474834990088
-0.004899947455877535
-0.011769813153172895
-0.00024735636221319483
-0.005835127289056789
-0.010459993896971468
-0.005695311813158584
-0.005002413265206666
-0.00744875019163882
-0.003215288255511239
0.008731513049497696
-0.01465965455870373
-0.01064196008030709
-0.012898219156652513
-0.0042525789046625
-0.01465965455870373
-0.009926893162651317
0.012920140668414508
-0.012545079524116529
-0.01097106816592646
-0.01097106816592646
-0.011388850716264307
-0.0038408128525550577
-0.0178265778643205
-0.011506966329313719
-0.012065953030884459
-0.005358842571360892
-0.007564347613888195
-0.0020073133117317074
-0.00024735636221319483
-0.0036079397104410433
-0.00846803134717737
-0.00473935737676195
-0.004903495967991272
-0.009374324673315523
-0.0012577364998695674
0.012920140668414508
-0.0065960800993064865
-0.00983438635623633
0.002895650106256293
-0.014337414563272866
-0.0042525789046625
-0.005311275461022755
-0.0011243772014097907
-0.0020073133117317074
-0.006204637913825179
-0.006725505324610865
-0.01465965455870373
-0.009271699626126903
-0.002083218612748229
-0.008943770875627205
-0.008215630371833451
-0.012257820950820562
-0.002418633551855584
-0.01465965455870373
-0.007829338404589251
-0.0023150349695850057
-0.01465965455870373
-0.002990981408287448
-0.0178265778643205
-0.00669682511834909
0.005482181918026615
-0.014337414563272866
-0.003215288255511239
-0.007062467606962642
-0.0029274599233348087
-0.020181734683559483
-0.009996954789863836
-0.005314789470023675
0.0002438393204669162
-0.01591311805959365
-0.009996954789863836
-0.008943770875627205
-0.005659878734155129
-0.012898219156652513
-0.004980826279417238
-0.00458135600392759
-0.015354419761680714
-0.004903495967991272
0.0039123475943683966
-0.006747486668264713
-0.007904077431517827
-0.00983438635623633
-0.015180644054774062
-0.011453465804811134
-0.004461069508495053
-0.010459993896971468
-0.0017013906073257714
-0.006747486668264713
-0.005841704111948441
0.0029936546157210103
-0.00473935737676195
-0.016749551694433148
0.0002438393204669162
-0.00473935737676195
-0.007302269162023628
-0.00669682511834909
-0.0042525789046625
-0.007955684615547784
-0.015354419761680714
-0.005077054036103335
-0.00409251968644871
-0.003383640662710094
-0.009374324673315523
-0.011249804266236639
-0.013367050948316308
-0.009374324673315523
-0.0029274599233348087
-0.0063383616291504945
-0.01501787324568194
-0.007564347613888195
-0.007025498689799923
-0.0178265778643205
-0.005360816674001682
-0.012774227545838982
-0.018870354495584107
-0.003578616259512279
-0.0036079397104410433
0.00046196407141840416
-0.005695311813158584
-0.00698175046806045
-0.005002413265206666
-0.0032826716158390916
-0.016006131137013185
-0.0063383616291504945
0.0039123475943683966
-0.004516655168384635
-0.017421595318699627
-0.005710176817362913
-0.016749551694433148
-0.007904077431517827
0.005482181918026615
-0.007829338404589251
-0.011374730534047495
-0.00827630700726887
-0.0025731140310781353
0.0042428622059375205
-0.014440579811945485
-0.007025498689799923
-0.0028726399344102182
-0.020181734683559483
-0.008150927328518416
-0.004980826279417238
-0.005931837122114628
-0.016006131137013185
-0.009271699626126903
-0.011249804266236639
0.0005913534170916388
-0.016229421767294992
0.0002438393204669162
-0.0037072978673631106
-0.00458135600392759
-0.006546545323860551
-0.014440579811945485
0.006140580210709972
-0.005841704111948441
-0.002727086105735391
-0.01465965455870373
-0.01465965455870373
0.0027190513484004453
-0.005841704111948441
-0.004308953672593385
-0.0059599745558982795
-0.00473935737676195
-0.008742062543061712
-0.020050316620644933
-0.007564347613888195
-0.01064196008030709
-0.002418633551855584
-0.00473935737676195
-0.009790310375040892
-0.00669682511834909
-0.005311275461022755
-0.016749551694433148
-0.008943770875627205
-0.008150927328518416
-0.00024735636221319483
-0.003215288255511239
-0.005314789470023675
-0.020050316620644933
-0.007629193406233086
-0.015354419761680714
-0.0017013906073257714
-0.0034525131421094635
-0.0012577364998695674
-0.00698175046806045
-0.0036079397104410433
-0.010961725805476387
0.00046196407141840416
-0.007564347613888195
-0.009996954789863836
-0.004449437525608983
-0.006443821926978358
-0.004449437525608983
0.005482181918026615
-0.007025498689799923
-0.006705507787859351
-0.010199061571246075
0.0002438393204669162
-0.002083218612748229
-0.00744875019163882
-0.005314789470023675
0.0015709999317615915
-0.002727086105735391
0.0039046857139285944
-0.016006131137013185
-0.002727086105735391
-0.00744875019163882
-0.005060214513102644
-0.012774227545838982
-0.0034525131421094635
-0.003383640662710094
-0.0064954597062794875
-0.0018425177231358191
-0.005659878734155129
-0.00983438635623633
-0.008215630371833451
-0.00458135600392759
-0.012919083438964316
-0.011737713292057668
-0.0036079397104410433
-0.00666919246025866
-0.006705507787859351
0.012920140668414508
-0.01591311805959365
-0.0103513503410908
-0.0025731140310781353
-0.0018425177231358191
-0.008943770875627205
-0.0023150349695850057
-0.0042525789046625
-0.012257820950820562
-0.003383640662710094
-0.0024350070249783266
-0.005360816674001682
-0.011388850716264307
-0.006112966534386938
-0.019276850461307195
-0.0032084765344519684
0.0015709999317615915
0.024833211988198493
-0.019965609145104257
-0.005261319700393165
0.0042428622059375205
-0.004980826279417238
-0.005764787617585131
-0.002011170097438536
0.0011086531180260991
-0.016220019634923706
-0.005835127289056789
-0.0032084765344519684
-0.011388850716264307
-0.006747486668264713
-0.005695311813158584
-0.014337414563272866
0.0016933690420816373
-0.0181943146202822
0.005482181918026615
-0.0106318053993554
-0.0038408128525550577
0.0027190513484004453
-0.0178265778643205
-0.012898219156652513
-0.007629193406233086
-0.00458135600392759
-0.013496288879636241
-0.009928396475434913
-0.01824322707154287
-0.004980826279417238
-0.009374324673315523
-0.01501787324568194
-0.004516655168384635
-0.012919083438964316
0.0039123475943683966
-0.006725505324610865
-0.007904077431517827
-0.008943770875627205
-0.0012577364998695674
-0.012257820950820562
-0.00846803134717737
-0.01465965455870373
-0.0018425177231358191
-0.007989418378666178
-0.009928396475434913
0.006140580210709972
-0.019276850461307195
-0.00024735636221319483
-0.010199061571246075
-0.005311275461022755
0.00778985010781532
-0.0072060571738970704
-0.007062467606962642
-0.010961725805476387
-0.00846283425746277
-0.011473324382077847
-0.004308953672593385
-0.0011243772014097907
-0.007025498689799923
-0.020050316620644933
0.010168465084221614
-0.007526546539898298
-0.005695311813158584
-0.0032826716158390916
-0.005931837122114628
-0.003215288255511239
-0.005314789470023675
-0.006747486668264713
0.00778985010781532
-0.005360816674001682
-0.007829338404589251
-0.00846803134717737
-0.01302605106390728
0.00046196407141840416
-0.01157963319570104
-0.00698175046806045
-0.005710176817362913
-0.019965609145104257
-0.016229421767294992
0.0015709999317615915
0.0015709999317615915
-0.01302605106390728
-0.005060214513102644
-0.003383640662710094
-0.005314789470023675
-0.005695311813158584
-0.0012577364998695674
-0.00016059464192471698
-0.004980826279417238
-0.0024350070249783266
-0.002990981408287448
0.0011086531180260991
-0.006572767407815238
-0.0032084765344519684
-0.011737713292057668
-0.0181943146202822
-0.017665703903351832
-0.007955684615547784
-0.006747486668264713
-0.00409251968644871
-0.005841704111948441
-0.00458135600392759
-0.018870354495584107
-0.009374324673315523
0.002895650106256293
-0.011737713292057668
-0.00846283425746277
-0.007025498689799923
-0.011737713292057668
0.00410662300444965
-0.00473935737676195
-0.012065953030884459
-0.011249804266236639
0.005482181918026615
-0.004980826279417238
-0.011473324382077847
0.012920140668414508
-0.01465965455870373
0.0042428622059375205
-0.009996954789863836
-0.012919083438964316
-0.005659878734155129
-0.00669682511834909
-0.012919083438964316
-0.002290202316324261
0.0011086531180260991
-0.00698175046806045
-0.0017013906073257714
-0.011453465804811134
-0.0024350070249783266
-0.01071474834990088
0.012920140668414508
-0.0063383616291504945
-0.011388850716264307
-0.0032084765344519684
-0.010459993896971468
-0.013496288879636241
0.00410662300444965
-0.00846803134717737
-0.005835127289056789
-0.007829338404589251
-0.01071474834990088
-0.016220019634923706
-0.006112966534386938
-0.00458135600392759
-0.003383640662710094
-0.01501787324568194
-0.012257820950820562
0.00778985010781532
-0.011769813153172895
-0.011769813153172895
-0.008943770875627205
-0.00846283425746277
-0.006204637913825179
-0.013367050948316308
-0.017665703903351832
-0.020050316620644933
-0.0059599745558982795
-0.011453465804811134
-0.00473935737676195
0.0039123475943683966
-0.024528591740959838
-0.012065953030884459
-0.00666919246025866
-0.007989418378666178
-0.002418633551855584
0.00410662300444965
-0.007025498689799923
-0.002727086105735391
-0.00458135600392759
0.012920140668414508
-0.006747486668264713
-0.012257820950820562
-0.0020073133117317074
0.002895650106256293
0.008731513049497696
-0.008215630371833451
0.008731513049497696
-0.005659878734155129
-0.0042525789046625
-0.018870354495584107
-0.007904077431517827
-0.009790310375040892
-0.00458135600392759
-0.005841704111948441
-0.002990981408287448
-0.002083218612748229
-0.00983438635623633
-0.01501787324568194
-0.0012577364998695674
-0.005659878734155129
-0.006572767407815238
-0.0008240682144497524
-0.015354419761680714
-0.01071474834990088
-0.008215630371833451
-0.012898219156652513
-0.00698175046806045
-0.004308953672593385
-0.0020073133117317074
-0.011473324382077847
0.00778985010781532
-0.013496288879636241
-0.011506966329313719
-0.0072060571738970704
0.0039046857139285944
-0.00698175046806045
-0.007526546539898298
-0.011473324382077847
-0.007629193406233086
-0.01302605106390728
-0.005841704111948441
-0.0036079397104410433
-0.014337414563272866
-0.007564347613888195
-0.00666919246025866
0.012920140668414508
-0.008215630371833451
-0.004461069508495053
-0.01591311805959365
-0.009790310375040892
-0.012898219156652513
-0.01064196008030709
-0.006112966534386938
0.0013839341989047406
-0.0036079397104410433
-0.00846803134717737
-0.008742062543061712
-0.00431957412783874
-0.012919083438964316
-0.002727086105735391
-0.011769813153172895
0.0011086531180260991
-0.012919083438964316
-0.007302269162023628
-0.0023150349695850057
-0.006204637913825179
-0.01465965455870373
-0.0025731140310781353
-0.009996954789863836
-0.0103513503410908
-0.005659878734155129
0.0027190513484004453
-0.007302269162023628
-0.01302605106390728
0.006140580210709972
-0.010961725805476387
-0.002083218612748229
-0.013267276246515027
-0.004980826279417238
-0.00473935737676195
-0.002011170097438536
-0.004516655168384635
-0.005360816674001682
-0.0037072978673631106
-0.0008240682144497524
-0.003215288255511239
-0.0012577364998695674
-0.013267276246515027
-0.005841704111948441
-0.007629193406233086
-0.0023150349695850057
0.0042428622059375205
-0.01465965455870373
-0.009254778389912892
-0.024528591740959838
-0.004516655168384635
-0.0178265778643205
-0.0042525789046625
-0.006973499095830651
-0.012774227545838982
-0.0063038664496680745
-0.004968411328520603
-0.01097106816592646
-0.0072060571738970704
-0.015180644054774062
-0.008943770875627205
0.00410662300444965
-0.005077054036103335
-0.00846803134717737
-0.014337414563272866
-0.012774227545838982
-0.003215288255511239
-0.009926893162651317
-0.011249804266236639
-0.011249804266236639
-0.00827630700726887
-0.011388850716264307
-0.0012577364998695674
-0.007829338404589251
-0.005243403824440512
-0.0178265778643205
-0.006443821926978358
-0.004449437525608983
-0.006973499095830651
-0.01064196008030709
0.002895650106256293
-0.017665703903351832
-0.00458135600392759
-0.009374324673315523
-0.01465965455870373
0.0039123475943683966
-0.00669682511834909
-0.005841704111948441
-0.01064196008030709
0.005482181918026615
-0.0065960800993064865
0.0015709999317615915
-0.005261319700393165
-0.0072060571738970704
-0.004903495967991272
-0.002083218612748229
-0.005764787617585131
-0.004461069508495053
-0.009996954789863836
-0.007629193406233086
-0.0032084765344519684
-0.009926893162651317
-0.00846803134717737
-0.008150927328518416
-0.014337414563272866
-0.004461069508495053
-0.01064196008030709
0.00410662300444965
-0.00431957412783874
-0.005841704111948441
-0.011769813153172895
-0.011453465804811134
-0.005314789470023675
-0.003617682549807112
-0.015180644054774062
-0.016220019634923706
-0.00431957412783874
-0.00669682511834909
-0.005695311813158584
-0.0012577364998695674
-0.00409251968644871
-0.004968411328520603
-0.005077054036103335
-0.005659878734155129
0.012920140668414508
-0.007564347613888195
-0.004516655168384635
-0.0063038664496680745
-0.016006131137013185
-0.009926893162651317
-0.005659878734155129
-0.011453465804811134
-0.008150927328518416
-0.005841704111948441
-0.009790310375040892
0.0042428622059375205
0.0027190513484004453
0.0013839341989047406
-0.0103513503410908
-0.005695311813158584
-0.019276850461307195
-0.019965609145104257
-0.010961725805476387
0.0002438393204669162
-0.006705507787859351
0.008731513049497696
-0.005695311813158584
-0.017665703903351832
-0.005243403824440512
-0.0178265778643205
-0.009928396475434913
0.024833211988198493
-0.002418633551855584
