-0.011142290478073124
0.0033070001887685724
0.0006518436319010382
-0.0018811059861212245
-0.00025033240532029905
-0.005925659998414774
-0.0050423414530884015
-0.0035968888482325583
-0.0014085060283446486
0.006700904244435945
0.00236056605011326
-0.006574348442097305
-0.00135672490761539
-0.0035968888482325583
0.006700904244435945
-0.0034606093377182227
0.00018746003179780527
-0.003146087990231702
-0.009576570098806558
-0.00025033240532029905
-0.007055248027563283
-0.00842106335772843
0.0033531065832039433
-0.0006558588645803813
-0.004728891994094524
-0.006937692679433229
-0.005093697310774821
-0.005093697310774821
-0.010866425636468786
-0.009294111900370274
-0.00025033240532029905
-0.006357386809323016
-0.009294111900370274
-0.010862950675638208
-0.007971746876125537
-0.0006724750753259315
-0.006885014002901204
-0.007413946138944429
-0.007413946138944429
0.0036119677498917943
-0.000822421756434694
-0.008081146560902586
0.005479235972056932
0.0033531065832039433
-0.0013971911104689457
-0.004653243485513515
-8.50788084382599e-06
-0.010862950675638208
-0.0029042201809843767
-0.0031976875321717076
-0.0009514222647668595
-0.0037424210575892065
0.0025537774094296787
-0.007125999208150666
0.0011368674269723771
-0.005297612499873241
-0.0006558588645803813
-0.0009526389148341072
-0.007413946138944429
-0.010866425636468786
-0.004728891994094524
0.0036119677498917943
0.00236056605011326
-0.002139769090535432
-0.004407054855789179
-0.01765920479048482
-0.009180544736286659
-0.011142290478073124
-0.006357386809323016
0.0042595864592842436
-0.006563467056280444
0.0008647089383144329
-0.009295142329122843
-0.007055248027563283
-0.010006789808132329
-0.0014540973987647457
0.0033070001887685724
0.0023684547647195714
-0.01131909536781412
-0.0019815430228008885
-0.012866473833897388
0.0008699793610360031
-0.007592647271510665
-0.00707440900626208
0.006607259814020377
-0.0050423414530884015
-0.01131909536781412
-0.002776814424563424
0.0042595864592842436
-0.005852153276932308
-8.50788084382599e-06
-0.010661917116897594
-0.006357386809323016
-0.00707440900626208
0.00019490470069527765
-0.007971746876125537
-0.008202947273244545
-0.006357386809323016
-0.010006789808132329
-0.005592767425519115
-0.002139769090535432
-0.005852153276932308
0.0014428210742589297
-0.000751069329414354
-0.0006558588645803813
-0.007055248027563283
-0.0036077924887293784
0.002627333046861031
-0.00821167399405608
-0.006574348442097305
-0.0050423414530884015
-0.007368432122587871
-0.005773666396222676
-0.008202947273244545
0.005777885976545854
-0.005297612499873241
-0.007939800551272056
0.0026072022061232776
-0.0034902580976872133
-0.009294111900370274
-0.007413946138944429
-0.008081146560902586
-0.004381619153474561
-8.50788084382599e-06
-0.00842106335772843
-0.003146087990231702
0.001813638685620487
-0.013872722756469051
-0.0036552207362805633
-0.007939800551272056
-0.00039997919901065
-0.007592647271510665
-0.007955521721070754
-0.011510988158649559
-0.010661917116897594
-0.0009527426738594266
-0.009576570098806558
-0.004381619153474561
0.0008699793610360031
-0.009576570098806558
0.0006518436319010382
-0.0032463120376766464
0.002627333046861031
-0.003434334300494249
-0.011140444054622969
-0.001646282320407581
-0.005773666396222676
-0.002139769090535432
-0.018492457851844234
-0.0032723009585242896
0.0037306975717155077
0.005311733161007646
0.00018746003179780527
-0.002139769090535432
0.0034150196878856226
0.0033070001887685724
0.00334979692343486
0.005777885976545854
-0.002139769090535432
-0.0014085060283446486
-0.010862950675638208
-0.011510988158649559
-0.006164715853595242
0.0033531065832039433
-0.00821167399405608
0.003086257940072583
-0.0009527426738594266
-0.005297612499873241
0.0023926070249489866
-0.002776814424563424
-0.003386431240003613
0.0034150196878856226
-0.0013892806981451956
-0.0036552207362805633
-0.013872722756469051
0.0006518436319010382
-0.00039997919901065
0.0025537774094296787
-0.008202947273244545
-0.009294111900370274
-0.005297612499873241
0.005777885976545854
0.00019490470069527765
-0.0036552207362805633
0.0023926070249489866
-0.007939800551272056
0.000695825555522646
0.0036119677498917943
0.0026072022061232776
-0.007055248027563283
-0.006937692679433229
0.0006518436319010382
0.0025537774094296787
-0.00135672490761539
-0.006253969551979544
0.005696734441714268
-0.00821167399405608
0.0042595864592842436
-0.005128959496501782
-0.01206404869628478
-0.00039997919901065
-0.010862950675638208
-0.00025033240532029905
0.00019490470069527765
0.000695825555522646
-0.0032463120376766464
0.0023684547647195714
-0.006772223028931054
-0.0013892806981451956
-0.006885014002901204
0.006700904244435945
-0.0029920548544677106
-0.000822421756434694
-0.0050423414530884015
-0.00707440900626208
-0.006885014002901204
-0.0038721114892817494
-0.0034902580976872133
0.0008020462436317749
-0.003386431240003613
-0.010661917116897594
0.0025537774094296787
-0.0029042201809843767
-0.0009526389148341072
0.0038351578792718056
-0.0050423414530884015
0.00018746003179780527
0.0006518436319010382
-0.0018811059861212245
0.0025537774094296787
-0.007971746876125537
0.001813638685620487
-0.006937692679433229
-0.0029920548544677106
-0.013656738954771023
0.005479235972056932
-0.004407054855789179
-0.007939800551272056
-0.012866473833897388
-0.005871995337711932
0.00236056605011326
-0.0013892806981451956
0.0033070001887685724
-0.008461762166408694
0.0023926070249489866
-0.0009526389148341072
0.0023684547647195714
-0.00135672490761539
0.0073782603847139085
0.003086257940072583
-0.004674181358869749
-0.008202947273244545
0.00334979692343486
-0.00821167399405608
-0.002776814424563424
-0.003002050380255865
0.005696734441714268
-0.0006724750753259315
-0.004653243485513515
-0.007413946138944429
-0.005380655081325129
0.0037306975717155077
-0.002361216690727068
-0.007592647271510665
-0.013872722756469051
0.0038351578792718056
0.0026072022061232776
0.0008020462436317749
-0.0009526389148341072
-0.002776814424563424
-0.000751069329414354
-0.0035968888482325583
-0.005093697310774821
-0.009576570098806558
-0.0035968888482325583
-0.011510988158649559
-0.006574348442097305
-0.0034606093377182227
-0.0029042201809843767
0.0038351578792718056
-0.01607049362410663
0.00018746003179780527
-0.009294111900370274
0.002627333046861031
-0.0006724750753259315
-0.0038512292214623275
-0.01765920479048482
-0.00265329795847232
0.0033884758392125932
0.00334979692343486
0.0049097139972700925
-0.0032463120376766464
-0.0014540973987647457
-0.0007087847880657763
-0.00707440900626208
0.0008020462436317749
-0.001646282320407581
-0.011140444054622969
-0.004674181358869749
-0.0031543985589350923
-0.004296583747858545
-0.002870944599583252
0.0026072022061232776
-0.004653243485513515
0.003086257940072583
0.0033070001887685724
-0.006885014002901204
0.0026072022061232776
-0.006574348442097305
-0.008574748909417852
0.003086257940072583
-0.0035968888482325583
-0.0014085060283446486
0.0036119677498917943
-0.01131909536781412
-0.007592647271510665
0.010652464919232373
-0.0034902580976872133
-0.010415059890570736
-0.006574348442097305
-0.002361216690727068
-0.0013892806981451956
-0.011510988158649559
-0.002139769090535432
-0.0014085060283446486
-0.008081146560902586
0.0008020462436317749
-0.011510988158649559
0.0049097139972700925
-0.00265329795847232
0.0033531065832039433
0.0035273695903076116
-0.009180544736286659
-0.0013567673244863014
-0.0015656599684583724
0.009056203646667113
-0.007971746876125537
-0.013872722756469051
-0.011140444054622969
-0.006563467056280444
-0.0019815430228008885
-0.0035968888482325583
0.001813638685620487
-0.007947251615439507
-0.0038512292214623275
-0.006772223028931054
-0.005871995337711932
-0.006937692679433229
-0.00842106335772843
0.0036119677498917943
0.0011368674269723771
-0.005773666396222676
-0.0020460198033303524
-0.004653243485513515
-0.006253969551979544
-0.007413946138944429
0.00334979692343486
-0.0029042201809843767
-0.007055248027563283
0.0033070001887685724
-0.00039997919901065
-0.0038721114892817494
-8.50788084382599e-06
-0.0009514222647668595
-0.0038512292214623275
-0.0050423414530884015
-0.01765920479048482
-0.010661917116897594
0.00019490470069527765
0.005777885976545854
-0.0009526389148341072
-0.008202947273244545
-0.005380655081325129
-0.007055248027563283
-0.00025033240532029905
-0.0009526389148341072
0.0023926070249489866
0.00334979692343486
-0.0004246392573682871
0.003086257940072583
0.006607259814020377
-0.004296583747858545
0.0042595864592842436
0.00236056605011326
-0.006574348442097305
-0.003386431240003613
0.006607259814020377
-0.007413946138944429
-0.00135672490761539
-0.013872722756469051
-0.0050423414530884015
-0.004728891994094524
-0.012866473833897388
0.001004150787029604
-0.00039997919901065
-0.002139769090535432
-0.0006724750753259315
-0.01765920479048482
-0.0031543985589350923
-0.018492457851844234
0.0049097139972700925
-0.0036552207362805633
-0.007592647271510665
-0.009576570098806558
-0.004407054855789179
0.0049097139972700925
-0.01206404869628478
0.0006518436319010382
-0.007125999208150666
-0.004407054855789179
-0.006164715853595242
0.00334979692343486
-0.00707440900626208
-0.000822421756434694
-0.0009526389148341072
-0.007955521721070754
-0.0020460198033303524
0.0008020462436317749
-0.005128959496501782
-0.00707440900626208
0.005777885976545854
-0.008081146560902586
-0.003002050380255865
-0.004296583747858545
-0.000751069329414354
-0.0035968888482325583
-0.003434334300494249
0.00334979692343486
-0.0031543985589350923
-0.009294111900370274
-0.00842106335772843
-0.006772223028931054
0.010652464919232373
-0.0037424210575892065
-0.0013971911104689457
-0.002776814424563424
-0.0009526389148341072
0.0073782603847139085
-0.007055248027563283
0.0011368674269723771
-0.004653243485513515
-0.011140444054622969
-0.018492457851844234
-0.0035968888482325583
0.005696734441714268
-0.0031543985589350923
0.0034150196878856226
-0.00265329795847232
-0.005852153276932308
0.00036311963138381385
0.0026072022061232776
-0.005128959496501782
-0.0032463120376766464
-0.011142290478073124
0.005777885976545854
-0.007413946138944429
0.00019490470069527765
-0.0014540973987647457
-0.006164715853595242
-0.007592647271510665
-0.009180544736286659
-0.009224054675538227
0.0036119677498917943
-0.0006558588645803813
0.0049097139972700925
-0.0009514222647668595
-0.008461762166408694
-0.007971746876125537
-0.004674181358869749
0.0008647089383144329
-0.006563467056280444
-0.002776814424563424
-0.007971746876125537
0.0008185613615046211
-0.0034902580976872133
-0.008461762166408694
-0.0036552207362805633
0.00019490470069527765
-0.010661917116897594
-0.0029042201809843767
-0.0009514222647668595
0.006700904244435945
-0.006885014002901204
-0.00039997919901065
0.006700904244435945
-0.0014085060283446486
-0.007055248027563283
0.001004150787029604
-0.0006724750753259315
-0.00842106335772843
0.001004150787029604
-0.008461762166408694
-0.004674181358869749
-0.007125999208150666
-0.005871995337711932
-0.000751069329414354
-0.018492457851844234
0.005696734441714268
-0.006563467056280444
-0.003146087990231702
-0.0034606093377182227
0.0025537774094296787
0.0008020462436317749
0.00018746003179780527
-0.005925659998414774
-0.0015656599684583724
0.0011368674269723771
-0.006357386809323016
-0.003386431240003613
-0.000822421756434694
0.00236056605011326
0.00036311963138381385
-0.004296583747858545
0.0008647089383144329
0.0014428210742589297
-0.009576570098806558
-0.015099414336546869
-0.000822421756434694
-0.011142290478073124
0.00019490470069527765
-0.0037424210575892065
-0.003002050380255865
0.0042595864592842436
-0.0036552207362805633
-0.0006558588645803813
-0.0013971911104689457
0.005479235972056932
-0.007592647271510665
0.0042595864592842436
-0.012866473833897388
-0.006574348442097305
-0.013656738954771023
-0.006772223028931054
0.0049097139972700925
-0.005128959496501782
-0.006357386809323016
-0.0034606093377182227
0.0008185613615046211
0.0034150196878856226
-0.005128959496501782
0.0034150196878856226
-0.009294111900370274
-0.006885014002901204
-0.00842106335772843
-0.0035968888482325583
-0.010415059890570736
-0.007955521721070754
-0.002870944599583252
0.005311733161007646
-0.01607049362410663
-0.0004246392573682871
0.0034150196878856226
0.005696734441714268
-0.013656738954771023
-0.011140444054622969
-0.0020460198033303524
0.0042595864592842436
-0.01131909536781412
-0.0004246392573682871
-0.002775852945300858
0.0038351578792718056
-0.01131909536781412
-0.018492457851844234
-0.0019815430228008885
-0.006164715853595242
0.00036311963138381385
-0.006937692679433229
-0.00039997919901065
-0.004296583747858545
-0.004407054855789179
-0.0009514222647668595
0.0011368674269723771
-0.0038512292214623275
-8.50788084382599e-06
-0.0006724750753259315
-0.0035968888482325583
-0.01131909536781412
-0.007125999208150666
-0.00025033240532029905
-0.007939800551272056
0.0038351578792718056
-0.01206404869628478
-0.003002050380255865
-0.010415059890570736
0.0033070001887685724
-0.006563467056280444
0.00036311963138381385
-0.01765920479048482
-0.004653243485513515
-0.007368432122587871
0.0008185613615046211
0.005777885976545854
0.0033884758392125932
-0.0029920548544677106
-0.004728891994094524
-0.0036077924887293784
0.006700904244435945
-0.0038512292214623275
-0.009576570098806558
0.003086257940072583
-0.00135672490761539
-0.000751069329414354
-0.0006724750753259315
-0.013656738954771023
-0.015099414336546869
-0.007947251615439507
-0.00707440900626208
0.00019490470069527765
0.001004150787029604
-0.004728891994094524
-0.005093697310774821
-0.0036077924887293784
-0.007125999208150666
-0.0038512292214623275
0.0034150196878856226
-0.007413946138944429
-0.018492457851844234
-0.004653243485513515
0.00236056605011326
-0.009224054675538227
0.0034150196878856226
-0.0029920548544677106
0.00236056605011326
-0.000822421756434694
-0.008081146560902586
-0.0031976875321717076
-0.007368432122587871
-0.009180544736286659
-0.0036552207362805633
-0.009180544736286659
-0.007125999208150666
-0.0032723009585242896
-0.007971746876125537
0.0023684547647195714
-0.0038721114892817494
-0.007971746876125537
0.0026072022061232776
-0.007939800551272056
-0.0004246392573682871
-0.00025033240532029905
-0.00842106335772843
-0.000822421756434694
0.0038351578792718056
-0.008202947273244545
0.0033531065832039433
0.0014428210742589297
-0.0004246392573682871
-0.011142290478073124
-0.0004246392573682871
-0.0029042201809843767
0.003086257940072583
-0.003002050380255865
-0.011510988158649559
-0.004674181358869749
-0.004653243485513515
-0.009180544736286659
-0.006563467056280444
-0.01131909536781412
-0.0009527426738594266
-0.000822421756434694
-0.009295142329122843
-0.002775852945300858
0.010652464919232373
0.006607259814020377
0.0008699793610360031
-0.003434334300494249
-0.009294111900370274
0.0014428210742589297
0.00019490470069527765
0.00236056605011326
-0.002776814424563424
-0.01607049362410663
0.00036311963138381385
-0.005093697310774821
-0.000822421756434694
-0.0050423414530884015
0.00334979692343486
-0.006357386809323016
-0.0007087847880657763
-0.004674181358869749
0.00334979692343486
0.00236056605011326
0.0049097139972700925
-0.0034902580976872133
-0.00707440900626208
-0.004296583747858545
0.0042595864592842436
-0.0032463120376766464
0.0006518436319010382
-0.0015656599684583724
-0.010661917116897594
-0.004407054855789179
0.0038351578792718056
0.009056203646667113
0.0014428210742589297
-0.01131909536781412
0.0073782603847139085
0.0033070001887685724
-0.00025033240532029905
0.0033531065832039433
-0.0013971911104689457
-0.0015656599684583724
-0.006164715853595242
0.0014428210742589297
-0.010006789808132329
-0.0009526389148341072
0.005311733161007646
-0.0020460198033303524
-0.00265329795847232
-0.005852153276932308
-0.0034902580976872133
-0.011142290478073124
-0.007971746876125537
-0.005297612499873241
0.0008647089383144329
0.001813638685620487
0.00036311963138381385
-0.006885014002901204
-0.007947251615439507
-0.0034606093377182227
-0.006164715853595242
-0.018492457851844234
0.010652464919232373
-0.010661917116897594
-0.01765920479048482
-0.011510988158649559
-0.005871995337711932
-0.004381619153474561
-0.007955521721070754
0.0035273695903076116
-0.003434334300494249
-0.010415059890570736
-0.006563467056280444
-0.003386431240003613
-0.000822421756434694
0.001813638685620487
-0.004381619153474561
-0.011140444054622969
-0.007055248027563283
-0.002361216690727068
-0.004296583747858545
-0.000751069329414354
-0.0013567673244863014
-0.002776814424563424
-0.0009527426738594266
-0.0009527426738594266
0.010652464919232373
-0.006937692679433229
-0.007592647271510665
-0.0038721114892817494
0.0037306975717155077
-0.004728891994094524
-0.0009514222647668595
-0.010006789808132329
-0.007413946138944429
-0.0035968888482325583
-0.002775852945300858
0.0023926070249489866
-0.003002050380255865
0.001004150787029604
-0.005871995337711932
-0.00821167399405608
0.0073782603847139085
-0.010661917116897594
-0.008202947273244545
0.005311733161007646
0.0034150196878856226
-0.005093697310774821
-0.00265329795847232
-0.018492457851844234
-0.001646282320407581
-0.005297612499873241
0.0049097139972700925
0.0011368674269723771
-0.0031543985589350923
-0.01131909536781412
-0.003434334300494249
-0.006563467056280444
-0.0006558588645803813
-0.0035968888482325583
-0.007939800551272056
0.0035273695903076116
-0.007368432122587871
-0.0007087847880657763
-0.008081146560902586
-0.006563467056280444
0.0033070001887685724
0.010652464919232373
-0.000822421756434694
-0.0007087847880657763
-0.008081146560902586
0.006700904244435945
-0.004407054855789179
-0.007971746876125537
-0.00025033240532029905
-0.0013971911104689457
-0.013872722756469051
-0.007592647271510665
-0.005592767425519115
0.00334979692343486
0.0042595864592842436
-0.003146087990231702
-0.005297612499873241
-0.0014540973987647457
-0.0034606093377182227
-0.005852153276932308
-0.005925659998414774
-0.007055248027563283
0.0033884758392125932
0.0073782603847139085
-0.005871995337711932
-0.006563467056280444
0.0023926070249489866
-0.005297612499873241
-0.006772223028931054
-0.005093697310774821
-0.010661917116897594
-0.005297612499873241
0.00018746003179780527
-0.006772223028931054
0.0008699793610360031
-0.015099414336546869
-0.009180544736286659
-0.003002050380255865
0.006700904244435945
-0.008081146560902586
0.0026072022061232776
0.0037306975717155077
-0.00039997919901065
0.00036311963138381385
0.0033884758392125932
-0.007939800551272056
-0.000822421756434694
-0.002139769090535432
-0.009224054675538227
0.0008647089383144329
-0.0018811059861212245
0.0034150196878856226
-0.0020460198033303524
-0.007125999208150666
0.006607259814020377
-0.001646282320407581
0.0033884758392125932
-0.008574748909417852
0.006700904244435945
-0.01765920479048482
0.0033070001887685724
-0.00842106335772843
-0.002776814424563424
-0.007125999208150666
-0.001646282320407581
-0.0006558588645803813
-0.00039997919901065
0.0049097139972700925
-0.006937692679433229
0.0008647089383144329
-0.005297612499873241
-0.005297612499873241
0.0037306975717155077
-0.0013567673244863014
-0.000751069329414354
-0.0018811059861212245
-0.003386431240003613
-0.013656738954771023
-0.0006724750753259315
0.0023684547647195714
0.005696734441714268
0.0008020462436317749
-0.001646282320407581
0.0033070001887685724
-0.0034606093377182227
-0.009224054675538227
0.0042595864592842436
-0.002361216690727068
-0.0006724750753259315
-0.006574348442097305
0.0008647089383144329
0.0023926070249489866
-0.0009514222647668595
-0.0004246392573682871
-0.005297612499873241
0.00018746003179780527
-0.0018811059861212245
-0.005297612499873241
0.00036311963138381385
-0.003386431240003613
-0.0015656599684583724
-0.0031976875321717076
0.0037306975717155077
-0.0029920548544677106
-0.0029920548544677106
-0.0009527426738594266
-0.009576570098806558
-0.002361216690727068
0.00334979692343486
-0.01765920479048482
-0.01607049362410663
-0.010862950675638208
0.0033531065832039433
0.00334979692343486
-0.009224054675538227
0.0026072022061232776
0.00236056605011326
-0.007368432122587871
-0.004653243485513515
-0.0034902580976872133
-0.0014085060283446486
-0.005925659998414774
-0.0034902580976872133
-0.01607049362410663
-0.003386431240003613
-0.0036077924887293784
-0.003434334300494249
-0.007955521721070754
-0.0006558588645803813
-0.009224054675538227
-0.009295142329122843
-0.0006724750753259315
-0.006164715853595242
0.000695825555522646
-0.0037424210575892065
-0.006574348442097305
-0.011510988158649559
-0.013656738954771023
0.0008647089383144329
-0.0038512292214623275
-0.006164715853595242
-0.0013892806981451956
-0.0009526389148341072
-0.0013892806981451956
-0.009224054675538227
-0.0035968888482325583
-0.003146087990231702
0.0008699793610360031
0.005311733161007646
-0.0013971911104689457
-0.0006724750753259315
-0.0019815430228008885
-0.0035968888482325583
-0.0037424210575892065
-0.00821167399405608
0.005479235972056932
-0.0038512292214623275
-0.01607049362410663
0.001004150787029604
0.0033531065832039433
-0.004296583747858545
-0.006885014002901204
0.0033070001887685724
-0.006357386809323016
-0.0013892806981451956
-0.004728891994094524
-0.00821167399405608
-0.0018811059861212245
-0.01131909536781412
-0.006357386809323016
0.00019490470069527765
-0.01765920479048482
0.005479235972056932
-0.00039997919901065
-0.005871995337711932
-0.007592647271510665
-0.006937692679433229
-0.007125999208150666
-0.000751069329414354
-0.0013567673244863014
0.0049097139972700925
0.005696734441714268
0.0073782603847139085
-0.005925659998414774
-0.007592647271510665
-0.009295142329122843
0.005479235972056932
-0.007368432122587871
0.0073782603847139085
0.0042595864592842436
0.005696734441714268
-0.006937692679433229
-0.0013971911104689457
0.00036311963138381385
-0.006563467056280444
0.001004150787029604
-0.009294111900370274
-0.0034606093377182227
0.0011368674269723771
0.0034150196878856226
-0.002775852945300858
0.0011368674269723771
0.000695825555522646
0.0026072022061232776
0.0008647089383144329
-0.005773666396222676
0.0008699793610360031
0.0035273695903076116
0.009056203646667113
-0.006937692679433229
-0.006357386809323016
-0.0038721114892817494
0.0023926070249489866
-0.0015656599684583724
