-0.0087158024920687
0.0010491101375373268
0.0007415376141753865
0.00037538654617979493
0.003023466274691694
-0.00669665676330776
0.0039964596895041525
-0.004517988442372094
0.0011305665371068574
0.005109718219603362
0.0039964596895041525
0.001374500134077898
0.0007415376141753865
-0.006674346921748131
-0.006348873144888423
-0.007716430332449881
-0.0015183966010102368
0.0007415376141753865
0.0007415376141753865
-0.00182365255999927
-0.006674346921748131
-0.007696823446244149
0.005109718219603362
-0.004517988442372094
0.0011305665371068574
0.006459441174690755
-0.00669665676330776
-0.00182365255999927
0.006459441174690755
0.006459441174690755
0.0010491101375373268
-0.006348873144888423
0.00037538654617979493
-0.007716430332449881
-0.0087158024920687
-0.00669665676330776
4.927484242478165e-05
0.00037538654617979493
-0.004517988442372094
0.0010491101375373268
4.927484242478165e-05
-0.007696823446244149
-0.006236079045066689
-0.007716430332449881
0.0010491101375373268
0.003023466274691694
-0.007696823446244149
0.0039964596895041525
-0.0087158024920687
0.00112445213159433
0.0024203394409901486
-0.0015183966010102368
-0.00182365255999927
-0.006348873144888423
-0.0021420760651594674
-0.006236079045066689
0.00037538654617979493
0.009212088570441077
-0.006236079045066689
-0.0087158024920687
-0.006348873144888423
0.0010491101375373268
4.927484242478165e-05
0.009212088570441077
0.00112445213159433
0.009212088570441077
-0.004517988442372094
-0.0027860290171464455
0.0007415376141753865
-0.00669665676330776
-0.00182365255999927
-0.0087158024920687
-0.002157773284960094
4.927484242478165e-05
-0.007716430332449881
0.0010491101375373268
-0.007696823446244149
0.0010491101375373268
-0.0015183966010102368
-0.00669665676330776
0.00037538654617979493
0.00112445213159433
0.005821246296658825
0.0007415376141753865
0.0011305665371068574
-0.00669665676330776
0.00112445213159433
-0.0027860290171464455
0.005109718219603362
0.005109718219603362
4.927484242478165e-05
0.0007415376141753865
-0.006348873144888423
0.0010491101375373268
0.0007415376141753865
0.00112445213159433
-0.002157773284960094
-0.0015183966010102368
0.005109718219603362
0.005821246296658825
-0.0027860290171464455
0.0010491101375373268
0.00112445213159433
-0.00182365255999927
0.0007415376141753865
0.009212088570441077
0.003023466274691694
-0.0087158024920687
0.0010491101375373268
0.005569644485469178
0.005821246296658825
-0.002157773284960094
-0.006674346921748131
0.006459441174690755
-0.00182365255999927
-0.006674346921748131
-0.00669665676330776
0.003023466274691694
-0.0087158024920687
0.005569644485469178
-0.006348873144888423
-0.0015183966010102368
0.005821246296658825
0.006459441174690755
-0.007696823446244149
0.006459441174690755
-0.0027860290171464455
0.0007415376141753865
0.009212088570441077
0.005821246296658825
0.005109718219603362
0.009212088570441077
0.005821246296658825
-0.0021420760651594674
0.003023466274691694
0.0010491101375373268
0.001374500134077898
-0.0087158024920687
-0.006674346921748131
-0.006236079045066689
-0.002157773284960094
0.009212088570441077
0.0011305665371068574
-0.004517988442372094
-0.002157773284960094
-0.0087158024920687
-0.006236079045066689
0.00112445213159433
0.003023466274691694
0.0007415376141753865
-0.00182365255999927
0.001374500134077898
0.005109718219603362
0.005569644485469178
0.0007415376141753865
0.005569644485469178
-0.006674346921748131
-0.006236079045066689
-0.007716430332449881
0.0007415376141753865
-0.0027860290171464455
0.0010491101375373268
-0.002157773284960094
-0.0015183966010102368
0.00112445213159433
0.001374500134077898
0.005569644485469178
0.005109718219603362
-0.0087158024920687
0.009212088570441077
-0.0027860290171464455
-0.00669665676330776
0.005109718219603362
-0.0021420760651594674
-0.0021420760651594674
0.003023466274691694
-0.007696823446244149
-0.00182365255999927
0.00037538654617979493
-0.006348873144888423
0.005569644485469178
-0.002157773284960094
-0.007696823446244149
-0.0015183966010102368
0.006459441174690755
-0.007716430332449881
-0.0021420760651594674
0.0010491101375373268
0.001374500134077898
-0.007716430332449881
-0.0021420760651594674
-0.0027860290171464455
0.00037538654617979493
-0.006348873144888423
0.006459441174690755
0.001374500134077898
-0.006674346921748131
-0.002157773284960094
-0.006674346921748131
0.009212088570441077
0.005109718219603362
0.005569644485469178
-0.006674346921748131
-0.006236079045066689
0.005821246296658825
-0.0087158024920687
0.006459441174690755
-0.0087158024920687
-0.006674346921748131
-0.002157773284960094
0.005569644485469178
-0.006348873144888423
-0.006236079045066689
-0.007696823446244149
-0.0015183966010102368
0.0010491101375373268
0.005569644485469178
0.0010491101375373268
-0.0027860290171464455
-0.006236079045066689
-0.007696823446244149
-0.00182365255999927
0.005569644485469178
-0.0087158024920687
-0.006236079045066689
0.0007415376141753865
-0.007716430332449881
0.0011305665371068574
0.005109718219603362
-0.0015183966010102368
0.001374500134077898
-0.0015183966010102368
4.927484242478165e-05
0.009212088570441077
4.927484242478165e-05
-0.0021420760651594674
-0.007716430332449881
-0.0015183966010102368
0.009212088570441077
-0.0087158024920687
0.006459441174690755
-0.007696823446244149
-0.007696823446244149
-0.00669665676330776
0.006459441174690755
-0.002157773284960094
-0.0015183966010102368
-0.002157773284960094
0.009212088570441077
0.0011305665371068574
0.00037538654617979493
0.0011305665371068574
-0.006674346921748131
0.0007415376141753865
-0.00182365255999927
0.0010491101375373268
0.0024203394409901486
-0.00669665676330776
-0.0015183966010102368
0.005569644485469178
0.003023466274691694
0.005569644485469178
0.00037538654617979493
-0.006674346921748131
-0.006674346921748131
-0.0021420760651594674
0.0010491101375373268
0.005569644485469178
-0.004517988442372094
-0.006674346921748131
0.0010491101375373268
-0.006348873144888423
0.00037538654617979493
0.0024203394409901486
0.005569644485469178
0.0039964596895041525
0.0007415376141753865
0.0010491101375373268
-0.006236079045066689
-0.006674346921748131
0.0011305665371068574
0.005569644485469178
0.0011305665371068574
-0.007716430332449881
0.009212088570441077
-0.007696823446244149
0.003023466274691694
0.00037538654617979493
0.0011305665371068574
0.00037538654617979493
0.001374500134077898
0.0024203394409901486
0.003023466274691694
4.927484242478165e-05
-0.006674346921748131
-0.0087158024920687
0.003023466274691694
0.0024203394409901486
0.005821246296658825
0.003023466274691694
0.0010491101375373268
0.00112445213159433
-0.0027860290171464455
-0.0027860290171464455
-0.007696823446244149
-0.002157773284960094
-0.006348873144888423
0.005821246296658825
-0.0015183966010102368
0.0024203394409901486
0.00037538654617979493
0.0010491101375373268
-0.00182365255999927
-0.0087158024920687
0.006459441174690755
0.0007415376141753865
0.0024203394409901486
0.005109718219603362
0.0024203394409901486
-0.00182365255999927
-0.0087158024920687
-0.0087158024920687
-0.006674346921748131
0.005109718219603362
-0.0027860290171464455
-0.00669665676330776
-0.00669665676330776
-0.006348873144888423
-0.006674346921748131
-0.00669665676330776
0.00112445213159433
0.006459441174690755
0.006459441174690755
0.0039964596895041525
0.0007415376141753865
-0.002157773284960094
-0.002157773284960094
-0.0087158024920687
-0.0021420760651594674
0.0007415376141753865
0.0024203394409901486
-0.0015183966010102368
0.003023466274691694
-0.002157773284960094
0.00112445213159433
0.0039964596895041525
-0.007716430332449881
0.0039964596895041525
0.003023466274691694
0.00112445213159433
0.0024203394409901486
0.003023466274691694
0.006459441174690755
0.005821246296658825
-0.0087158024920687
0.00037538654617979493
-0.002157773284960094
-0.0015183966010102368
0.00037538654617979493
-0.0021420760651594674
0.0007415376141753865
-0.006236079045066689
0.0010491101375373268
0.006459441174690755
0.00037538654617979493
-0.007716430332449881
-0.0087158024920687
-0.007696823446244149
0.0039964596895041525
-0.0021420760651594674
0.0011305665371068574
-0.006348873144888423
-0.006674346921748131
-0.006674346921748131
0.00112445213159433
-0.007696823446244149
-0.00669665676330776
0.006459441174690755
0.0010491101375373268
0.0011305665371068574
0.005569644485469178
0.005569644485469178
0.0024203394409901486
0.0010491101375373268
0.00112445213159433
-0.007696823446244149
-0.00182365255999927
0.00037538654617979493
-0.006348873144888423
-0.0027860290171464455
0.00112445213159433
0.00112445213159433
0.003023466274691694
0.009212088570441077
0.0010491101375373268
0.00037538654617979493
-0.00182365255999927
0.0039964596895041525
-0.006348873144888423
0.0007415376141753865
-0.0015183966010102368
-0.006236079045066689
-0.006236079045066689
-0.0021420760651594674
0.0024203394409901486
0.009212088570441077
-0.00182365255999927
0.009212088570441077
-0.004517988442372094
0.005109718219603362
0.0011305665371068574
0.005569644485469178
0.003023466274691694
0.0011305665371068574
-0.0015183966010102368
-0.006348873144888423
-0.006674346921748131
0.005109718219603362
0.003023466274691694
0.009212088570441077
-0.00669665676330776
-0.00669665676330776
-0.0027860290171464455
0.00112445213159433
0.005821246296658825
0.0024203394409901486
-0.006236079045066689
-0.0027860290171464455
0.003023466274691694
-0.0027860290171464455
-0.007696823446244149
0.009212088570441077
4.927484242478165e-05
-0.0027860290171464455
0.0011305665371068574
-0.002157773284960094
-0.007716430332449881
0.005569644485469178
-0.006236079045066689
0.00112445213159433
-0.0087158024920687
4.927484242478165e-05
0.0039964596895041525
0.005821246296658825
0.005569644485469178
-0.0015183966010102368
-0.0015183966010102368
-0.00182365255999927
-0.0021420760651594674
0.005109718219603362
0.003023466274691694
0.005569644485469178
0.009212088570441077
-0.002157773284960094
-0.007696823446244149
0.005569644485469178
0.005569644485469178
0.00112445213159433
-0.0027860290171464455
-0.0021420760651594674
0.009212088570441077
0.001374500134077898
0.009212088570441077
0.005569644485469178
0.009212088570441077
0.0039964596895041525
0.00037538654617979493
0.00112445213159433
-0.007696823446244149
0.005109718219603362
0.0011305665371068574
-0.0015183966010102368
0.0024203394409901486
-0.0087158024920687
-0.007716430332449881
-0.006236079045066689
0.00112445213159433
0.0011305665371068574
-0.006674346921748131
-0.00182365255999927
0.009212088570441077
0.00112445213159433
0.00112445213159433
0.009212088570441077
-0.007696823446244149
0.001374500134077898
-0.00182365255999927
0.006459441174690755
0.0011305665371068574
0.0010491101375373268
0.00112445213159433
-0.007716430332449881
0.00112445213159433
-0.0021420760651594674
0.00037538654617979493
-0.006674346921748131
0.0039964596895041525
-0.007696823446244149
0.0024203394409901486
4.927484242478165e-05
4.927484242478165e-05
-0.0027860290171464455
0.00037538654617979493
0.003023466274691694
0.005109718219603362
-0.0015183966010102368
0.003023466274691694
0.006459441174690755
-0.0015183966010102368
-0.0087158024920687
0.005569644485469178
-0.0015183966010102368
-0.007716430332449881
4.927484242478165e-05
-0.006236079045066689
0.0011305665371068574
0.001374500134077898
-0.00669665676330776
-0.0027860290171464455
0.009212088570441077
0.0011305665371068574
-0.0021420760651594674
-0.0027860290171464455
0.00112445213159433
-0.007716430332449881
0.005821246296658825
-0.006236079045066689
-0.007716430332449881
-0.00182365255999927
0.00037538654617979493
0.003023466274691694
0.0007415376141753865
-0.007696823446244149
-0.00669665676330776
0.0007415376141753865
0.0010491101375373268
0.00037538654617979493
-0.00669665676330776
0.0011305665371068574
0.005821246296658825
0.005821246296658825
0.0010491101375373268
-0.0015183966010102368
-0.004517988442372094
0.00037538654617979493
-0.006236079045066689
-0.0021420760651594674
-0.0027860290171464455
0.009212088570441077
0.005821246296658825
-0.0015183966010102368
-0.007696823446244149
0.0039964596895041525
-0.006236079045066689
-0.0087158024920687
-0.007696823446244149
-0.004517988442372094
0.00037538654617979493
0.001374500134077898
0.005569644485469178
0.0011305665371068574
-0.0087158024920687
0.005569644485469178
-0.006348873144888423
-0.00182365255999927
0.005821246296658825
-0.004517988442372094
-0.0027860290171464455
-0.0087158024920687
0.009212088570441077
4.927484242478165e-05
0.00037538654617979493
0.001374500134077898
-0.00669665676330776
-0.0027860290171464455
-0.0021420760651594674
0.0024203394409901486
-0.006236079045066689
0.005821246296658825
0.0039964596895041525
-0.0027860290171464455
0.006459441174690755
0.005569644485469178
0.005569644485469178
-0.007716430332449881
-0.0027860290171464455
-0.0087158024920687
-0.0087158024920687
-0.0021420760651594674
0.005109718219603362
0.0039964596895041525
0.003023466274691694
0.0007415376141753865
0.005821246296658825
0.001374500134077898
-0.004517988442372094
-0.006348873144888423
-0.00669665676330776
0.005109718219603362
0.009212088570441077
0.003023466274691694
-0.007696823446244149
-0.00182365255999927
-0.0021420760651594674
-0.0027860290171464455
0.0024203394409901486
0.00037538654617979493
0.005821246296658825
0.0007415376141753865
-0.0027860290171464455
0.00037538654617979493
-0.0027860290171464455
-0.004517988442372094
-0.0027860290171464455
-0.00669665676330776
0.003023466274691694
-0.006674346921748131
0.005569644485469178
0.003023466274691694
-0.007716430332449881
0.0011305665371068574
0.005569644485469178
0.00112445213159433
0.0024203394409901486
0.005109718219603362
-0.007716430332449881
0.0039964596895041525
-0.002157773284960094
0.006459441174690755
0.0011305665371068574
-0.006236079045066689
0.005569644485469178
-0.002157773284960094
-0.0027860290171464455
0.005821246296658825
0.00037538654617979493
0.005109718219603362
0.00037538654617979493
-0.0021420760651594674
0.005109718219603362
-0.00669665676330776
-0.002157773284960094
-0.0027860290171464455
0.001374500134077898
-0.0021420760651594674
-0.004517988442372094
0.0007415376141753865
0.003023466274691694
-0.007716430332449881
0.0039964596895041525
-0.0027860290171464455
-0.007696823446244149
-0.006674346921748131
-0.002157773284960094
0.0007415376141753865
0.0039964596895041525
0.005109718219603362
0.009212088570441077
0.001374500134077898
-0.006236079045066689
-0.006674346921748131
-0.0087158024920687
-0.006674346921748131
-0.0021420760651594674
-0.006236079045066689
-0.00669665676330776
-0.002157773284960094
0.001374500134077898
-0.007696823446244149
4.927484242478165e-05
0.003023466274691694
0.003023466274691694
0.00112445213159433
-0.007716430332449881
4.927484242478165e-05
0.0010491101375373268
0.0007415376141753865
0.005569644485469178
0.003023466274691694
-0.0027860290171464455
0.0007415376141753865
-0.0027860290171464455
0.005109718219603362
0.0007415376141753865
0.003023466274691694
0.009212088570441077
0.0007415376141753865
0.003023466274691694
0.0010491101375373268
0.009212088570441077
0.0011305665371068574
0.0007415376141753865
-0.0021420760651594674
-0.007716430332449881
-0.006674346921748131
0.005109718219603362
-0.00669665676330776
-0.0027860290171464455
-0.0015183966010102368
0.006459441174690755
-0.006236079045066689
-0.0087158024920687
-0.0021420760651594674
-0.007696823446244149
-0.006236079045066689
0.0011305665371068574
0.006459441174690755
0.003023466274691694
-0.006236079045066689
0.005109718219603362
-0.0015183966010102368
0.003023466274691694
0.001374500134077898
-0.007696823446244149
-0.007716430332449881
-0.0021420760651594674
0.0024203394409901486
-0.006236079045066689
0.00037538654617979493
0.0039964596895041525
0.006459441174690755
-0.0027860290171464455
0.005109718219603362
-0.00669665676330776
-0.00669665676330776
-0.00182365255999927
-0.0027860290171464455
0.00112445213159433
-0.0015183966010102368
0.00037538654617979493
0.003023466274691694
0.003023466274691694
-0.0021420760651594674
-0.006348873144888423
0.0024203394409901486
0.0007415376141753865
-0.004517988442372094
-0.006348873144888423
0.005821246296658825
0.00112445213159433
0.0010491101375373268
4.927484242478165e-05
-0.006236079045066689
0.005109718219603362
-0.0087158024920687
4.927484242478165e-05
4.927484242478165e-05
-0.0015183966010102368
-0.0027860290171464455
-0.007696823446244149
-0.002157773284960094
0.0024203394409901486
0.005569644485469178
0.005109718219603362
-0.0087158024920687
0.00112445213159433
-0.002157773284960094
-0.006674346921748131
0.001374500134077898
0.005821246296658825
0.0011305665371068574
-0.006674346921748131
0.005821246296658825
-0.006674346921748131
-0.00669665676330776
0.00112445213159433
0.003023466274691694
0.005109718219603362
0.0039964596895041525
0.00112445213159433
0.009212088570441077
-0.006348873144888423
0.005109718219603362
0.0024203394409901486
0.0007415376141753865
0.001374500134077898
-0.006236079045066689
0.009212088570441077
0.003023466274691694
-0.0027860290171464455
-0.0087158024920687
0.0011305665371068574
-0.004517988442372094
0.003023466274691694
0.0011305665371068574
-0.007716430332449881
-0.007696823446244149
0.005569644485469178
0.005569644485469178
0.00112445213159433
-0.00182365255999927
0.005821246296658825
-0.007716430332449881
-0.0087158024920687
-0.002157773284960094
-0.0027860290171464455
-0.002157773284960094
-0.007716430332449881
0.005569644485469178
0.005569644485469178
-0.00182365255999927
4.927484242478165e-05
0.0039964596895041525
-0.006674346921748131
-0.0015183966010102368
0.0011305665371068574
0.001374500134077898
0.003023466274691694
0.0010491101375373268
0.005569644485469178
0.003023466274691694
4.927484242478165e-05
0.005821246296658825
0.003023466274691694
0.0007415376141753865
0.005569644485469178
0.0010491101375373268
-0.006348873144888423
-0.0021420760651594674
0.005569644485469178
-0.0027860290171464455
-0.006674346921748131
-0.006348873144888423
-0.006348873144888423
0.00112445213159433
0.0039964596895041525
0.009212088570441077
0.00037538654617979493
-0.00182365255999927
-0.006236079045066689
-0.007716430332449881
-0.0027860290171464455
0.00037538654617979493
-0.002157773284960094
0.0024203394409901486
-0.002157773284960094
0.005821246296658825
-0.007696823446244149
0.005109718219603362
0.006459441174690755
0.0011305665371068574
-0.00182365255999927
0.00037538654617979493
-0.00182365255999927
0.005569644485469178
0.00037538654617979493
0.00112445213159433
-0.004517988442372094
0.00037538654617979493
0.001374500134077898
0.005821246296658825
0.0024203394409901486
-0.0015183966010102368
-0.007696823446244149
-0.007716430332449881
-0.0021420760651594674
-0.006348873144888423
-0.006348873144888423
0.009212088570441077
0.0011305665371068574
0.005109718219603362
0.0039964596895041525
-0.002157773284960094
4.927484242478165e-05
0.0024203394409901486
0.0039964596895041525
0.006459441174690755
0.00037538654617979493
0.0011305665371068574
-0.0027860290171464455
-0.00669665676330776
-0.0087158024920687
0.003023466274691694
0.0024203394409901486
0.009212088570441077
-0.007696823446244149
-0.006236079045066689
0.00112445213159433
0.00112445213159433
-0.0015183966010102368
0.005109718219603362
-0.006236079045066689
0.005821246296658825
0.0024203394409901486
4.927484242478165e-05
-0.0027860290171464455
0.006459441174690755
4.927484242478165e-05
-0.002157773284960094
0.0039964596895041525
0.005569644485469178
0.005821246296658825
0.0007415376141753865
-0.004517988442372094
-0.0015183966010102368
-0.0027860290171464455
-0.007696823446244149
0.0039964596895041525
-0.007716430332449881
-0.0015183966010102368
-0.00182365255999927
-0.007696823446244149
0.001374500134077898
0.0024203394409901486
-0.00182365255999927
-0.007716430332449881
-0.00182365255999927
4.927484242478165e-05
0.009212088570441077
-0.007716430332449881
-0.0015183966010102368
-0.004517988442372094
0.003023466274691694
-0.007696823446244149
-0.0021420760651594674
0.005109718219603362
0.009212088570441077
0.005109718219603362
0.006459441174690755
0.0007415376141753865
0.003023466274691694
4.927484242478165e-05
0.0007415376141753865
-0.0027860290171464455
-0.006674346921748131
-0.006674346921748131
-0.006348873144888423
0.0010491101375373268
0.001374500134077898
0.005109718219603362
-0.006348873144888423
4.927484242478165e-05
-0.006674346921748131
0.005821246296658825
0.0024203394409901486
-0.004517988442372094
4.927484242478165e-05
-0.006674346921748131
-0.0087158024920687
0.0011305665371068574
-0.006348873144888423
-0.00669665676330776
0.0007415376141753865
0.005569644485469178
0.006459441174690755
-0.00669665676330776
-0.002157773284960094
-0.006674346921748131
0.0039964596895041525
-0.0015183966010102368
-0.0015183966010102368
-0.002157773284960094
0.009212088570441077
4.927484242478165e-05
0.0007415376141753865
0.001374500134077898
0.0007415376141753865
-0.002157773284960094
-0.006236079045066689
-0.007696823446244149
0.005821246296658825
-0.0015183966010102368
-0.007716430332449881
-0.00182365255999927
0.005821246296658825
-0.0087158024920687
0.0011305665371068574
0.00112445213159433
0.0024203394409901486
-0.006348873144888423
-0.002157773284960094
0.005569644485469178
-0.006236079045066689
0.0024203394409901486
0.009212088570441077
-0.0087158024920687
-0.00182365255999927
0.009212088570441077
0.001374500134077898
0.006459441174690755
0.00112445213159433
-0.002157773284960094
-0.007716430332449881
0.006459441174690755
0.001374500134077898
0.0011305665371068574
-0.0087158024920687
0.003023466274691694
-0.0015183966010102368
-0.00182365255999927
0.005109718219603362
0.005569644485469178
0.0011305665371068574
0.005821246296658825
-0.00669665676330776
0.00112445213159433
-0.006674346921748131
0.009212088570441077
0.0011305665371068574
0.005569644485469178
