-0.021426260823783565
-0.000229479912279627
-0.033623748720952196
-0.015042499725215921
-0.00820816913352794
-0.004828394565947238
-0.02634169437997874
-0.013595041259332256
-0.007512125255163896
-0.014755746630034811
-0.007512125255163896
-0.015929603949594015
-0.006624713705790071
0.010801004324020477
0.014692661038520257
0.00037895539117283945
9.391714893152236e-05
-0.009126256588158247
0.014782661913765793
-0.020596253895814907
0.004186984840724316
9.391714893152236e-05
-0.020596253895814907
-0.017024639934536862
-0.004828394565947238
-0.017008633172042636
-0.012195909647290743
-0.01121206870905656
-0.017008633172042636
-0.021426260823783565
-0.003360506459432106
-0.02608317713330287
-0.004778989266393707
-0.0026124853257089085
-0.004207475378168274
-0.011551890019446844
-0.009126256588158247
-0.012195909647290743
-0.015054628463648372
0.015437210487228736
0.015437210487228736
-0.000229479912279627
-0.03362339113026654
9.391714893152236e-05
9.391714893152236e-05
-0.017008633172042636
-0.006984709597486613
-0.0026124853257089085
-0.010410041592767793
-0.015054628463648372
0.010801004324020477
-0.015042499725215921
-0.003360506459432106
-0.015929603949594015
-0.006984709597486613
-0.01121206870905656
-0.020596253895814907
0.005654040089707729
-0.00820816913352794
-0.009126256588158247
-0.004828394565947238
-0.013595041259332256
0.00037895539117283945
0.00037895539117283945
-0.012195909647290743
-0.01121206870905656
-0.02692070317230104
-0.0171751246651158
0.014692661038520257
-0.023978486622717628
0.014692661038520257
-0.014755746630034811
-0.017024639934536862
-0.007512125255163896
-0.017008633172042636
-0.000229479912279627
-0.006624713705790071
-0.004778989266393707
-0.0323332049516848
-0.004778989266393707
0.014692661038520257
-0.02634169437997874
-0.02692070317230104
-0.004778989266393707
-0.017008633172042636
-0.007512125255163896
0.010801004324020477
-0.0323332049516848
-0.004778989266393707
-0.04594588878292122
0.004186984840724316
-0.010410041592767793
0.014692661038520257
-0.015054628463648372
-0.0006157148093397899
-0.004207475378168274
-0.013412614162802459
-0.020825716882046555
-0.02608317713330287
0.0038694229974686857
-0.013137257847628135
-0.032357036218555804
-0.020688072689621605
-0.016312392197208758
-0.02608317713330287
-0.003360506459432106
-0.000229479912279627
0.0038694229974686857
-0.0026124853257089085
-0.021426260823783565
0.014692661038520257
-0.028794596463939306
-0.020825716882046555
-0.04594588878292122
-0.012195909647290743
-0.012195909647290743
-0.004828394565947238
-0.020688072689621605
-0.004207475378168274
-0.009644502321311685
-0.021426260823783565
-0.033623748720952196
-0.016312392197208758
-0.006624713705790071
-0.0006157148093397899
0.014692661038520257
-0.013595041259332256
-0.0026124853257089085
-0.028794596463939306
-0.015929603949594015
-0.006624713705790071
-0.008678150319960384
9.368828429586773e-05
-0.0006157148093397899
-0.0006157148093397899
-0.00820816913352794
-0.03362339113026654
-0.003360506459432106
-0.004828394565947238
0.004186984840724316
-0.022113650618346248
-0.004828394565947238
-0.006984709597486613
-0.010410041592767793
-0.021426260823783565
-0.0006157148093397899
-0.023978486622717628
-0.0171751246651158
0.00037895539117283945
9.391714893152236e-05
0.005654040089707729
0.004186984840724316
0.014782661913765793
-0.015042499725215921
-0.009126256588158247
-0.0026124853257089085
0.014782661913765793
-0.020596253895814907
-0.008678150319960384
-0.010410041592767793
-0.006984709597486613
-0.008678150319960384
0.005654040089707729
-0.0171751246651158
-0.02636666383863877
-0.016312392197208758
-0.004778989266393707
-0.033623748720952196
0.010801004324020477
-0.015929603949594015
0.005654040089707729
-0.015042499725215921
-0.028794596463939306
-0.013137257847628135
-0.000229479912279627
-0.017008633172042636
-0.020825716882046555
0.005654040089707729
-0.008678150319960384
-0.010410041592767793
-0.028794596463939306
-0.006624713705790071
-0.004207475378168274
-0.02692070317230104
-0.02692070317230104
-0.015929603949594015
-0.016312392197208758
-0.017024639934536862
-0.003360506459432106
-0.023978486622717628
-0.000229479912279627
-0.0323332049516848
-0.010410041592767793
-0.01789357898806165
-0.01789357898806165
-0.0323332049516848
9.368828429586773e-05
-0.011551890019446844
-0.032357036218555804
0.00037895539117283945
9.368828429586773e-05
-0.033623748720952196
-0.04594588878292122
9.368828429586773e-05
-0.015054628463648372
0.00037895539117283945
-0.017024639934536862
-0.011551890019446844
-0.004207475378168274
-0.013137257847628135
-0.004778989266393707
-0.032357036218555804
0.005654040089707729
-0.04594588878292122
-0.013595041259332256
-0.0026124853257089085
-0.03362339113026654
-0.015042499725215921
-0.000229479912279627
-0.02608317713330287
-0.010410041592767793
-0.02692070317230104
0.0038694229974686857
-0.0006157148093397899
-0.00820816913352794
-0.01121206870905656
-0.015929603949594015
-0.00820816913352794
-0.011551890019446844
0.015437210487228736
9.391714893152236e-05
-0.0171751246651158
-0.007512125255163896
0.010801004324020477
-0.015929603949594015
-0.015054628463648372
-0.022113650618346248
-0.011551890019446844
0.005654040089707729
-0.003360506459432106
-0.004778989266393707
-0.004778989266393707
9.368828429586773e-05
-0.020825716882046555
0.015437210487228736
0.014692661038520257
0.014782661913765793
-0.020688072689621605
-0.006624713705790071
-0.0006157148093397899
-0.028794596463939306
-0.020825716882046555
0.004186984840724316
-0.033623748720952196
-0.009644502321311685
-0.023978486622717628
-0.013412614162802459
-0.0006157148093397899
0.005654040089707729
0.015437210487228736
-0.013412614162802459
-0.03362339113026654
-0.014755746630034811
-0.004207475378168274
-0.03362339113026654
-0.012195909647290743
-0.013412614162802459
-0.006984709597486613
-0.010410041592767793
-0.02636666383863877
-0.017024639934536862
-0.020596253895814907
-0.015042499725215921
-0.013595041259332256
-0.015929603949594015
-0.013137257847628135
-0.003360506459432106
-0.01789357898806165
-0.02634169437997874
-0.02608317713330287
-0.006624713705790071
-0.02634169437997874
0.0038694229974686857
-0.02608317713330287
-0.0171751246651158
-0.01789357898806165
-0.013412614162802459
-0.013595041259332256
0.014692661038520257
-0.000229479912279627
0.0007589825206014514
0.005654040089707729
-0.02608317713330287
-0.00693249495219755
-0.020825716882046555
0.0007589825206014514
-0.011551890019446844
-0.009126256588158247
-0.009126256588158247
0.0038694229974686857
0.015437210487228736
9.391714893152236e-05
-0.020688072689621605
0.005654040089707729
-0.020825716882046555
-0.020688072689621605
-0.03362339113026654
-0.00693249495219755
-0.03362339113026654
-0.02692070317230104
0.014782661913765793
-0.020596253895814907
-0.028794596463939306
-0.033623748720952196
0.004186984840724316
-0.016312392197208758
-0.006984709597486613
-0.014755746630034811
0.010801004324020477
-0.021426260823783565
-0.028794596463939306
-0.000229479912279627
-0.004207475378168274
-0.0171751246651158
-0.012195909647290743
-0.022113650618346248
-0.009644502321311685
-0.028794596463939306
-0.00820816913352794
-0.004778989266393707
-0.02634169437997874
0.014692661038520257
-0.015042499725215921
-0.0026124853257089085
-0.015042499725215921
-0.015929603949594015
-0.033623748720952196
-0.0026124853257089085
-0.004828394565947238
-0.023978486622717628
-0.008678150319960384
-0.008678150319960384
-0.003360506459432106
-0.004828394565947238
-0.006984709597486613
0.004186984840724316
-0.015929603949594015
-0.02608317713330287
-0.004207475378168274
-0.00693249495219755
-0.007512125255163896
-0.003360506459432106
0.004186984840724316
-0.013595041259332256
-0.009644502321311685
-0.023978486622717628
-0.004828394565947238
-0.0026124853257089085
-0.013595041259332256
-0.00693249495219755
-0.02692070317230104
0.0038694229974686857
-0.006984709597486613
-0.014755746630034811
0.010801004324020477
-0.009644502321311685
-0.009644502321311685
-0.020596253895814907
9.368828429586773e-05
-0.03362339113026654
-0.016312392197208758
-0.021426260823783565
-0.01789357898806165
-0.009644502321311685
-0.01121206870905656
-0.021426260823783565
-0.004207475378168274
0.0007589825206014514
0.004186984840724316
-0.004778989266393707
-0.02634169437997874
-0.010410041592767793
0.00037895539117283945
-0.011551890019446844
-0.021426260823783565
-0.02608317713330287
-0.00820816913352794
-0.033623748720952196
-0.01789357898806165
-0.00693249495219755
-0.033623748720952196
0.0007589825206014514
-0.020825716882046555
-0.0171751246651158
-0.004828394565947238
-0.013137257847628135
-0.015054628463648372
-0.02608317713330287
9.391714893152236e-05
-0.013595041259332256
-0.0026124853257089085
0.00037895539117283945
0.0038694229974686857
0.014692661038520257
0.014692661038520257
-0.023978486622717628
-0.04594588878292122
-0.008678150319960384
-0.022113650618346248
-0.000229479912279627
-0.009126256588158247
-0.022113650618346248
-0.009126256588158247
-0.000229479912279627
-0.013412614162802459
-0.015054628463648372
-0.023978486622717628
-0.015042499725215921
-0.02692070317230104
-0.02608317713330287
-0.013137257847628135
-0.02634169437997874
-0.023978486622717628
-0.023978486622717628
-0.023978486622717628
-0.0006157148093397899
-0.013137257847628135
-0.000229479912279627
-0.02634169437997874
-0.020825716882046555
-0.02692070317230104
-0.01121206870905656
-0.0006157148093397899
-0.017024639934536862
-0.033623748720952196
-0.015042499725215921
0.00037895539117283945
-0.013595041259332256
-0.000229479912279627
-0.020688072689621605
-0.02636666383863877
-0.020596253895814907
-0.02636666383863877
-0.013412614162802459
-0.028794596463939306
-0.006984709597486613
-0.000229479912279627
-0.023978486622717628
9.391714893152236e-05
-0.028794596463939306
-0.032357036218555804
-0.01121206870905656
-0.010410041592767793
-0.04594588878292122
0.014692661038520257
9.368828429586773e-05
-0.01121206870905656
-0.014755746630034811
-0.008678150319960384
-0.0006157148093397899
-0.010410041592767793
-0.016312392197208758
-0.004778989266393707
-0.007512125255163896
-0.01789357898806165
-0.008678150319960384
-0.023978486622717628
-0.012195909647290743
-0.012195909647290743
-0.012195909647290743
-0.023978486622717628
-0.013595041259332256
-0.00820816913352794
-0.04594588878292122
-0.022113650618346248
-0.02634169437997874
0.004186984840724316
-0.013595041259332256
-0.017024639934536862
-0.015929603949594015
-0.02634169437997874
-0.020825716882046555
-0.000229479912279627
0.014692661038520257
-0.007512125255163896
-0.012195909647290743
-0.021426260823783565
-0.02608317713330287
-0.0323332049516848
0.014692661038520257
0.004186984840724316
-0.01121206870905656
-0.02636666383863877
0.004186984840724316
-0.02608317713330287
-0.008678150319960384
-0.017024639934536862
0.010801004324020477
-0.033623748720952196
-0.02634169437997874
9.391714893152236e-05
-0.02608317713330287
0.00037895539117283945
0.014692661038520257
0.0007589825206014514
-0.02636666383863877
-0.006984709597486613
-0.0171751246651158
-0.02636666383863877
-0.009644502321311685
0.014692661038520257
0.0007589825206014514
-0.022113650618346248
-0.015042499725215921
-0.016312392197208758
0.014782661913765793
-0.013595041259332256
0.005654040089707729
-0.006984709597486613
-0.02634169437997874
-0.020825716882046555
0.010801004324020477
-0.020825716882046555
-0.02634169437997874
-0.012195909647290743
0.014692661038520257
-0.009644502321311685
-0.009126256588158247
-0.020688072689621605
0.014692661038520257
-0.004778989266393707
-0.008678150319960384
-0.004828394565947238
0.014782661913765793
-0.01121206870905656
-0.014755746630034811
-0.01789357898806165
-0.015042499725215921
-0.028794596463939306
0.014692661038520257
0.015437210487228736
-0.00693249495219755
-0.016312392197208758
-0.016312392197208758
-0.007512125255163896
-0.004207475378168274
-0.02634169437997874
-0.020825716882046555
-0.010410041592767793
-0.003360506459432106
-0.014755746630034811
-0.0171751246651158
-0.0171751246651158
9.368828429586773e-05
-0.01121206870905656
-0.006624713705790071
-0.015042499725215921
-0.000229479912279627
-0.0026124853257089085
0.00037895539117283945
-0.0006157148093397899
0.015437210487228736
9.368828429586773e-05
-0.011551890019446844
-0.010410041592767793
-0.0323332049516848
0.0007589825206014514
-0.0026124853257089085
9.391714893152236e-05
-0.02608317713330287
-0.0026124853257089085
-0.012195909647290743
-0.013595041259332256
-0.022113650618346248
-0.009644502321311685
0.0007589825206014514
-0.011551890019446844
-0.015054628463648372
-0.020688072689621605
-0.007512125255163896
-0.012195909647290743
-0.020596253895814907
-0.04594588878292122
0.0038694229974686857
-0.04594588878292122
0.014692661038520257
-0.006624713705790071
-0.004778989266393707
-0.00693249495219755
-0.017024639934536862
-0.009126256588158247
0.00037895539117283945
-0.004207475378168274
-0.0026124853257089085
-0.02634169437997874
-0.022113650618346248
-0.009126256588158247
-0.01121206870905656
-0.015054628463648372
-0.02636666383863877
-0.0006157148093397899
0.014782661913765793
-0.03362339113026654
0.004186984840724316
-0.020825716882046555
-0.01789357898806165
9.368828429586773e-05
0.00037895539117283945
-0.020596253895814907
0.014692661038520257
-0.03362339113026654
-0.01789357898806165
-0.014755746630034811
-0.017024639934536862
-0.017008633172042636
0.015437210487228736
-0.022113650618346248
-0.017008633172042636
-0.00820816913352794
-0.013137257847628135
-0.020596253895814907
-0.00693249495219755
-0.032357036218555804
-0.0171751246651158
-0.0323332049516848
0.005654040089707729
-0.033623748720952196
-0.009126256588158247
-0.032357036218555804
-0.014755746630034811
-0.02608317713330287
-0.013412614162802459
-0.000229479912279627
-0.022113650618346248
-0.0171751246651158
-0.020825716882046555
0.005654040089707729
-0.006984709597486613
-0.013412614162802459
-0.032357036218555804
-0.006984709597486613
-0.0323332049516848
0.00037895539117283945
-0.000229479912279627
-0.028794596463939306
-0.006624713705790071
-0.004828394565947238
-0.011551890019446844
-0.032357036218555804
-0.0026124853257089085
-0.0171751246651158
-0.000229479912279627
-0.016312392197208758
0.005654040089707729
-0.010410041592767793
-0.015042499725215921
-0.011551890019446844
0.004186984840724316
-0.012195909647290743
-0.020825716882046555
-0.01789357898806165
-0.0026124853257089085
9.391714893152236e-05
0.0007589825206014514
0.00037895539117283945
-0.0171751246651158
0.014692661038520257
-0.013595041259332256
-0.02634169437997874
-0.007512125255163896
-0.00693249495219755
-0.02634169437997874
0.0007589825206014514
0.00037895539117283945
0.0007589825206014514
-0.011551890019446844
-0.03362339113026654
0.004186984840724316
9.368828429586773e-05
-0.013137257847628135
-0.020688072689621605
-0.003360506459432106
-0.0026124853257089085
-0.01121206870905656
-0.020688072689621605
-0.02608317713330287
-0.015042499725215921
-0.013595041259332256
0.00037895539117283945
-0.013412614162802459
-0.022113650618346248
0.0038694229974686857
-0.0171751246651158
-0.006624713705790071
-0.01789357898806165
-0.004828394565947238
0.014692661038520257
-0.000229479912279627
-0.006624713705790071
-0.006624713705790071
-0.00693249495219755
-0.0171751246651158
0.010801004324020477
9.391714893152236e-05
-0.01121206870905656
-0.004778989266393707
-0.020688072689621605
-0.016312392197208758
0.010801004324020477
-0.02636666383863877
-0.032357036218555804
0.015437210487228736
-0.020688072689621605
0.014692661038520257
0.010801004324020477
0.014692661038520257
-0.0323332049516848
-0.008678150319960384
-0.017024639934536862
-0.00820816913352794
0.014692661038520257
-0.0006157148093397899
-0.02692070317230104
0.0038694229974686857
-0.011551890019446844
9.368828429586773e-05
-0.013595041259332256
-0.012195909647290743
-0.000229479912279627
-0.0323332049516848
-0.023978486622717628
-0.011551890019446844
-0.004828394565947238
-0.015042499725215921
-0.013595041259332256
-0.015042499725215921
0.004186984840724316
-0.00820816913352794
-0.017008633172042636
-0.020596253895814907
-0.020825716882046555
-0.004778989266393707
-0.02608317713330287
0.0038694229974686857
-0.020825716882046555
-0.01789357898806165
-0.013137257847628135
-0.0026124853257089085
-0.004828394565947238
-0.02608317713330287
0.00037895539117283945
-0.004207475378168274
-0.017024639934536862
-0.023978486622717628
-0.033623748720952196
-0.007512125255163896
-0.008678150319960384
-0.012195909647290743
-0.010410041592767793
-0.020688072689621605
-0.015929603949594015
-0.009644502321311685
-0.017024639934536862
-0.016312392197208758
-0.020825716882046555
-0.032357036218555804
-0.032357036218555804
-0.013412614162802459
-0.012195909647290743
-0.01789357898806165
-0.015042499725215921
-0.017008633172042636
-0.02692070317230104
-0.02608317713330287
-0.014755746630034811
0.0038694229974686857
-0.022113650618346248
-0.014755746630034811
0.0007589825206014514
-0.02634169437997874
9.391714893152236e-05
-0.028794596463939306
-0.013595041259332256
-0.03362339113026654
-0.017024639934536862
0.005654040089707729
-0.02692070317230104
-0.01789357898806165
-0.01789357898806165
-0.021426260823783565
-0.017008633172042636
-0.000229479912279627
-0.006624713705790071
-0.0323332049516848
-0.013595041259332256
-0.013137257847628135
-0.004778989266393707
-0.007512125255163896
-0.023978486622717628
-0.016312392197208758
-0.006624713705790071
-0.004778989266393707
-0.02634169437997874
-0.009644502321311685
-0.013412614162802459
-0.0323332049516848
-0.032357036218555804
-0.003360506459432106
-0.013412614162802459
-0.017008633172042636
-0.023978486622717628
-0.0006157148093397899
0.005654040089707729
0.0038694229974686857
0.00037895539117283945
-0.01121206870905656
-0.013595041259332256
-0.009126256588158247
-0.017024639934536862
-0.01121206870905656
-0.016312392197208758
-0.01121206870905656
-0.010410041592767793
-0.013137257847628135
-0.007512125255163896
-0.013595041259332256
0.014692661038520257
-0.023978486622717628
-0.022113650618346248
-0.014755746630034811
-0.015054628463648372
0.0038694229974686857
0.0038694229974686857
-0.004778989266393707
-0.022113650618346248
-0.03362339113026654
-0.010410041592767793
-0.02608317713330287
-0.020688072689621605
-0.0323332049516848
-0.00820816913352794
-0.015042499725215921
0.0038694229974686857
-0.006624713705790071
-0.015929603949594015
-0.010410041592767793
-0.033623748720952196
-0.009644502321311685
0.0007589825206014514
-0.004778989266393707
-0.023978486622717628
-0.006624713705790071
-0.003360506459432106
-0.04594588878292122
-0.003360506459432106
-0.006624713705790071
-0.01121206870905656
-0.003360506459432106
0.010801004324020477
0.010801004324020477
-0.009644502321311685
-0.023978486622717628
-0.004207475378168274
-0.023978486622717628
-0.008678150319960384
-0.015042499725215921
0.010801004324020477
-0.017008633172042636
0.0038694229974686857
0.0038694229974686857
-0.01789357898806165
-0.016312392197208758
-0.006984709597486613
-0.00693249495219755
-0.015042499725215921
-0.017008633172042636
9.391714893152236e-05
-0.009644502321311685
-0.0171751246651158
-0.00820816913352794
-0.01789357898806165
0.00037895539117283945
-0.04594588878292122
-0.0171751246651158
-0.015054628463648372
-0.004828394565947238
-0.032357036218555804
-0.020825716882046555
0.004186984840724316
-0.013595041259332256
-0.006984709597486613
-0.033623748720952196
0.005654040089707729
0.00037895539117283945
-0.022113650618346248
0.004186984840724316
-0.007512125255163896
-0.004828394565947238
-0.017008633172042636
-0.004207475378168274
-0.01789357898806165
-0.010410041592767793
9.368828429586773e-05
-0.004778989266393707
-0.012195909647290743
-0.0171751246651158
0.0038694229974686857
-0.006624713705790071
-0.015042499725215921
-0.013595041259332256
-0.020688072689621605
-0.0323332049516848
-0.01789357898806165
-0.0323332049516848
-0.01789357898806165
0.0007589825206014514
-0.020596253895814907
-0.010410041592767793
-0.020596253895814907
-0.033623748720952196
-0.015054628463648372
-0.013137257847628135
-0.028794596463939306
-0.017024639934536862
-0.0171751246651158
-0.00693249495219755
-0.00693249495219755
0.010801004324020477
-0.02692070317230104
-0.007512125255163896
-0.015054628463648372
-0.015042499725215921
-0.020825716882046555
-0.017024639934536862
9.368828429586773e-05
-0.012195909647290743
-0.004207475378168274
-0.00693249495219755
-0.03362339113026654
-0.0323332049516848
0.010801004324020477
0.005654040089707729
-0.015929603949594015
-0.032357036218555804
0.00037895539117283945
-0.010410041592767793
0.004186984840724316
9.368828429586773e-05
-0.020825716882046555
-0.0171751246651158
-0.013595041259332256
-0.02692070317230104
-0.01789357898806165
-0.013412614162802459
-0.006984709597486613
-0.013595041259332256
-0.01789357898806165
-0.033623748720952196
-0.02608317713330287
0.014692661038520257
-0.015929603949594015
0.014692661038520257
-0.02634169437997874
-0.009126256588158247
-0.003360506459432106
-0.0171751246651158
0.005654040089707729
0.0038694229974686857
0.015437210487228736
-0.004207475378168274
-0.000229479912279627
0.0038694229974686857
-0.004778989266393707
0.004186984840724316
9.368828429586773e-05
0.015437210487228736
-0.004828394565947238
-0.0171751246651158
-0.0006157148093397899
-0.02636666383863877
-0.020825716882046555
-0.016312392197208758
-0.020688072689621605
-0.033623748720952196
0.010801004324020477
-0.007512125255163896
9.391714893152236e-05
-0.03362339113026654
-0.023978486622717628
-0.020688072689621605
0.005654040089707729
0.005654040089707729
-0.028794596463939306
-0.011551890019446844
-0.015054628463648372
0.005654040089707729
-0.01789357898806165
-0.032357036218555804
-0.032357036218555804
-0.000229479912279627
