-0.011427006161097033
0.06574433232429532
-0.03453937375245036
-0.009145808501995999
0.00010811258299543181
-0.03723974040848733
-0.06458767124130847
-0.01219548950788239
0.00010811258299543181
-0.042626348931048094
0.008458817211984443
-0.037606890866028
0.018660038863265036
-0.009145808501995999
-0.01553386653835254
-0.015191200023924776
-0.0283161001272152
-0.038220767936376354
0.0005129857284604986
-0.006398457247802751
-0.0038768914979766924
-0.0369970974372603
-0.0032496584894703747
-0.01433944724459123
0.008676874992894174
-0.01219548950788239
-0.0011292735681796414
-0.0007875002142504229
0.0041202068120946836
-0.029999304240122305
-0.0283161001272152
-0.01750013324446411
-0.015191200023924776
-0.01553386653835254
-0.010772490477457214
-0.015489569630228234
0.012423696575966642
-0.01433944724459123
-0.01167157845452229
0.006328611518874969
-0.01167157845452229
-0.02059747851256318
-0.038220767936376354
-0.042626348931048094
-0.015489569630228234
0.0041202068120946836
-0.0077934008773642965
-0.007731947422908735
-0.037606890866028
-0.01433944724459123
0.007775863746795945
-0.011427006161097033
0.06574433232429532
0.008676874992894174
-0.022067085839190953
-0.01167157845452229
0.008458817211984443
-0.00948375576445908
-0.011427006161097033
-0.00539869407051686
0.011391374711757022
-0.023163291985627096
-0.0077934008773642965
0.009132195119425037
-0.00048728692333317725
-0.038123445291349305
0.00010811258299543181
0.0378023488900896
0.009132195119425037
0.018660038863265036
-0.004593581395997222
-0.0038768914979766924
0.01950385584946334
-0.0077934008773642965
0.012423696575966642
-0.016796886238467992
-0.022067085839190953
-0.06458767124130847
-0.0369970974372603
0.01950385584946334
-0.004743315267511389
0.019782675357673536
-0.00622681914733332
-0.009145808501995999
-0.019423710411489777
-0.00048728692333317725
0.01262845301059483
-0.007731947422908735
-0.00539869407051686
0.0014528661719893925
-0.007731947422908735
-0.00948375576445908
-0.01433944724459123
-0.0077934008773642965
0.0041202068120946836
-0.01219548950788239
-0.014957789326246041
-0.02514147508362739
-0.00539869407051686
-0.01678565127305496
0.06574433232429532
-0.01167157845452229
-0.00048728692333317725
-0.004743315267511389
-0.0369970974372603
-0.015273037107686991
0.06574433232429532
-0.0032496584894703747
-0.010772490477457214
-0.02514147508362739
-0.022067085839190953
-0.0003647370398265765
-0.022067085839190953
-0.004291434764071269
-0.009978685030817126
-0.0013167175039221892
0.06574433232429532
0.00010811258299543181
-0.004743315267511389
-0.01433944724459123
-0.01167157845452229
0.005520589223431408
0.01262845301059483
-0.0032496584894703747
-0.012394885444183962
-0.0369970974372603
-0.009978685030817126
-0.037606890866028
0.007889503144404895
-0.015191200023924776
-0.01219548950788239
0.0035203523144624275
0.0035203523144624275
-0.015273037107686991
-0.0283161001272152
-0.03723974040848733
-0.022067085839190953
-0.01433944724459123
0.0005129857284604986
-0.01678565127305496
-0.042626348931048094
-0.0369970974372603
-0.014232338912552739
-0.0011292735681796414
0.009132195119425037
0.006328611518874969
0.0038558421736921925
-0.03723974040848733
0.006328611518874969
-0.0032496584894703747
-0.0003647370398265765
-0.0007875002142504229
-0.0283161001272152
-0.007429372572803423
-0.004291434764071269
-0.016796886238467992
-0.01433944724459123
-0.01219548950788239
-0.0011292735681796414
-0.012394885444183962
-0.0013167175039221892
-0.014957789326246041
-0.007429372572803423
-0.0283161001272152
0.008458817211984443
0.009132195119425037
-0.004291434764071269
-0.004743315267511389
-0.02514147508362739
-0.02204682642473461
-0.06458767124130847
0.018660038863265036
-0.00539869407051686
-0.02514147508362739
0.01950385584946334
-0.014232338912552739
-0.03453937375245036
0.007596834779446147
-0.0007875002142504229
-0.038123445291349305
-0.016796886238467992
0.01262845301059483
-0.011427006161097033
-0.01433944724459123
-0.022067085839190953
-0.00048728692333317725
-0.01750013324446411
0.018660038863265036
-0.009859151547495044
-0.01219548950788239
-0.010772490477457214
0.019782675357673536
0.02175602997558815
-0.02189904794722466
0.007596834779446147
0.00010811258299543181
0.005520589223431408
-0.022067085839190953
-0.01167157845452229
0.007775863746795945
-0.0038768914979766924
-0.016154754843294976
0.06574433232429532
-0.02059747851256318
-0.009859151547495044
-0.02189904794722466
-0.038220767936376354
-0.0033830962672164603
-0.00948375576445908
-0.016796886238467992
0.007775863746795945
0.0038558421736921925
-0.0033830962672164603
-0.0038768914979766924
0.02175602997558815
-0.015273037107686991
-0.042626348931048094
-0.01678565127305496
0.019782675357673536
0.007596834779446147
-0.0283161001272152
-0.0013167175039221892
-0.02204682642473461
-0.016796886238467992
0.01262845301059483
-0.01678565127305496
-0.0013167175039221892
-0.004291434764071269
-0.012394885444183962
-0.0011292735681796414
-0.0011292735681796414
-0.0283161001272152
-0.02025200828238743
-0.023163291985627096
-0.0283161001272152
-0.016154754843294976
-0.007731947422908735
-0.0196320368590648
0.007889503144404895
-0.0003647370398265765
-0.00622681914733332
0.005520589223431408
-0.02090109429853304
0.007775863746795945
-0.02204682642473461
-0.00539869407051686
-0.00948375576445908
-0.010772490477457214
0.0014528661719893925
-0.004593581395997222
0.007775863746795945
-0.01219548950788239
-0.02090109429853304
-0.0196320368590648
-0.011427006161097033
0.01566238116047293
-0.015273037107686991
0.005520589223431408
0.0038558421736921925
-0.006398457247802751
-0.01433944724459123
-0.01750013324446411
-0.02204682642473461
0.0005129857284604986
0.01262845301059483
0.00010811258299543181
-0.01433944724459123
-0.01750013324446411
-0.0032496584894703747
-0.0283161001272152
0.005520589223431408
-0.03723974040848733
-0.0011292735681796414
-0.009145808501995999
-0.00948375576445908
0.0014528661719893925
-0.02059747851256318
0.00010811258299543181
-0.007731947422908735
-0.006398457247802751
-0.0077934008773642965
0.00010811258299543181
0.0041202068120946836
-0.012394885444183962
0.009132195119425037
-0.00622681914733332
-0.0003647370398265765
-0.01327154540793606
-0.010772490477457214
-0.02189904794722466
0.011391374711757022
0.01262845301059483
-0.0011292735681796414
-0.022067085839190953
-0.0077934008773642965
0.007596834779446147
-0.016796886238467992
0.0035203523144624275
-0.007429372572803423
0.06574433232429532
-0.02049902263000295
0.011391374711757022
-0.02204682642473461
-0.03723974040848733
-0.01167157845452229
-0.038123445291349305
-0.004291434764071269
-0.014957789326246041
0.005520589223431408
0.01262845301059483
0.01566238116047293
-0.03723974040848733
-0.015273037107686991
-0.01327154540793606
-0.01167157845452229
-0.02189904794722466
-0.02189904794722466
0.06574433232429532
0.012423696575966642
-0.01553386653835254
-0.038220767936376354
-0.0007875002142504229
-0.0032496584894703747
-0.016796886238467992
-0.0003647370398265765
-0.02090109429853304
-0.0283161001272152
-0.01433944724459123
-0.02514147508362739
0.0038558421736921925
-0.012394885444183962
0.06574433232429532
0.0038558421736921925
0.0038558421736921925
0.0378023488900896
-0.011427006161097033
-0.014232338912552739
-0.0033830962672164603
0.0014528661719893925
0.012423696575966642
0.0041202068120946836
0.019782675357673536
0.01950385584946334
-0.00539869407051686
-0.022067085839190953
-0.022067085839190953
-0.00948375576445908
-0.00622681914733332
-0.001632819681077257
0.008676874992894174
-0.007731947422908735
0.007889503144404895
-0.0283161001272152
0.018660038863265036
-0.02204682642473461
-0.00948375576445908
0.011391374711757022
-0.014232338912552739
-0.004291434764071269
-0.00948375576445908
-0.023163291985627096
-0.0369970974372603
-0.015191200023924776
-0.023163291985627096
-0.004593581395997222
0.007775863746795945
-0.014232338912552739
-0.01327154540793606
-0.0196320368590648
-0.006398457247802751
0.0035203523144624275
-0.010772490477457214
-0.0032496584894703747
-0.0007875002142504229
-0.037606890866028
0.011391374711757022
-0.010772490477457214
-0.038123445291349305
-0.012394885444183962
0.019782675357673536
-0.0038768914979766924
-0.001632819681077257
-0.001632819681077257
0.06574433232429532
-0.014232338912552739
-0.02049902263000295
-0.03723974040848733
-0.00539869407051686
-0.01553386653835254
0.008676874992894174
-0.016154754843294976
-0.014232338912552739
-0.011427006161097033
0.0005129857284604986
-0.015273037107686991
-0.05185247242663996
-0.009145808501995999
-0.001632819681077257
-0.02090109429853304
-0.010772490477457214
-0.038123445291349305
-0.038220767936376354
-0.00048728692333317725
0.0038558421736921925
0.0378023488900896
-0.01553386653835254
-0.0007875002142504229
-0.009145808501995999
0.009132195119425037
0.019782675357673536
-0.01678565127305496
-0.029999304240122305
-0.01219548950788239
-0.015273037107686991
-0.038123445291349305
-0.0013167175039221892
-0.0007875002142504229
-0.038220767936376354
-0.015191200023924776
-0.004593581395997222
-0.042626348931048094
0.019782675357673536
-0.029999304240122305
-0.01167157845452229
-0.05185247242663996
-0.01167157845452229
-0.038123445291349305
-0.006398457247802751
-0.05185247242663996
-0.009978685030817126
-0.02025200828238743
-0.01750013324446411
-0.010772490477457214
0.0038558421736921925
-0.03723974040848733
-0.009145808501995999
-0.02189904794722466
-0.06458767124130847
-0.0038768914979766924
-0.0196320368590648
-0.009978685030817126
-0.0003647370398265765
-0.0003647370398265765
-0.02025200828238743
-0.014957789326246041
-0.01327154540793606
-0.014232338912552739
-0.03453937375245036
-0.00048728692333317725
-0.0003647370398265765
-0.03453937375245036
-0.006398457247802751
0.007889503144404895
0.012423696575966642
-0.019423710411489777
-0.014957789326246041
0.007775863746795945
-0.038220767936376354
-0.0283161001272152
-0.00948375576445908
-0.012394885444183962
-0.0369970974372603
0.0005129857284604986
-0.042626348931048094
-0.0369970974372603
-0.0032496584894703747
0.007596834779446147
0.0038558421736921925
-0.01553386653835254
-0.004291434764071269
-0.006398457247802751
-0.00622681914733332
0.007596834779446147
0.012423696575966642
0.0041202068120946836
-0.038123445291349305
-0.029999304240122305
-0.0013167175039221892
0.007775863746795945
-0.00622681914733332
-0.0077934008773642965
-0.0003647370398265765
-0.01433944724459123
-0.0003647370398265765
-0.01678565127305496
-0.0032496584894703747
-0.01327154540793606
-0.007731947422908735
-0.029999304240122305
-0.010772490477457214
-0.06458767124130847
-0.007731947422908735
0.01262845301059483
0.00010811258299543181
0.0014528661719893925
-0.0369970974372603
-0.009859151547495044
-0.0033830962672164603
-0.015191200023924776
0.011391374711757022
0.008458817211984443
-0.00622681914733332
-0.05185247242663996
0.008676874992894174
0.007775863746795945
-0.01678565127305496
0.02175602997558815
-0.0003647370398265765
-0.038123445291349305
0.02175602997558815
-0.01433944724459123
-0.00539869407051686
-0.01219548950788239
-0.0007875002142504229
-0.010772490477457214
-0.012394885444183962
-0.0013167175039221892
0.007889503144404895
-0.02025200828238743
0.018660038863265036
-0.03723974040848733
0.007596834779446147
-0.00622681914733332
-0.00622681914733332
-0.01750013324446411
-0.007429372572803423
-0.0032496584894703747
-0.019423710411489777
-0.01553386653835254
0.008676874992894174
0.01262845301059483
-0.01219548950788239
-0.0003647370398265765
-0.01750013324446411
-0.010772490477457214
-0.0369970974372603
-0.05185247242663996
-0.0003647370398265765
-0.02514147508362739
-0.00539869407051686
0.02175602997558815
-0.004743315267511389
-0.042626348931048094
-0.0369970974372603
-0.015191200023924776
-0.02189904794722466
0.01262845301059483
-0.02189904794722466
-0.03723974040848733
-0.001632819681077257
-0.023163291985627096
-0.012394885444183962
-0.009978685030817126
-0.004593581395997222
0.018660038863265036
-0.042626348931048094
-0.016796886238467992
-0.01433944724459123
-0.01553386653835254
-0.02049902263000295
0.01262845301059483
-0.02204682642473461
-0.019423710411489777
-0.0011292735681796414
-0.016154754843294976
0.005520589223431408
-0.01167157845452229
-0.03453937375245036
0.01566238116047293
-0.0032496584894703747
0.0038558421736921925
-0.01750013324446411
0.005520589223431408
-0.007429372572803423
-0.01167157845452229
-0.016796886238467992
-0.015489569630228234
0.0014528661719893925
-0.02090109429853304
-0.015273037107686991
-0.01553386653835254
-0.05185247242663996
-0.0033830962672164603
-0.007731947422908735
-0.0011292735681796414
-0.037606890866028
0.0005129857284604986
-0.019423710411489777
-0.010772490477457214
-0.0033830962672164603
-0.016796886238467992
-0.001632819681077257
0.0378023488900896
-0.0003647370398265765
0.0041202068120946836
-0.03723974040848733
-0.01167157845452229
-0.01219548950788239
-0.0283161001272152
-0.00048728692333317725
-0.037606890866028
0.0035203523144624275
0.007596834779446147
0.007596834779446147
-0.0369970974372603
-0.02514147508362739
-0.01167157845452229
-0.004291434764071269
-0.009859151547495044
-0.012394885444183962
-0.0033830962672164603
-0.01167157845452229
-0.038123445291349305
-0.03453937375245036
-0.02090109429853304
0.012423696575966642
-0.010772490477457214
-0.009978685030817126
-0.038123445291349305
-0.015489569630228234
-0.02059747851256318
0.01566238116047293
-0.00622681914733332
-0.0038768914979766924
-0.0283161001272152
-0.014232338912552739
-0.03723974040848733
-0.03723974040848733
-0.007429372572803423
-0.001632819681077257
-0.022067085839190953
-0.0369970974372603
-0.0003647370398265765
0.0378023488900896
-0.01553386653835254
-0.038220767936376354
-0.011427006161097033
0.008458817211984443
-0.02514147508362739
-0.029999304240122305
-0.0033830962672164603
-0.010772490477457214
-0.00948375576445908
-0.01219548950788239
-0.015191200023924776
-0.016154754843294976
-0.016796886238467992
0.011391374711757022
-0.0003647370398265765
0.008458817211984443
-0.01167157845452229
-0.0196320368590648
-0.01678565127305496
-0.01553386653835254
-0.010772490477457214
0.0378023488900896
-0.02189904794722466
-0.01750013324446411
-0.02189904794722466
-0.0003647370398265765
0.01566238116047293
-0.00048728692333317725
-0.016796886238467992
-0.00048728692333317725
0.018660038863265036
-0.0032496584894703747
0.007596834779446147
-0.015489569630228234
-0.0033830962672164603
-0.0013167175039221892
-0.007429372572803423
-0.019423710411489777
-0.0369970974372603
-0.006398457247802751
-0.011427006161097033
-0.01553386653835254
-0.01219548950788239
-0.016154754843294976
-0.0369970974372603
-0.009859151547495044
0.007889503144404895
0.06574433232429532
-0.014957789326246041
0.00010811258299543181
-0.009978685030817126
0.0005129857284604986
-0.00622681914733332
-0.016154754843294976
0.009132195119425037
0.00010811258299543181
-0.0077934008773642965
-0.01327154540793606
-0.05185247242663996
-0.015489569630228234
-0.00048728692333317725
-0.0369970974372603
0.018660038863265036
0.0038558421736921925
0.02175602997558815
-0.02090109429853304
-0.029999304240122305
-0.01678565127305496
-0.0003647370398265765
0.012423696575966642
-0.01433944724459123
-0.01327154540793606
-0.00539869407051686
0.0378023488900896
-0.014232338912552739
0.019782675357673536
0.008676874992894174
-0.02189904794722466
-0.01750013324446411
-0.0283161001272152
-0.0032496584894703747
-0.014957789326246041
-0.038220767936376354
0.009132195119425037
0.008458817211984443
0.0038558421736921925
-0.02090109429853304
0.005520589223431408
-0.0032496584894703747
-0.007731947422908735
0.018660038863265036
-0.00948375576445908
-0.00622681914733332
-0.02189904794722466
-0.06458767124130847
-0.004743315267511389
0.02175602997558815
-0.001632819681077257
0.007596834779446147
-0.015273037107686991
-0.004743315267511389
-0.019423710411489777
-0.009145808501995999
-0.0011292735681796414
-0.05185247242663996
0.007889503144404895
-0.0038768914979766924
0.006328611518874969
-0.015489569630228234
-0.06458767124130847
-0.019423710411489777
-0.02025200828238743
0.00010811258299543181
-0.01678565127305496
-0.01327154540793606
-0.0013167175039221892
-0.038220767936376354
0.019782675357673536
-0.016154754843294976
0.006328611518874969
0.009132195119425037
0.006328611518874969
-0.042626348931048094
-0.038220767936376354
-0.02204682642473461
-0.06458767124130847
-0.00539869407051686
0.0005129857284604986
-0.007429372572803423
-0.02514147508362739
-0.029999304240122305
0.008458817211984443
-0.02049902263000295
-0.006398457247802751
-0.001632819681077257
0.0005129857284604986
0.0041202068120946836
-0.023163291985627096
-0.015273037107686991
-0.0007875002142504229
-0.02025200828238743
0.01950385584946334
0.011391374711757022
-0.00948375576445908
-0.004291434764071269
-0.016154754843294976
-0.015489569630228234
-0.037606890866028
-0.02025200828238743
-0.016796886238467992
-0.0032496584894703747
-0.01219548950788239
-0.0196320368590648
-0.0032496584894703747
-0.004743315267511389
0.019782675357673536
0.012423696575966642
-0.001632819681077257
-0.00539869407051686
-0.038123445291349305
-0.0013167175039221892
-0.011427006161097033
-0.029999304240122305
-0.03453937375245036
-0.00948375576445908
0.0041202068120946836
-0.00622681914733332
-0.016796886238467992
-0.0038768914979766924
-0.01219548950788239
-0.014957789326246041
-0.038220767936376354
-0.038220767936376354
0.0041202068120946836
-0.0033830962672164603
0.006328611518874969
-0.042626348931048094
-0.004743315267511389
-0.03453937375245036
-0.004291434764071269
-0.0003647370398265765
-0.01750013324446411
0.01262845301059483
-0.0007875002142504229
-0.019423710411489777
-0.03723974040848733
-0.015191200023924776
-0.01167157845452229
-0.02059747851256318
-0.007429372572803423
-0.007731947422908735
-0.0003647370398265765
-0.01678565127305496
-0.02049902263000295
0.011391374711757022
0.01566238116047293
-0.023163291985627096
-0.03723974040848733
-0.0003647370398265765
0.007596834779446147
-0.0283161001272152
-0.02049902263000295
0.007596834779446147
-0.042626348931048094
-0.015489569630228234
-0.014232338912552739
-0.0011292735681796414
-0.06458767124130847
-0.0369970974372603
-0.015273037107686991
-0.0032496584894703747
-0.001632819681077257
-0.014232338912552739
-0.012394885444183962
-0.019423710411489777
-0.011427006161097033
0.01262845301059483
-0.010772490477457214
0.008458817211984443
-0.015489569630228234
-0.02049902263000295
-0.016796886238467992
-0.011427006161097033
0.02175602997558815
0.008458817211984443
-0.06458767124130847
0.018660038863265036
-0.02025200828238743
0.0035203523144624275
-0.009145808501995999
-0.016154754843294976
-0.016154754843294976
-0.001632819681077257
-0.02059747851256318
0.01262845301059483
-0.014232338912552739
-0.015273037107686991
-0.004291434764071269
-0.009978685030817126
0.006328611518874969
0.012423696575966642
-0.022067085839190953
-0.00048728692333317725
-0.0283161001272152
-0.019423710411489777
-0.00948375576445908
-0.02025200828238743
-0.0013167175039221892
0.005520589223431408
-0.01327154540793606
-0.01433944724459123
-0.0011292735681796414
-0.004743315267511389
-0.00048728692333317725
-0.015273037107686991
-0.0077934008773642965
-0.007731947422908735
-0.037606890866028
0.02175602997558815
-0.01219548950788239
0.02175602997558815
0.0014528661719893925
-0.012394885444183962
-0.01433944724459123
-0.0196320368590648
-0.004593581395997222
-0.009978685030817126
-0.0369970974372603
0.01566238116047293
-0.01678565127305496
-0.004291434764071269
-0.01167157845452229
-0.01219548950788239
0.007775863746795945
-0.06458767124130847
-0.010772490477457214
-0.02090109429853304
0.007889503144404895
0.01566238116047293
0.018660038863265036
-0.00622681914733332
0.008458817211984443
0.012423696575966642
-0.015191200023924776
-0.0013167175039221892
0.007889503144404895
-0.019423710411489777
0.005520589223431408
-0.02049902263000295
0.008676874992894174
-0.01327154540793606
-0.01167157845452229
-0.038123445291349305
-0.06458767124130847
0.01566238116047293
0.0035203523144624275
-0.016154754843294976
-0.0038768914979766924
0.008458817211984443
-0.004291434764071269
-0.05185247242663996
-0.00048728692333317725
-0.0013167175039221892
0.007889503144404895
-0.004291434764071269
-0.05185247242663996
-0.015273037107686991
-0.00048728692333317725
-0.01219548950788239
-0.06458767124130847
-0.004291434764071269
-0.0369970974372603
-0.01433944724459123
-0.01219548950788239
-0.0196320368590648
-0.004593581395997222
-0.009978685030817126
-0.0033830962672164603
-0.010772490477457214
-0.0013167175039221892
-0.015489569630228234
-0.0196320368590648
-0.0007875002142504229
0.005520589223431408
-0.019423710411489777
-0.007429372572803423
-0.00048728692333317725
-0.004593581395997222
-0.004593581395997222
0.0014528661719893925
-0.02049902263000295
-0.010772490477457214
-0.038123445291349305
-0.009859151547495044
-0.007731947422908735
-0.038123445291349305
-0.01219548950788239
-0.022067085839190953
-0.02514147508362739
-0.014232338912552739
-0.022067085839190953
-0.015273037107686991
-0.05185247242663996
-0.014232338912552739
-0.0007875002142504229
-0.019423710411489777
-0.00048728692333317725
0.0035203523144624275
-0.01553386653835254
-0.0013167175039221892
-0.01433944724459123
0.0378023488900896
-0.00048728692333317725
0.0005129857284604986
-0.00539869407051686
-0.0011292735681796414
-0.0003647370398265765
-0.05185247242663996
-0.029999304240122305
0.007596834779446147
-0.029999304240122305
0.018660038863265036
-0.01167157845452229
-0.014232338912552739
0.019782675357673536
-0.01750013324446411
