0.004057160910890639
0.007134605421731038
0.008845908498371573
0.008845908498371573
-0.012269654336163685
-0.0006186861700378358
-0.012466698962185534
0.00025258158255152973
-0.04106602048631564
-0.010326389460450697
0.001143499547359794
-0.04099060753662852
-0.04099060753662852
-0.008426775136436958
-0.014291435109332755
0.010831843859467713
-0.020658852729579492
-0.015542745101954391
0.007134605421731038
-0.00743877880594984
0.004057160910890639
-0.017763396307309526
0.007134605421731038
-0.04106602048631564
-0.0035754425390192588
-0.010326389460450697
-0.016437258601846323
-0.0006186861700378358
0.013166420631268761
-0.017763396307309526
-0.012881716895650007
0.004057160910890639
-0.020658852729579492
-0.012881716895650007
-0.04099060753662852
0.015701563516416925
0.013166420631268761
-0.04099060753662852
-0.017763396307309526
0.015701563516416925
0.015701563516416925
-0.014291435109332755
-0.00743877880594984
0.013166420631268761
-0.00743877880594984
-0.011793550893722147
0.001143499547359794
-0.009532358447799243
-0.017763396307309526
-0.04106602048631564
0.007134605421731038
-0.017763396307309526
-0.04099060753662852
0.00025258158255152973
-0.008426775136436958
0.008845908498371573
-0.04106602048631564
-0.011793550893722147
-0.014291435109332755
-0.020658852729579492
-0.04099060753662852
-0.0035754425390192588
0.015701563516416925
-0.015542745101954391
-0.009532358447799243
-0.0006186861700378358
0.001143499547359794
0.008845908498371573
-0.020658852729579492
-0.04099060753662852
-0.012269654336163685
0.008845908498371573
0.010831843859467713
0.007134605421731038
0.015701563516416925
-0.012881716895650007
-0.04099060753662852
0.013166420631268761
-0.007819519832516728
-0.016437258601846323
-0.012881716895650007
-0.010326389460450697
-0.015542745101954391
-0.010326389460450697
-0.04106602048631564
0.008845908498371573
-0.016437258601846323
-0.017763396307309526
0.013166420631268761
-0.009496845405938483
0.004057160910890639
-0.011793550893722147
-0.009532358447799243
0.008845908498371573
-0.007819519832516728
-0.010326389460450697
0.015701563516416925
-0.008426775136436958
0.008845908498371573
-0.011793550893722147
-0.015542745101954391
0.010831843859467713
-0.0035754425390192588
0.010831843859467713
-0.007819519832516728
0.001143499547359794
-0.008426775136436958
-0.04099060753662852
0.001143499547359794
-0.007819519832516728
-0.020658852729579492
0.008845908498371573
-0.04099060753662852
0.001143499547359794
-0.011793550893722147
0.013166420631268761
0.001143499547359794
-0.010326389460450697
-0.04106602048631564
-0.014291435109332755
-0.04106602048631564
0.015701563516416925
-0.012466698962185534
-0.04106602048631564
-0.009496845405938483
-0.007819519832516728
0.013166420631268761
-0.012269654336163685
-0.015542745101954391
-0.04106602048631564
-0.012466698962185534
-0.016437258601846323
0.00025258158255152973
-0.012269654336163685
-0.04106602048631564
0.00025258158255152973
0.004057160910890639
0.007134605421731038
-0.0035754425390192588
-0.016437258601846323
-0.04099060753662852
-0.017763396307309526
-0.04099060753662852
-0.04106602048631564
-0.009496845405938483
0.008845908498371573
-0.012269654336163685
-0.04106602048631564
-0.016437258601846323
-0.007819519832516728
-0.011793550893722147
-0.020658852729579492
-0.010326389460450697
0.007134605421731038
-0.04099060753662852
-0.010326389460450697
-0.014291435109332755
-0.014291435109332755
-0.016437258601846323
-0.016437258601846323
-0.015542745101954391
0.004057160910890639
-0.012466698962185534
-0.012466698962185534
0.004057160910890639
0.015701563516416925
-0.017763396307309526
0.010831843859467713
-0.009496845405938483
-0.0035754425390192588
-0.008426775136436958
0.001143499547359794
-0.012269654336163685
-0.007819519832516728
-0.012881716895650007
0.015701563516416925
-0.012269654336163685
0.010831843859467713
-0.008426775136436958
-0.0006186861700378358
-0.0035754425390192588
-0.017763396307309526
0.008845908498371573
-0.009496845405938483
-0.009496845405938483
-0.009532358447799243
-0.0006186861700378358
0.013166420631268761
0.007134605421731038
-0.010326389460450697
-0.012881716895650007
0.008845908498371573
-0.009496845405938483
-0.016437258601846323
-0.04106602048631564
-0.015542745101954391
0.015701563516416925
-0.0006186861700378358
-0.008426775136436958
-0.00743877880594984
-0.010326389460450697
0.015701563516416925
0.00025258158255152973
-0.017763396307309526
0.007134605421731038
-0.009532358447799243
-0.016437258601846323
-0.012269654336163685
0.013166420631268761
0.004057160910890639
-0.010326389460450697
-0.015542745101954391
-0.020658852729579492
0.004057160910890639
0.013166420631268761
-0.00743877880594984
0.001143499547359794
0.001143499547359794
-0.016437258601846323
-0.020658852729579492
-0.017763396307309526
-0.012269654336163685
-0.009532358447799243
-0.014291435109332755
-0.00743877880594984
-0.012466698962185534
-0.009496845405938483
-0.011793550893722147
0.00025258158255152973
-0.0035754425390192588
0.015701563516416925
0.010831843859467713
0.010831843859467713
-0.009496845405938483
0.007134605421731038
-0.012881716895650007
-0.020658852729579492
-0.00743877880594984
-0.04099060753662852
-0.011793550893722147
-0.014291435109332755
-0.008426775136436958
-0.04106602048631564
-0.007819519832516728
-0.015542745101954391
0.013166420631268761
-0.012269654336163685
0.004057160910890639
-0.0035754425390192588
0.010831843859467713
-0.007819519832516728
-0.014291435109332755
-0.020658852729579492
0.010831843859467713
-0.015542745101954391
-0.015542745101954391
-0.00743877880594984
-0.016437258601846323
-0.012269654336163685
-0.016437258601846323
-0.016437258601846323
-0.010326389460450697
-0.00743877880594984
0.00025258158255152973
-0.009532358447799243
-0.012881716895650007
0.010831843859467713
0.008845908498371573
-0.014291435109332755
-0.008426775136436958
-0.009532358447799243
0.008845908498371573
0.015701563516416925
-0.04106602048631564
0.007134605421731038
-0.012466698962185534
-0.012466698962185534
-0.04099060753662852
0.00025258158255152973
-0.007819519832516728
-0.04106602048631564
0.007134605421731038
-0.020658852729579492
0.007134605421731038
-0.012466698962185534
0.010831843859467713
0.015701563516416925
-0.020658852729579492
-0.009496845405938483
0.00025258158255152973
-0.0006186861700378358
-0.04099060753662852
0.00025258158255152973
-0.04099060753662852
0.015701563516416925
-0.0006186861700378358
0.008845908498371573
-0.016437258601846323
-0.020658852729579492
0.015701563516416925
-0.014291435109332755
0.015701563516416925
-0.012466698962185534
0.010831843859467713
0.00025258158255152973
-0.04099060753662852
-0.0006186861700378358
-0.04106602048631564
-0.017763396307309526
-0.008426775136436958
-0.016437258601846323
-0.0006186861700378358
-0.008426775136436958
0.013166420631268761
-0.012881716895650007
-0.016437258601846323
-0.011793550893722147
-0.014291435109332755
0.008845908498371573
-0.011793550893722147
-0.04099060753662852
-0.010326389460450697
-0.009532358447799243
-0.012466698962185534
0.010831843859467713
0.004057160910890639
-0.04106602048631564
-0.014291435109332755
-0.04106602048631564
-0.009532358447799243
-0.009532358447799243
0.015701563516416925
0.007134605421731038
-0.0006186861700378358
-0.0006186861700378358
-0.011793550893722147
-0.007819519832516728
0.010831843859467713
-0.012881716895650007
-0.015542745101954391
-0.04106602048631564
0.010831843859467713
-0.010326389460450697
-0.012466698962185534
-0.007819519832516728
0.008845908498371573
-0.008426775136436958
0.00025258158255152973
0.008845908498371573
-0.04106602048631564
-0.016437258601846323
-0.020658852729579492
-0.04099060753662852
-0.04099060753662852
-0.014291435109332755
0.008845908498371573
-0.0035754425390192588
-0.012881716895650007
0.00025258158255152973
-0.011793550893722147
0.00025258158255152973
-0.014291435109332755
0.013166420631268761
0.015701563516416925
-0.011793550893722147
0.015701563516416925
-0.012466698962185534
0.001143499547359794
-0.012466698962185534
0.00025258158255152973
-0.0035754425390192588
-0.012466698962185534
-0.011793550893722147
0.015701563516416925
0.010831843859467713
0.001143499547359794
-0.012466698962185534
-0.0035754425390192588
-0.016437258601846323
-0.015542745101954391
0.00025258158255152973
-0.04106602048631564
-0.010326389460450697
0.004057160910890639
-0.00743877880594984
-0.012881716895650007
-0.009532358447799243
0.001143499547359794
-0.017763396307309526
-0.007819519832516728
-0.009496845405938483
0.013166420631268761
-0.009532358447799243
-0.010326389460450697
0.015701563516416925
0.001143499547359794
0.010831843859467713
-0.04099060753662852
0.00025258158255152973
-0.012269654336163685
-0.0035754425390192588
-0.014291435109332755
-0.014291435109332755
-0.016437258601846323
-0.009496845405938483
0.004057160910890639
-0.008426775136436958
-0.04099060753662852
-0.0006186861700378358
0.013166420631268761
-0.010326389460450697
0.00025258158255152973
-0.020658852729579492
0.010831843859467713
-0.012269654336163685
-0.012466698962185534
-0.012269654336163685
-0.00743877880594984
-0.010326389460450697
-0.010326389460450697
0.008845908498371573
0.007134605421731038
-0.010326389460450697
-0.016437258601846323
-0.016437258601846323
-0.020658852729579492
-0.016437258601846323
-0.007819519832516728
-0.015542745101954391
-0.04099060753662852
-0.010326389460450697
-0.011793550893722147
-0.012881716895650007
-0.04099060753662852
-0.0006186861700378358
0.00025258158255152973
-0.016437258601846323
-0.017763396307309526
-0.04106602048631564
0.010831843859467713
-0.017763396307309526
-0.008426775136436958
-0.012269654336163685
-0.015542745101954391
-0.007819519832516728
-0.012269654336163685
0.00025258158255152973
-0.012881716895650007
-0.015542745101954391
0.013166420631268761
-0.012466698962185534
-0.0006186861700378358
0.010831843859467713
-0.012466698962185534
0.00025258158255152973
-0.012269654336163685
-0.017763396307309526
0.015701563516416925
-0.012881716895650007
-0.011793550893722147
0.00025258158255152973
-0.012269654336163685
-0.015542745101954391
-0.012269654336163685
0.004057160910890639
-0.0035754425390192588
-0.0035754425390192588
-0.012466698962185534
0.013166420631268761
-0.012881716895650007
0.013166420631268761
-0.010326389460450697
-0.011793550893722147
0.015701563516416925
0.001143499547359794
-0.015542745101954391
-0.009496845405938483
-0.009496845405938483
0.001143499547359794
-0.00743877880594984
-0.007819519832516728
-0.04099060753662852
-0.00743877880594984
-0.0006186861700378358
-0.0035754425390192588
-0.00743877880594984
-0.04106602048631564
-0.04099060753662852
0.013166420631268761
0.004057160910890639
-0.017763396307309526
-0.012466698962185534
-0.007819519832516728
0.00025258158255152973
-0.0035754425390192588
-0.020658852729579492
0.010831843859467713
0.007134605421731038
0.015701563516416925
-0.009532358447799243
-0.015542745101954391
-0.0035754425390192588
0.001143499547359794
-0.010326389460450697
0.008845908498371573
0.008845908498371573
-0.012466698962185534
0.008845908498371573
-0.009532358447799243
-0.0006186861700378358
-0.012881716895650007
0.015701563516416925
0.010831843859467713
-0.012466698962185534
-0.04106602048631564
-0.020658852729579492
0.00025258158255152973
-0.010326389460450697
-0.012466698962185534
-0.012466698962185534
-0.00743877880594984
-0.009532358447799243
0.00025258158255152973
-0.017763396307309526
-0.009496845405938483
-0.010326389460450697
-0.012269654336163685
-0.016437258601846323
-0.0006186861700378358
-0.008426775136436958
-0.011793550893722147
-0.00743877880594984
-0.010326389460450697
0.00025258158255152973
-0.009532358447799243
-0.00743877880594984
-0.012881716895650007
0.007134605421731038
-0.014291435109332755
0.004057160910890639
0.007134605421731038
-0.012881716895650007
-0.014291435109332755
-0.00743877880594984
-0.007819519832516728
-0.015542745101954391
-0.015542745101954391
0.013166420631268761
-0.008426775136436958
-0.020658852729579492
-0.012466698962185534
-0.017763396307309526
-0.010326389460450697
-0.009496845405938483
-0.009532358447799243
0.001143499547359794
-0.009532358447799243
-0.012881716895650007
-0.009496845405938483
-0.00743877880594984
-0.020658852729579492
0.00025258158255152973
0.015701563516416925
0.007134605421731038
0.00025258158255152973
-0.009532358447799243
0.004057160910890639
0.007134605421731038
-0.04106602048631564
-0.04106602048631564
0.001143499547359794
-0.009532358447799243
-0.0006186861700378358
-0.009496845405938483
0.00025258158255152973
-0.009496845405938483
0.007134605421731038
0.004057160910890639
0.007134605421731038
-0.0035754425390192588
-0.017763396307309526
-0.008426775136436958
-0.012269654336163685
-0.0006186861700378358
-0.016437258601846323
0.013166420631268761
-0.007819519832516728
-0.014291435109332755
0.010831843859467713
-0.04099060753662852
-0.012269654336163685
0.015701563516416925
0.004057160910890639
-0.012881716895650007
-0.014291435109332755
-0.020658852729579492
-0.008426775136436958
-0.012269654336163685
-0.012881716895650007
0.008845908498371573
-0.012466698962185534
0.00025258158255152973
0.010831843859467713
-0.012881716895650007
-0.012466698962185534
-0.0006186861700378358
0.010831843859467713
-0.016437258601846323
-0.011793550893722147
-0.012269654336163685
-0.012269654336163685
-0.010326389460450697
-0.016437258601846323
-0.007819519832516728
-0.016437258601846323
-0.012466698962185534
-0.009532358447799243
0.004057160910890639
0.004057160910890639
0.015701563516416925
-0.010326389460450697
-0.016437258601846323
-0.020658852729579492
-0.008426775136436958
-0.011793550893722147
-0.016437258601846323
0.010831843859467713
-0.020658852729579492
0.004057160910890639
-0.012881716895650007
-0.0035754425390192588
0.001143499547359794
-0.007819519832516728
-0.014291435109332755
0.010831843859467713
-0.008426775136436958
-0.008426775136436958
-0.008426775136436958
-0.00743877880594984
0.007134605421731038
0.013166420631268761
-0.04099060753662852
-0.009496845405938483
-0.008426775136436958
0.008845908498371573
-0.04099060753662852
0.004057160910890639
0.007134605421731038
-0.016437258601846323
-0.012466698962185534
-0.015542745101954391
-0.04099060753662852
-0.04099060753662852
-0.009532358447799243
0.008845908498371573
-0.0006186861700378358
-0.009496845405938483
0.004057160910890639
-0.0006186861700378358
0.007134605421731038
-0.012881716895650007
-0.016437258601846323
-0.017763396307309526
-0.04106602048631564
-0.009532358447799243
-0.0006186861700378358
-0.020658852729579492
0.010831843859467713
-0.04099060753662852
0.001143499547359794
0.00025258158255152973
0.00025258158255152973
-0.011793550893722147
-0.0035754425390192588
-0.012269654336163685
-0.020658852729579492
0.015701563516416925
-0.012881716895650007
-0.04106602048631564
-0.020658852729579492
-0.04106602048631564
0.015701563516416925
-0.00743877880594984
-0.04106602048631564
-0.011793550893722147
-0.0035754425390192588
-0.009532358447799243
-0.017763396307309526
-0.011793550893722147
-0.011793550893722147
-0.011793550893722147
-0.010326389460450697
-0.017763396307309526
0.015701563516416925
-0.0035754425390192588
0.008845908498371573
-0.010326389460450697
0.013166420631268761
-0.0006186861700378358
-0.04099060753662852
-0.020658852729579492
0.015701563516416925
-0.009496845405938483
-0.015542745101954391
-0.008426775136436958
-0.015542745101954391
-0.00743877880594984
-0.012269654336163685
-0.007819519832516728
0.015701563516416925
-0.011793550893722147
-0.0006186861700378358
-0.012269654336163685
-0.007819519832516728
0.008845908498371573
-0.015542745101954391
-0.0035754425390192588
0.00025258158255152973
-0.00743877880594984
0.008845908498371573
-0.014291435109332755
-0.012269654336163685
-0.010326389460450697
-0.015542745101954391
0.013166420631268761
-0.012466698962185534
0.015701563516416925
-0.009496845405938483
-0.012269654336163685
-0.011793550893722147
-0.014291435109332755
-0.014291435109332755
-0.014291435109332755
-0.011793550893722147
-0.020658852729579492
0.008845908498371573
-0.0035754425390192588
-0.020658852729579492
-0.016437258601846323
-0.020658852729579492
0.013166420631268761
-0.012466698962185534
0.015701563516416925
-0.012881716895650007
0.00025258158255152973
0.015701563516416925
-0.014291435109332755
-0.04099060753662852
-0.009532358447799243
0.001143499547359794
0.00025258158255152973
-0.016437258601846323
0.008845908498371573
-0.015542745101954391
-0.016437258601846323
-0.009532358447799243
-0.012269654336163685
0.013166420631268761
0.010831843859467713
-0.0006186861700378358
-0.0006186861700378358
-0.009532358447799243
-0.04099060753662852
0.00025258158255152973
0.007134605421731038
-0.015542745101954391
-0.007819519832516728
-0.012881716895650007
-0.015542745101954391
-0.008426775136436958
0.00025258158255152973
0.007134605421731038
-0.020658852729579492
-0.012881716895650007
0.013166420631268761
-0.017763396307309526
-0.020658852729579492
0.00025258158255152973
-0.007819519832516728
-0.012881716895650007
0.010831843859467713
-0.014291435109332755
0.00025258158255152973
-0.008426775136436958
-0.04106602048631564
-0.009496845405938483
0.00025258158255152973
-0.012466698962185534
-0.012269654336163685
-0.016437258601846323
-0.017763396307309526
0.008845908498371573
-0.014291435109332755
-0.009496845405938483
-0.012269654336163685
0.00025258158255152973
-0.009532358447799243
0.004057160910890639
0.013166420631268761
0.013166420631268761
0.015701563516416925
0.004057160910890639
-0.015542745101954391
-0.010326389460450697
-0.014291435109332755
-0.012881716895650007
-0.012881716895650007
-0.00743877880594984
0.008845908498371573
0.015701563516416925
0.010831843859467713
-0.04099060753662852
-0.010326389460450697
-0.009532358447799243
-0.00743877880594984
-0.015542745101954391
0.001143499547359794
0.007134605421731038
0.010831843859467713
-0.0006186861700378358
-0.009532358447799243
0.010831843859467713
-0.014291435109332755
-0.020658852729579492
-0.020658852729579492
-0.008426775136436958
0.007134605421731038
-0.04106602048631564
-0.009496845405938483
0.015701563516416925
-0.014291435109332755
-0.012881716895650007
-0.008426775136436958
-0.0035754425390192588
0.001143499547359794
-0.0035754425390192588
0.00025258158255152973
-0.012466698962185534
0.004057160910890639
0.013166420631268761
-0.04106602048631564
-0.04099060753662852
0.004057160910890639
0.010831843859467713
-0.020658852729579492
-0.04106602048631564
0.008845908498371573
-0.04106602048631564
-0.015542745101954391
-0.010326389460450697
-0.017763396307309526
0.007134605421731038
-0.016437258601846323
-0.009496845405938483
-0.00743877880594984
-0.04099060753662852
-0.008426775136436958
0.00025258158255152973
0.007134605421731038
-0.009496845405938483
-0.014291435109332755
0.013166420631268761
-0.011793550893722147
-0.009532358447799243
-0.020658852729579492
-0.012881716895650007
-0.011793550893722147
0.008845908498371573
-0.017763396307309526
-0.008426775136436958
0.004057160910890639
-0.007819519832516728
-0.012881716895650007
0.001143499547359794
0.00025258158255152973
-0.0006186861700378358
-0.04106602048631564
-0.007819519832516728
-0.014291435109332755
-0.009532358447799243
-0.00743877880594984
0.015701563516416925
-0.020658852729579492
-0.012881716895650007
0.00025258158255152973
-0.007819519832516728
-0.00743877880594984
-0.007819519832516728
-0.007819519832516728
0.001143499547359794
-0.04099060753662852
-0.012881716895650007
0.015701563516416925
-0.012269654336163685
-0.016437258601846323
-0.007819519832516728
0.010831843859467713
-0.012881716895650007
0.015701563516416925
0.013166420631268761
0.00025258158255152973
-0.015542745101954391
-0.016437258601846323
-0.014291435109332755
-0.012881716895650007
-0.009496845405938483
0.010831843859467713
-0.0006186861700378358
0.007134605421731038
-0.04099060753662852
-0.012881716895650007
0.00025258158255152973
-0.020658852729579492
0.015701563516416925
0.004057160910890639
0.007134605421731038
-0.04099060753662852
0.007134605421731038
0.007134605421731038
-0.016437258601846323
-0.00743877880594984
-0.017763396307309526
-0.009496845405938483
-0.010326389460450697
0.010831843859467713
0.008845908498371573
-0.009496845405938483
-0.009532358447799243
-0.020658852729579492
-0.04099060753662852
-0.00743877880594984
-0.020658852729579492
0.001143499547359794
-0.012881716895650007
-0.009496845405938483
-0.016437258601846323
0.00025258158255152973
0.015701563516416925
0.004057160910890639
-0.012881716895650007
0.010831843859467713
-0.0006186861700378358
0.008845908498371573
-0.012466698962185534
-0.009496845405938483
0.013166420631268761
0.010831843859467713
-0.015542745101954391
-0.007819519832516728
-0.009532358447799243
-0.009496845405938483
0.00025258158255152973
0.010831843859467713
0.00025258158255152973
0.001143499547359794
-0.012269654336163685
0.013166420631268761
0.008845908498371573
0.00025258158255152973
-0.010326389460450697
-0.0035754425390192588
-0.012881716895650007
0.001143499547359794
-0.00743877880594984
-0.020658852729579492
-0.014291435109332755
0.015701563516416925
0.001143499547359794
-0.011793550893722147
-0.016437258601846323
-0.020658852729579492
-0.016437258601846323
-0.012881716895650007
0.008845908498371573
-0.011793550893722147
-0.008426775136436958
-0.012466698962185534
-0.009532358447799243
0.001143499547359794
-0.009496845405938483
-0.017763396307309526
0.010831843859467713
-0.016437258601846323
-0.009532358447799243
-0.04099060753662852
0.004057160910890639
0.013166420631268761
-0.011793550893722147
-0.0006186861700378358
0.015701563516416925
-0.012269654336163685
-0.014291435109332755
-0.015542745101954391
-0.009496845405938483
-0.012466698962185534
-0.008426775136436958
0.013166420631268761
0.013166420631268761
-0.007819519832516728
-0.007819519832516728
