-0.0350799964533211
-0.02636342694823884
-0.017730431125722087
0.0038983239256866527
-0.03511726996043683
-0.03777445654481195
-0.00502838238834809
-0.054507825988230334
-0.0024437979301668187
-0.002434732692048827
-0.007741686915713193
-0.04458544423277189
-0.015072061500609005
-0.021954044861264423
-0.02116859803226919
0.0038983239256866527
-0.006905877226679092
0.0038983239256866527
-0.07512392988826799
0.003975209538647834
-0.005658424103271034
-0.0040483433209903205
-0.010464923037285145
-0.03673473407029366
0.00443760802908444
0.0001914160278581467
-0.012990587234711084
0.0057597700729691255
-0.009607936681445864
-0.01954472208598645
-0.02325053976948215
-0.0024437979301668187
-0.007714000674202869
-0.047918544859772184
-0.03842579163167533
-0.01862297834322328
-0.012000416148162487
0.005403740444599165
0.005339648531394907
-0.0173325283911232
-0.02116859803226919
-0.003738778393213563
-0.020101228122031894
-0.0296127482500971
-0.019448835034099783
-0.03511726996043683
-0.03822736541032915
-0.05000544423529102
0.013783113963059429
-0.0024437979301668187
-0.008380443249408396
-0.011072374344166375
-0.004571588039564954
-0.009583716396879053
-0.03673473407029366
-0.01954472208598645
-0.011072374344166375
-0.020101228122031894
-0.04764374305222902
-0.04932677229037732
-0.023439376605899852
-0.03511726996043683
-0.02686420107126884
-0.04946525024742003
-0.03132687122470026
-0.03732240851877261
-0.006689936871707788
-0.009101729685645425
-0.009381255844519923
-0.006471538309229966
-0.030569518482799422
-0.002434732692048827
-0.011477911140261901
-0.02116859803226919
-0.0349599641534906
0.0057597700729691255
-0.025332610025368057
-0.025180194022416145
-0.005749198543762929
-0.03777445654481195
0.0007730467790890269
-0.021954044861264423
-0.008775371216187003
-0.014124181877002491
-0.009101729685645425
-0.01970296196858667
-0.02116859803226919
-0.03330305243492005
-0.029761157140631763
-0.02341049873058194
-0.02778961496965496
-0.039980244057784955
-0.01080261412632606
-0.02325053976948215
-0.023439376605899852
-0.016089090418140498
-0.006905877226679092
-0.032378215030083056
-0.006986734857179162
-0.004854558858779211
-0.022792842566031698
-0.03822736541032915
-0.024269400212862495
-0.012760839861313036
-0.014839774279379617
-0.012030667730439383
-0.01970296196858667
-0.02352162762950953
-0.01862297834322328
-0.009381255844519923
-0.010030687745022103
-0.022794767721074787
-0.007741686915713193
-0.010464923037285145
-0.01573556402863108
-0.010926817381628033
-0.01818740179957217
-0.029698303695383798
0.005339648531394907
0.005398895774742544
-0.015568047060589002
-0.012990587234711084
-0.00996917122103987
-0.03511726996043683
-0.0024437979301668187
-0.04276587990476362
-0.05000544423529102
-0.022792842566031698
-0.010926817381628033
-0.018519367406697174
-0.019247335071219434
-0.019005974763862024
-0.04946525024742003
0.001801139391243486
-0.00987350427611033
-0.008336974991512768
-0.0296127482500971
-0.03391329499853219
-0.009607936681445864
-0.009475705393892905
-0.017139573749673943
-0.009607936681445864
-0.01862297834322328
-0.01428841559568565
-0.03349395242817046
-0.010030687745022103
-0.01961641897609925
-0.028796758856487994
-0.006133224097803132
-0.03633464223405389
-0.03511726996043683
-0.017225166686844984
-0.03330305243492005
-0.054507825988230334
-0.022151718529375187
-0.008580611028253972
-0.03842579163167533
-0.009361245279324292
-0.047918544859772184
-0.01954472208598645
-0.0040483433209903205
-0.007570418438830806
-0.01573556402863108
-0.02377512100124241
-0.025332610025368057
-0.009381255844519923
-0.015072061500609005
-0.02341049873058194
0.005398895774742544
-0.01781266581440171
0.013783113963059429
-0.039980244057784955
-0.02352162762950953
-0.008847341718405807
-0.006986734857179162
-0.008775371216187003
-0.04764374305222902
-0.026772412654965702
0.017629835785967312
0.0057597700729691255
-0.002449002413282175
-0.026749638876707064
0.005339648531394907
-0.012990587234711084
-0.018458011347630806
-0.008580611028253972
-0.07512392988826799
-0.017730431125722087
-0.029698303695383798
-0.02922253596927616
-0.009583716396879053
-0.013918159136454332
0.0030383189206259907
-0.012990587234711084
-0.04458544423277189
-0.025180194022416145
-0.01862297834322328
-0.04182393207382659
-0.0024437979301668187
-0.009583716396879053
-0.013918159136454332
-0.012030667730439383
-0.017752394504523407
-0.07158984962158868
-0.030569518482799422
-0.032378215030083056
-0.03777445654481195
-0.014124181877002491
-0.07158984962158868
0.004085677002567282
-0.03349395242817046
-0.01704088122366449
-0.011072374344166375
-0.03132687122470026
-0.036152266783545384
-0.006986734857179162
-0.009013223955347887
-0.014839774279379617
-0.01954472208598645
0.01021144521321945
-0.01607339906167204
-0.01080261412632606
-0.0032778583666780103
-0.019247335071219434
-0.007329428178946906
-0.004700807830351746
-0.005749198543762929
-0.025332610025368057
-0.01573556402863108
-0.008013151858563765
-0.012990587234711084
-0.021504392142067473
-0.009361245279324292
-0.006986734857179162
-0.01209774485589458
0.013783113963059429
-0.009381255844519923
-0.006986734857179162
-0.052328184822828985
-0.01209774485589458
0.005403740444599165
-0.018864849687742376
0.0001914160278581467
-0.0040483433209903205
-0.017752394504523407
-0.013918159136454332
-0.02636342694823884
-0.028796758856487994
-0.04927689597209498
-0.03171410797571788
-0.03822736541032915
-0.011551184024385742
-0.004700807830351746
-0.03511726996043683
-0.017730431125722087
-0.0024437979301668187
-0.037546432575311844
-0.002449002413282175
-0.016304772214964503
-0.004854558858779211
-0.012030667730439383
-0.04932677229037732
-0.020707096522573812
-0.01781266581440171
-0.02778961496965496
-0.017139573749673943
-0.023652400785037848
-0.017139573749673943
-0.03511726996043683
-0.008013151858563765
-0.012000416148162487
-0.008847341718405807
-0.00987350427611033
-0.004700807830351746
-0.06673374141870045
-0.017752394504523407
-0.022794767721074787
-0.025180194022416145
-0.00502838238834809
-0.005749198543762929
-0.0296127482500971
-0.023652400785037848
-0.008847341718405807
-0.018458011347630806
-0.03171410797571788
-0.010030687745022103
-0.04764374305222902
-0.01428841559568565
-0.004854558858779211
-0.006986734857179162
-0.006471538309229966
-0.006986734857179162
-0.028796758856487994
-0.008336974991512768
0.001801139391243486
-0.020707096522573812
-0.047918544859772184
-0.03961591494570679
-0.00996917122103987
-0.00919394721046058
-0.007741686915713193
-0.027076989544119308
-0.0058372792423626125
-0.014334451625504
-0.03433345950739302
-0.029806117350423475
-0.008847341718405807
-0.025180194022416145
-0.017139573749673943
-0.014839774279379617
-0.008013151858563765
-0.016304772214964503
-0.03132687122470026
-0.019005974763862024
-0.027076989544119308
-0.009070706028834492
-0.004854558858779211
-0.009361245279324292
-0.017225166686844984
0.0038983239256866527
-0.006986734857179162
-0.052328184822828985
-0.020707096522573812
-0.006986734857179162
-0.03822736541032915
-0.01577072595151156
-0.00996917122103987
-0.009101729685645425
-0.026520603583488938
-0.028796758856487994
-0.02818553150023139
-0.02818553150023139
0.006691211659444958
-0.009607936681445864
-0.028692062980145837
-0.019005974763862024
-0.011072374344166375
0.013703640561581668
-0.04927689597209498
-0.022794767721074787
-0.026803800500083793
-0.05000544423529102
-0.019448835034099783
-0.011662157555625644
-0.021954044861264423
-0.011072374344166375
-0.016304772214964503
-0.02636342694823884
-0.020101228122031894
-0.013316089193096507
-0.02922253596927616
0.00443760802908444
-0.023439376605899852
-0.008703334596107897
-0.0032778583666780103
-0.00987350427611033
-0.023439376605899852
-0.019448835034099783
-0.00996917122103987
-0.01456576624344135
0.005339648531394907
-0.01818740179957217
-0.018458011347630806
-0.005749198543762929
-0.05000544423529102
-0.016304772214964503
-0.007714000674202869
-0.027076989544119308
-0.01970296196858667
-0.04473126476366773
-0.03508135665249313
-0.009070706028834492
-0.010464923037285145
-0.00919394721046058
-0.004854558858779211
-0.013607588812871692
-0.01970296196858667
-0.008013151858563765
-0.037320212150736234
-0.029761157140631763
-0.037320212150736234
-0.016304772214964503
-0.008580611028253972
-0.036152266783545384
-0.03511726996043683
0.005403740444599165
-0.02341049873058194
-0.014124181877002491
-0.027076989544119308
-0.04458544423277189
-0.008333489701741862
-0.07158984962158868
-0.008580611028253972
-0.03508135665249313
-0.02377512100124241
-0.011421639419091434
-0.01607339906167204
-0.003838556372327719
-0.013607588812871692
0.0030383189206259907
-0.019448835034099783
-0.007570418438830806
-0.05000544423529102
-0.021954044861264423
-0.04946525024742003
-0.01577072595151156
-0.04276587990476362
0.0030383189206259907
-0.07512392988826799
-0.024269400212862495
-0.025180194022416145
0.013703640561581668
-0.007329428178946906
-0.004571588039564954
-0.037320212150736234
-0.006133224097803132
-0.02377512100124241
-0.020707096522573812
-0.016089090418140498
0.0057597700729691255
-0.004571588039564954
-0.003738778393213563
-0.022794767721074787
-0.003838556372327719
-0.03171410797571788
-0.01573556402863108
-0.03349395242817046
-0.01428841559568565
-0.023652400785037848
0.001801139391243486
-0.02325053976948215
-0.011421639419091434
-0.008336974991512768
-0.04764374305222902
-0.017139573749673943
-0.03433345950739302
-0.0058372792423626125
-0.025332610025368057
-0.04276587990476362
-0.0032778583666780103
-0.03349395242817046
-0.01954472208598645
-0.007714000674202869
-0.003838556372327719
-0.02922253596927616
-0.025332610025368057
-0.03132687122470026
-0.03433345950739302
-0.01428841559568565
-0.00987350427611033
-0.002449002413282175
-0.014124181877002491
-0.04041252219322242
-0.03822736541032915
-0.012990587234711084
-0.007570418438830806
-0.0173325283911232
-0.014839774279379617
-0.026772412654965702
-0.01781266581440171
-0.03842579163167533
-0.026772412654965702
-0.04473126476366773
-0.02636342694823884
-0.004854558858779211
-0.03961591494570679
-0.01928880165044843
0.005403740444599165
-0.029698303695383798
-0.011477911140261901
-0.01428841559568565
-0.03697262988078948
-0.01577072595151156
-0.06660567582197872
-0.004571588039564954
-0.01961641897609925
-0.009361245279324292
-0.009101729685645425
-0.054507825988230334
-0.01862297834322328
-0.02778961496965496
-0.020101228122031894
-0.0173325283911232
-0.019513741078625413
-0.009607936681445864
-0.02686420107126884
-0.02352162762950953
-0.03673473407029366
-0.010030687745022103
-0.01607339906167204
-0.03732240851877261
-0.020707096522573812
-0.0350799964533211
-0.022794767721074787
-0.005749198543762929
-0.026772412654965702
-0.014124181877002491
0.00443760802908444
-0.008380443249408396
-0.023439376605899852
-0.010030687745022103
-0.025180194022416145
0.011382458063982462
-0.0036389242725898964
-0.022151718529375187
-0.008333489701741862
-0.005749198543762929
-0.03777445654481195
-0.01456576624344135
-0.0036389242725898964
-0.015509760756848009
0.01021144521321945
-0.015568047060589002
-0.04182393207382659
-0.006133224097803132
-0.023652400785037848
-0.008380443249408396
-0.022792842566031698
-0.032378215030083056
0.013783113963059429
0.0030383189206259907
0.006691211659444958
0.011382458063982462
-0.010115351344484467
-0.01428841559568565
-0.017139573749673943
-0.008336974991512768
-0.014839774279379617
-0.006689936871707788
-0.01428841559568565
-0.016089090418140498
-0.03132687122470026
-0.02818553150023139
-0.017139573749673943
-0.01781266581440171
-0.016089090418140498
-0.011477911140261901
-0.0032778583666780103
-0.03633464223405389
-0.04946525024742003
-0.01428841559568565
-0.03511726996043683
-0.04041252219322242
-0.009070706028834492
0.004085677002567282
-0.032378215030083056
-0.028796758856487994
-0.0058372792423626125
-0.012990587234711084
0.001801139391243486
-0.010464923037285145
-0.026520603583488938
-0.017730431125722087
0.004852218965034768
0.013783113963059429
-0.02325053976948215
-0.013104128533662341
-0.036152266783545384
-0.07158984962158868
0.017629835785967312
-0.00502838238834809
-0.020101228122031894
-0.0058372792423626125
-0.026520603583488938
-0.04182393207382659
-0.02922253596927616
-0.019005974763862024
-0.0173325283911232
-0.027076989544119308
-0.06660567582197872
-0.011421639419091434
-0.017225166686844984
-0.011072374344166375
-0.006905877226679092
-0.014839774279379617
-0.04182393207382659
-0.002449002413282175
-0.00934141382808992
0.01021144521321945
-0.0037358745838139687
-0.016304772214964503
-0.005658424103271034
-0.03511726996043683
-0.007741686915713193
-0.009475705393892905
-0.013832808487387613
-0.01704088122366449
-0.01428841559568565
-0.025332610025368057
0.011382458063982462
0.003975209538647834
-0.010926817381628033
-0.009101729685645425
-0.03330305243492005
-0.020101228122031894
-0.006133224097803132
-0.02352162762950953
-0.0349599641534906
-0.011421639419091434
-0.013607588812871692
-0.03132687122470026
-0.014839774279379617
0.006691211659444958
-0.013918159136454332
-0.013832808487387613
-0.03842579163167533
-0.019005974763862024
-0.009607936681445864
-0.009361245279324292
-0.04473126476366773
-0.014124181877002491
-0.017139573749673943
-0.05000544423529102
-0.010030687745022103
0.011382458063982462
-0.022792842566031698
-0.02778961496965496
-0.017752394504523407
-0.007714000674202869
-0.003738778393213563
0.013783113963059429
-0.036152266783545384
-0.011477911140261901
-0.00919394721046058
-0.002449002413282175
-0.008336974991512768
0.004085677002567282
0.013703640561581668
-0.020730607174314703
-0.013104128533662341
-0.002434732692048827
-0.005336342687498892
-0.01961641897609925
-0.009361245279324292
-0.002434732692048827
-0.028796758856487994
-0.04932677229037732
-0.01351468997001838
-0.03349395242817046
-0.030569518482799422
-0.03330305243492005
-0.007714000674202869
0.006691211659444958
-0.011072374344166375
-0.026772412654965702
-0.06673374141870045
-0.01080261412632606
-0.016089090418140498
-0.018864849687742376
-0.014839774279379617
-0.016089090418140498
-0.036152266783545384
-0.0036389242725898964
-0.03349395242817046
-0.0024437979301668187
-0.037546432575311844
-0.012000416148162487
-0.027076989544119308
-0.017225166686844984
-0.022794767721074787
-0.054507825988230334
-0.032378215030083056
-0.008775371216187003
-0.01781266581440171
0.0057597700729691255
-0.006133224097803132
-0.01337444073908576
-0.04458544423277189
-0.006133224097803132
-0.01970296196858667
-0.026520603583488938
-0.00996917122103987
-0.002449002413282175
-0.04830930133805309
-0.012990587234711084
-0.036152266783545384
-0.020730607174314703
-0.0350799964533211
-0.016089090418140498
0.005339648531394907
-0.015072061500609005
-0.010926817381628033
-0.01080261412632606
-0.018864849687742376
-0.012990587234711084
-0.023439376605899852
-0.009381255844519923
-0.037546432575311844
0.006261179909608039
-0.00987350427611033
-0.029698303695383798
-0.011551184024385742
-0.019448835034099783
-0.002434732692048827
-0.019247335071219434
0.005339648531394907
-0.01818740179957217
-0.0024437979301668187
-0.014334451625504
0.004085677002567282
-0.017730431125722087
-0.002449002413282175
-0.020730607174314703
-0.027076989544119308
-0.01781266581440171
0.005403740444599165
-0.017225166686844984
-0.032378215030083056
-0.01473582590108784
-0.0032778583666780103
-0.009361245279324292
-0.009361245279324292
0.005398895774742544
-0.02818553150023139
-0.019005974763862024
-0.01704088122366449
-0.04473126476366773
-0.026772412654965702
0.013783113963059429
-0.007714000674202869
-0.01970296196858667
-0.01428841559568565
-0.012030667730439383
0.0057597700729691255
-0.07158984962158868
-0.023439376605899852
-0.0349599641534906
-0.02217770612126228
-0.06660567582197872
-0.0024437979301668187
-0.02636342694823884
-0.03732240851877261
-0.019005974763862024
-0.003838556372327719
-0.018864849687742376
-0.02116859803226919
-0.039980244057784955
-0.023652400785037848
-0.0037358745838139687
-0.009583716396879053
0.0038983239256866527
-0.03732240851877261
-0.007329428178946906
-0.009101729685645425
-0.01862297834322328
-0.003838556372327719
-0.021504392142067473
-0.008336974991512768
-0.04830930133805309
-0.01473582590108784
-0.02352162762950953
-0.03732240851877261
-0.007741686915713193
-0.014839774279379617
-0.01428841559568565
0.01021144521321945
-0.027076989544119308
-0.0024437979301668187
-0.030569518482799422
-0.008013151858563765
-0.0350799964533211
-0.01928880165044843
-0.007741686915713193
-0.02922253596927616
-0.015072061500609005
-0.03961591494570679
-0.02325053976948215
-0.01862297834322328
-0.01473582590108784
-0.0036389242725898964
0.003975209538647834
-0.008774975093982213
-0.011477911140261901
-0.04458544423277189
-0.005336342687498892
-0.04764374305222902
0.005398895774742544
-0.007714000674202869
-0.026772412654965702
-0.010950256479180269
-0.0173325283911232
-0.008580611028253972
-0.01577072595151156
-0.01428841559568565
-0.02636342694823884
-0.007741686915713193
-0.018519367406697174
-0.0058372792423626125
0.001801139391243486
-0.01954472208598645
-0.0024437979301668187
-0.004700807830351746
-0.017752394504523407
-0.003838556372327719
-0.021504392142067473
-0.011477911140261901
0.013703640561581668
-0.014839774279379617
-0.028692062980145837
-0.03433345950739302
-0.026803800500083793
-0.03349395242817046
-0.03433345950739302
-0.020730607174314703
-0.0036389242725898964
0.013703640561581668
-0.010115351344484467
-0.03732240851877261
-0.008580611028253972
0.013703640561581668
-0.011477911140261901
-0.03697262988078948
0.006261179909608039
-0.01209774485589458
-0.0350799964533211
-0.01351468997001838
-0.020730607174314703
-0.028692062980145837
-0.010030687745022103
0.003975209538647834
-0.017730431125722087
-0.003838556372327719
-0.007714000674202869
-0.00987350427611033
-0.014334451625504
-0.0296127482500971
-0.01573556402863108
0.003975209538647834
-0.05000544423529102
-0.02778961496965496
-0.06673374141870045
-0.07158984962158868
0.017629835785967312
-0.014124181877002491
-0.02352162762950953
-0.0040483433209903205
0.017629835785967312
-0.009475705393892905
-0.009361245279324292
-0.011072374344166375
-0.004854558858779211
-0.00919394721046058
-0.037546432575311844
0.005339648531394907
-0.029761157140631763
-0.008380443249408396
-0.023652400785037848
-0.019247335071219434
-0.004571588039564954
-0.03132687122470026
-0.00919394721046058
-0.02636342694823884
-0.008333489701741862
-0.011662157555625644
-0.00919394721046058
-0.015509760756848009
-0.009361245279324292
-0.01080261412632606
-0.01970296196858667
-0.03349395242817046
-0.018864849687742376
-0.017225166686844984
-0.017752394504523407
-0.028796758856487994
-0.018864849687742376
-0.004571588039564954
-0.010030687745022103
-0.0350799964533211
-0.012957178779866073
-0.0036389242725898964
-0.018519367406697174
-0.017139573749673943
-0.011551184024385742
-0.009607936681445864
-0.01473582590108784
-0.003738778393213563
-0.016089090418140498
-0.004854558858779211
-0.023652400785037848
-0.009013223955347887
-0.018519367406697174
-0.016304772214964503
-0.01428841559568565
-0.007329428178946906
-0.04830930133805309
-0.039980244057784955
-0.02341049873058194
-0.015072061500609005
-0.008013151858563765
-0.01704088122366449
-0.04830930133805309
-0.008774975093982213
0.003975209538647834
-0.022151718529375187
0.005403740444599165
-0.0349599641534906
-0.02341049873058194
0.01021144521321945
-0.01928880165044843
0.0007730467790890269
-0.01351468997001838
-0.0040483433209903205
-0.020101228122031894
-0.02116859803226919
-0.03842579163167533
-0.026803800500083793
-0.026772412654965702
-0.03697262988078948
-0.01862297834322328
-0.011072374344166375
-0.009607936681445864
-0.005336342687498892
-0.037546432575311844
-0.0040483433209903205
-0.01428841559568565
-0.027076989544119308
-0.010950256479180269
-0.013832808487387613
-0.003738778393213563
-0.003838556372327719
-0.022151718529375187
-0.03633464223405389
-0.013918159136454332
-0.04458544423277189
0.0057597700729691255
-0.018864849687742376
-0.004700807830351746
-0.07158984962158868
-0.039980244057784955
-0.03673473407029366
-0.017225166686844984
-0.014334451625504
0.004852218965034768
-0.0173325283911232
-0.0350799964533211
-0.008703334596107897
-0.023652400785037848
-0.012030667730439383
-0.04927689597209498
-0.004700807830351746
-0.018458011347630806
-0.023652400785037848
-0.0040483433209903205
-0.021954044861264423
-0.012000416148162487
-0.016089090418140498
-0.014334451625504
-0.026520603583488938
-0.03777445654481195
-0.00502838238834809
-0.014839774279379617
-0.008847341718405807
-0.019448835034099783
-0.006689936871707788
-0.04041252219322242
-0.012760839861313036
-0.008380443249408396
-0.01961641897609925
-0.010926817381628033
0.005398895774742544
-0.008774975093982213
0.0007730467790890269
-0.021504392142067473
-0.03391329499853219
-0.009101729685645425
-0.005749198543762929
-0.0024437979301668187
0.005339648531394907
-0.039980244057784955
-0.03132687122470026
-0.029806117350423475
-0.02116859803226919
-0.03673473407029366
-0.03391329499853219
-0.04946525024742003
-0.023652400785037848
-0.03673473407029366
0.005403740444599165
-0.020730607174314703
-0.008847341718405807
-0.01577072595151156
-0.029761157140631763
-0.008333489701741862
-0.01970296196858667
-0.03633464223405389
-0.023652400785037848
-0.026772412654965702
-0.009070706028834492
-0.009583716396879053
-0.03433345950739302
-0.017752394504523407
-0.020101228122031894
-0.01862297834322328
-0.016304772214964503
-0.018519367406697174
-0.05000544423529102
-0.04932677229037732
0.004852218965034768
-0.01970296196858667
-0.02352162762950953
