-0.0029427810554153934
-0.01965200763541939
-0.0023542520001138675
-0.013789363004661182
-0.01324362569556311
-0.011009951104577547
-0.01965200763541939
-0.015638882935450838
-0.013830157514344864
-0.0026860526584231723
-0.011009951104577547
-0.01645730069530741
-0.02308008044261724
-0.00969784679459547
-0.013963104414233563
-0.01515804040295205
-0.010559478117481877
-0.011135531060582586
-0.01383582706549095
-0.008018065954786373
0.0015324766859773828
-0.010115476216230481
-0.00969784679459547
-0.0033572985588342405
0.0005072595838624812
-0.009983986627021026
0.002849757653549936
-0.004995271928247486
-0.017310828191986077
-0.001556566098932136
-0.02308008044261724
-2.9117545873728404e-05
-0.006533054253580517
-0.004365448526180094
-0.006640464942282394
-0.015539167674058257
-0.012326684803201022
-0.00888581775436458
-0.009164690504385741
-0.01515804040295205
-0.0031472251075238982
-0.0036460952269815874
-0.005576498653080103
-0.00702309994242988
-0.011412584867456967
-0.011135531060582586
-0.00818386937659325
-0.017310828191986077
-0.020347819535117037
-2.9117545873728404e-05
-0.007078396393960852
0.00232285251150839
-0.011398273796797276
-0.004580418211824177
-0.02130630698152383
-0.010115476216230481
-0.007551552081393766
-0.016691805963429004
-0.0033572985588342405
-0.013230328275290307
0.0063412714684042415
-0.027961039415185365
-0.01645730069530741
-0.013789363004661182
-0.001889067814121503
-0.011135531060582586
-0.006606795413234523
-0.007144122486490805
-0.008271225910597316
-0.01965200763541939
-0.004632195007247465
-0.0011491855749919317
-0.011039525687843625
-0.013089760011973425
0.00045560419775692794
-0.013531998505017111
-0.013010044248372035
-0.009164690504385741
-0.011039525687843625
-0.0029427810554153934
-0.01064900041424286
-0.011505076933562817
-0.0011491855749919317
-0.0023542520001138675
0.0063412714684042415
-0.011358907027702819
-0.013764852233277378
-0.010754366603798365
-0.004632195007247465
-0.004129327895918973
-0.004801031193299235
-0.024469407687130084
-0.004129327895918973
-0.009810770108322712
-0.0036460952269815874
-0.008856896406400428
-0.004783020022572725
-0.004365448526180094
-0.008856896406400428
-0.0011491855749919317
-0.013089760011973425
-0.0026860526584231723
-0.011426543381952583
-0.004995271928247486
-0.00818386937659325
-0.020347819535117037
-0.013531998505017111
-0.005952937398563817
-0.008018065954786373
-0.013010044248372035
-0.006524660744753833
-0.016774132909815522
0.0015324766859773828
0.000848264089270563
-0.025051766027423886
-0.02153742477855802
-0.011649670221597084
-0.005576498653080103
-0.006958618247923386
-0.008796760154654039
-0.013963104414233563
-0.006690407629073341
-0.004580418211824177
0.002849757653549936
0.00045560419775692794
0.000351979496805775
-0.01324362569556311
-0.01647004643318028
-0.013963104414233563
-0.016691805963429004
0.0063412714684042415
-0.012326684803201022
-0.009983986627021026
-0.0030723203779237118
-0.0023542520001138675
-0.008271225910597316
-0.00888581775436458
-0.011879335853678731
-0.013789363004661182
-0.022052487152265716
-0.0030723203779237118
-0.020371846662792792
-0.004118801794701137
-0.022052487152265716
-0.0029427810554153934
-0.001626669711485573
-0.006640464942282394
-0.01965200763541939
-0.010115476216230481
-0.006958618247923386
-0.0029427810554153934
-0.006524660744753833
-0.00652346828013252
-0.01064900041424286
-0.007078396393960852
-0.010115476216230481
-0.007078396393960852
-0.006533054253580517
-0.004801031193299235
-0.004365448526180094
-0.017310828191986077
-0.009529508230607473
-0.011649670221597084
-0.010559478117481877
-0.011081880552682636
-0.009922294168502805
-0.005745994290149701
-0.0022667360745555814
-0.007078396393960852
-0.020347819535117037
-0.001626669711485573
-0.011412584867456967
-0.01383582706549095
-0.0030723203779237118
-0.01297398797617689
-0.0022667360745555814
-0.009496299744521491
-0.01531817012596427
-0.01297398797617689
-0.00818386937659325
-0.00840205041279225
-0.01645730069530741
-0.004580418211824177
-0.002474331828782432
-0.024469407687130084
0.002849757653549936
-0.011009951104577547
-0.004632195007247465
-0.005576498653080103
-0.0004918720936830187
-0.006288338524881539
-0.004783020022572725
-0.011149248858152513
-0.017310828191986077
-0.01297398797617689
-0.0026860526584231723
-0.02426574745391471
-0.004814121452948211
-0.01531817012596427
-0.015638882935450838
-0.009983986627021026
-0.009529508230607473
-0.009415257831346037
-0.013531998505017111
-0.004580418211824177
-0.01419272556709889
-0.00702309994242988
-0.014063164228413616
-0.01064900041424286
-0.0033572985588342405
-0.012523195219444167
0.0021444484851480534
-0.009073235513502424
-0.011149248858152513
-0.013369713315111446
-0.015029809841667833
-0.004129327895918973
-0.0004918720936830187
-0.002027002560547755
-0.01324362569556311
-0.006578700244432355
-0.011649670221597084
-0.022052487152265716
-0.018573164950226095
-0.004995271928247486
-0.004783020022572725
-0.022052487152265716
-0.001626669711485573
-0.01647004643318028
-0.007662404243209373
-0.00969784679459547
0.0063412714684042415
-0.008856896406400428
-0.013369713315111446
-0.007755747846056688
-0.015029809841667833
-0.0026860526584231723
-0.0004918720936830187
-0.007078396393960852
-0.013230328275290307
-0.00818386937659325
-0.00702309994242988
-0.006690407629073341
-0.006606795413234523
-0.007078396393960852
-0.009073235513502424
-0.008419060325509358
-0.006690407629073341
-0.013963104414233563
0.0005072595838624812
-0.005212664114229289
-0.014063164228413616
-0.001889067814121503
-0.0023542520001138675
-0.001889067814121503
-0.0026860526584231723
0.0006072459784660149
-0.011039525687843625
-0.014073319664550414
0.0006134060768214229
-0.011039525687843625
-0.02130630698152383
-0.004814121452948211
-0.0022667360745555814
-0.00652346828013252
-0.02426574745391471
-0.004365448526180094
-0.013963104414233563
-0.01531817012596427
0.0002749415644828895
-0.006168528975635326
0.000351979496805775
-0.0022667360745555814
-0.016691805963429004
-0.0022667360745555814
-0.008018065954786373
-0.010754366603798365
-0.006578700244432355
-0.009983986627021026
-0.007012612862490254
-0.013089760011973425
-0.00702309994242988
-0.001889067814121503
-0.013531998505017111
-0.01297398797617689
-0.010072875823008205
-0.011149248858152513
-0.011135531060582586
-0.013963104414233563
-0.013654647539906282
-0.009496299744521491
-0.015539167674058257
-0.013342887706042653
-0.008148663352052886
-0.001556566098932136
-0.006533054253580517
0.000351979496805775
0.0063412714684042415
-0.006690407629073341
-0.009164690504385741
-0.005745994290149701
-0.00652346828013252
-0.004580418211824177
-0.019067490609363396
-0.007755747846056688
-0.013963104414233563
-0.0031946007577803247
-0.02308008044261724
-0.006958618247923386
-0.016294045176667445
-0.013089760011973425
-0.011149248858152513
-0.02308008044261724
-0.006690407629073341
-0.01965200763541939
-0.011505076933562817
-0.00652346828013252
-0.00969784679459547
0.002849757653549936
-0.0030723203779237118
-0.007551552081393766
-0.013830157514344864
-0.02153742477855802
-0.011358907027702819
-0.011009951104577547
-0.01531817012596427
-0.02121955620771885
0.000351979496805775
-0.01297398797617689
-0.0031472251075238982
-0.009415257831346037
-0.02426574745391471
-0.006168528975635326
-0.0029427810554153934
-0.00888581775436458
-0.02153742477855802
-0.01645730069530741
0.000351979496805775
-0.010443853150462552
-0.01515804040295205
-0.009922294168502805
-0.01383582706549095
0.00232285251150839
-0.011398273796797276
-0.011135531060582586
-0.011505076933562817
-0.013764852233277378
-0.016691805963429004
-0.011039525687843625
-0.01898665240276564
0.00045560419775692794
-0.004758209802941981
-0.004580418211824177
-0.004801031193299235
-0.007662404243209373
-0.006524660744753833
-0.01645730069530741
-0.00818386937659325
-0.015539167674058257
-0.011358907027702819
-0.01419272556709889
-0.007012612862490254
-0.011426543381952583
-0.01548734298457042
-0.010559478117481877
0.0034259560370343617
-0.001556566098932136
-0.009529508230607473
-0.013531998505017111
-0.008796760154654039
-0.00652346828013252
-0.013963104414233563
-0.019067490609363396
-0.004758209802941981
-0.01548734298457042
-0.011412584867456967
-0.0036460952269815874
-0.010720819420765722
0.002849757653549936
-0.004995271928247486
-0.015009106520131071
-0.009164690504385741
-0.010072875823008205
-0.010072875823008205
-0.015539167674058257
-0.002474331828782432
-0.013789363004661182
0.0006134060768214229
-0.010277400258359956
-0.013369713315111446
-0.00652346828013252
-0.004632195007247465
-0.010443853150462552
-0.013230328275290307
-0.017310828191986077
-0.009496299744521491
-0.014655842484610443
-0.011149248858152513
-0.009983986627021026
-0.008856896406400428
-0.011426543381952583
-0.011234754174099963
-0.0031472251075238982
-0.011358907027702819
0.0002749415644828895
-0.009922294168502805
-0.007078396393960852
-0.007755747846056688
0.00232285251150839
-0.00818386937659325
-0.01645653613516249
-0.01898665240276564
-0.0029427810554153934
-0.01965200763541939
-0.005576498653080103
-2.9117545873728404e-05
-0.01297398797617689
-0.001556566098932136
-0.013531998505017111
-0.008271225910597316
-0.017310828191986077
-0.008018065954786373
-0.004814121452948211
0.0034259560370343617
-0.014063164228413616
-0.016294045176667445
0.0005072595838624812
-0.013531998505017111
-0.009415257831346037
-0.015539167674058257
-0.013963104414233563
-0.016294045176667445
0.0005072595838624812
-0.004129327895918973
-0.011009951104577547
-0.011039525687843625
-0.02426574745391471
-0.00888581775436458
-0.012046095073222431
-0.013789363004661182
8.617713357993128e-05
-0.02308008044261724
-0.0030723203779237118
-0.005952937398563817
-0.01898665240276564
-0.027961039415185365
-0.006524660744753833
-0.011149248858152513
-0.011398273796797276
-0.025051766027423886
-0.0036460952269815874
0.0021444484851480534
-0.0031472251075238982
-0.011426543381952583
-0.013531998505017111
-0.014655842484610443
-0.01898665240276564
-0.006640464942282394
-0.007755747846056688
-0.011358907027702819
-0.01898665240276564
0.000848264089270563
-0.006640464942282394
-0.008148663352052886
-0.01647004643318028
-0.001889067814121503
-0.009983986627021026
-0.004129327895918973
0.0005072595838624812
-0.02130630698152383
-0.010277400258359956
-0.008419060325509358
-0.024469407687130084
-0.004580418211824177
0.0021444484851480534
-0.00652346828013252
-0.004814121452948211
-0.013963104414233563
-0.0023390803538746543
-0.006606795413234523
0.00045560419775692794
-0.003436794090454487
-0.007078396393960852
-0.01383582706549095
-0.0026860526584231723
-0.00652346828013252
-0.013342887706042653
-0.01645653613516249
0.0021444484851480534
-0.0031874533012557346
-0.004129327895918973
-0.01419272556709889
-0.009415257831346037
-0.004365448526180094
-0.009164690504385741
-0.0026860526584231723
-0.01645653613516249
-0.008271225910597316
-0.024469407687130084
-0.01965200763541939
-0.002474331828782432
0.00045560419775692794
-0.01898665240276564
-0.01898665240276564
-0.010277400258359956
-0.015009106520131071
-0.004995271928247486
-0.003436794090454487
-0.008796760154654039
-0.001626669711485573
-0.004783020022572725
-0.014073319664550414
-0.020347819535117037
0.0015324766859773828
-0.01645653613516249
-0.009415257831346037
-0.006524660744753833
-0.006606795413234523
-0.0030723203779237118
-0.010720819420765722
-0.004783020022572725
-0.004118801794701137
0.00045560419775692794
-0.014655842484610443
-0.004632195007247465
-0.0022667360745555814
-0.01898665240276564
0.000848264089270563
-0.003436794090454487
-0.01898665240276564
-0.004580418211824177
-0.008796760154654039
-0.02153742477855802
-0.005212664114229289
-0.010277400258359956
-0.009073235513502424
-0.009073235513502424
-0.010072875823008205
-0.01324362569556311
-0.010720819420765722
-0.02308008044261724
-0.012523195219444167
-0.008419060325509358
-0.01419272556709889
-0.013010044248372035
-0.019067490609363396
-0.005745994290149701
-0.017734884636365026
-0.006168528975635326
-0.02308008044261724
-0.006606795413234523
-0.02130630698152383
-0.006690407629073341
-0.014063164228413616
-0.00702309994242988
-0.011505076933562817
-0.009810770108322712
-0.025051766027423886
-0.011505076933562817
-0.005745994290149701
-0.008796760154654039
-0.015029809841667833
-0.001556566098932136
-0.010559478117481877
-0.008271225910597316
-0.019067490609363396
-0.006606795413234523
-0.013654647539906282
-0.004783020022572725
-0.01645730069530741
0.003272523196912987
-0.012326684803201022
-0.004118801794701137
-0.007012612862490254
-0.001626669711485573
0.00045560419775692794
-0.0004918720936830187
-0.01645730069530741
-0.0033723857661457366
-0.01515804040295205
-0.0033723857661457366
-0.006606795413234523
-0.017310828191986077
-0.005952937398563817
-0.00652346828013252
-0.008148663352052886
-0.009922294168502805
-0.00888581775436458
-0.004783020022572725
-0.00840205041279225
-0.017310828191986077
-0.012326684803201022
-0.011234754174099963
-0.011879335853678731
-0.0004918720936830187
-0.005745994290149701
-0.008856896406400428
-0.019067490609363396
-0.006168528975635326
0.002849757653549936
-0.008018065954786373
-0.004801031193299235
-0.009415257831346037
-0.012523195219444167
-0.006958618247923386
-0.0033723857661457366
-0.013369713315111446
-0.011234754174099963
-0.003436794090454487
-0.013764852233277378
-0.01297398797617689
-0.006958618247923386
0.0063412714684042415
-0.01419272556709889
-0.011879335853678731
-0.024469407687130084
-0.011426543381952583
-0.013789363004661182
-0.002474331828782432
-0.0026860526584231723
-0.004995271928247486
-0.011135531060582586
-0.015009106520131071
-0.01965200763541939
-0.020347819535117037
-0.0031472251075238982
-0.025051766027423886
-0.013789363004661182
-0.011149248858152513
-0.013654647539906282
-0.011879335853678731
-0.014063164228413616
-0.0031472251075238982
-0.0030723203779237118
-0.020347819535117037
-0.002474331828782432
-0.00888581775436458
-0.004580418211824177
-0.013531998505017111
-0.008856896406400428
-0.006533054253580517
-0.006524660744753833
-0.005576498653080103
-0.007078396393960852
-0.009496299744521491
-0.005576498653080103
0.003272523196912987
-0.02130630698152383
0.00045560419775692794
-0.014336599872939842
-0.008148663352052886
0.0034259560370343617
-0.02121955620771885
-0.002474331828782432
-0.002027002560547755
-0.006958618247923386
0.0006134060768214229
-0.014655842484610443
-0.02153742477855802
-0.015539167674058257
-0.01383582706549095
-0.006690407629073341
-0.006533054253580517
0.0006072459784660149
-0.010072875823008205
-0.00969784679459547
-0.00818386937659325
-0.013089760011973425
-0.007551552081393766
-0.003436794090454487
-0.01419272556709889
-0.005576498653080103
-0.00888581775436458
-0.00702309994242988
-0.0031946007577803247
-0.011505076933562817
-0.009415257831346037
-0.016774132909815522
-0.013230328275290307
-0.00840205041279225
-0.02426574745391471
-0.015029809841667833
-0.01064900041424286
-0.009529508230607473
-0.013369713315111446
-0.0026860526584231723
-0.0031946007577803247
-0.004758209802941981
-0.011039525687843625
-0.007755747846056688
-0.016774132909815522
0.002411647209187692
-0.002474331828782432
-0.015009106520131071
-0.006524660744753833
-0.013830157514344864
-0.002474331828782432
-0.013764852233277378
-0.0030723203779237118
-0.009073235513502424
-0.007078396393960852
-0.013764852233277378
-0.02121955620771885
-0.025051766027423886
0.002849757653549936
-0.002474331828782432
-0.00652346828013252
-0.004118801794701137
-0.012046095073222431
-0.011039525687843625
-0.010277400258359956
-0.013531998505017111
-0.004995271928247486
-0.007012612862490254
-0.005212664114229289
-0.004814121452948211
-0.0011491855749919317
-0.007755747846056688
-0.011135531060582586
-0.018573164950226095
-0.005952937398563817
-2.9117545873728404e-05
-0.004365448526180094
-0.006690407629073341
-0.005212664114229289
-0.014063164228413616
-0.010720819420765722
-0.006533054253580517
-0.004783020022572725
-0.004632195007247465
-0.02308008044261724
-0.016691805963429004
-0.006524660744753833
-0.007144122486490805
-0.00414806390932198
-0.006606795413234523
-0.006578700244432355
-0.00652346828013252
-0.006288338524881539
8.617713357993128e-05
-0.002474331828782432
-0.0031472251075238982
-0.016774132909815522
-0.010754366603798365
-0.01548734298457042
-0.02153742477855802
-0.010443853150462552
-0.006690407629073341
-0.013369713315111446
-0.00818386937659325
-0.0004918720936830187
-0.0030723203779237118
-0.006524660744753833
0.0005072595838624812
-0.006288338524881539
-0.009496299744521491
-0.010720819420765722
-0.010072875823008205
-0.014655842484610443
0.003272523196912987
-0.00888581775436458
-0.019067490609363396
-0.016774132909815522
-0.004758209802941981
-0.01383582706549095
-0.004129327895918973
-0.013654647539906282
0.0063412714684042415
-0.007755747846056688
-0.005952937398563817
-0.02121955620771885
-0.001626669711485573
-0.015009106520131071
-0.012046095073222431
-0.012523195219444167
-0.015638882935450838
-0.018573164950226095
-0.01531817012596427
-0.0033572985588342405
0.0006134060768214229
-0.014655842484610443
-0.01531817012596427
-0.010277400258359956
-0.010115476216230481
-0.013789363004661182
-0.011009951104577547
-0.010443853150462552
-0.013654647539906282
-0.02308008044261724
-0.005576498653080103
-0.0031874533012557346
-0.011398273796797276
-0.013764852233277378
-0.01647004643318028
-0.006524660744753833
-0.013764852233277378
-0.005952937398563817
-0.013789363004661182
-0.013963104414233563
-0.0023390803538746543
-0.013342887706042653
-0.004783020022572725
-0.004632195007247465
-0.01419272556709889
-0.011039525687843625
-0.0029427810554153934
-0.007078396393960852
-0.01297398797617689
-0.013369713315111446
-0.020371846662792792
-0.013369713315111446
-0.01645730069530741
-0.005212664114229289
-0.008796760154654039
-0.011649670221597084
-0.013531998505017111
-0.005952937398563817
-0.015638882935450838
-0.013764852233277378
-0.001556566098932136
0.0002749415644828895
-0.01548734298457042
-0.011398273796797276
-0.01647004643318028
-0.013531998505017111
-0.011505076933562817
-0.011358907027702819
-0.0023390803538746543
0.0034259560370343617
-0.005745994290149701
-0.01531817012596427
-0.0036460952269815874
-0.001556566098932136
-0.010559478117481877
-0.013963104414233563
-0.014073319664550414
-0.012046095073222431
-0.004814121452948211
-0.015638882935450838
-0.004783020022572725
-0.007078396393960852
-0.008148663352052886
-0.004632195007247465
-0.011039525687843625
-0.012028824908774396
-0.025051766027423886
-0.014655842484610443
-0.014655842484610443
-0.009073235513502424
-0.010720819420765722
8.617713357993128e-05
0.003272523196912987
-0.005576498653080103
-0.007755747846056688
-0.013654647539906282
-0.01645730069530741
-0.002474331828782432
-0.01297398797617689
-0.011505076933562817
-0.005066000289097436
-0.013963104414233563
-0.02130630698152383
-0.007551552081393766
-0.010720819420765722
-0.011879335853678731
-0.01647004643318028
0.000351979496805775
0.00232285251150839
-0.0026860526584231723
-0.00414806390932198
-0.016294045176667445
-0.0022667360745555814
-0.007551552081393766
-0.02153742477855802
-0.015539167674058257
-0.011879335853678731
-0.015009106520131071
-0.011649670221597084
-0.012028824908774396
-0.00818386937659325
-0.007551552081393766
-0.006524660744753833
-0.002474331828782432
-0.004783020022572725
-0.013963104414233563
-0.011009951104577547
-0.014336599872939842
-0.014063164228413616
0.0002749415644828895
-0.011135531060582586
-0.015539167674058257
-0.012028824908774396
-0.010754366603798365
-0.0023542520001138675
-0.02121955620771885
-0.0033572985588342405
-0.01965200763541939
-0.013654647539906282
-0.005576498653080103
-0.011081880552682636
-0.006533054253580517
-0.017310828191986077
-0.002474331828782432
-0.02130630698152383
-0.011412584867456967
-0.004995271928247486
-0.011149248858152513
-0.013963104414233563
0.0021444484851480534
-0.004129327895918973
-0.011879335853678731
-0.02121955620771885
-0.012523195219444167
-0.006524660744753833
-0.01324362569556311
-0.020347819535117037
-0.013010044248372035
-0.013789363004661182
-0.020347819535117037
-0.015638882935450838
-0.012523195219444167
0.002411647209187692
-0.007551552081393766
-0.017310828191986077
-0.012523195219444167
-0.02121955620771885
-0.002027002560547755
-0.006640464942282394
-0.010115476216230481
-0.015638882935450838
-0.01324362569556311
-0.010754366603798365
-0.004814121452948211
-0.011879335853678731
-0.013654647539906282
-0.014073319664550414
-0.009164690504385741
-0.011426543381952583
-0.010754366603798365
-0.019067490609363396
-0.01383582706549095
-0.0031874533012557346
-2.9117545873728404e-05
-0.00888581775436458
-0.00818386937659325
-0.009983986627021026
-2.9117545873728404e-05
-0.014655842484610443
-0.02308008044261724
0.00045560419775692794
-0.001626669711485573
-0.0023390803538746543
-0.001556566098932136
-0.01515804040295205
-0.0031946007577803247
-0.0026860526584231723
-0.0036460952269815874
-0.006958618247923386
-0.0030723203779237118
-0.001626669711485573
-0.02130630698152383
-0.00840205041279225
-0.017734884636365026
-0.001626669711485573
-0.01064900041424286
-0.014655842484610443
-0.011398273796797276
-0.01645730069530741
-0.013789363004661182
-0.01647004643318028
-0.004632195007247465
-0.004129327895918973
-0.010277400258359956
-0.01647004643318028
-0.006958618247923386
-0.022052487152265716
-0.011412584867456967
-0.010072875823008205
-0.012028824908774396
0.0063412714684042415
-0.013764852233277378
0.00045560419775692794
-0.0026860526584231723
-0.027961039415185365
-0.011412584867456967
-0.006606795413234523
-0.002474331828782432
-0.011649670221597084
0.00232285251150839
-0.009922294168502805
0.0002749415644828895
8.617713357993128e-05
-0.011649670221597084
-0.0023542520001138675
-0.010754366603798365
-0.013230328275290307
-0.008148663352052886
-0.009922294168502805
-0.014336599872939842
-0.010115476216230481
