0.010706808552178875
-0.0025689817706298305
-0.006263072046662439
-0.00820416424628031
0.004034061537289952
-0.0017617022572512695
-0.0072084803862826966
-0.0006752101321948759
-0.0017617022572512695
0.00161373677574828
-0.005737854959643558
-0.0067858591656178
-0.0072084803862826966
-0.006263072046662439
0.004414580796057955
0.007660315864197553
-0.0010767937037760847
0.0015806943132889986
0.005032641881022852
0.004034061537289952
-0.005483072952911644
-0.00820416424628031
-0.0067858591656178
0.007660315864197553
0.0001503704585218137
-0.0067858591656178
-0.0058099989133345974
-0.0006752101321948759
0.0015806943132889986
0.010706808552178875
0.003212916729121757
-0.0005150651983375593
0.005032641881022852
-0.0005150651983375593
-0.0072084803862826966
-0.0067858591656178
-0.0017617022572512695
0.010706808552178875
0.02974638454498774
0.0008945312433719681
-0.006263072046662439
0.004034061537289952
-0.0067858591656178
0.003212916729121757
-0.0005150651983375593
0.0015806943132889986
-0.005737854959643558
-0.0067858591656178
-0.006263072046662439
0.005032641881022852
-0.0058099989133345974
-0.0010767937037760847
-0.0058099989133345974
0.003212916729121757
-0.00820416424628031
-0.005737854959643558
-0.00820416424628031
0.003212916729121757
0.007660315864197553
-0.0067858591656178
-0.00820416424628031
-0.006263072046662439
0.010706808552178875
-0.00820416424628031
-0.0005150651983375593
-0.0072084803862826966
0.004414580796057955
-0.0072084803862826966
0.0015806943132889986
-0.004405545041591085
-0.0072084803862826966
0.02974638454498774
0.003212916729121757
0.010706808552178875
0.0001503704585218137
0.005032641881022852
-0.0072084803862826966
-0.004405545041591085
0.00161373677574828
0.0001503704585218137
-0.0072084803862826966
0.00161373677574828
0.0008945312433719681
-0.0006752101321948759
-0.0010767937037760847
-0.0017617022572512695
-0.0072084803862826966
0.02974638454498774
-0.0067858591656178
0.0001503704585218137
-0.0072084803862826966
0.003212916729121757
-0.006263072046662439
0.007660315864197553
-0.0005150651983375593
-0.0006752101321948759
-0.0005150651983375593
0.004414580796057955
0.004414580796057955
0.005032641881022852
0.0008945312433719681
-0.004405545041591085
-0.004405545041591085
0.0008945312433719681
0.0015806943132889986
-0.0017617022572512695
-0.0058099989133345974
0.02974638454498774
-0.0010767937037760847
-0.005737854959643558
-0.00820416424628031
0.0001503704585218137
0.003212916729121757
0.0015806943132889986
0.0001503704585218137
-0.0058099989133345974
-0.005737854959643558
-0.005483072952911644
-0.0010767937037760847
-0.0017617022572512695
-0.0067858591656178
0.02974638454498774
0.02974638454498774
0.004034061537289952
-0.005483072952911644
0.010706808552178875
-0.0006752101321948759
-0.0005150651983375593
-0.0067858591656178
0.02974638454498774
-0.0072084803862826966
0.005032641881022852
0.0015806943132889986
-0.005483072952911644
-0.005737854959643558
-0.0025689817706298305
-0.0005150651983375593
0.0015806943132889986
0.00161373677574828
-0.0017617022572512695
-0.0006752101321948759
0.004034061537289952
0.0001503704585218137
0.010706808552178875
0.0008945312433719681
-0.0005150651983375593
0.005032641881022852
0.007660315864197553
0.0008945312433719681
0.010706808552178875
-0.0025689817706298305
-0.00820416424628031
-0.00820416424628031
0.007660315864197553
-0.0017617022572512695
0.0001503704585218137
0.004034061537289952
0.004414580796057955
-0.0025689817706298305
-0.004405545041591085
0.02974638454498774
-0.006263072046662439
0.00161373677574828
-0.0010767937037760847
0.0015806943132889986
-0.0058099989133345974
-0.0058099989133345974
0.02974638454498774
-0.0006752101321948759
0.007660315864197553
-0.0025689817706298305
-0.006263072046662439
0.004414580796057955
-0.005737854959643558
-0.0072084803862826966
0.003212916729121757
0.005032641881022852
0.010706808552178875
0.0001503704585218137
0.0008945312433719681
-0.0010767937037760847
-0.0058099989133345974
0.003212916729121757
0.004414580796057955
0.007660315864197553
-0.0058099989133345974
0.005032641881022852
0.005032641881022852
-0.0025689817706298305
0.0001503704585218137
-0.0005150651983375593
-0.0025689817706298305
0.00161373677574828
0.004034061537289952
-0.0058099989133345974
-0.0067858591656178
0.004414580796057955
-0.005737854959643558
0.004034061537289952
-0.0067858591656178
0.0015806943132889986
-0.0072084803862826966
-0.0006752101321948759
-0.004405545041591085
-0.004405545041591085
0.00161373677574828
0.003212916729121757
-0.0072084803862826966
-0.0006752101321948759
0.007660315864197553
-0.0006752101321948759
-0.004405545041591085
-0.0058099989133345974
0.0015806943132889986
0.007660315864197553
0.02974638454498774
0.00161373677574828
-0.005483072952911644
0.00161373677574828
0.0015806943132889986
-0.005483072952911644
-0.0067858591656178
0.007660315864197553
0.0015806943132889986
0.004414580796057955
0.0015806943132889986
-0.004405545041591085
-0.0058099989133345974
0.00161373677574828
-0.005483072952911644
-0.0072084803862826966
-0.0017617022572512695
-0.005737854959643558
-0.005483072952911644
-0.005737854959643558
0.010706808552178875
-0.006263072046662439
0.004414580796057955
-0.0067858591656178
-0.006263072046662439
-0.0005150651983375593
0.004034061537289952
-0.004405545041591085
-0.0058099989133345974
0.0008945312433719681
-0.0072084803862826966
0.004414580796057955
-0.0072084803862826966
0.004034061537289952
0.004034061537289952
0.0015806943132889986
-0.0006752101321948759
-0.005483072952911644
-0.005483072952911644
-0.006263072046662439
0.003212916729121757
-0.0058099989133345974
0.005032641881022852
-0.0072084803862826966
-0.0058099989133345974
-0.0005150651983375593
-0.004405545041591085
0.003212916729121757
-0.0067858591656178
-0.005737854959643558
0.00161373677574828
-0.0067858591656178
-0.0072084803862826966
0.007660315864197553
0.004414580796057955
-0.0067858591656178
-0.0010767937037760847
0.00161373677574828
-0.006263072046662439
0.00161373677574828
0.004414580796057955
0.010706808552178875
0.0015806943132889986
-0.006263072046662439
0.0015806943132889986
-0.004405545041591085
-0.00820416424628031
-0.004405545041591085
0.00161373677574828
-0.0010767937037760847
-0.004405545041591085
-0.006263072046662439
0.0015806943132889986
-0.0058099989133345974
-0.00820416424628031
-0.004405545041591085
-0.0010767937037760847
0.005032641881022852
0.00161373677574828
-0.0072084803862826966
-0.0005150651983375593
0.0008945312433719681
-0.0025689817706298305
0.004034061537289952
-0.00820416424628031
-0.0017617022572512695
0.003212916729121757
0.02974638454498774
0.010706808552178875
0.004034061537289952
-0.0005150651983375593
0.0015806943132889986
-0.00820416424628031
-0.0058099989133345974
0.00161373677574828
0.0001503704585218137
-0.0010767937037760847
0.004414580796057955
0.004414580796057955
0.02974638454498774
0.0008945312433719681
-0.005737854959643558
-0.005483072952911644
0.010706808552178875
-0.0005150651983375593
0.00161373677574828
0.007660315864197553
-0.0058099989133345974
0.0001503704585218137
-0.004405545041591085
0.0001503704585218137
-0.0025689817706298305
-0.0005150651983375593
-0.0005150651983375593
-0.0067858591656178
-0.0006752101321948759
-0.0005150651983375593
0.007660315864197553
0.003212916729121757
0.005032641881022852
-0.0005150651983375593
-0.006263072046662439
-0.005483072952911644
0.00161373677574828
-0.0017617022572512695
-0.0072084803862826966
-0.0058099989133345974
-0.0017617022572512695
-0.005737854959643558
0.0001503704585218137
0.005032641881022852
0.003212916729121757
0.0001503704585218137
0.00161373677574828
0.005032641881022852
0.010706808552178875
-0.004405545041591085
-0.005483072952911644
-0.0058099989133345974
-0.004405545041591085
0.00161373677574828
0.0001503704585218137
-0.0017617022572512695
0.0015806943132889986
-0.006263072046662439
0.00161373677574828
0.0001503704585218137
0.005032641881022852
0.0001503704585218137
0.0008945312433719681
-0.0010767937037760847
-0.0010767937037760847
-0.004405545041591085
0.010706808552178875
0.010706808552178875
-0.0005150651983375593
-0.006263072046662439
0.0015806943132889986
-0.00820416424628031
0.005032641881022852
0.02974638454498774
0.02974638454498774
-0.00820416424628031
-0.0025689817706298305
0.003212916729121757
-0.0025689817706298305
-0.005483072952911644
-0.0010767937037760847
-0.0025689817706298305
-0.0072084803862826966
0.010706808552178875
0.0008945312433719681
-0.0017617022572512695
-0.004405545041591085
0.003212916729121757
0.00161373677574828
-0.0010767937037760847
0.007660315864197553
-0.0058099989133345974
-0.0006752101321948759
0.0015806943132889986
0.004034061537289952
0.005032641881022852
-0.0010767937037760847
-0.00820416424628031
-0.0005150651983375593
-0.0067858591656178
-0.0067858591656178
-0.004405545041591085
-0.0067858591656178
0.004034061537289952
-0.005483072952911644
0.0015806943132889986
-0.0058099989133345974
-0.004405545041591085
-0.0072084803862826966
0.007660315864197553
0.00161373677574828
-0.0005150651983375593
-0.004405545041591085
-0.004405545041591085
-0.0025689817706298305
0.004034061537289952
0.00161373677574828
-0.0017617022572512695
0.02974638454498774
-0.0005150651983375593
0.0001503704585218137
-0.005483072952911644
-0.005737854959643558
-0.006263072046662439
-0.0025689817706298305
-0.0005150651983375593
0.00161373677574828
0.004034061537289952
-0.0025689817706298305
-0.0006752101321948759
0.004414580796057955
0.0008945312433719681
-0.0006752101321948759
0.004414580796057955
-0.0025689817706298305
0.003212916729121757
0.005032641881022852
0.005032641881022852
0.010706808552178875
-0.005737854959643558
0.007660315864197553
-0.004405545041591085
-0.0017617022572512695
-0.0005150651983375593
0.02974638454498774
0.004034061537289952
-0.00820416424628031
0.004034061537289952
0.02974638454498774
-0.0025689817706298305
0.007660315864197553
0.00161373677574828
0.0015806943132889986
-0.0006752101321948759
0.00161373677574828
0.004034061537289952
0.0008945312433719681
-0.0006752101321948759
-0.0072084803862826966
-0.0072084803862826966
-0.00820416424628031
0.004034061537289952
-0.005483072952911644
0.02974638454498774
0.00161373677574828
0.02974638454498774
-0.0006752101321948759
0.0008945312433719681
-0.0006752101321948759
-0.0010767937037760847
-0.0017617022572512695
-0.005737854959643558
0.0001503704585218137
-0.005483072952911644
0.010706808552178875
0.003212916729121757
0.004414580796057955
-0.0058099989133345974
0.0001503704585218137
0.0015806943132889986
0.0008945312433719681
0.004414580796057955
0.007660315864197553
-0.005737854959643558
0.0001503704585218137
-0.0067858591656178
-0.004405545041591085
0.00161373677574828
-0.0058099989133345974
-0.004405545041591085
-0.005483072952911644
-0.0058099989133345974
-0.006263072046662439
0.0001503704585218137
0.0001503704585218137
-0.0005150651983375593
0.003212916729121757
-0.004405545041591085
0.004034061537289952
0.0008945312433719681
0.0008945312433719681
0.0015806943132889986
-0.0005150651983375593
0.007660315864197553
-0.005737854959643558
-0.006263072046662439
-0.0058099989133345974
0.007660315864197553
0.0008945312433719681
-0.0010767937037760847
-0.00820416424628031
0.003212916729121757
0.004414580796057955
-0.0058099989133345974
-0.005737854959643558
-0.005737854959643558
-0.005737854959643558
-0.0025689817706298305
-0.0006752101321948759
0.010706808552178875
0.02974638454498774
-0.005737854959643558
-0.0067858591656178
0.0008945312433719681
-0.0006752101321948759
-0.004405545041591085
0.005032641881022852
0.004034061537289952
-0.0067858591656178
-0.005483072952911644
0.02974638454498774
0.0008945312433719681
-0.005483072952911644
-0.0006752101321948759
-0.0017617022572512695
-0.0072084803862826966
0.004034061537289952
-0.005483072952911644
0.007660315864197553
-0.0058099989133345974
-0.00820416424628031
0.00161373677574828
0.00161373677574828
-0.006263072046662439
-0.0010767937037760847
0.0001503704585218137
0.007660315864197553
0.0015806943132889986
-0.0072084803862826966
0.007660315864197553
-0.0072084803862826966
0.0015806943132889986
-0.0025689817706298305
-0.0072084803862826966
-0.006263072046662439
-0.0010767937037760847
0.004034061537289952
-0.0017617022572512695
-0.006263072046662439
-0.006263072046662439
-0.006263072046662439
-0.0005150651983375593
-0.0017617022572512695
0.0015806943132889986
-0.0010767937037760847
-0.0067858591656178
-0.0005150651983375593
0.010706808552178875
-0.005483072952911644
0.007660315864197553
0.0015806943132889986
0.02974638454498774
0.005032641881022852
-0.005737854959643558
0.005032641881022852
-0.0025689817706298305
0.0001503704585218137
0.003212916729121757
0.0015806943132889986
-0.006263072046662439
-0.005483072952911644
0.0001503704585218137
0.003212916729121757
-0.0067858591656178
0.005032641881022852
-0.0010767937037760847
0.00161373677574828
-0.0025689817706298305
-0.0067858591656178
0.004414580796057955
0.0001503704585218137
-0.0005150651983375593
0.005032641881022852
0.010706808552178875
-0.004405545041591085
0.0015806943132889986
0.02974638454498774
0.0001503704585218137
-0.006263072046662439
0.004414580796057955
0.004414580796057955
0.004414580796057955
-0.006263072046662439
0.007660315864197553
-0.0067858591656178
-0.0010767937037760847
0.007660315864197553
0.007660315864197553
0.010706808552178875
-0.004405545041591085
0.0015806943132889986
0.00161373677574828
0.0015806943132889986
0.004414580796057955
0.004034061537289952
-0.00820416424628031
0.00161373677574828
-0.0067858591656178
0.005032641881022852
0.004034061537289952
0.0001503704585218137
0.010706808552178875
-0.0058099989133345974
-0.005483072952911644
-0.005483072952911644
0.004034061537289952
0.00161373677574828
-0.0006752101321948759
0.005032641881022852
0.003212916729121757
0.005032641881022852
-0.005737854959643558
0.00161373677574828
-0.0006752101321948759
0.007660315864197553
0.010706808552178875
-0.0017617022572512695
0.007660315864197553
0.00161373677574828
0.003212916729121757
-0.0058099989133345974
0.004414580796057955
0.00161373677574828
-0.005737854959643558
-0.0072084803862826966
0.02974638454498774
0.00161373677574828
-0.004405545041591085
0.0001503704585218137
-0.0017617022572512695
-0.0067858591656178
0.004414580796057955
0.02974638454498774
0.0001503704585218137
0.00161373677574828
0.004034061537289952
0.0008945312433719681
0.010706808552178875
0.010706808552178875
0.0015806943132889986
0.0008945312433719681
0.005032641881022852
-0.0005150651983375593
0.004414580796057955
-0.0025689817706298305
-0.0067858591656178
0.0015806943132889986
-0.0058099989133345974
-0.0005150651983375593
0.004034061537289952
-0.0025689817706298305
0.005032641881022852
-0.00820416424628031
-0.0006752101321948759
-0.0058099989133345974
-0.005483072952911644
0.004034061537289952
-0.0058099989133345974
0.004414580796057955
0.007660315864197553
0.007660315864197553
-0.005737854959643558
-0.0006752101321948759
-0.0072084803862826966
0.02974638454498774
0.0015806943132889986
0.004414580796057955
-0.005737854959643558
-0.0010767937037760847
-0.00820416424628031
-0.0010767937037760847
0.00161373677574828
-0.004405545041591085
0.0008945312433719681
0.010706808552178875
-0.0072084803862826966
0.0008945312433719681
-0.0058099989133345974
0.007660315864197553
-0.0072084803862826966
-0.0067858591656178
-0.0072084803862826966
0.005032641881022852
-0.0005150651983375593
-0.0017617022572512695
-0.0006752101321948759
0.02974638454498774
-0.0025689817706298305
-0.005737854959643558
0.00161373677574828
-0.0006752101321948759
0.02974638454498774
0.004414580796057955
0.010706808552178875
-0.006263072046662439
0.004034061537289952
0.007660315864197553
-0.006263072046662439
-0.0067858591656178
-0.0017617022572512695
-0.005737854959643558
0.0008945312433719681
0.003212916729121757
-0.00820416424628031
0.00161373677574828
-0.005483072952911644
-0.0072084803862826966
0.003212916729121757
0.004414580796057955
0.004034061537289952
-0.0025689817706298305
0.0015806943132889986
0.007660315864197553
0.00161373677574828
0.003212916729121757
-0.0025689817706298305
0.003212916729121757
0.003212916729121757
-0.00820416424628031
0.0015806943132889986
0.0001503704585218137
0.003212916729121757
-0.0058099989133345974
0.0015806943132889986
0.010706808552178875
0.00161373677574828
0.005032641881022852
0.004414580796057955
0.02974638454498774
-0.0058099989133345974
-0.005483072952911644
-0.0006752101321948759
0.00161373677574828
0.007660315864197553
0.0015806943132889986
0.0008945312433719681
-0.0006752101321948759
-0.0006752101321948759
-0.0006752101321948759
-0.0025689817706298305
-0.0017617022572512695
0.02974638454498774
-0.0005150651983375593
-0.0058099989133345974
-0.0067858591656178
0.02974638454498774
0.004034061537289952
0.007660315864197553
-0.0025689817706298305
0.007660315864197553
-0.00820416424628031
0.02974638454498774
0.00161373677574828
0.0015806943132889986
0.0008945312433719681
-0.0058099989133345974
-0.005483072952911644
-0.0067858591656178
-0.004405545041591085
0.02974638454498774
0.010706808552178875
-0.0058099989133345974
0.005032641881022852
0.003212916729121757
0.004034061537289952
0.02974638454498774
0.00161373677574828
-0.0058099989133345974
0.00161373677574828
-0.00820416424628031
0.0001503704585218137
0.010706808552178875
-0.0067858591656178
0.00161373677574828
-0.0005150651983375593
-0.0010767937037760847
-0.00820416424628031
-0.0025689817706298305
0.007660315864197553
0.004414580796057955
0.0015806943132889986
-0.00820416424628031
-0.006263072046662439
0.007660315864197553
-0.0067858591656178
-0.006263072046662439
-0.005737854959643558
-0.004405545041591085
0.004034061537289952
-0.00820416424628031
0.02974638454498774
-0.0017617022572512695
-0.0058099989133345974
0.004034061537289952
0.0008945312433719681
0.010706808552178875
-0.006263072046662439
-0.005483072952911644
0.0015806943132889986
0.0001503704585218137
0.004414580796057955
0.005032641881022852
0.02974638454498774
-0.004405545041591085
-0.005737854959643558
0.010706808552178875
0.010706808552178875
0.003212916729121757
0.003212916729121757
-0.0025689817706298305
0.004414580796057955
0.02974638454498774
-0.006263072046662439
-0.0010767937037760847
0.004034061537289952
0.004414580796057955
-0.00820416424628031
0.007660315864197553
0.004414580796057955
-0.0006752101321948759
-0.005483072952911644
0.0001503704585218137
0.007660315864197553
-0.0006752101321948759
0.010706808552178875
0.00161373677574828
-0.0010767937037760847
0.02974638454498774
0.02974638454498774
-0.006263072046662439
0.0015806943132889986
-0.00820416424628031
0.007660315864197553
-0.0017617022572512695
-0.004405545041591085
0.0015806943132889986
-0.006263072046662439
0.010706808552178875
-0.004405545041591085
-0.005737854959643558
-0.0025689817706298305
-0.00820416424628031
0.003212916729121757
-0.0005150651983375593
-0.0025689817706298305
-0.006263072046662439
-0.006263072046662439
-0.0005150651983375593
0.00161373677574828
-0.00820416424628031
-0.0067858591656178
0.007660315864197553
-0.0072084803862826966
0.010706808552178875
-0.0067858591656178
0.010706808552178875
-0.0067858591656178
0.005032641881022852
-0.0017617022572512695
0.0015806943132889986
0.007660315864197553
0.00161373677574828
-0.006263072046662439
0.007660315864197553
0.004414580796057955
-0.0072084803862826966
-0.00820416424628031
-0.00820416424628031
-0.004405545041591085
0.007660315864197553
-0.0006752101321948759
0.005032641881022852
0.004034061537289952
0.02974638454498774
-0.00820416424628031
-0.0067858591656178
-0.00820416424628031
-0.004405545041591085
0.005032641881022852
-0.005483072952911644
-0.005737854959643558
-0.0006752101321948759
-0.004405545041591085
-0.006263072046662439
-0.0005150651983375593
-0.0010767937037760847
-0.0005150651983375593
-0.0067858591656178
-0.0005150651983375593
-0.0058099989133345974
-0.0058099989133345974
-0.005737854959643558
-0.006263072046662439
0.0008945312433719681
-0.006263072046662439
0.0001503704585218137
-0.0058099989133345974
-0.006263072046662439
-0.00820416424628031
-0.00820416424628031
0.02974638454498774
0.010706808552178875
0.003212916729121757
0.0008945312433719681
-0.006263072046662439
-0.005483072952911644
-0.005737854959643558
-0.0067858591656178
0.02974638454498774
-0.0010767937037760847
-0.0072084803862826966
0.003212916729121757
0.007660315864197553
0.003212916729121757
-0.005483072952911644
0.00161373677574828
0.007660315864197553
0.0015806943132889986
-0.006263072046662439
0.0008945312433719681
0.02974638454498774
0.005032641881022852
-0.0025689817706298305
-0.004405545041591085
0.004414580796057955
-0.00820416424628031
0.007660315864197553
0.02974638454498774
-0.00820416424628031
0.02974638454498774
-0.00820416424628031
0.02974638454498774
-0.0006752101321948759
-0.005737854959643558
0.005032641881022852
-0.005737854959643558
-0.005483072952911644
-0.0072084803862826966
-0.0017617022572512695
0.0001503704585218137
0.010706808552178875
0.0008945312433719681
0.0008945312433719681
-0.0058099989133345974
-0.0010767937037760847
0.0015806943132889986
-0.0072084803862826966
0.010706808552178875
-0.0025689817706298305
0.004414580796057955
0.0008945312433719681
0.0008945312433719681
-0.0006752101321948759
-0.00820416424628031
-0.0058099989133345974
0.00161373677574828
-0.004405545041591085
0.003212916729121757
0.005032641881022852
-0.0025689817706298305
0.007660315864197553
-0.0010767937037760847
0.02974638454498774
-0.0025689817706298305
0.003212916729121757
0.007660315864197553
0.02974638454498774
-0.005483072952911644
0.004034061537289952
0.00161373677574828
-0.004405545041591085
0.00161373677574828
-0.0072084803862826966
-0.0005150651983375593
0.00161373677574828
-0.00820416424628031
0.004034061537289952
0.0008945312433719681
