-0.008474633460472123
0.007488804636512529
0.005209454735436206
-0.0023430647629530655
-0.00396859263066514
-0.009850592673940813
-0.010611737031608719
-0.0020601327805648685
0.010319749019276802
0.004548363364004382
-0.002465785663297968
-0.003124362948741371
-0.002234634203803347
-0.0020601327805648685
0.004548363364004382
0.0004223549551096322
0.00025315235755471774
0.002183092240420055
0.0015894271113660449
-0.00396859263066514
-0.012057791974402366
-0.0012603982019393429
-0.0031098321432565536
-0.002650675124604118
-0.003685123076982653
-0.004708215260850696
-8.365546808828161e-05
-8.365546808828161e-05
-0.0042937030212757245
-0.004287636492044014
-0.00396859263066514
-0.007327951712642615
-0.004287636492044014
-0.01644804877937707
-0.006898765483804109
0.0014183887094481814
0.0026681939676031635
-0.006557266525264186
-0.006557266525264186
0.0018628445561656402
0.0024164148746963054
-0.004855332982219261
0.0029604725898019265
-0.0031098321432565536
-0.00670148441717317
0.0020273007403904704
-7.426775565796075e-05
-0.01644804877937707
0.00043982885123113887
-0.006862572438593581
-0.0005156269305346403
-0.005619091996584431
0.00036967395042587043
-0.005704858821343595
0.0011669224002690125
-0.0019166806724490795
-0.002650675124604118
0.0006460119891408884
-0.006557266525264186
-0.0042937030212757245
-0.003685123076982653
0.0018628445561656402
-0.002465785663297968
-0.003143374185745158
-0.0038657986857394684
-0.012562381053987227
-0.005166601437693458
-0.008474633460472123
-0.007327951712642615
0.0038211518399991146
-0.007007841699336295
0.005477369931525042
-0.01012693285278916
-0.012057791974402366
-0.005488945715768874
0.004793902167360653
0.007488804636512529
0.0026685377607306784
-0.01497506979627385
0.0005546070103302666
-0.015749659215985607
0.0009361550672244759
-0.012474300846417383
0.000994617057064214
0.0021362570535043064
-0.010611737031608719
-0.01497506979627385
-0.0013567887599745167
0.0038211518399991146
-0.00808571360635065
-7.426775565796075e-05
-0.006048545064190634
-0.007327951712642615
0.000994617057064214
0.00325909388534064
-0.006898765483804109
-0.0010756371319376686
-0.007327951712642615
-0.005488945715768874
-0.0032892413759609816
-0.003143374185745158
-0.00808571360635065
0.006394585174670576
-0.0033416482342091347
-0.002650675124604118
-0.012057791974402366
-0.004074335765614876
0.00033957330803032837
-0.0028690030816511058
-0.003124362948741371
-0.010611737031608719
-0.00879789251843096
-0.0036645177622712183
-0.0010756371319376686
0.0023743527861351667
-0.0019166806724490795
-0.005702299510414323
0.0026209303040919747
-0.0019574681930507698
-0.004287636492044014
-0.006557266525264186
-0.004855332982219261
-0.004593715392936245
-7.426775565796075e-05
-0.0012603982019393429
0.002183092240420055
0.00011252423078411203
-0.008178034122473076
-0.001934173125281341
-0.005702299510414323
-0.0006029876571055776
-0.012474300846417383
-0.006649605302851326
-0.011256151012719626
-0.006048545064190634
-0.002751961152110828
0.0015894271113660449
-0.004593715392936245
0.0009361550672244759
0.0015894271113660449
0.005209454735436206
-0.0029562976474289252
0.00033957330803032837
-0.0010580527671805353
-0.00598808986630735
-0.004147977705885505
-0.0036645177622712183
-0.003143374185745158
-0.014696061049371288
-0.01121438246760991
0.004712563784050655
0.0037490592230837905
0.00025315235755471774
-0.003143374185745158
0.003306670612313935
0.007488804636512529
-0.001472168913436727
0.0023743527861351667
-0.003143374185745158
0.010319749019276802
-0.01644804877937707
-0.011256151012719626
-0.0021549089964227803
-0.0031098321432565536
-0.0028690030816511058
0.0019093514024349776
-0.002751961152110828
-0.0019166806724490795
0.0037710765319244554
-0.0013567887599745167
-0.006239465949462298
0.003306670612313935
-0.0006017531308458295
-0.001934173125281341
-0.008178034122473076
0.005209454735436206
-0.0006029876571055776
0.00036967395042587043
-0.0010756371319376686
-0.004287636492044014
-0.0019166806724490795
0.0023743527861351667
0.00325909388534064
-0.001934173125281341
0.0037710765319244554
-0.005702299510414323
0.00019226013449076963
0.0018628445561656402
0.0026209303040919747
-0.012057791974402366
-0.004708215260850696
0.005209454735436206
0.00036967395042587043
-0.002234634203803347
-0.004706300667255642
0.007572176054096957
-0.0028690030816511058
0.0038211518399991146
-0.005431509078610966
-0.006655145944803854
-0.0006029876571055776
-0.01644804877937707
-0.00396859263066514
0.00325909388534064
0.00019226013449076963
-0.0029562976474289252
0.0026685377607306784
-0.00665998008466113
-0.0006017531308458295
0.0026681939676031635
0.004548363364004382
-0.0015261143672214827
0.0024164148746963054
-0.010611737031608719
0.000994617057064214
0.0026681939676031635
-0.005520115926343404
-0.0019574681930507698
0.000410166407935948
-0.006239465949462298
-0.006048545064190634
0.00036967395042587043
0.00043982885123113887
0.0006460119891408884
0.0030465187625577394
-0.010611737031608719
0.00025315235755471774
0.005209454735436206
-0.0023430647629530655
0.00036967395042587043
-0.006898765483804109
0.00011252423078411203
-0.004708215260850696
-0.0015261143672214827
-0.009704525765796891
0.0029604725898019265
-0.0038657986857394684
-0.005702299510414323
-0.015749659215985607
-0.0064465328715982845
-0.002465785663297968
-0.0006017531308458295
0.007488804636512529
-0.006451982347541531
0.0037710765319244554
0.0006460119891408884
0.0026685377607306784
-0.002234634203803347
0.008142271189096946
0.0019093514024349776
-0.007556981304986474
-0.0010756371319376686
-0.001472168913436727
-0.0028690030816511058
-0.0013567887599745167
-0.0025096376438519677
0.007572176054096957
0.0014183887094481814
0.0020273007403904704
-0.006557266525264186
-0.004065045944824152
0.004712563784050655
0.0023563566002658383
-0.012474300846417383
-0.008178034122473076
0.0030465187625577394
0.0026209303040919747
0.000410166407935948
0.0006460119891408884
-0.0013567887599745167
-0.0033416482342091347
-0.0020601327805648685
-8.365546808828161e-05
0.0015894271113660449
-0.0020601327805648685
-0.011256151012719626
-0.003124362948741371
0.0004223549551096322
0.00043982885123113887
0.0030465187625577394
-0.018525482423322057
0.00025315235755471774
-0.004287636492044014
0.00033957330803032837
0.0014183887094481814
-0.0038213604844397424
-0.012562381053987227
-0.0009340398209637425
0.002507211773662546
-0.001472168913436727
0.0016138458296049672
-0.0029562976474289252
0.004793902167360653
-0.0004003542690168964
0.000994617057064214
0.000410166407935948
-0.004147977705885505
-0.00598808986630735
-0.007556981304986474
-0.003517137508490892
-0.0038267330907043096
-0.008243479884289879
0.0026209303040919747
0.0020273007403904704
0.0019093514024349776
0.007488804636512529
0.0026681939676031635
0.0026209303040919747
-0.003124362948741371
-0.010201246600446958
0.0019093514024349776
-0.0020601327805648685
0.010319749019276802
0.0018628445561656402
-0.01497506979627385
-0.012474300846417383
0.013993685254717584
-0.0019574681930507698
-0.009453725407687344
-0.003124362948741371
0.0023563566002658383
-0.0006017531308458295
-0.011256151012719626
-0.003143374185745158
0.010319749019276802
-0.004855332982219261
0.000410166407935948
-0.011256151012719626
0.0016138458296049672
-0.0009340398209637425
-0.0031098321432565536
-0.0035149725429658293
-0.005166601437693458
-0.0016753890666220933
-0.0010980747277906243
0.012002028227537138
-0.006898765483804109
-0.008178034122473076
-0.00598808986630735
-0.007007841699336295
0.0005546070103302666
-0.0020601327805648685
0.00011252423078411203
-0.0067423596310914454
-0.0038213604844397424
-0.00665998008466113
-0.0064465328715982845
-0.004708215260850696
-0.0012603982019393429
0.0018628445561656402
0.0011669224002690125
-0.0036645177622712183
2.3984587261217024e-05
0.0020273007403904704
-0.004706300667255642
-0.006557266525264186
-0.001472168913436727
0.00043982885123113887
-0.012057791974402366
0.007488804636512529
-0.0006029876571055776
-0.005520115926343404
-7.426775565796075e-05
-0.0005156269305346403
-0.0038213604844397424
-0.010611737031608719
-0.012562381053987227
-0.006048545064190634
0.00325909388534064
0.0023743527861351667
0.0006460119891408884
-0.0010756371319376686
-0.004065045944824152
-0.012057791974402366
-0.00396859263066514
0.0006460119891408884
0.0037710765319244554
-0.001472168913436727
0.0006277686799968508
0.0019093514024349776
0.0021362570535043064
-0.0038267330907043096
0.0038211518399991146
-0.002465785663297968
-0.003124362948741371
-0.006239465949462298
0.0021362570535043064
-0.006557266525264186
-0.002234634203803347
-0.008178034122473076
-0.010611737031608719
-0.003685123076982653
-0.015749659215985607
0.0037362244058519985
-0.0006029876571055776
-0.003143374185745158
0.0014183887094481814
-0.012562381053987227
-0.003517137508490892
-0.014696061049371288
0.0016138458296049672
-0.001934173125281341
-0.012474300846417383
0.0015894271113660449
-0.0038657986857394684
0.0016138458296049672
-0.006655145944803854
0.005209454735436206
-0.005704858821343595
-0.0038657986857394684
-0.0021549089964227803
-0.001472168913436727
0.000994617057064214
0.0024164148746963054
0.0006460119891408884
-0.006649605302851326
2.3984587261217024e-05
0.000410166407935948
-0.005431509078610966
0.000994617057064214
0.0023743527861351667
-0.004855332982219261
-0.0025096376438519677
-0.0038267330907043096
-0.0033416482342091347
-0.0020601327805648685
-0.0010580527671805353
-0.001472168913436727
-0.003517137508490892
-0.004287636492044014
-0.0012603982019393429
-0.00665998008466113
0.013993685254717584
-0.005619091996584431
-0.00670148441717317
-0.0013567887599745167
0.0006460119891408884
0.008142271189096946
-0.012057791974402366
0.0011669224002690125
0.0020273007403904704
-0.00598808986630735
-0.014696061049371288
-0.0020601327805648685
0.007572176054096957
-0.003517137508490892
0.003306670612313935
-0.0009340398209637425
-0.00808571360635065
0.0006368607621808816
0.0026209303040919747
-0.005431509078610966
-0.0029562976474289252
-0.008474633460472123
0.0023743527861351667
-0.006557266525264186
0.00325909388534064
0.004793902167360653
-0.0021549089964227803
-0.012474300846417383
-0.005166601437693458
-0.006764799851601326
0.0018628445561656402
-0.002650675124604118
0.0016138458296049672
-0.0005156269305346403
-0.006451982347541531
-0.006898765483804109
-0.007556981304986474
0.005477369931525042
-0.007007841699336295
-0.0013567887599745167
-0.006898765483804109
0.003532275000911138
-0.0019574681930507698
-0.006451982347541531
-0.001934173125281341
0.00325909388534064
-0.006048545064190634
0.00043982885123113887
-0.0005156269305346403
0.004548363364004382
0.0026681939676031635
-0.0006029876571055776
0.004548363364004382
0.010319749019276802
-0.012057791974402366
0.0037362244058519985
0.0014183887094481814
-0.0012603982019393429
0.0037362244058519985
-0.006451982347541531
-0.007556981304986474
-0.005704858821343595
-0.0064465328715982845
-0.0033416482342091347
-0.014696061049371288
0.007572176054096957
-0.007007841699336295
0.002183092240420055
0.0004223549551096322
0.00036967395042587043
0.000410166407935948
0.00025315235755471774
-0.009850592673940813
-0.0010980747277906243
0.0011669224002690125
-0.007327951712642615
-0.006239465949462298
0.0024164148746963054
-0.002465785663297968
0.0006368607621808816
-0.0038267330907043096
0.005477369931525042
0.006394585174670576
0.0015894271113660449
-0.010092744070112613
0.0024164148746963054
-0.008474633460472123
0.00325909388534064
-0.005619091996584431
-0.0025096376438519677
0.0038211518399991146
-0.001934173125281341
-0.002650675124604118
-0.00670148441717317
0.0029604725898019265
-0.012474300846417383
0.0038211518399991146
-0.015749659215985607
-0.003124362948741371
-0.009704525765796891
-0.00665998008466113
0.0016138458296049672
-0.005431509078610966
-0.007327951712642615
0.0004223549551096322
0.003532275000911138
0.003306670612313935
-0.005431509078610966
0.003306670612313935
-0.004287636492044014
0.0026681939676031635
-0.0012603982019393429
-0.0020601327805648685
-0.009453725407687344
-0.006649605302851326
-0.008243479884289879
0.0037490592230837905
-0.018525482423322057
0.0006277686799968508
0.003306670612313935
0.007572176054096957
-0.009704525765796891
-0.00598808986630735
2.3984587261217024e-05
0.0038211518399991146
-0.01497506979627385
0.0006277686799968508
-0.0037457991230191853
0.0030465187625577394
-0.01497506979627385
-0.014696061049371288
0.0005546070103302666
-0.0021549089964227803
0.0006368607621808816
-0.004708215260850696
-0.0006029876571055776
-0.0038267330907043096
-0.0038657986857394684
-0.0005156269305346403
0.0011669224002690125
-0.0038213604844397424
-7.426775565796075e-05
0.0014183887094481814
-0.0020601327805648685
-0.01497506979627385
-0.005704858821343595
-0.00396859263066514
-0.005702299510414323
0.0030465187625577394
-0.006655145944803854
-0.0025096376438519677
-0.009453725407687344
0.007488804636512529
-0.007007841699336295
0.0006368607621808816
-0.012562381053987227
0.0020273007403904704
-0.00879789251843096
0.003532275000911138
0.0023743527861351667
0.002507211773662546
-0.0015261143672214827
-0.003685123076982653
-0.004074335765614876
0.004548363364004382
-0.0038213604844397424
0.0015894271113660449
0.0019093514024349776
-0.002234634203803347
-0.0033416482342091347
0.0014183887094481814
-0.009704525765796891
-0.010092744070112613
-0.0067423596310914454
0.000994617057064214
0.00325909388534064
0.0037362244058519985
-0.003685123076982653
-8.365546808828161e-05
-0.004074335765614876
-0.005704858821343595
-0.0038213604844397424
0.003306670612313935
-0.006557266525264186
-0.014696061049371288
0.0020273007403904704
-0.002465785663297968
-0.006764799851601326
0.003306670612313935
-0.0015261143672214827
-0.002465785663297968
0.0024164148746963054
-0.004855332982219261
-0.006862572438593581
-0.00879789251843096
-0.005166601437693458
-0.001934173125281341
-0.005166601437693458
-0.005704858821343595
-0.01121438246760991
-0.006898765483804109
0.0026685377607306784
-0.005520115926343404
-0.006898765483804109
0.0026209303040919747
-0.005702299510414323
0.0006277686799968508
-0.00396859263066514
-0.0012603982019393429
0.0024164148746963054
0.0030465187625577394
-0.0010756371319376686
-0.0031098321432565536
0.006394585174670576
0.0006277686799968508
-0.008474633460472123
0.0006277686799968508
0.00043982885123113887
0.0019093514024349776
-0.0025096376438519677
-0.011256151012719626
-0.007556981304986474
0.0020273007403904704
-0.005166601437693458
-0.007007841699336295
-0.01497506979627385
-0.002751961152110828
0.0024164148746963054
-0.01012693285278916
-0.0037457991230191853
0.013993685254717584
0.0021362570535043064
0.0009361550672244759
-0.0010580527671805353
-0.004287636492044014
0.006394585174670576
0.00325909388534064
-0.002465785663297968
-0.0013567887599745167
-0.018525482423322057
0.0006368607621808816
-8.365546808828161e-05
0.0024164148746963054
-0.010611737031608719
-0.001472168913436727
-0.007327951712642615
-0.0004003542690168964
-0.007556981304986474
-0.001472168913436727
-0.002465785663297968
0.0016138458296049672
-0.0019574681930507698
0.000994617057064214
-0.0038267330907043096
0.0038211518399991146
-0.0029562976474289252
0.005209454735436206
-0.0010980747277906243
-0.006048545064190634
-0.0038657986857394684
0.0030465187625577394
0.012002028227537138
0.006394585174670576
-0.01497506979627385
0.008142271189096946
0.007488804636512529
-0.00396859263066514
-0.0031098321432565536
-0.00670148441717317
-0.0010980747277906243
-0.0021549089964227803
0.006394585174670576
-0.005488945715768874
0.0006460119891408884
0.0037490592230837905
2.3984587261217024e-05
-0.0009340398209637425
-0.00808571360635065
-0.0019574681930507698
-0.008474633460472123
-0.006898765483804109
-0.0019166806724490795
0.005477369931525042
0.00011252423078411203
0.0006368607621808816
0.0026681939676031635
-0.0067423596310914454
0.0004223549551096322
-0.0021549089964227803
-0.014696061049371288
0.013993685254717584
-0.006048545064190634
-0.012562381053987227
-0.011256151012719626
-0.0064465328715982845
-0.004593715392936245
-0.006649605302851326
-0.0035149725429658293
-0.0010580527671805353
-0.009453725407687344
-0.007007841699336295
-0.006239465949462298
0.0024164148746963054
0.00011252423078411203
-0.004593715392936245
-0.00598808986630735
-0.012057791974402366
0.0023563566002658383
-0.0038267330907043096
-0.0033416482342091347
-0.0016753890666220933
-0.0013567887599745167
-0.002751961152110828
-0.002751961152110828
0.013993685254717584
-0.004708215260850696
-0.012474300846417383
-0.005520115926343404
0.004712563784050655
-0.003685123076982653
-0.0005156269305346403
-0.005488945715768874
-0.006557266525264186
-0.0020601327805648685
-0.0037457991230191853
0.0037710765319244554
-0.0025096376438519677
0.0037362244058519985
-0.0064465328715982845
-0.0028690030816511058
0.008142271189096946
-0.006048545064190634
-0.0010756371319376686
0.0037490592230837905
0.003306670612313935
-8.365546808828161e-05
-0.0009340398209637425
-0.014696061049371288
-0.004147977705885505
-0.0019166806724490795
0.0016138458296049672
0.0011669224002690125
-0.003517137508490892
-0.01497506979627385
-0.0010580527671805353
-0.007007841699336295
-0.002650675124604118
-0.0020601327805648685
-0.005702299510414323
-0.0035149725429658293
-0.00879789251843096
-0.0004003542690168964
-0.004855332982219261
-0.007007841699336295
0.007488804636512529
0.013993685254717584
0.0024164148746963054
-0.0004003542690168964
-0.004855332982219261
0.004548363364004382
-0.0038657986857394684
-0.006898765483804109
-0.00396859263066514
-0.00670148441717317
-0.008178034122473076
-0.012474300846417383
-0.0032892413759609816
-0.001472168913436727
0.0038211518399991146
0.002183092240420055
-0.0019166806724490795
0.004793902167360653
0.0004223549551096322
-0.00808571360635065
-0.009850592673940813
-0.012057791974402366
0.002507211773662546
0.008142271189096946
-0.0064465328715982845
-0.007007841699336295
0.0037710765319244554
-0.0019166806724490795
-0.00665998008466113
-8.365546808828161e-05
-0.006048545064190634
-0.0019166806724490795
0.00025315235755471774
-0.00665998008466113
0.0009361550672244759
-0.010092744070112613
-0.005166601437693458
-0.0025096376438519677
0.004548363364004382
-0.004855332982219261
0.0026209303040919747
0.004712563784050655
-0.0006029876571055776
0.0006368607621808816
0.002507211773662546
-0.005702299510414323
0.0024164148746963054
-0.003143374185745158
-0.006764799851601326
0.005477369931525042
-0.0023430647629530655
0.003306670612313935
2.3984587261217024e-05
-0.005704858821343595
0.0021362570535043064
-0.004147977705885505
0.002507211773662546
-0.010201246600446958
0.004548363364004382
-0.012562381053987227
0.007488804636512529
-0.0012603982019393429
-0.0013567887599745167
-0.005704858821343595
-0.004147977705885505
-0.002650675124604118
-0.0006029876571055776
0.0016138458296049672
-0.004708215260850696
0.005477369931525042
-0.0019166806724490795
-0.0019166806724490795
0.004712563784050655
-0.0016753890666220933
-0.0033416482342091347
-0.0023430647629530655
-0.006239465949462298
-0.009704525765796891
0.0014183887094481814
0.0026685377607306784
0.007572176054096957
0.000410166407935948
-0.004147977705885505
0.007488804636512529
0.0004223549551096322
-0.006764799851601326
0.0038211518399991146
0.0023563566002658383
0.0014183887094481814
-0.003124362948741371
0.005477369931525042
0.0037710765319244554
-0.0005156269305346403
0.0006277686799968508
-0.0019166806724490795
0.00025315235755471774
-0.0023430647629530655
-0.0019166806724490795
0.0006368607621808816
-0.006239465949462298
-0.0010980747277906243
-0.006862572438593581
0.004712563784050655
-0.0015261143672214827
-0.0015261143672214827
-0.002751961152110828
0.0015894271113660449
0.0023563566002658383
-0.001472168913436727
-0.012562381053987227
-0.018525482423322057
-0.01644804877937707
-0.0031098321432565536
-0.001472168913436727
-0.006764799851601326
0.0026209303040919747
-0.002465785663297968
-0.00879789251843096
0.0020273007403904704
-0.0019574681930507698
0.010319749019276802
-0.009850592673940813
-0.0019574681930507698
-0.018525482423322057
-0.006239465949462298
-0.004074335765614876
-0.0010580527671805353
-0.006649605302851326
-0.002650675124604118
-0.006764799851601326
-0.01012693285278916
0.0014183887094481814
-0.0021549089964227803
0.00019226013449076963
-0.005619091996584431
-0.003124362948741371
-0.011256151012719626
-0.009704525765796891
0.005477369931525042
-0.0038213604844397424
-0.0021549089964227803
-0.0006017531308458295
0.0006460119891408884
-0.0006017531308458295
-0.006764799851601326
-0.0020601327805648685
0.002183092240420055
0.0009361550672244759
0.0037490592230837905
-0.00670148441717317
0.0014183887094481814
0.0005546070103302666
-0.0020601327805648685
-0.005619091996584431
-0.0028690030816511058
0.0029604725898019265
-0.0038213604844397424
-0.018525482423322057
0.0037362244058519985
-0.0031098321432565536
-0.0038267330907043096
0.0026681939676031635
0.007488804636512529
-0.007327951712642615
-0.0006017531308458295
-0.003685123076982653
-0.0028690030816511058
-0.0023430647629530655
-0.01497506979627385
-0.007327951712642615
0.00325909388534064
-0.012562381053987227
0.0029604725898019265
-0.0006029876571055776
-0.0064465328715982845
-0.012474300846417383
-0.004708215260850696
-0.005704858821343595
-0.0033416482342091347
-0.0016753890666220933
0.0016138458296049672
0.007572176054096957
0.008142271189096946
-0.009850592673940813
-0.012474300846417383
-0.01012693285278916
0.0029604725898019265
-0.00879789251843096
0.008142271189096946
0.0038211518399991146
0.007572176054096957
-0.004708215260850696
-0.00670148441717317
0.0006368607621808816
-0.007007841699336295
0.0037362244058519985
-0.004287636492044014
0.0004223549551096322
0.0011669224002690125
0.003306670612313935
-0.0037457991230191853
0.0011669224002690125
0.00019226013449076963
0.0026209303040919747
0.005477369931525042
-0.0036645177622712183
0.0009361550672244759
-0.0035149725429658293
0.012002028227537138
-0.004708215260850696
-0.007327951712642615
-0.005520115926343404
0.0037710765319244554
-0.0010980747277906243
