-0.004089151971507533
-0.0068511872247237265
-0.006141457693921803
-0.006754055418441677
-0.008448165385734386
-0.010203113385890288
-0.015443539891889577
-0.018535078603346605
0.0008846408693393258
-0.0014054148948063282
0.00573892389428017
-0.007560450085690894
0.014928385527106392
-0.017101722752634677
0.003666258727218227
-0.0015287125852252827
-0.0020830446924822014
-0.008519522860569978
-0.017448054637329413
-0.018535078603346605
-0.007738704524251716
-0.005773920900698219
-0.0061512174095693616
-0.005773920900698219
-0.017448054637329413
-0.00927088881917911
-0.007753570495371165
-0.006191722384077504
-0.015606712350794168
-0.010203113385890288
-0.00624979761943955
-0.006304725476472836
-0.011399837799802586
-0.00623177223842503
-0.022549831863541113
-0.004460569627714943
-0.0059891461416553046
-0.009090082088333997
0.0034939269177319135
-0.00927088881917911
-0.006320848616866566
-0.022549831863541113
-0.015150576717594465
-0.006191722384077504
-0.008430009144934136
-0.019077231837303043
-0.013766585162286729
0.007652703282685146
-0.001022459371445134
-0.016100336439774002
-0.007560450085690894
-0.0006220469441963111
0.003666258727218227
-0.008448165385734386
-0.013766585162286729
-0.007559237481661511
0.007652703282685146
0.007652703282685146
-0.004057410744380359
-0.0022083242544715205
0.0012294444443776316
-0.008765049925164787
-0.006141457693921803
-0.014163001526871074
-0.011813868599700104
-0.007847636778027394
-0.0022083242544715205
-0.01449857738943359
-0.015257883981054333
-0.004057410744380359
-0.007894097155700929
-0.0049428394126306745
-0.024110492144813953
-0.013676298283015744
-0.008519522860569978
-0.0068511872247237265
0.00573892389428017
-0.013575858674049496
0.006925439170244816
-0.009596254632519834
-0.007560450085690894
-0.004885206443171622
-0.010203113385890288
-0.006787400721164514
-0.010203113385890288
-0.015443539891889577
-0.01148431928732562
-0.006320848616866566
-0.010808213334155315
-0.018404749989358152
0.0034939269177319135
-0.021899865005477557
-0.0032851180693239303
-0.006191722384077504
-0.001022459371445134
-0.0049428394126306745
-0.009779718869914902
-0.007738704524251716
-0.012197901517979927
-0.034215103641921596
-0.021250529548135857
-0.013287648922166072
-0.004057410744380359
-0.010840423911340694
-0.014397455739802157
0.007652703282685146
-0.006191722384077504
-0.006320848616866566
-0.004950739238257923
-0.009503413331970353
-0.01148431928732562
-0.006320848616866566
0.005428591261061089
-0.011116462806859184
-0.0033734888725278447
-0.0009053159577375029
-0.01739812940705941
-0.008765049925164787
-0.0005822156612200965
-0.017063639911455365
-0.006207316930719746
-0.01739812940705941
0.008315751278471051
-0.010808213334155315
-0.014397455739802157
-0.012334807804270147
-0.0069978970540605576
-0.004089151971507533
-0.002874746426224226
-0.007371450754709543
0.008315751278471051
-0.005773920900698219
0.00573892389428017
-0.0009053159577375029
-0.009101773411102593
-0.006787400721164514
0.003435318528740397
0.007652703282685146
-0.011486889607925847
-0.0013743606693074186
-0.0059891461416553046
-0.0066380247707605875
-0.009967364544778805
0.013704485784470241
-0.026054997593585913
-0.009779718869914902
-0.006155327132353091
-0.006207316930719746
-0.007559237481661511
0.006925439170244816
0.0012294444443776316
0.014928385527106392
-0.015443539891889577
-0.01567933217263146
-0.012028994535319835
-0.009054799465921599
-0.004089151971507533
-0.01449857738943359
0.0011740750183978862
-0.004089151971507533
0.005428591261061089
0.0008846408693393258
-0.01949018488118896
-0.020087919511689287
-0.003599181976142874
0.0008846408693393258
-0.0059891461416553046
-0.006207316930719746
-0.021847505939938627
-0.006787400721164514
-0.004521733902982529
-0.008009177243809415
0.0034939269177319135
-0.0070220797737217105
-0.01340178664110286
-0.009596254632519834
-0.006088583388177668
0.003666258727218227
-0.009503413331970353
-0.009503413331970353
-0.009101773411102593
-0.006155327132353091
-0.013575858674049496
-0.034215103641921596
-0.004359227200901556
-0.0066988694222689694
-0.021847505939938627
-0.007945580941725067
-0.007753570495371165
0.008315751278471051
-0.0059891461416553046
-0.008430009144934136
-0.010840423911340694
-0.006155327132353091
-0.0014054148948063282
-0.013575858674049496
-0.004460569627714943
0.005428591261061089
-0.0165314127148317
-0.012171605522806571
-0.006787400721164514
-0.0049428394126306745
-0.01383021738722093
0.0008846408693393258
-0.00624979761943955
-0.013207350024668269
-0.018535078603346605
-0.009795976758000735
-0.01739812940705941
-0.006155327132353091
0.00573892389428017
-0.013147394327791816
-0.004089151971507533
-0.008448165385734386
-0.015443539891889577
-0.009314467485461659
-0.005624096877989094
-0.015443539891889577
-0.033411905165063725
0.0012294444443776316
-0.0006578199592758449
-0.014915389424097519
-0.004494352836096271
-0.009054799465921599
0.0034939269177319135
-0.004521733902982529
-0.019077231837303043
0.0020906017886212548
-0.0015287125852252827
-0.01340178664110286
-0.033411905165063725
0.0008846408693393258
-0.01849660862404185
0.014717007114772774
-0.007559237481661511
-0.006207316930719746
-0.0033734888725278447
0.003666258727218227
-0.024110492144813953
0.007652703282685146
-0.015257883981054333
-0.003688576366541718
-0.007371450754709543
0.0008846408693393258
-0.0070220797737217105
-0.017448054637329413
-0.008765049925164787
-0.0006578199592758449
-0.0013743606693074186
0.0011740750183978862
-0.01383021738722093
-0.009101773411102593
-0.004359227200901556
-0.007945580941725067
-0.003497343611449113
-0.009596254632519834
-0.009779718869914902
-0.007753570495371165
-0.015150576717594465
-0.004885206443171622
-0.012028994535319835
-0.002874746426224226
-0.014915389424097519
-0.007738704524251716
-0.012044466835320384
-0.005773920900698219
0.0034939269177319135
0.005428591261061089
-0.021847505939938627
-0.0006578199592758449
-0.014163001526871074
0.007652703282685146
-0.004521733902982529
-0.007559237481661511
-0.007559237481661511
-0.0066380247707605875
-0.018535078603346605
-0.01949018488118896
-0.0068511872247237265
-0.01247022548494847
-0.009090082088333997
-0.013207350024668269
-0.013207350024668269
-0.00927088881917911
-0.0068511872247237265
-0.016100336439774002
-0.00729651196105622
-0.0029232864958766694
-0.01628320978950516
-0.01782515236333596
-0.01782515236333596
-0.001022459371445134
-0.01383021738722093
-0.007559237481661511
-0.0061512174095693616
-0.009054799465921599
-0.006304725476472836
-0.0069978970540605576
0.013704485784470241
-0.007560450085690894
-0.012171605522806571
-0.009090082088333997
0.0011740750183978862
-0.009101773411102593
-0.007945580941725067
0.00874934691149166
-0.0027217355101334813
0.0011740750183978862
-0.01739812940705941
-0.008724219757961057
-0.011486889607925847
-0.012501960630863172
0.000911354234000531
-0.006320848616866566
-0.009314467485461659
-0.0010293047485805823
-0.026054997593585913
-0.014163001526871074
0.013704485784470241
-0.015257883981054333
0.014717007114772774
-0.01849660862404185
-0.007894097155700929
-0.009101773411102593
0.0034939269177319135
-0.014163001526871074
-0.009779718869914902
-0.013676298283015744
0.007652703282685146
0.003666258727218227
-0.021847505939938627
-0.01247022548494847
-0.012501960630863172
0.005428591261061089
-0.0033734888725278447
-0.0125218377552679
-0.013207350024668269
-0.0027217355101334813
0.0034939269177319135
0.008315751278471051
-0.008448165385734386
-0.009779718869914902
-0.001022459371445134
-0.024110492144813953
-0.013575858674049496
-0.0006220469441963111
-0.014397455739802157
0.0008846408693393258
-0.0027217355101334813
-0.004460569627714943
-0.009779718869914902
-0.006787400721164514
-0.0013743606693074186
0.005428591261061089
-0.015443539891889577
-0.009314467485461659
-0.004950739238257923
-0.026054997593585913
-0.0013743606693074186
-0.007738704524251716
-0.012028994535319835
-0.021088164637142564
-0.007371450754709543
-0.003497343611449113
-0.005074863452842171
-0.003497343611449113
-0.012028994535319835
-0.004739241762120631
-0.006207316930719746
-0.006320848616866566
-0.033411905165063725
-0.01849660862404185
-0.013766585162286729
-0.013947994628701044
-0.014915389424097519
-0.012501960630863172
0.013704485784470241
-0.0059891461416553046
0.003435318528740397
-0.022549831863541113
-0.009795976758000735
0.014717007114772774
-0.02609353911454119
-0.014163001526871074
0.0016097599064974909
-0.01247022548494847
-0.007945580941725067
-0.005074863452842171
-0.01567933217263146
-0.010808213334155315
-0.015257883981054333
-0.006754055418441677
-0.002874746426224226
-0.013766585162286729
-0.00729651196105622
-0.005773920900698219
-0.003036441783274636
0.013704485784470241
-0.0049428394126306745
-0.007753570495371165
-0.015257883981054333
-0.008765049925164787
0.014928385527106392
-0.013947994628701044
-0.00729651196105622
-0.015257883981054333
-0.003599181976142874
-0.006320848616866566
-0.011326070137887853
-0.018535078603346605
0.0016534323138888852
-0.00028533293640359633
-0.012028994535319835
-0.01383021738722093
-0.004057410744380359
-0.006304725476472836
-0.012334807804270147
0.0020906017886212548
0.0008846408693393258
-0.005171518633379609
-0.001022459371445134
-0.011486889607925847
-0.012028994535319835
-0.01628320978950516
-0.008724219757961057
0.007652703282685146
-0.004089151971507533
-0.01247022548494847
-0.007371450754709543
-0.01247022548494847
-0.022549831863541113
-0.008430009144934136
0.0020906017886212548
-0.00927088881917911
-0.00028533293640359633
0.0034939269177319135
-0.01383021738722093
-0.0070220797737217105
-0.018535078603346605
-0.004950739238257923
-0.015443539891889577
-0.02609353911454119
-0.004885206443171622
-0.01247022548494847
0.000911354234000531
-0.004460569627714943
-0.0005681913623616299
-0.024110492144813953
-0.017101722752634677
-0.015443539891889577
0.003435318528740397
-0.002485340357952755
-0.0061512174095693616
-0.004739241762120631
-0.0010293047485805823
-0.009503413331970353
-0.033411905165063725
-0.012028994535319835
-0.006320848616866566
0.00573892389428017
-0.006088583388177668
-0.006191722384077504
-0.004950739238257923
-0.0009053159577375029
-0.006088583388177668
-0.012197901517979927
-0.0013743606693074186
-0.008724219757961057
-0.024110492144813953
-0.008519522860569978
-0.0066988694222689694
-0.00729651196105622
-0.009054799465921599
-0.010840423911340694
-0.008519522860569978
-0.009779718869914902
-0.006320848616866566
-0.00729651196105622
-0.0020830446924822014
-0.009779718869914902
-0.013207350024668269
-0.0070220797737217105
-0.0022083242544715205
-0.0032851180693239303
-0.002485340357952755
-0.0070220797737217105
-0.00220384109357339
0.006925439170244816
-0.0005681913623616299
-0.0032851180693239303
-0.012547720172269728
0.005428591261061089
-0.004521733902982529
-0.008009177243809415
-0.007847636778027394
-0.0070220797737217105
0.0034939269177319135
-0.0069978970540605576
-0.006155327132353091
-0.003036441783274636
-0.014163001526871074
-0.007738704524251716
0.006925439170244816
-0.021250529548135857
-0.003599181976142874
-0.010840423911340694
-0.009596254632519834
-0.006155327132353091
-0.015443539891889577
-0.0010293047485805823
-0.013287648922166072
-0.0027217355101334813
-0.010203113385890288
-0.024110492144813953
0.000911354234000531
-0.00927088881917911
-0.008724219757961057
-0.00624979761943955
-0.0005681913623616299
-0.002874746426224226
0.003666258727218227
-0.011813868599700104
0.0011740750183978862
0.0012294444443776316
-0.003688576366541718
-0.005171518633379609
0.000911354234000531
-0.004460569627714943
-0.0066380247707605875
-0.010840423911340694
-0.00927088881917911
-0.0022083242544715205
-0.0038883363167179106
0.000911354234000531
-0.013575858674049496
-0.0006578199592758449
-0.013207350024668269
-0.0005681913623616299
-0.008009177243809415
-0.0061512174095693616
-0.021250529548135857
-0.022549831863541113
-0.004057410744380359
-0.006191722384077504
0.0016534323138888852
-0.009715463591674892
-0.017448054637329413
-0.013766585162286729
-0.0029232864958766694
-0.01247022548494847
-0.011813868599700104
-0.002485340357952755
0.000911354234000531
-0.01849660862404185
-0.0059891461416553046
-0.0009053159577375029
-0.020087919511689287
-0.009967364544778805
-0.012547720172269728
-0.033411905165063725
-0.007738704524251716
-0.003688576366541718
0.00573892389428017
-0.006088583388177668
-0.011399837799802586
-0.007753570495371165
-0.004950739238257923
-0.008765049925164787
-0.003599181976142874
-0.00624979761943955
-0.0014054148948063282
-0.011116462806859184
-0.021847505939938627
-0.0061512174095693616
-0.0125218377552679
-0.02609353911454119
-0.0066380247707605875
0.0008846408693393258
-0.003036441783274636
-0.01567933217263146
0.008315751278471051
-0.0002728475356891358
-0.011116462806859184
-0.0125218377552679
-0.00028533293640359633
-0.00729651196105622
0.007652703282685146
-0.004089151971507533
0.006925439170244816
-0.007371450754709543
0.006925439170244816
-0.026054997593585913
0.008315751278471051
-0.012334807804270147
-0.0005681913623616299
-0.006141457693921803
-0.0069624522688547345
-0.003599181976142874
-0.009715463591674892
0.0034939269177319135
-0.00220384109357339
-0.008724219757961057
-0.008934817603987939
-0.00220384109357339
-0.002874746426224226
-0.013947994628701044
-0.008724219757961057
-0.009715463591674892
-0.001022459371445134
0.007652703282685146
-0.009715463591674892
-0.004739241762120631
-0.011486889607925847
-0.008724219757961057
-0.009113995680547804
-0.017063639911455365
-0.010808213334155315
-0.009715463591674892
-0.008765049925164787
-0.011399837799802586
0.00573892389428017
-0.02609353911454119
-0.009101773411102593
0.005428591261061089
-0.010808213334155315
0.000911354234000531
0.014928385527106392
-0.00624979761943955
-0.019077231837303043
-0.01247022548494847
0.006925439170244816
-0.008519522860569978
0.008315751278471051
-0.02609353911454119
-0.0066380247707605875
-0.00623177223842503
-0.009779718869914902
-0.015257883981054333
-0.01340178664110286
-0.007559237481661511
-0.018535078603346605
-0.004739241762120631
-0.009090082088333997
-0.004739241762120631
-0.004885206443171622
0.013704485784470241
0.014928385527106392
-0.02609353911454119
-0.009779718869914902
-0.0022083242544715205
-0.01247022548494847
-0.006320848616866566
-0.003599181976142874
-0.007945580941725067
-0.015443539891889577
-0.017448054637329413
-0.01949018488118896
0.0016534323138888852
-0.01449857738943359
-0.01449857738943359
-0.012171605522806571
-0.01628320978950516
-0.00028533293640359633
-0.021847505939938627
-0.01849660862404185
-0.011399837799802586
-0.005171518633379609
-0.0002728475356891358
-0.003688576366541718
-0.013207350024668269
-0.020087919511689287
-0.007371450754709543
-0.033411905165063725
-0.004057410744380359
-0.009054799465921599
-0.01383021738722093
-0.006304725476472836
-0.008934817603987939
-0.005773920900698219
-0.020087919511689287
0.014928385527106392
-0.008934817603987939
0.00874934691149166
-0.006304725476472836
-0.016100336439774002
-0.015606712350794168
-0.00624979761943955
-0.0033734888725278447
0.0020906017886212548
-0.0061512174095693616
-0.009314467485461659
-0.01782515236333596
-0.0010293047485805823
-0.006320848616866566
-0.003036441783274636
-0.004521733902982529
-0.012501960630863172
-0.012501960630863172
-0.01449857738943359
-0.004359227200901556
0.0020906017886212548
-0.006088583388177668
-0.0005681913623616299
-0.007753570495371165
-0.013676298283015744
-0.00927088881917911
-0.009101773411102593
-0.003497343611449113
-0.01449857738943359
-0.021847505939938627
-0.012028994535319835
-0.011486889607925847
-0.01949018488118896
-0.0033734888725278447
-0.021847505939938627
-0.014163001526871074
-0.015150576717594465
-0.00028533293640359633
-0.015606712350794168
0.0020906017886212548
-0.014163001526871074
-0.022549831863541113
0.0011740750183978862
-0.013766585162286729
-0.00028533293640359633
-0.008519522860569978
0.0020906017886212548
-0.018404749989358152
-0.017063639911455365
-0.01782515236333596
-0.022549831863541113
-0.01383021738722093
0.008315751278471051
-0.011116462806859184
-0.009054799465921599
-0.00927088881917911
-0.00220384109357339
-0.006754055418441677
-0.008448165385734386
-0.0015287125852252827
-0.013575858674049496
-0.007371450754709543
0.00874934691149166
0.005428591261061089
-0.0038883363167179106
0.005428591261061089
-0.009090082088333997
-0.012197901517979927
0.013704485784470241
-0.009054799465921599
-0.011399837799802586
-0.013947994628701044
-0.006754055418441677
-0.006787400721164514
-0.0013743606693074186
-0.012044466835320384
0.000911354234000531
-0.003036441783274636
-0.012501960630863172
-0.015257883981054333
0.0012294444443776316
-0.012044466835320384
-0.019077231837303043
-0.0125218377552679
0.013704485784470241
0.0016097599064974909
-0.006155327132353091
-0.009054799465921599
-0.009054799465921599
-0.0165314127148317
-0.024110492144813953
-0.0165314127148317
-0.01449857738943359
-0.017448054637329413
0.0034939269177319135
-0.012334807804270147
-0.0059891461416553046
0.0034939269177319135
-0.017101722752634677
-0.006320848616866566
-0.034215103641921596
-0.006141457693921803
-0.017101722752634677
-0.009779718869914902
-0.004950739238257923
-0.010203113385890288
-0.012334807804270147
0.014717007114772774
-0.01628320978950516
-0.013947994628701044
-0.01247022548494847
-0.012501960630863172
-0.009967364544778805
-0.005171518633379609
-0.011116462806859184
-0.005624096877989094
-0.00927088881917911
-0.033411905165063725
-0.012028994535319835
-0.008009177243809415
-0.020087919511689287
-0.021088164637142564
0.0008846408693393258
-0.0070220797737217105
-0.0014054148948063282
-0.01340178664110286
-0.024110492144813953
-0.00220384109357339
-0.009090082088333997
-0.018404749989358152
-0.001022459371445134
-0.010808213334155315
-0.011486889607925847
-0.0014054148948063282
-0.010840423911340694
-0.003497343611449113
-0.012501960630863172
-0.01148431928732562
-0.0013743606693074186
-0.0033734888725278447
-0.0069624522688547345
-0.002485340357952755
-0.009779718869914902
-0.0125218377552679
-0.017448054637329413
-0.006155327132353091
-0.013676298283015744
-0.012334807804270147
-0.008724219757961057
0.0012294444443776316
-0.0038883363167179106
-0.011116462806859184
-0.013147394327791816
0.0016534323138888852
-0.013575858674049496
0.005428591261061089
-0.011326070137887853
-0.013676298283015744
-0.015257883981054333
-0.009715463591674892
-0.0006578199592758449
-0.0010293047485805823
-0.01949018488118896
-0.01782515236333596
-0.0029232864958766694
-0.015257883981054333
-0.0066988694222689694
-0.008519522860569978
-0.003036441783274636
-0.013207350024668269
0.0011740750183978862
-0.012028994535319835
-0.00028533293640359633
-0.015257883981054333
0.00874934691149166
-0.010808213334155315
-0.003497343611449113
-0.013766585162286729
-0.004089151971507533
-0.003599181976142874
0.014717007114772774
0.014717007114772774
-0.007847636778027394
-0.0029232864958766694
-0.005624096877989094
0.003666258727218227
-0.008519522860569978
-0.01628320978950516
-0.011486889607925847
0.0012294444443776316
-0.006088583388177668
0.0020906017886212548
-0.015606712350794168
-0.012501960630863172
-0.009779718869914902
-0.01739812940705941
-0.011486889607925847
-0.008009177243809415
-0.021847505939938627
-0.006304725476472836
0.008315751278471051
-0.0068511872247237265
0.00573892389428017
-0.0006220469441963111
-0.026054997593585913
-0.004057410744380359
-0.01247022548494847
-0.01739812940705941
-0.0066380247707605875
-0.008519522860569978
-0.006088583388177668
-0.006191722384077504
-0.02609353911454119
-0.008448165385734386
-0.021847505939938627
0.005428591261061089
-0.008724219757961057
-0.006754055418441677
-0.00927088881917911
-0.009314467485461659
-0.017101722752634677
-0.012171605522806571
-0.0165314127148317
-0.009113995680547804
-0.018404749989358152
-0.01567933217263146
-0.007371450754709543
-0.014915389424097519
-0.0033734888725278447
-0.013766585162286729
-0.01340178664110286
-0.007738704524251716
-0.007559237481661511
-0.0022083242544715205
-0.00623177223842503
-0.004739241762120631
-0.0014054148948063282
-0.01383021738722093
-0.007894097155700929
-0.007945580941725067
-0.009101773411102593
-0.013207350024668269
0.013704485784470241
-0.0059891461416553046
-0.012171605522806571
-0.002485340357952755
-0.0006220469441963111
-0.01567933217263146
-0.00220384109357339
-0.012547720172269728
-0.006141457693921803
-0.005146084868877764
-0.01449857738943359
0.007652703282685146
-0.006088583388177668
-0.007560450085690894
0.0034939269177319135
0.00573892389428017
-0.0013743606693074186
-0.014915389424097519
-0.0061512174095693616
0.00874934691149166
-0.012501960630863172
-0.024110492144813953
-0.012028994535319835
-0.01739812940705941
-0.004089151971507533
-0.021899865005477557
-0.006191722384077504
-0.013575858674049496
-0.0020830446924822014
-0.009715463591674892
-0.003599181976142874
-0.003599181976142874
-0.0066380247707605875
-0.0032851180693239303
-0.006141457693921803
-0.01739812940705941
-0.006155327132353091
-0.007894097155700929
-0.006207316930719746
-0.005074863452842171
-0.011326070137887853
0.007652703282685146
-0.009101773411102593
-0.033411905165063725
-0.0006220469441963111
0.0064557356451822
-0.01340178664110286
-0.0066380247707605875
-0.004460569627714943
-0.017101722752634677
-0.009596254632519834
-0.0068511872247237265
-0.007847636778027394
-0.009779718869914902
0.0016097599064974909
-0.015257883981054333
0.0016534323138888852
-0.0066380247707605875
-0.01340178664110286
-0.009795976758000735
-0.015443539891889577
-0.01628320978950516
-0.0066380247707605875
0.005428591261061089
-0.01567933217263146
-0.0005822156612200965
-0.007945580941725067
-0.006754055418441677
-0.008519522860569978
-0.014163001526871074
-0.0005822156612200965
-0.011486889607925847
-0.01739812940705941
-0.009113995680547804
-0.009795976758000735
-0.009090082088333997
-0.010808213334155315
-0.021847505939938627
