-0.004697767253751754
-0.024162066022249327
-0.004518823028951579
-0.008476158483062353
-0.009204743515545896
-0.0056953539315534605
0.0027097807965185627
-0.015613255784107908
-0.005661393169943068
-0.010585411844153549
-0.0056953539315534605
-0.019656194092007553
-0.013508775956639825
-0.008188949530601633
-0.0023494410191376657
0.0067729638253907825
-0.006946892022890892
-0.008384392528097355
0.0053715907987104735
-0.012077584894231127
-0.006862926564812572
-0.01335191824454345
-0.0032494170508238435
-0.004771186643486775
-0.008210003471936574
0.003975308460093751
-0.0053068188578537165
-0.00502656128122825
-0.005846912129427486
-0.013584254871621394
-0.0066425426644321425
-0.012589812770885922
-0.006862926564812572
-0.013518783562474821
-0.007643420301904895
-0.01595857248983359
-0.005994688483132536
0.003975308460093751
-0.003967437595717786
-0.015480604306971388
0.0008765026111237753
-0.01597995718397007
-0.013515282138666604
-0.00749883739085413
-0.014833409516154923
0.005775216324572524
-0.024162066022249327
-0.0064591913439564375
-0.00502656128122825
-0.022057027931828028
-0.0016079466135980938
-0.016741907598242955
-0.011050301278718101
-0.008058184533826424
-0.0016079466135980938
-0.008969150617604124
-0.006612042976461937
-0.003133238866677305
-0.020044592419632627
-0.0022596762990482896
0.0053715907987104735
-0.013693189614043305
-0.0034270803508945915
-0.013966015426663649
-0.025296325153519695
-0.02830731024899232
-0.0032494170508238435
-0.016741907598242955
-0.003809443926464671
-0.006612042976461937
-0.009611139248862378
-0.003967437595717786
-0.0032494170508238435
-0.005661393169943068
-0.027534927970124693
-0.011105188939470347
-0.006206339503863111
-0.004518823028951579
-0.005306449669979584
-0.007643420301904895
-0.007982394665828719
-0.008319529202160203
-0.006862926564812572
-0.008969150617604124
0.005775216324572524
-0.006946892022890892
-0.017566590065404127
-0.009204743515545896
-0.003133238866677305
-0.008677272755182864
-0.017566590065404127
-0.00421362104896613
-0.007594142024729444
0.005775216324572524
-0.014490952233042283
-0.014627135587266426
-0.013508775956639825
-0.008058184533826424
-0.01469319546843212
-0.008693842923550492
-0.004518823028951579
-0.027534927970124693
-0.003809443926464671
-0.015157375189024633
-0.029749535446942865
-0.016441366176889165
-0.008210003471936574
-0.004697767253751754
-0.0017235930720446676
-0.007823695417776843
0.0053715907987104735
-0.002822524197206598
-0.008058184533826424
-0.010170865893620167
-0.010170865893620167
-0.02073216417798449
-0.0058652084828569135
-0.00502656128122825
-0.00502656128122825
0.0021103095086313947
-0.013508775956639825
-0.015157375189024633
-0.004831633816642439
-0.0066425426644321425
-0.007658598773906737
-0.0064591913439564375
-0.00674843758156068
-0.0023494410191376657
0.0003596054909810845
-0.022057027931828028
-0.008823840060245733
-0.011105188939470347
-0.02110744035683168
-0.02110744035683168
-0.003952429887051281
-0.0029627132009550578
-0.013693189614043305
-0.01597995718397007
-0.009949966028209894
-0.008969150617604124
-0.012477855412597582
-0.006206339503863111
-0.016441366176889165
-0.008319529202160203
-0.003133238866677305
0.002482951012558987
-0.005846912129427486
-0.008149331162850632
-0.004771186643486775
-0.02830731024899232
-0.013411270366905119
-0.006947298801240981
-0.013508775956639825
-0.0009338505224745361
-0.00421362104896613
-0.0029627132009550578
-0.013319992295922203
0.0067729638253907825
-0.01595857248983359
-0.009949966028209894
-0.00421362104896613
-0.005529627706779321
-0.008940209375416626
-0.01710106685938595
-0.004831633816642439
-0.013515282138666604
-0.014833409516154923
-0.004471862264503516
-0.009611139248862378
-0.0068104113017668205
-0.0068104113017668205
0.024201346056175712
-0.013518783562474821
-0.0059620869882498866
-0.003967437595717786
-0.017566590065404127
-0.00502656128122825
-0.015224125011329298
-0.013411270366905119
-0.010585411844153549
-0.005846912129427486
-0.004831633816642439
-0.003952429887051281
-0.015480604306971388
-0.0023494410191376657
-0.008058184533826424
-0.014627135587266426
-0.015196566781040094
-0.008623119668997809
-0.005529627706779321
-0.014490952233042283
-0.009611139248862378
-0.004518823028951579
-0.0058652084828569135
-0.005529627706779321
-0.0024068641909273654
-0.013584254871621394
-0.0008457656306700297
-0.009204743515545896
0.004216034824463683
-0.0058652084828569135
-0.013584254871621394
-0.01189908710226905
-0.0058923441620243305
-0.013584254871621394
-0.008210003471936574
-0.006332426545763214
-0.014627135587266426
-0.017566590065404127
-0.003133238866677305
0.0021103095086313947
-0.02830731024899232
-0.0059620869882498866
-0.0017099339779149438
-0.0058923441620243305
-0.014833409516154923
-0.007594142024729444
-0.011991444636179894
0.004158392632811906
-0.025296325153519695
-0.00502656128122825
0.0053715907987104735
-0.014833409516154923
-0.005306449669979584
-0.022057027931828028
-0.01189908710226905
-0.0053068188578537165
-0.0038058307369212927
-0.027534927970124693
-0.010585411844153549
-0.015196566781040094
0.0008765026111237753
-0.01972061681312582
-0.009150634099955153
-0.008821265724485206
-0.0056953539315534605
-0.007823695417776843
-0.011050301278718101
-0.022057027931828028
-0.017566590065404127
-0.002822524197206598
-0.009124115052865995
-0.015613255784107908
-0.00674843758156068
-0.014627135587266426
-0.008057918420403034
-0.008319529202160203
-0.008319529202160203
-0.009124115052865995
-0.0064591913439564375
-0.0032494170508238435
-0.004518823028951579
-0.0038609639162775003
0.0067729638253907825
-0.00421362104896613
-0.006332426545763214
-0.006206339503863111
-0.0029627132009550578
-0.024369582013667977
-0.006534185183285584
-0.00749883739085413
-0.013319992295922203
-0.024369582013667977
-0.01597995718397007
-0.0038444290473282653
-0.0017235930720446676
-0.0038058307369212927
-0.01132950722635499
-0.011178703614721829
-0.0017099339779149438
-0.010862782173866194
-0.014352095896139129
-0.00749883739085413
-0.006612042976461937
-0.025296325153519695
-0.0066425426644321425
-0.00674843758156068
-0.011178703614721829
-0.013508775956639825
-0.020044592419632627
-0.006004458050803755
-0.008188949530601633
-0.0064591913439564375
-0.002825902553143124
-0.024162066022249327
-0.011050301278718101
-0.00560718362765626
-0.006004458050803755
-0.01710106685938595
-0.008057918420403034
-0.005933101203212918
-0.00560718362765626
-0.015224125011329298
-0.0055637014841788115
-0.01597995718397007
-0.007823695417776843
-0.008210003471936574
-0.008823840060245733
-0.0031936746117526126
-0.00749883739085413
-0.01871662652243453
-0.0018675882129255454
-0.008188949530601633
-0.0022596762990482896
-0.0016079466135980938
-0.011047226524246305
-0.02830731024899232
-0.003383532942822379
-0.00778908849038988
-0.007982394665828719
-0.009204743515545896
-0.015196566781040094
-0.006035601785522827
-0.005661393169943068
-0.016441366176889165
-0.02513206829375898
-0.022314485303412734
-0.004831633816642439
-0.0009338505224745361
0.0053715907987104735
-0.0032494170508238435
0.024201346056175712
-0.009150634099955153
-0.012926015135938388
-0.007823695417776843
-0.013515282138666604
-0.013508775956639825
-0.006534185183285584
-0.003809443926464671
-0.004816201635202682
0.0008765026111237753
-0.016741907598242955
-0.02073216417798449
-0.00421362104896613
-0.013508775956639825
-0.008823840060245733
-0.0038058307369212927
-0.01585864763778411
-0.008969150617604124
-0.0022596762990482896
-0.0053068188578537165
-0.01871662652243453
-0.009204743515545896
-0.005529627706779321
-0.0058652084828569135
-0.003383532942822379
-0.015224125011329298
-0.007658598773906737
-0.010371296917114846
-0.0038444290473282653
-0.004697767253751754
-0.019656194092007553
-0.003952429887051281
-0.008319529202160203
-0.01972061681312582
-0.015613255784107908
-0.01595857248983359
-0.00502656128122825
-0.029749535446942865
-0.01033914780939961
-0.01595857248983359
-0.003383532942822379
-0.00971991483308092
-0.011991444636179894
-0.013518783562474821
-0.008823840060245733
-0.008188949530601633
-0.02830731024899232
-0.007594142024729444
-0.011991444636179894
-0.015196566781040094
-0.004831633816642439
-0.00749883739085413
-0.01871662652243453
-0.01250475832109011
-0.014511265252197801
-0.0038574511413822852
-0.008149331162850632
0.0067729638253907825
-0.012077584894231127
0.004158392632811906
-0.016441366176889165
-0.013319992295922203
-0.009124115052865995
-0.012077584894231127
-0.02513206829375898
-0.008149331162850632
-0.004771186643486775
0.002482951012558987
-0.006862926564812572
-0.029749535446942865
-0.006035601785522827
-0.010371296917114846
-0.009949966028209894
-0.01250475832109011
-0.0038609639162775003
-0.006122150140259852
-0.013411270366905119
-0.007192757546683799
-0.011178703614721829
-0.006142894034770747
-0.003133238866677305
0.0067729638253907825
-0.012926015135938388
-0.012589812770885922
-0.015196566781040094
-0.009611139248862378
-0.012926015135938388
-0.01710106685938595
0.002482951012558987
-0.015157375189024633
-0.01132950722635499
-0.01132950722635499
-0.010862782173866194
-0.008058184533826424
-0.022314485303412734
-0.01469319546843212
-0.009204743515545896
-0.004471862264503516
-0.00502656128122825
-0.008823840060245733
-0.0038609639162775003
-0.008319529202160203
-0.011165964120706055
-0.005661393169943068
-0.005994688483132536
-0.008476158483062353
-0.0034270803508945915
0.002482951012558987
-0.014490952233042283
-0.01091449780004964
-0.004831633816642439
-0.01595857248983359
-0.009611139248862378
-0.007643420301904895
-0.0017099339779149438
-0.008823840060245733
-0.002822524197206598
-0.0009338505224745361
-0.012926015135938388
-0.005306449669979584
-0.003383532942822379
-0.01335191824454345
-0.00869464625248454
-0.015224125011329298
-0.008623119668997809
-0.012926015135938388
-0.005846912129427486
-0.0038574511413822852
-0.012926015135938388
-0.010170865893620167
-0.022314485303412734
-0.00674843758156068
0.0021103095086313947
-0.01595857248983359
-0.003133238866677305
-0.008384392528097355
0.0003596054909810845
-0.025296325153519695
-0.013693189614043305
-0.006332426545763214
-0.006947298801240981
-0.019656194092007553
-0.013693189614043305
-0.01335191824454345
-0.005933101203212918
-0.015196566781040094
-0.0032550404769693965
-0.009124115052865995
-0.017566590065404127
-0.005994688483132536
0.0008765026111237753
-0.004816201635202682
-0.013319992295922203
-0.01091449780004964
-0.01585864763778411
-0.011991444636179894
-0.010922193606694818
-0.013411270366905119
-0.0056953539315534605
-0.004816201635202682
-0.00560718362765626
-0.0018488824288541148
-0.005661393169943068
-0.01875636669241348
-0.006947298801240981
-0.005661393169943068
-0.007594142024729444
-0.00674843758156068
-0.009611139248862378
-0.009150634099955153
-0.017566590065404127
-0.0019497966752244362
-0.0008457656306700297
-0.0059620869882498866
-0.008476158483062353
-0.006862926564812572
-0.015480604306971388
-0.008476158483062353
0.0003596054909810845
-0.008210003471936574
-0.012477855412597582
-0.00502656128122825
-0.01033914780939961
-0.022314485303412734
-0.0038444290473282653
-0.01871662652243453
-0.022057027931828028
-0.007982394665828719
-0.008319529202160203
-0.0032494170508238435
-0.007192757546683799
-0.011050301278718101
-0.011178703614721829
-0.005529627706779321
-0.020044592419632627
-0.008210003471936574
0.0008765026111237753
-0.006004458050803755
-0.02073216417798449
-0.0058652084828569135
-0.01875636669241348
-0.013319992295922203
0.0021103095086313947
-0.005846912129427486
-0.014627135587266426
-0.01597995718397007
-0.003952429887051281
0.0053715907987104735
-0.012077584894231127
-0.01033914780939961
-0.0038058307369212927
-0.025296325153519695
-0.013966015426663649
-0.0032550404769693965
-0.008677272755182864
-0.020044592419632627
-0.005306449669979584
-0.006862926564812572
-0.0017235930720446676
-0.013508775956639825
-0.006947298801240981
-0.0053068188578537165
-0.009124115052865995
-0.006534185183285584
-0.012077584894231127
0.005775216324572524
-0.00560718362765626
-0.0024068641909273654
-0.012926015135938388
-0.012926015135938388
0.003975308460093751
-0.00560718362765626
-0.004518823028951579
-0.0031936746117526126
-0.005661393169943068
-0.011105188939470347
-0.027534927970124693
-0.00502656128122825
-0.012589812770885922
-0.008623119668997809
-0.005661393169943068
-0.00971991483308092
-0.00674843758156068
-0.007643420301904895
-0.01875636669241348
-0.01335191824454345
-0.013966015426663649
-0.0038609639162775003
-0.003133238866677305
-0.006332426545763214
-0.027534927970124693
-0.013518783562474821
-0.017566590065404127
-0.0056953539315534605
-0.008057918420403034
-0.0034270803508945915
-0.011050301278718101
-0.008319529202160203
-0.016741907598242955
-0.0032494170508238435
-0.00502656128122825
-0.013693189614043305
-0.0068104113017668205
-0.006035601785522827
-0.0068104113017668205
0.0021103095086313947
-0.01033914780939961
-0.0066425426644321425
-0.024162066022249327
-0.006947298801240981
-0.003383532942822379
-0.006142894034770747
-0.006332426545763214
-0.002825902553143124
-0.0024068641909273654
-0.006946892022890892
-0.020044592419632627
-0.0024068641909273654
-0.006142894034770747
-0.007617595086431057
-0.01871662652243453
-0.008057918420403034
-0.0059620869882498866
-0.008940209375416626
-0.0029627132009550578
-0.005933101203212918
-0.01091449780004964
-0.00869464625248454
-0.009124115052865995
-0.01189908710226905
-0.014352095896139129
-0.008319529202160203
-0.007823695417776843
-0.0066425426644321425
0.002482951012558987
-0.019656194092007553
-0.015613255784107908
-0.003952429887051281
-0.0029627132009550578
-0.01335191824454345
-0.0038574511413822852
-0.009611139248862378
-0.015224125011329298
-0.0059620869882498866
-0.00421362104896613
-0.0038444290473282653
-0.010862782173866194
-0.008693842923550492
-0.024369582013667977
-0.005871125109887554
-0.002825902553143124
0.024201346056175712
-0.029749535446942865
-0.006206339503863111
0.0053715907987104735
-0.0032550404769693965
-0.014833409516154923
-0.0016079466135980938
-0.003809443926464671
-0.02830731024899232
-0.006122150140259852
-0.005871125109887554
-0.010862782173866194
-0.004816201635202682
-0.007192757546683799
-0.01595857248983359
-0.0022596762990482896
-0.013593859173574684
0.0021103095086313947
-0.008149331162850632
-0.008058184533826424
0.003975308460093751
-0.022314485303412734
-0.015196566781040094
-0.013518783562474821
-0.009124115052865995
-0.014511265252197801
-0.011047226524246305
-0.01972061681312582
-0.0032550404769693965
-0.008476158483062353
-0.012477855412597582
-0.006004458050803755
-0.01189908710226905
0.0008765026111237753
-0.0009338505224745361
-0.013319992295922203
-0.01335191824454345
-0.0034270803508945915
-0.015224125011329298
-0.011165964120706055
-0.012926015135938388
-0.0029627132009550578
-0.008188949530601633
-0.011047226524246305
0.005775216324572524
-0.024369582013667977
-0.0038609639162775003
-0.024162066022249327
-0.007643420301904895
0.004158392632811906
-0.008374919581272016
-0.008384392528097355
-0.016741907598242955
-0.008821265724485206
-0.013584254871621394
-0.004518823028951579
-0.0017099339779149438
-0.01033914780939961
-0.027534927970124693
0.004216034824463683
-0.008969150617604124
-0.007192757546683799
-0.005529627706779321
-0.008677272755182864
-0.003133238866677305
-0.006332426545763214
-0.004816201635202682
0.004158392632811906
-0.0038444290473282653
-0.005846912129427486
-0.011165964120706055
-0.013515282138666604
-0.0032494170508238435
-0.01115062154779121
-0.011050301278718101
-0.0058652084828569135
-0.029749535446942865
-0.013508775956639825
-0.002825902553143124
-0.002825902553143124
-0.013515282138666604
-0.007617595086431057
-0.0059620869882498866
-0.006332426545763214
-0.007192757546683799
-0.0034270803508945915
-0.0055637014841788115
-0.0032550404769693965
-0.00421362104896613
-0.010170865893620167
-0.003809443926464671
-0.007658598773906737
-0.005871125109887554
-0.014352095896139129
-0.013593859173574684
-0.02110744035683168
-0.009150634099955153
-0.004816201635202682
-0.0008457656306700297
-0.00560718362765626
-0.009124115052865995
-0.022057027931828028
-0.008476158483062353
-0.004831633816642439
-0.014352095896139129
-0.008821265724485206
-0.01033914780939961
-0.014352095896139129
0.002671769876510041
-0.005661393169943068
-0.009204743515545896
-0.006862926564812572
0.0021103095086313947
-0.0032550404769693965
-0.013584254871621394
0.002482951012558987
-0.012926015135938388
0.0053715907987104735
-0.013693189614043305
-0.01189908710226905
-0.005933101203212918
-0.00674843758156068
-0.01189908710226905
-0.004771186643486775
-0.003809443926464671
-0.011050301278718101
-0.0056953539315534605
-0.011991444636179894
-0.00421362104896613
-0.010371296917114846
0.002482951012558987
-0.008210003471936574
-0.010862782173866194
-0.005871125109887554
-0.013411270366905119
-0.014511265252197801
0.002671769876510041
-0.011165964120706055
-0.006122150140259852
-0.005846912129427486
-0.010371296917114846
-0.02830731024899232
-0.008693842923550492
-0.009124115052865995
-0.0059620869882498866
-0.012477855412597582
-0.015224125011329298
0.004158392632811906
-0.01250475832109011
-0.01250475832109011
-0.01335191824454345
-0.008821265724485206
-0.002822524197206598
-0.015480604306971388
-0.02110744035683168
-0.027534927970124693
-0.0031936746117526126
-0.011991444636179894
-0.005661393169943068
0.0008765026111237753
-0.02513206829375898
-0.009204743515545896
-0.007823695417776843
-0.008188949530601633
-0.008623119668997809
0.002671769876510041
-0.01033914780939961
-0.0024068641909273654
-0.009124115052865995
0.002482951012558987
-0.004816201635202682
-0.015224125011329298
-0.008823840060245733
-0.004831633816642439
0.0067729638253907825
-0.00869464625248454
0.0067729638253907825
-0.005933101203212918
-0.009611139248862378
-0.022057027931828028
-0.013319992295922203
-0.00971991483308092
-0.009124115052865995
-0.00560718362765626
-0.010170865893620167
-0.003383532942822379
-0.01091449780004964
-0.012477855412597582
-0.0034270803508945915
-0.005933101203212918
-0.007658598773906737
-0.0023494410191376657
-0.017566590065404127
-0.010371296917114846
-0.00869464625248454
-0.015196566781040094
-0.011050301278718101
-0.004518823028951579
-0.008823840060245733
-0.013584254871621394
0.004158392632811906
-0.014511265252197801
-0.01469319546843212
-0.008374919581272016
-0.006946892022890892
-0.011050301278718101
-0.008969150617604124
-0.013584254871621394
-0.013518783562474821
-0.013515282138666604
-0.00560718362765626
-0.008319529202160203
-0.01595857248983359
-0.00502656128122825
-0.007823695417776843
0.002482951012558987
-0.00869464625248454
-0.010922193606694818
-0.019656194092007553
-0.00971991483308092
-0.015196566781040094
-0.012589812770885922
-0.008693842923550492
-0.001432117908542141
-0.008319529202160203
-0.011165964120706055
-0.011105188939470347
-0.0018675882129255454
-0.01189908710226905
-0.0024068641909273654
-0.01250475832109011
-0.003809443926464671
-0.01189908710226905
-0.007594142024729444
-0.0038574511413822852
-0.002822524197206598
-0.012926015135938388
-0.003952429887051281
-0.013693189614043305
-0.015613255784107908
-0.005933101203212918
0.003975308460093751
-0.007594142024729444
-0.013515282138666604
0.005775216324572524
-0.016741907598242955
-0.003383532942822379
-0.016441366176889165
-0.0032550404769693965
-0.005661393169943068
-0.0016079466135980938
-0.006004458050803755
-0.0038444290473282653
-0.0053068188578537165
-0.0023494410191376657
-0.003133238866677305
-0.0034270803508945915
-0.016441366176889165
-0.00560718362765626
-0.013518783562474821
-0.0038574511413822852
0.0053715907987104735
-0.012926015135938388
-0.010585411844153549
-0.02513206829375898
-0.006004458050803755
-0.022314485303412734
-0.009611139248862378
-0.00778908849038988
-0.01871662652243453
-0.0058923441620243305
-0.004697767253751754
-0.01132950722635499
-0.008374919581272016
-0.01585864763778411
-0.01335191824454345
0.002671769876510041
-0.0019497966752244362
-0.011165964120706055
-0.01595857248983359
-0.01871662652243453
-0.003133238866677305
-0.01710106685938595
-0.006862926564812572
-0.006862926564812572
-0.01597995718397007
-0.010862782173866194
-0.0034270803508945915
-0.005846912129427486
-0.0066048764275534536
-0.022314485303412734
-0.006035601785522827
-0.0068104113017668205
-0.00778908849038988
-0.012589812770885922
-0.004831633816642439
-0.02110744035683168
-0.009124115052865995
-0.008476158483062353
-0.012926015135938388
0.0008765026111237753
-0.00674843758156068
-0.00560718362765626
-0.012589812770885922
0.0021103095086313947
-0.014490952233042283
-0.002825902553143124
-0.006206339503863111
-0.008374919581272016
-0.005994688483132536
-0.003383532942822379
-0.014833409516154923
-0.010922193606694818
-0.013693189614043305
-0.013518783562474821
-0.005871125109887554
-0.01710106685938595
-0.011165964120706055
-0.013966015426663649
-0.01595857248983359
-0.010922193606694818
-0.012589812770885922
0.002671769876510041
-0.0018675882129255454
-0.00560718362765626
-0.01250475832109011
-0.011991444636179894
-0.006332426545763214
-0.003967437595717786
-0.01585864763778411
-0.02830731024899232
-0.0018675882129255454
-0.00674843758156068
-0.007192757546683799
-0.0034270803508945915
-0.0008457656306700297
-0.004697767253751754
-0.0019497966752244362
-0.005933101203212918
0.002482951012558987
-0.00502656128122825
-0.006004458050803755
-0.0058923441620243305
-0.020044592419632627
-0.01710106685938595
-0.005933101203212918
-0.011991444636179894
-0.013966015426663649
-0.00560718362765626
-0.00971991483308092
0.0053715907987104735
0.003975308460093751
-0.001432117908542141
-0.015613255784107908
-0.007192757546683799
-0.024369582013667977
-0.029749535446942865
-0.016741907598242955
-0.006947298801240981
-0.0066425426644321425
0.0067729638253907825
-0.007192757546683799
-0.02110744035683168
-0.0066048764275534536
-0.022314485303412734
-0.011047226524246305
0.024201346056175712
-0.008623119668997809
