-0.007345917921476919
-0.028686570181001673
-0.004970285138704894
-0.00597769106043299
-0.00277504531634768
-0.011537330900298681
-0.01662633507864009
-0.00889389966695598
-0.0018910756427509775
0.00037178287686799865
-0.005704770846050619
-0.015146587701461827
-0.0003583623873074129
-0.0030796670513448445
-0.0053914180660522915
-0.006839047102354276
-0.0053914180660522915
-0.006173253348623306
0.0034075913225939405
-0.0003583623873074129
0.03039645609111599
0.0007332428337120541
-0.009086074951358665
-0.007052098034205695
-0.00917444187225355
0.002990939807883362
-0.016796061934818248
-0.0030798872532705125
-0.010711971572654326
-0.01547601714377668
-0.015334894017640856
-0.004970146957377884
-0.008796554508967058
0.010481121077825341
-0.005513821017468649
0.019057436317001044
-0.007372864437545242
-0.010478523876519673
-0.0024494567817444296
-0.01873767183365537
-0.021669923804968346
-0.014445788674724326
-0.010002890399085664
-0.0006824026037452
0.03039645609111599
-0.0024494567817444296
-0.006340384168024787
-0.010606502883530978
-0.009304068673669634
0.0011437992565262946
-0.0008520059649988836
-0.012446104600945005
-0.0030796670513448445
-0.0117241120919965
-0.006428285005102641
-0.008610265607436104
-0.008018428338868957
-0.01613575060313884
-0.015111802856915503
0.007155906555861925
-0.002410259455407604
-0.009902520665749568
-0.005513821017468649
0.0047905203270854815
-0.002932928293028621
-0.004403558370345517
-0.0008520059649988836
-0.018743987593154782
-0.004326633359605228
-0.006671779638995488
-0.016796061934818248
-0.005513821017468649
-0.00847596046888063
-0.0019814274481084536
-0.012687720832186056
-0.0024510627258365137
0.0047905203270854815
-0.009086074951358665
-0.003183282913642319
0.0002625283622660868
-0.018743987593154782
-0.004554533333332716
0.001995117344613933
-0.002932928293028621
0.00037178287686799865
-0.004970146957377884
-0.010173991879666836
-0.0053413790262056724
0.0003098958592494391
-0.00277504531634768
-0.012847151119095014
-0.008778065327021
-0.007949558234967277
0.002195330238918171
-0.0033679965053567363
-0.01873767183365537
0.011884885117353118
-0.010173991879666836
-0.01613575060313884
-0.0037547425447929904
-0.008761861060733902
-0.015111802856915503
-0.006173253348623306
-0.00277504531634768
0.00014258479167874571
-0.007477461154670693
-0.0008768164564952643
-0.0019814274481084536
0.011884885117353118
-0.00053207461381284
-0.009499289818866897
-0.001521523435218536
-0.004643195194325594
-0.01873767183365537
-0.008215310085642667
-0.01700660495804716
-0.016796061934818248
0.007783529256131219
-0.010173991879666836
-0.0016701035057089836
-0.01613575060313884
-0.010944507735819167
-0.00862860061863845
-0.008761861060733902
-0.010002890399085664
-0.006839047102354276
-0.008018428338868957
-0.0008768164564952643
-0.004643195194325594
-0.006428285005102641
2.270551793756798e-05
-0.006330380384021815
-0.008215310085642667
-0.0024510627258365137
-0.008170566721014167
-0.014638564962535626
-0.0025399305618684226
-0.005274139625354433
-0.008170566721014167
-0.006330380384021815
-0.013940825107376991
0.0047905203270854815
-0.006340384168024787
-0.012446104600945005
-0.007477461154670693
-0.009304068673669634
0.03039645609111599
-0.015146587701461827
0.002195330238918171
-0.002932928293028621
-0.003942764459316621
-0.010002890399085664
-0.01613359197742228
-0.00053207461381284
0.002990939807883362
-0.006927153328882013
-0.00847596046888063
0.00484767842973944
-0.0117241120919965
-0.010173991879666836
-0.003183282913642319
-0.004554533333332716
-0.008610265607436104
-0.01583587875998891
-0.020554102561520984
-0.004573304007687
0.010481121077825341
0.010481121077825341
-0.0117241120919965
-0.0016701035057089836
-0.015111802856915503
-0.008610265607436104
-0.014754162764101741
0.0047905203270854815
-0.010944507735819167
-0.01700660495804716
-0.001521523435218536
0.003975772285708499
-0.009499289818866897
-0.010711971572654326
0.005388422096669895
-0.015146587701461827
-0.00277504531634768
-0.004326633359605228
-0.0028966517096393465
-0.008215310085642667
-0.0031765686243542405
-0.010606502883530978
-0.011639118576023547
-0.018743987593154782
-0.00777334925007863
-0.0053914180660522915
-0.0008520059649988836
-0.0019814274481084536
-0.01613575060313884
-0.022555202718973405
-0.01591616952632015
0.00484767842973944
-0.009902520665749568
-0.022555202718973405
-0.009304068673669634
-0.00053207461381284
-0.009304068673669634
2.1447667445975475e-05
-0.013940825107376991
-0.003942764459316621
-0.003717485171367813
-0.010173991879666836
-0.015146587701461827
-0.0016701035057089836
-0.004970146957377884
-0.013811397944932555
0.011884885117353118
-0.010944507735819167
-0.010944507735819167
0.0007332428337120541
-0.0031765686243542405
-0.012847151119095014
-0.004970285138704894
-0.008778065327021
-0.009499289818866897
-0.008472992086637628
-0.014638564962535626
-0.008009259339930866
-0.007949558234967277
0.011884885117353118
-0.001355536519014237
-0.00277504531634768
-0.020554102561520984
-2.207842485526699e-05
-0.0008520059649988836
-0.008215310085642667
-0.001521523435218536
0.003639735931454845
0.002990939807883362
0.006402784519262376
-0.002932928293028621
-0.005274139625354433
0.003706961464816682
0.0007332428337120541
0.0047905203270854815
0.003639735931454845
-0.009499289818866897
-0.010055625419270062
0.03039645609111599
-0.008472992086637628
-0.013020575567340317
-0.011639118576023547
-0.0053413790262056724
-0.012847151119095014
-0.0222738304392443
0.00484767842973944
-0.004537515935635322
-0.01873767183365537
-0.0030796670513448445
-0.008170566721014167
-0.0028966517096393465
0.0034075913225939405
-0.00277504531634768
-0.009086074951358665
-0.009902520665749568
-0.012464666867194845
-0.00847596046888063
0.008159100858757979
-0.001521523435218536
0.00415498659051153
-0.00889389966695598
-0.0222738304392443
-0.01700660495804716
-0.010478523876519673
-0.00889389966695598
-0.004403558370345517
-0.006839047102354276
-0.015111802856915503
0.0003098958592494391
-0.008018428338868957
-0.003585206840416642
-0.01662633507864009
-0.012446104600945005
0.008159100858757979
-0.004231243707287847
2.270551793756798e-05
-0.008796554508967058
-0.001521523435218536
-0.010222930487141822
-0.009911721842671226
-0.013811397944932555
-0.014754162764101741
0.002990939807883362
-0.006173253348623306
-0.004970146957377884
-0.0016701035057089836
-0.006080328224456155
0.007783529256131219
-0.008009259339930866
-0.0012816670175594823
-0.003537027177665178
0.0007332428337120541
-0.01631102355168713
-0.006671779638995488
0.011884885117353118
-0.005274139625354433
-0.006384651444897352
0.0003098958592494391
-0.013940825107376991
0.007155906555861925
-0.010606502883530978
-0.0024510627258365137
0.010481121077825341
0.0047905203270854815
-0.010606502883530978
-0.004231243707287847
-0.003911880304679642
-0.0024510627258365137
-0.004762647605593826
-0.00277504531634768
0.0011437992565262946
-0.0030798872532705125
-0.01547601714377668
-0.006173253348623306
-0.010944507735819167
-0.006080328224456155
-0.012446104600945005
-0.0033679965053567363
0.0007332428337120541
-0.0008768164564952643
-0.008761861060733902
-0.013811397944932555
-0.010478523876519673
-0.016796061934818248
0.00484767842973944
0.007155906555861925
-0.004970285138704894
0.0047905203270854815
0.0057402395695376265
-0.006340384168024787
-0.0037547425447929904
2.270551793756798e-05
-0.0117241120919965
-0.013234887674223367
-0.015146587701461827
-0.010478523876519673
-0.01052879655064539
-0.004119084901281127
-0.013234887674223367
0.001995117344613933
0.0057402395695376265
-0.003717485171367813
0.0011437992565262946
-0.006173253348623306
0.006402784519262376
-0.008215310085642667
-0.0012816670175594823
0.0047905203270854815
0.00037178287686799865
-0.006671779638995488
-0.014638564962535626
-0.0006119449133968913
0.0003098958592494391
-0.007372864437545242
-0.00053207461381284
-0.006340384168024787
-0.01547601714377668
-0.010173991879666836
-0.009499289818866897
-0.003333654566974493
0.0057402395695376265
-0.0003583623873074129
-0.0033679965053567363
-0.01613359197742228
-0.0008520059649988836
0.03039645609111599
-0.007052098034205695
-0.00277504531634768
-0.003911880304679642
-0.0006119449133968913
0.00014258479167874571
-0.0033679965053567363
-0.006671779638995488
-0.002932928293028621
-0.010055625419270062
-0.003183282913642319
-0.03182929236652497
0.003639735931454845
-0.01613359197742228
-0.003183282913642319
0.001995117344613933
0.00037178287686799865
-0.02526978784707401
-0.006080328224456155
-0.013033195358015373
-0.0024494567817444296
-0.01631102355168713
-0.028686570181001673
-0.010606502883530978
-0.003585206840416642
-0.008778065327021
-0.022555202718973405
0.0007332428337120541
-0.0006119449133968913
-0.013940825107376991
0.007155906555861925
-0.01700660495804716
-0.01613359197742228
-0.008018428338868957
-0.015695135879206883
-0.010002890399085664
-0.0030798872532705125
0.011884885117353118
-0.00862860061863845
0.0002625283622660868
-0.004403558370345517
0.019057436317001044
-0.00862860061863845
-0.015455708204059424
0.002990939807883362
0.006402784519262376
-0.009902520665749568
-0.01662633507864009
-0.0030798872532705125
0.007155906555861925
0.001995117344613933
-0.01583587875998891
-0.0008768164564952643
-0.004970146957377884
-0.007052098034205695
0.007155906555861925
-0.0033679965053567363
-0.008796554508967058
-0.012912267739438836
-0.01052879655064539
-0.015695135879206883
-0.004119084901281127
-0.0031765686243542405
0.008159100858757979
-0.01631102355168713
-0.01547601714377668
-0.0006119449133968913
-0.01631102355168713
0.001995117344613933
0.002990939807883362
0.003975772285708499
-0.014638564962535626
-0.022555202718973405
-0.0031765686243542405
2.1447667445975475e-05
-0.010606502883530978
-0.003183282913642319
0.00484767842973944
-0.0015072326532123764
-0.005274139625354433
-0.015146587701461827
-0.006173253348623306
-0.0031765686243542405
-0.006839047102354276
-0.014638564962535626
-0.013940825107376991
-0.0006824026037452
-0.008610265607436104
-0.01700660495804716
0.003706961464816682
-0.004643195194325594
0.03039645609111599
-0.004573304007687
-0.016796061934818248
-0.01700660495804716
0.006402784519262376
-0.00597769106043299
-0.004537515935635322
0.011884885117353118
-0.01613575060313884
0.00014258479167874571
-0.009499289818866897
-0.004231243707287847
0.000389756246567099
-0.006340384168024787
-0.010606502883530978
0.0007332428337120541
0.0057402395695376265
0.0007332428337120541
-0.0024510627258365137
0.00484767842973944
-0.006955810821796321
-0.01052879655064539
-0.0222738304392443
-0.012324199687251241
-0.0018910756427509775
-0.01613575060313884
-0.0031765686243542405
-0.0030796670513448445
0.005388422096669895
-0.013234887674223367
-0.013811397944932555
-0.003911880304679642
-0.022555202718973405
-0.015334894017640856
-0.005274139625354433
-0.006080328224456155
-0.0008520059649988836
-0.007345917921476919
-0.010711971572654326
-0.0003583623873074129
0.0007332428337120541
-0.0028966517096393465
-0.0053413790262056724
0.000389756246567099
0.001995117344613933
-0.001521523435218536
0.0007332428337120541
-0.015146587701461827
0.002990939807883362
-0.009086074951358665
-0.0019814274481084536
-0.015146587701461827
0.002195330238918171
-0.01591616952632015
-0.020554102561520984
-0.008472992086637628
2.1447667445975475e-05
-0.012847151119095014
-0.008796554508967058
-0.010055625419270062
-0.001355536519014237
-0.003333654566974493
-0.011639118576023547
0.003639735931454845
-0.003942764459316621
-0.010173991879666836
-0.01700660495804716
-0.008472992086637628
-0.013811397944932555
-0.00889389966695598
-0.015455708204059424
-0.0033679965053567363
-0.012464666867194845
-0.015695135879206883
-0.002410259455407604
-0.018743987593154782
-0.00862860061863845
-0.006330380384021815
-0.014754162764101741
-0.01052879655064539
0.001995117344613933
-0.003333654566974493
0.011884885117353118
-0.01583587875998891
-0.0024494567817444296
-0.010478523876519673
-0.001521523435218536
0.008159100858757979
-0.004970285138704894
0.000389756246567099
-0.028686570181001673
-0.015455708204059424
-0.002932928293028621
-0.014754162764101741
-0.012847151119095014
0.0011437992565262946
-0.010478523876519673
-0.007477461154670693
-0.010002890399085664
-0.0222738304392443
-0.01547601714377668
0.0002625283622660868
0.00415498659051153
2.1447667445975475e-05
-0.008215310085642667
-0.006080328224456155
-0.00847596046888063
0.03039645609111599
0.0002625283622660868
-0.0006119449133968913
-0.007372864437545242
0.002990939807883362
-0.006173253348623306
2.270551793756798e-05
-0.0024494567817444296
-0.011537330900298681
-0.0031765686243542405
-0.00862860061863845
-0.00862860061863845
0.003639735931454845
-0.0030796670513448445
-0.00862860061863845
-0.016796061934818248
0.0047905203270854815
-0.005704770846050619
-0.011639118576023547
0.003639735931454845
-0.004573304007687
-0.006671779638995488
-0.012847151119095014
-0.00917444187225355
-0.009911721842671226
0.002195330238918171
-0.009086074951358665
-0.005274139625354433
0.00037178287686799865
-0.01547601714377668
-0.0037547425447929904
-0.012324199687251241
-0.0012816670175594823
-0.006927153328882013
-0.015334894017640856
-0.015334894017640856
-0.010606502883530978
0.007783529256131219
-0.010711971572654326
-0.0015072326532123764
2.1447667445975475e-05
0.000389756246567099
-0.006428285005102641
-0.00781766253070798
-0.006428285005102641
0.001995117344613933
-0.009911721842671226
-0.0030798872532705125
-0.01583587875998891
-0.014445788674724326
-0.015455708204059424
-0.0016701035057089836
-0.015455708204059424
-0.007345917921476919
0.002990939807883362
-0.004643195194325594
-0.007322674778199625
-0.0003583623873074129
-0.01583587875998891
-0.00781766253070798
-0.0117241120919965
-0.010606502883530978
-0.010173991879666836
-0.006955810821796321
0.019057436317001044
-0.0018910756427509775
2.1447667445975475e-05
-0.01662633507864009
-0.005907873946492353
-0.012687720832186056
-0.006038710419766289
-0.0037547425447929904
-0.01547601714377668
-0.00917444187225355
-0.0053413790262056724
-0.004554533333332716
-0.020554102561520984
-0.012464666867194845
-0.005907873946492353
-0.0019814274481084536
-0.0008520059649988836
-0.010002890399085664
0.00014258479167874571
-0.008170566721014167
-0.014117799390534288
0.006402784519262376
-0.008761861060733902
-0.01591616952632015
-0.006927153328882013
-2.207842485526699e-05
-0.003183282913642319
-0.006839047102354276
0.0034075913225939405
-0.005907873946492353
-0.006038710419766289
-0.003183282913642319
0.011884885117353118
-0.0031765686243542405
-0.007322674778199625
-0.0003583623873074129
0.0002625283622660868
0.007155906555861925
0.006402784519262376
-0.015455708204059424
-0.006671779638995488
-0.007949558234967277
-0.015695135879206883
-0.0024494567817444296
-0.003942764459316621
0.005388422096669895
-0.013020575567340317
0.00415498659051153
-0.0031765686243542405
-0.003717485171367813
-0.004326633359605228
-0.004573304007687
-0.01700660495804716
-0.010002890399085664
0.019057436317001044
-0.0008768164564952643
-0.0053413790262056724
-0.014117799390534288
-0.009086074951358665
-0.00277504531634768
-0.007477461154670693
0.00415498659051153
-0.005513821017468649
-0.003942764459316621
-2.207842485526699e-05
-0.015334894017640856
-0.0006824026037452
-0.00847596046888063
-0.013020575567340317
-0.0028966517096393465
-0.009499289818866897
0.005388422096669895
-0.01613575060313884
-0.0012816670175594823
-0.008610265607436104
-0.009902520665749568
-0.00917444187225355
-0.006839047102354276
-0.0008520059649988836
-0.00277504531634768
-0.012464666867194845
-0.0028966517096393465
0.003706961464816682
0.000389756246567099
-0.012464666867194845
-0.009911721842671226
-0.0016701035057089836
0.002990939807883362
-0.0033679965053567363
-0.010002890399085664
-0.00889389966695598
2.1447667445975475e-05
-0.01613359197742228
-0.004119084901281127
-0.01591616952632015
-0.009902520665749568
-0.009822954166174956
-0.015111802856915503
-0.010478523876519673
0.008159100858757979
-0.004554533333332716
-0.0003583623873074129
-0.004970146957377884
-0.010944507735819167
-0.004573304007687
-0.001521523435218536
-0.008018428338868957
-0.004403558370345517
-0.0016701035057089836
-0.008796554508967058
-0.02526978784707401
-0.014638564962535626
-0.022555202718973405
-0.012912267739438836
-0.006384651444897352
-0.01700660495804716
-0.0024510627258365137
-0.00597769106043299
-0.004326633359605228
-0.010173991879666836
-0.002410259455407604
-0.015146587701461827
-0.009304068673669634
-0.00889389966695598
2.270551793756798e-05
-0.009902520665749568
-0.014445788674724326
-0.003717485171367813
-0.006428285005102641
-0.006038710419766289
-0.01662633507864009
0.011884885117353118
0.002990939807883362
-0.002410259455407604
-0.00917444187225355
0.0047905203270854815
-0.00781766253070798
0.0034075913225939405
0.0047905203270854815
0.011884885117353118
-0.009304068673669634
0.00484767842973944
-0.00781766253070798
-0.012912267739438836
-0.010606502883530978
-0.01583587875998891
0.011884885117353118
-0.012446104600945005
-0.00781766253070798
-0.0053413790262056724
-0.01547601714377668
-0.00777334925007863
-0.014754162764101741
-0.008215310085642667
-0.011639118576023547
-0.009902520665749568
-0.0033679965053567363
0.006402784519262376
-0.00053207461381284
0.0057402395695376265
-0.004403558370345517
-0.006038710419766289
-0.008610265607436104
-0.008018428338868957
0.008159100858757979
-0.004762647605593826
-0.0037547425447929904
-0.014754162764101741
-0.01613359197742228
-0.013234887674223367
0.00037178287686799865
-0.007949558234967277
0.010481121077825341
0.003639735931454845
-0.015695135879206883
-0.004537515935635322
-0.006384651444897352
-0.014754162764101741
0.03039645609111599
0.005388422096669895
-0.015695135879206883
-0.012912267739438836
-0.00597769106043299
0.011884885117353118
-0.0030796670513448445
-0.0008768164564952643
0.00037178287686799865
0.0003098958592494391
-0.007052098034205695
-0.004643195194325594
-0.0024510627258365137
-0.007477461154670693
-0.0053413790262056724
-0.00917444187225355
0.010481121077825341
-0.0024510627258365137
-0.009822954166174956
-0.015695135879206883
0.003639735931454845
-0.006330380384021815
-0.004326633359605228
-0.004573304007687
-0.009304068673669634
-0.01613575060313884
0.0003098958592494391
-0.014754162764101741
-0.013033195358015373
-0.007949558234967277
-0.01700660495804716
-0.010222930487141822
-0.015455708204059424
-0.004762647605593826
-0.01700660495804716
0.002195330238918171
-0.0019814274481084536
0.006402784519262376
-0.010606502883530978
-0.012847151119095014
-0.014754162764101741
-0.006927153328882013
-0.002410259455407604
-0.008796554508967058
-0.006330380384021815
0.00484767842973944
-0.0030796670513448445
-0.004403558370345517
-0.0033679965053567363
-0.004554533333332716
0.00014258479167874571
-0.0003583623873074129
-0.008472992086637628
-0.004119084901281127
-0.001355536519014237
-0.012912267739438836
-0.006340384168024787
-0.006330380384021815
-0.03182929236652497
-0.008215310085642667
-0.01591616952632015
-0.012464666867194845
-0.00917444187225355
-0.013020575567340317
-0.02526978784707401
0.008159100858757979
-0.0003583623873074129
-0.018743987593154782
-0.01547601714377668
-0.013811397944932555
-0.004231243707287847
-0.01631102355168713
-0.016796061934818248
-0.004554533333332716
-0.0006119449133968913
-0.01591616952632015
-0.020554102561520984
-0.004970146957377884
-0.01873767183365537
-0.0006119449133968913
-0.008610265607436104
0.011884885117353118
0.0011437992565262946
-0.004537515935635322
-0.007345917921476919
-0.01873767183365537
-0.020554102561520984
0.007783529256131219
0.002990939807883362
-0.004231243707287847
-0.0037547425447929904
2.1447667445975475e-05
-0.004537515935635322
-0.003585206840416642
-0.008610265607436104
-0.010002890399085664
-0.0028966517096393465
-0.004554533333332716
-0.010195358484245059
-0.00053207461381284
-0.0003583623873074129
-0.022555202718973405
-0.007052098034205695
-0.006330380384021815
-0.015111802856915503
-0.003585206840416642
-0.004326633359605228
-0.010222930487141822
-0.002932928293028621
-0.006428285005102641
-0.006080328224456155
-0.014638564962535626
-0.008472992086637628
-0.006428285005102641
-0.004573304007687
-0.002932928293028621
-0.006927153328882013
-0.015111802856915503
-0.004970285138704894
-0.006330380384021815
-0.0024510627258365137
-0.004231243707287847
-0.0015072326532123764
-0.012687720832186056
-0.007477461154670693
-0.012446104600945005
-0.006330380384021815
-0.008778065327021
-0.003537027177665178
-0.004554533333332716
-0.0024510627258365137
-0.004970146957377884
0.00014258479167874571
-0.003942764459316621
-0.0222738304392443
-0.0030796670513448445
-0.014754162764101741
-0.004970285138704894
-0.0053914180660522915
-0.004762647605593826
-0.0037547425447929904
-0.00277504531634768
-0.0037547425447929904
-0.007477461154670693
-0.008215310085642667
0.0007332428337120541
-0.0030796670513448445
-0.007372864437545242
-0.009304068673669634
0.0011437992565262946
-0.0028966517096393465
0.008159100858757979
0.003975772285708499
-0.015334894017640856
-0.02526978784707401
-0.007052098034205695
-0.012912267739438836
-0.010478523876519673
-0.0018910756427509775
-0.012446104600945005
0.007155906555861925
-0.010944507735819167
-0.003537027177665178
-0.0030796670513448445
-0.009822954166174956
-0.0018910756427509775
-0.001521523435218536
-0.01547601714377668
-0.006671779638995488
-0.004119084901281127
-0.00862860061863845
-0.005907873946492353
0.005388422096669895
-0.004119084901281127
-0.005513821017468649
-0.021669923804968346
-0.004573304007687
0.0002625283622660868
-0.008472992086637628
-0.009822954166174956
0.0003098958592494391
0.003975772285708499
-0.005704770846050619
-0.00053207461381284
-0.01547601714377668
-0.015695135879206883
-0.01613359197742228
-0.004970146957377884
-0.015455708204059424
