-0.01254611433278512
0.001977457371931752
-0.006798703446997136
-0.011951384238075638
-0.013289155248177338
-0.010522127166323341
-0.0059466666587979665
-0.007074108284589406
-0.02387315739592673
-0.0010436939933719492
-0.009184901398114722
-0.015906914671345876
-0.022304915382788164
-0.017912548715069036
-0.0023792622719672287
-0.008489296189091862
-0.006953317000379875
-0.012377051632052272
-0.009871836347011597
-0.008095276029612191
-0.0044399587488184915
-0.0024049606121762275
-0.003060378761315392
-0.011350717385819394
-0.0016764739173484812
-0.0030236847632547073
-0.016979691836819858
-0.017253152755480675
-0.017641540357226197
-0.004092786573051789
-0.010314620452333596
-0.00569799231593634
-0.013309475604418764
-0.014692584971572104
-0.005891787055953435
-0.014531661317900624
0.019600172355479936
-0.005891787055953435
-0.010300659846032297
0.01347593258515751
-0.02470237078267521
-0.009708597184117441
0.005828904112450827
0.00264834439007459
-0.02081634693233926
-0.01448491290423637
-0.010300659846032297
-0.02387315739592673
0.019600172355479936
-0.012726921781927407
-0.0049555530343858255
-0.020005095336871132
-0.008061391485056394
-0.009351777586558653
0.001591380210068661
-0.020265392760904888
-0.00424551701100693
-0.0059466666587979665
-0.005192906789174787
-0.005858283696829397
-0.0010436939933719492
-0.010506442296648804
-0.0085893587735586
-0.008489296189091862
-0.013289155248177338
-0.004646900139528029
-0.0049555530343858255
0.001977457371931752
-0.012882444092267666
-0.009710348920559185
-0.005727866826557224
-0.016601084345425014
-0.009708597184117441
-0.012084836801700615
-0.017641540357226197
-0.020527518495898452
-0.013342098582171863
-0.02081634693233926
-0.006205218652198072
-0.01254611433278512
0.005828904112450827
-0.005159107379020281
-0.007374686429769011
1.5840226287002003e-06
-0.010043018688951395
-0.00569799231593634
-0.018770786695919604
-0.014531661317900624
0.001977457371931752
-0.02387315739592673
-0.013868205104847915
-0.01219982587036643
-0.0024049606121762275
-0.0016295055215479613
-0.010522127166323341
-0.008061391485056394
-0.012076885755261392
-0.008315830929674127
-0.010506442296648804
-0.01107089225330688
-0.007889013560528242
-0.01448491290423637
-0.0085893587735586
0.0029328925613632726
-0.013342098582171863
-0.02565870782345974
-0.012084836801700615
0.0009583166306180094
-0.005858283696829397
-0.0059466666587979665
-0.02470237078267521
-0.02387315739592673
-0.002245887883126104
-0.0036422819455085294
-0.017253152755480675
-0.005192906789174787
-0.02560695895107096
-0.010595257624057271
-0.0059466666587979665
-0.0059466666587979665
-0.009026714176162014
-0.012377051632052272
-0.007889013560528242
-0.005727866826557224
-0.010595257624057271
-0.014531661317900624
-0.0013231755919533921
0.01347593258515751
0.00289935741750622
-0.015881067444849913
0.001591380210068661
-0.006298339706268152
-0.004300188841028252
-0.017641540357226197
-0.01254611433278512
-0.0023921710539225156
-0.011034540215261636
-0.015906914671345876
-0.002454462941222706
-0.014692584971572104
-0.012377051632052272
-0.007074108284589406
-0.016601084345425014
-0.017912548715069036
-0.018290109395913606
-0.021608591860896986
-0.012084836801700615
-0.006205218652198072
-0.01234579699097271
-0.02565870782345974
-0.00424551701100693
-0.009710348920559185
-0.0030236847632547073
-0.00424551701100693
-0.0016295055215479613
-0.015906914671345876
-0.017912548715069036
-0.0049555530343858255
-0.01691243532822702
-0.009708597184117441
-0.010799722361518195
-0.01564673919168574
-0.015881067444849913
-0.013222157527625403
-0.004852371125038078
-0.0036422819455085294
-0.0023792622719672287
-0.013868205104847915
-0.035698304922419564
-0.014991236047511868
-0.0023792622719672287
-0.008315830929674127
-0.005727866826557224
-0.02387315739592673
-0.025587058217307536
-0.007698759645639202
-0.0024049606121762275
-0.012434507445946137
1.5840226287002003e-06
-0.0049555530343858255
-0.009026714176162014
-0.012377051632052272
0.0038866027306779546
-0.009710348920559185
-0.012587839339888378
-0.005891787055953435
-0.004092786573051789
-0.0023792622719672287
-0.009351777586558653
-0.010043018688951395
-0.0044399587488184915
-0.009184901398114722
-0.011951384238075638
-0.002454462941222706
-0.01782827468587164
-0.01107089225330688
-0.0044399587488184915
-0.024705533234065442
-0.006390707299775207
-0.015154275136024542
-0.0036422819455085294
-0.029174801158311493
-0.016601084345425014
-0.007698759645639202
-0.022217874278693258
-0.009572268119143896
-0.009871836347011597
-0.010188142583129963
-0.007889013560528242
-0.0016764739173484812
-0.018275548143953622
-0.012377051632052272
-0.01724667388413614
-0.011034540215261636
0.001977457371931752
-0.012076885755261392
-0.020527518495898452
-0.01448491290423637
-0.01023709078665454
-0.00868587646826182
-0.012088901368728883
-0.0085893587735586
-0.009710348920559185
-0.018290109395913606
-0.005876649410830444
0.0073517460495944945
-0.006953317000379875
-0.018290109395913606
-0.006298339706268152
0.005828904112450827
-0.003032316240087353
-0.012088901368728883
-0.01023709078665454
-0.006298339706268152
-0.006390707299775207
-0.018275548143953622
-0.011630682185934242
-0.004092786573051789
-0.015881067444849913
-0.005236734472677667
-0.010588241676986274
0.0009583166306180094
0.001591380210068661
-0.00868587646826182
-0.0049555530343858255
-0.005876649410830444
0.0029328925613632726
-0.014531661317900624
-0.0044399587488184915
-0.01234579699097271
-0.010043018688951395
-0.003060378761315392
-0.016979691836819858
-0.012076885755261392
-0.009871836347011597
0.00289935741750622
-0.015906914671345876
-0.01724667388413614
0.01347593258515751
-0.014600276932576544
-0.022217874278693258
-0.0051344014523464826
-0.014600276932576544
-0.022217874278693258
-0.005891787055953435
-0.005236734472677667
-0.012882444092267666
0.0029328925613632726
-0.02565870782345974
0.0029328925613632726
-0.0007611053309543238
-0.0016764739173484812
-0.025587058217307536
-0.010153372006040925
-0.0049555530343858255
-0.01234579699097271
-0.016627113209577576
-0.022217874278693258
-0.008095276029612191
-0.007374686429769011
0.001977457371931752
-0.007698759645639202
-0.035698304922419564
-0.005159107379020281
-0.011630682185934242
-0.0030236847632547073
-0.022304915382788164
-0.004092786573051789
-0.016627113209577576
-0.02565870782345974
-0.01782827468587164
-0.011230568197176882
0.0009583166306180094
-0.007374686429769011
0.005828904112450827
-0.009871836347011597
-0.014531661317900624
-0.0111939146077048
-0.004300188841028252
-0.030941879510505182
-0.01234579699097271
-0.015881067444849913
-0.008095276029612191
-0.005727866826557224
-0.0007611053309543238
-0.01691243532822702
-0.010588241676986274
0.001591380210068661
-0.015881067444849913
-0.012076885755261392
-0.020265392760904888
-0.010799722361518195
-0.013222157527625403
-0.012154502570768035
-0.008489296189091862
-0.02470237078267521
-0.010506442296648804
0.006722445766078182
-0.002454462941222706
-0.008061391485056394
-0.004852371125038078
-0.005159107379020281
-0.0010436939933719492
-0.007889013560528242
0.001591380210068661
-0.01219982587036643
-0.013342098582171863
-0.003060378761315392
-0.010452473597597878
-0.005858283696829397
-0.010223380783164185
-0.013289155248177338
-0.002245887883126104
0.0009583166306180094
0.005828904112450827
-0.006953317000379875
0.0029328925613632726
-0.009572268119143896
-0.00868587646826182
-0.005696003515255257
-0.012726921781927407
-0.006798703446997136
-0.0044399587488184915
-0.011230568197176882
-0.02560695895107096
-0.012726921781927407
-0.00868587646826182
-0.015906914671345876
-0.00424551701100693
-0.0049555530343858255
-0.014692584971572104
0.001591380210068661
-0.0023921710539225156
-0.0049555530343858255
-0.025587058217307536
0.0029328925613632726
-0.005159107379020281
-0.017912548715069036
-0.022217874278693258
-0.00868587646826182
-0.008315830929674127
-0.022143137292204743
-0.012434507445946137
-0.012154502570768035
-0.012434507445946137
-0.020005095336871132
-0.011350717385819394
-0.007889013560528242
-0.009710348920559185
-0.020005095336871132
-0.0016295055215479613
-0.0016764739173484812
-0.029174801158311493
-0.010153372006040925
-0.005192906789174787
-0.0059466666587979665
-0.02387315739592673
-0.015906914671345876
-0.00424551701100693
-0.0037355421173084413
-0.0051344014523464826
-0.02470237078267521
-0.0030236847632547073
-0.018290109395913606
-0.017253152755480675
-0.02470237078267521
-0.009710348920559185
-0.01691243532822702
-0.009184901398114722
-0.0024049606121762275
-0.0044399587488184915
-0.011034540215261636
-0.010588241676986274
-0.01234579699097271
0.0029328925613632726
-0.0051344014523464826
-0.022304915382788164
-0.013868205104847915
-0.00569799231593634
-0.0023921710539225156
-0.003060378761315392
-0.01293786192890899
0.0029328925613632726
-0.016979691836819858
-0.01023709078665454
-0.007632210165391898
-0.01782827468587164
0.001977457371931752
-0.006953317000379875
-0.012076885755261392
-0.01023709078665454
-0.008061391485056394
-0.02565870782345974
-0.010506442296648804
-0.0024049606121762275
-0.012154502570768035
-0.010223380783164185
-0.012726921781927407
-0.013309475604418764
-0.010799722361518195
-0.010223380783164185
-0.007656749338578183
-0.022445271062816994
-0.02387315739592673
0.0009583166306180094
-0.00424551701100693
-0.012088901368728883
-0.010043018688951395
-0.0016295055215479613
-0.006798703446997136
0.00289935741750622
0.0073517460495944945
-0.006390707299775207
-0.017912548715069036
-0.004646900139528029
-0.005236734472677667
-0.009710348920559185
-0.01448491290423637
-0.012084836801700615
-0.02470237078267521
-0.017912548715069036
-0.010223380783164185
-0.005192906789174787
-0.017253152755480675
0.0029328925613632726
-0.0030236847632547073
-0.005236734472677667
-0.005876649410830444
-0.009708597184117441
-0.012587839339888378
-0.010223380783164185
-0.01724667388413614
-0.02470237078267521
-0.005236734472677667
-0.008556705198382301
0.006722445766078182
-0.013222157527625403
-0.024705533234065442
-0.017253152755480675
-0.01234579699097271
-0.0037355421173084413
-0.010452473597597878
0.0038866027306779546
-0.005727866826557224
0.001977457371931752
-0.007074108284589406
-0.0111939146077048
-0.01234579699097271
-0.012393729300205903
-0.011034540215261636
-0.020265392760904888
-0.015906914671345876
-0.012377051632052272
-0.0085893587735586
-0.005696003515255257
-0.008489296189091862
-0.009710348920559185
-0.0016764739173484812
-0.00424551701100693
-0.009351777586558653
-0.010588241676986274
-0.005159107379020281
-0.010452473597597878
-0.006798703446997136
-0.0051344014523464826
-0.021608591860896986
0.001591380210068661
-0.01724667388413614
-0.006390707299775207
-0.0007611053309543238
-0.01234579699097271
-0.015154275136024542
-0.029174801158311493
-0.012377051632052272
-0.007074108284589406
-0.012088901368728883
-0.0023792622719672287
-0.01219982587036643
0.00264834439007459
-0.029174801158311493
-0.012088901368728883
-0.01234579699097271
-0.005236734472677667
-0.003060378761315392
0.0029328925613632726
-0.012076885755261392
0.01347593258515751
-0.018275548143953622
-0.004092786573051789
-0.009871836347011597
-0.006390707299775207
-0.01234579699097271
-0.01234579699097271
-0.02560695895107096
-0.02565870782345974
-0.012726921781927407
0.001591380210068661
-0.00424551701100693
-0.003060378761315392
0.019600172355479936
-0.018290109395913606
-0.012084836801700615
-0.007374686429769011
-0.005858283696829397
0.005828904112450827
-0.009708597184117441
-0.01691243532822702
-0.025587058217307536
-0.012587839339888378
-0.01448491290423637
-0.025587058217307536
-0.01691243532822702
-0.009708597184117441
-0.01254611433278512
-0.012084836801700615
-0.010188142583129963
-0.004646900139528029
-0.0059466666587979665
-0.011630682185934242
-0.0037355421173084413
0.0038866027306779546
-0.014991236047511868
-0.010588241676986274
-0.007698759645639202
-0.0016295055215479613
-0.012088901368728883
-0.016627113209577576
0.001977457371931752
-0.010799722361518195
-0.013289155248177338
-0.007074108284589406
-0.0023792622719672287
-0.011951384238075638
-0.024705533234065442
-0.010506442296648804
-0.0059466666587979665
-0.01564673919168574
-0.010043018688951395
-0.010314620452333596
-0.014531661317900624
-0.00424551701100693
-0.022445271062816994
-0.006390707299775207
-0.012726921781927407
-0.005891787055953435
-0.008061391485056394
0.001591380210068661
-0.02081634693233926
-0.01023709078665454
-0.016601084345425014
-0.010314620452333596
-0.010153372006040925
-0.02470237078267521
-0.012726921781927407
-0.011951384238075638
-0.004852371125038078
-0.017253152755480675
-0.013289155248177338
-0.006205218652198072
-0.016627113209577576
-0.014991236047511868
-0.012377051632052272
-0.012882444092267666
-0.013289155248177338
-0.016601084345425014
-0.012377051632052272
-0.013868205104847915
-0.02387315739592673
-0.010522127166323341
-0.003032316240087353
-0.007374686429769011
-0.013289155248177338
-0.01293786192890899
0.001977457371931752
-0.013309475604418764
-0.015154275136024542
-0.0013231755919533921
-0.010799722361518195
-0.002454462941222706
-0.010452473597597878
1.5840226287002003e-06
-0.012088901368728883
-0.0036422819455085294
-0.010522127166323341
-0.0037355421173084413
-0.006298339706268152
-0.0059466666587979665
0.019600172355479936
0.0029328925613632726
-0.010043018688951395
-0.013342098582171863
-0.029174801158311493
-0.01564673919168574
-0.017912548715069036
-0.010300659846032297
-0.013868205104847915
-0.005891787055953435
-0.0059466666587979665
-0.009708597184117441
0.005828904112450827
-0.020265392760904888
-0.010588241676986274
-0.012587839339888378
-0.015154275136024542
-0.02565870782345974
-0.009871836347011597
-0.010314620452333596
-0.006298339706268152
-0.0023921710539225156
-0.007698759645639202
-0.017253152755480675
-0.011034540215261636
-0.010300659846032297
0.001977457371931752
-0.010043018688951395
-0.02565870782345974
-0.0024049606121762275
-0.006953317000379875
-0.0016764739173484812
-0.009572268119143896
-0.00424551701100693
-0.004646900139528029
-0.013342098582171863
-0.005236734472677667
-0.013868205104847915
0.0029328925613632726
-0.02387315739592673
-0.010153372006040925
-0.015881067444849913
-0.007698759645639202
-0.012154502570768035
0.001977457371931752
-0.035698304922419564
-0.005727866826557224
-0.012377051632052272
-0.022217874278693258
-0.021608591860896986
-0.011350717385819394
-0.003032316240087353
-0.02081634693233926
-0.009708597184117441
-0.016601084345425014
-0.010595257624057271
-0.004300188841028252
-0.005192906789174787
-0.003032316240087353
-0.025587058217307536
-0.01782827468587164
-0.0111939146077048
-0.0013231755919533921
-0.0023921710539225156
-0.01448491290423637
-0.008556705198382301
-0.006205218652198072
-0.022143137292204743
-0.012076885755261392
-0.0051344014523464826
-0.010522127166323341
0.0029328925613632726
-0.01234579699097271
-0.015906914671345876
-0.02081634693233926
-0.017641540357226197
-0.010153372006040925
-0.020005095336871132
-0.006205218652198072
-0.013868205104847915
-0.035698304922419564
-0.01691243532822702
-0.014600276932576544
-0.0049555530343858255
-0.012726921781927407
-0.009871836347011597
-0.007881268767238029
-0.002245887883126104
-0.0013231755919533921
-0.011230568197176882
-0.016627113209577576
-0.01254611433278512
-0.018770786695919604
-0.009710348920559185
-0.012377051632052272
-0.008061391485056394
-0.0016295055215479613
-0.02560695895107096
-0.012587839339888378
-0.022445271062816994
-0.030941879510505182
-0.012587839339888378
1.5840226287002003e-06
-0.018275548143953622
-0.005159107379020281
-0.013342098582171863
-0.012882444092267666
-0.013868205104847915
-0.010223380783164185
-0.017912548715069036
-0.020265392760904888
-0.0016295055215479613
-0.016627113209577576
-0.015906914671345876
-0.012393729300205903
-0.018770786695919604
-0.013309475604418764
-0.010153372006040925
-0.005192906789174787
-0.013289155248177338
-0.012076885755261392
-0.02470237078267521
-0.010223380783164185
-0.015881067444849913
-0.005891787055953435
-0.009572268119143896
-0.007074108284589406
-0.0023792622719672287
-0.007632210165391898
-0.01564673919168574
-0.0044399587488184915
1.5840226287002003e-06
-0.008556705198382301
-0.010506442296648804
-0.012154502570768035
-0.007374686429769011
-0.012393729300205903
-0.016979691836819858
-0.029174801158311493
-0.010452473597597878
-0.012084836801700615
-0.005159107379020281
-0.007698759645639202
-0.017641540357226197
-0.022304915382788164
-0.022143137292204743
-0.009026714176162014
-0.010588241676986274
-0.015906914671345876
1.5840226287002003e-06
-0.014991236047511868
-0.01023709078665454
-0.02565870782345974
-0.01293786192890899
-0.018770786695919604
-0.0023792622719672287
-0.0030236847632547073
-0.012076885755261392
-0.0016295055215479613
-0.007074108284589406
-0.009351777586558653
-0.012154502570768035
-0.0044399587488184915
-0.005236734472677667
-0.003060378761315392
-0.010799722361518195
-0.01254611433278512
-0.017641540357226197
-0.00868587646826182
-0.017912548715069036
-0.005236734472677667
-0.005858283696829397
-0.022445271062816994
-0.022143137292204743
-0.035698304922419564
-0.016627113209577576
-0.017641540357226197
-0.014692584971572104
0.001977457371931752
-0.0059466666587979665
-0.011951384238075638
-0.0036422819455085294
-0.012882444092267666
0.00264834439007459
-0.007889013560528242
-0.011230568197176882
-0.010153372006040925
-0.003032316240087353
-0.02387315739592673
-0.02470237078267521
-0.012076885755261392
0.0073517460495944945
-0.011230568197176882
-0.024705533234065442
-0.010223380783164185
-0.002454462941222706
0.00289935741750622
-0.015906914671345876
-0.015154275136024542
-0.01107089225330688
-0.003032316240087353
-0.007656749338578183
-0.01219982587036643
-0.0010436939933719492
-0.011034540215261636
1.5840226287002003e-06
-0.029174801158311493
-0.008095276029612191
-0.009351777586558653
-0.013342098582171863
-0.005159107379020281
-0.012377051632052272
-0.0030236847632547073
-0.012084836801700615
-0.010506442296648804
-0.0007611053309543238
-0.0085893587735586
-0.013309475604418764
-0.010223380783164185
-0.018770786695919604
-0.002454462941222706
-0.01691243532822702
-0.01107089225330688
-0.020527518495898452
-0.0085893587735586
-0.007374686429769011
-0.012088901368728883
-0.014600276932576544
-0.013868205104847915
-0.020527518495898452
-0.012434507445946137
-0.024705533234065442
-0.01107089225330688
-0.00868587646826182
-0.007656749338578183
-0.01724667388413614
-0.008556705198382301
-0.010153372006040925
-0.009351777586558653
-0.009710348920559185
-0.005696003515255257
-0.004646900139528029
-0.0024049606121762275
-0.013309475604418764
-0.017912548715069036
-0.010223380783164185
-0.009351777586558653
-0.007881268767238029
1.5840226287002003e-06
-0.0036422819455085294
-0.007632210165391898
0.0073517460495944945
-0.01219982587036643
-0.01448491290423637
-0.0013231755919533921
-0.012587839339888378
-0.005192906789174787
-0.006205218652198072
-0.0024049606121762275
-0.029174801158311493
-0.008061391485056394
-0.01254611433278512
-0.008556705198382301
-0.01219982587036643
-0.017641540357226197
-0.0013231755919533921
-0.009708597184117441
-0.02565870782345974
-0.021608591860896986
-0.013222157527625403
0.006722445766078182
0.00264834439007459
-0.00569799231593634
-0.00424551701100693
-0.018770786695919604
0.006722445766078182
-0.004300188841028252
-0.0059466666587979665
-0.013309475604418764
-0.0059466666587979665
-0.010314620452333596
-0.007881268767238029
-0.022217874278693258
-0.017912548715069036
-0.013222157527625403
-0.02081634693233926
-0.0051344014523464826
-0.014531661317900624
-0.0085893587735586
-0.02470237078267521
-0.008556705198382301
-0.011034540215261636
-0.01724667388413614
-0.017912548715069036
-0.010452473597597878
-0.012054456407614711
-0.011630682185934242
-0.020005095336871132
-0.012054456407614711
0.0009583166306180094
-0.015154275136024542
1.5840226287002003e-06
1.5840226287002003e-06
-0.022143137292204743
-0.009184901398114722
-0.018275548143953622
-0.007374686429769011
-0.012587839339888378
-0.01293786192890899
-0.0010436939933719492
-0.008061391485056394
-0.018290109395913606
-0.0023792622719672287
-0.012154502570768035
-0.007074108284589406
-0.011230568197176882
-0.013289155248177338
-0.00868587646826182
-0.01564673919168574
-0.011034540215261636
-0.008556705198382301
-0.014692584971572104
-0.01234579699097271
-0.009871836347011597
-0.013868205104847915
0.005828904112450827
-0.00868587646826182
-0.0016295055215479613
-0.008489296189091862
-0.007889013560528242
-0.0016764739173484812
-0.003060378761315392
-0.011630682185934242
-0.015881067444849913
-0.008095276029612191
-0.018770786695919604
-0.016979691836819858
0.00289935741750622
-0.01691243532822702
-0.00569799231593634
-0.007374686429769011
-0.008095276029612191
-0.014600276932576544
-0.010452473597597878
-0.00868587646826182
-0.012393729300205903
-0.013289155248177338
-0.011034540215261636
-0.012587839339888378
-0.018275548143953622
-0.0111939146077048
-0.021608591860896986
-0.012084836801700615
-0.01107089225330688
-0.010223380783164185
-0.00868587646826182
-0.006205218652198072
-0.016979691836819858
-0.014531661317900624
0.0029328925613632726
-0.035698304922419564
-0.012154502570768035
-0.004646900139528029
-0.010452473597597878
-0.013222157527625403
-0.012587839339888378
-0.005159107379020281
-0.010506442296648804
-0.007074108284589406
0.0073517460495944945
-0.0016295055215479613
-0.0007611053309543238
-0.02565870782345974
-0.008315830929674127
-0.0023792622719672287
-0.002245887883126104
0.00289935741750622
-0.01254611433278512
-0.0049555530343858255
-0.014531661317900624
-0.013342098582171863
-0.015881067444849913
-0.035698304922419564
-0.0044399587488184915
-0.013868205104847915
-0.007656749338578183
-0.024705533234065442
-0.017253152755480675
-0.01782827468587164
-0.035698304922419564
-0.014692584971572104
-0.0016295055215479613
-0.02565870782345974
