0.0033410665623783927
-0.0016350580286202921
0.007246046731691027
-0.006356193942732473
-0.0030275815847725864
-0.006791087406079727
-0.002711245986282932
-0.011679136686142805
-0.0021876934431120385
-0.003129915238352461
-0.002711245986282932
-0.00481312601872959
-0.006791087406079727
-0.006356193942732473
-0.001604375408707299
-0.004858177023968835
-0.007145330588178126
-0.002268485960087844
-0.004750107468358727
0.0013435926301895277
-0.006713727432263657
-0.006523898294388739
-0.011679136686142805
-0.004750107468358727
-0.0025294030202717985
-0.002268485960087844
-0.003129915238352461
-0.003129915238352461
0.00951243925633988
-0.0030275815847725864
-0.0030275815847725864
-0.006594772169111711
-0.0025307007537195927
-0.006791087406079727
-0.006791087406079727
0.0035010371342549377
-0.001604375408707299
-0.006791087406079727
-0.006356193942732473
-0.0025307007537195927
-0.0032991930298584948
-0.0032991930298584948
-0.006523898294388739
0.007246046731691027
-0.001652989154846744
0.0035010371342549377
-0.0016350580286202921
-0.005316579381101744
0.007246046731691027
-0.004951769800868883
-0.006356193942732473
-0.001652989154846744
-0.012557190741565919
-0.002268485960087844
-0.0025294030202717985
-0.0021876934431120385
0.0008452140058987081
0.007246046731691027
-0.011679136686142805
-0.00481312601872959
-0.011679136686142805
-0.004490069992799398
-0.006791087406079727
-0.012557190741565919
-0.0021876934431120385
-0.002268485960087844
-0.010159876173502327
-0.005316579381101744
-0.002711245986282932
-0.001652989154846744
-0.006356193942732473
-0.004951769800868883
-0.007145330588178126
-0.0016350580286202921
-0.004750107468358727
-0.002268485960087844
-0.001604375408707299
0.0008452140058987081
-0.002268485960087844
-0.006713727432263657
-0.006356193942732473
0.0012767472080668178
0.00826891220556385
-0.006523898294388739
-0.010159876173502327
0.00951243925633988
-0.006523898294388739
0.00826891220556385
-0.004490069992799398
0.0012767472080668178
0.007246046731691027
0.007246046731691027
-0.011679136686142805
-0.0025307007537195927
-0.003129915238352461
-0.006713727432263657
-0.006594772169111711
-0.006523898294388739
-0.001604375408707299
-0.0032991930298584948
0.0013435926301895277
0.00826891220556385
-0.004490069992799398
-0.012557190741565919
0.0012767472080668178
-0.006713727432263657
-0.006594772169111711
-0.0016350580286202921
-0.004490069992799398
-0.0025294030202717985
0.0013435926301895277
-0.0016350580286202921
-0.006356193942732473
-0.005316579381101744
0.007246046731691027
-0.0030275815847725864
-0.004490069992799398
-0.011679136686142805
-0.0021876934431120385
-0.0030275815847725864
-0.004951769800868883
0.00826891220556385
0.007246046731691027
0.0013435926301895277
0.00951243925633988
0.007246046731691027
-0.001652989154846744
-0.00481312601872959
0.00826891220556385
-0.004010481827768279
-0.0030275815847725864
-0.011679136686142805
-0.0025307007537195927
-0.012557190741565919
-0.002711245986282932
0.0013435926301895277
-0.005316579381101744
0.0008452140058987081
0.0012767472080668178
-0.0025307007537195927
0.007246046731691027
-0.001652989154846744
-0.010159876173502327
-0.010159876173502327
-0.0025307007537195927
-0.0025294030202717985
-0.006791087406079727
0.0008452140058987081
-0.005316579381101744
-0.002268485960087844
-0.004010481827768279
-0.004951769800868883
-0.0016350580286202921
-0.004858177023968835
-0.010159876173502327
-0.012557190741565919
-0.004490069992799398
-0.0021876934431120385
-0.001652989154846744
-0.004750107468358727
-0.00481312601872959
-0.0021876934431120385
-0.012557190741565919
-0.012557190741565919
-0.004858177023968835
0.007246046731691027
-0.004951769800868883
-0.0025307007537195927
-0.006523898294388739
-0.0016350580286202921
-0.007145330588178126
0.0035010371342549377
0.00826891220556385
-0.0030275815847725864
-0.004490069992799398
-0.006594772169111711
0.0012767472080668178
-0.006594772169111711
-0.002268485960087844
-0.002711245986282932
-0.005316579381101744
-0.0016350580286202921
0.00826891220556385
-0.0016350580286202921
-0.006356193942732473
-0.007145330588178126
0.0012767472080668178
-0.010159876173502327
0.0012767472080668178
0.0008452140058987081
-0.006523898294388739
-0.004010481827768279
-0.004951769800868883
0.00951243925633988
-0.003617808828454156
-0.0025307007537195927
-0.002711245986282932
-0.006523898294388739
-0.0016350580286202921
-0.006713727432263657
-0.00481312601872959
-0.004490069992799398
-0.004750107468358727
-0.006523898294388739
0.0012767472080668178
-0.005316579381101744
-0.002268485960087844
-0.0030275815847725864
-0.004858177023968835
-0.006523898294388739
-0.006523898294388739
-0.0025307007537195927
0.0033410665623783927
0.00951243925633988
-0.003129915238352461
-0.003617808828454156
-0.006594772169111711
0.0033410665623783927
-0.006356193942732473
-0.002268485960087844
-0.0025294030202717985
-0.006594772169111711
-0.006713727432263657
-0.005316579381101744
-0.004010481827768279
0.0008452140058987081
-0.004951769800868883
-0.002268485960087844
0.0013435926301895277
-0.011679136686142805
-0.010159876173502327
-0.0025307007537195927
-0.002711245986282932
-0.001604375408707299
-0.006523898294388739
0.0008452140058987081
0.00951243925633988
-0.0030275815847725864
-0.011679136686142805
-0.0025294030202717985
0.00826891220556385
-0.001604375408707299
-0.002268485960087844
-0.001652989154846744
0.0012767472080668178
-0.004858177023968835
-0.004951769800868883
0.0012767472080668178
-0.004490069992799398
-0.006791087406079727
-0.007145330588178126
-0.005316579381101744
-0.006523898294388739
-0.002268485960087844
-0.001652989154846744
-0.001604375408707299
-0.006356193942732473
-0.0030275815847725864
-0.002711245986282932
-0.004490069992799398
-0.003617808828454156
-0.010159876173502327
-0.010159876173502327
-0.006791087406079727
-0.004951769800868883
-0.003617808828454156
-0.006523898294388739
-0.0030275815847725864
-0.002268485960087844
-0.002711245986282932
0.0035010371342549377
0.007246046731691027
-0.006713727432263657
0.0035010371342549377
-0.006713727432263657
-0.0032991930298584948
-0.006713727432263657
-0.001604375408707299
-0.0025294030202717985
-0.006594772169111711
-0.005316579381101744
-0.007145330588178126
0.0013435926301895277
-0.004858177023968835
0.0033410665623783927
-0.0025294030202717985
0.0035010371342549377
-0.006713727432263657
-0.002268485960087844
-0.0032991930298584948
-0.004951769800868883
-0.00481312601872959
0.0035010371342549377
-0.004490069992799398
-0.012557190741565919
-0.005316579381101744
-0.011679136686142805
-0.001652989154846744
-0.001652989154846744
-0.0025294030202717985
-0.003617808828454156
0.0008452140058987081
-0.0032991930298584948
0.007246046731691027
-0.004490069992799398
-0.012557190741565919
-0.001652989154846744
-0.012557190741565919
0.0013435926301895277
-0.00481312601872959
-0.003129915238352461
-0.004750107468358727
-0.004490069992799398
0.0012767472080668178
-0.005316579381101744
-0.002711245986282932
-0.00481312601872959
-0.006594772169111711
-0.006523898294388739
-0.004010481827768279
-0.010159876173502327
-0.006713727432263657
-0.0025294030202717985
-0.006523898294388739
0.0033410665623783927
-0.002711245986282932
-0.0030275815847725864
-0.006594772169111711
0.007246046731691027
0.00951243925633988
-0.0016350580286202921
-0.012557190741565919
0.0035010371342549377
0.00951243925633988
-0.0025294030202717985
-0.0025294030202717985
-0.001604375408707299
-0.003129915238352461
-0.006791087406079727
0.0012767472080668178
0.007246046731691027
-0.0025294030202717985
-0.0021876934431120385
-0.002711245986282932
-0.0016350580286202921
-0.007145330588178126
-0.0032991930298584948
-0.007145330588178126
-0.004490069992799398
-0.004750107468358727
-0.005316579381101744
-0.006523898294388739
-0.0030275815847725864
-0.002711245986282932
-0.011679136686142805
-0.006713727432263657
0.00951243925633988
-0.002711245986282932
-0.006594772169111711
-0.010159876173502327
-0.006791087406079727
-0.002268485960087844
-0.0032991930298584948
-0.002268485960087844
-0.006713727432263657
0.00826891220556385
-0.0021876934431120385
0.00951243925633988
0.00826891220556385
-0.0032991930298584948
-0.012557190741565919
-0.0025294030202717985
-0.001604375408707299
0.0013435926301895277
-0.00481312601872959
0.00951243925633988
0.0033410665623783927
-0.002268485960087844
0.0008452140058987081
-0.003617808828454156
-0.00481312601872959
-0.004951769800868883
-0.003129915238352461
-0.00481312601872959
-0.006713727432263657
-0.006356193942732473
0.0035010371342549377
-0.006713727432263657
0.0013435926301895277
-0.012557190741565919
-0.006523898294388739
-0.004858177023968835
-0.004858177023968835
-0.0030275815847725864
-0.012557190741565919
-0.001652989154846744
-0.0021876934431120385
-0.011679136686142805
-0.001652989154846744
-0.005316579381101744
-0.00481312601872959
-0.0030275815847725864
-0.006356193942732473
-0.006713727432263657
0.007246046731691027
-0.006523898294388739
0.0013435926301895277
-0.006791087406079727
0.0008452140058987081
-0.0016350580286202921
-0.002268485960087844
-0.0016350580286202921
-0.007145330588178126
0.00826891220556385
0.0033410665623783927
-0.001604375408707299
0.00951243925633988
0.0013435926301895277
-0.002268485960087844
-0.004858177023968835
-0.007145330588178126
-0.012557190741565919
-0.004010481827768279
-0.004010481827768279
-0.006594772169111711
0.0035010371342549377
0.0008452140058987081
-0.0021876934431120385
0.007246046731691027
-0.006356193942732473
-0.006791087406079727
0.0012767472080668178
0.0035010371342549377
-0.006713727432263657
0.0033410665623783927
-0.006791087406079727
0.0012767472080668178
-0.006594772169111711
0.0013435926301895277
-0.007145330588178126
-0.0025294030202717985
0.0012767472080668178
-0.004858177023968835
0.0012767472080668178
0.0033410665623783927
-0.002711245986282932
-0.010159876173502327
-0.007145330588178126
-0.003129915238352461
-0.002711245986282932
-0.003617808828454156
-0.003129915238352461
-0.006356193942732473
0.00951243925633988
-0.005316579381101744
-0.004951769800868883
-0.0030275815847725864
-0.00481312601872959
-0.003129915238352461
-0.0016350580286202921
0.0013435926301895277
-0.003617808828454156
-0.004010481827768279
-0.012557190741565919
-0.004858177023968835
-0.006356193942732473
-0.0021876934431120385
-0.0030275815847725864
-0.010159876173502327
0.0033410665623783927
-0.003129915238352461
-0.004490069992799398
-0.001652989154846744
0.007246046731691027
0.0033410665623783927
-0.001604375408707299
-0.00481312601872959
-0.005316579381101744
-0.0032991930298584948
-0.006356193942732473
-0.002711245986282932
-0.00481312601872959
-0.006791087406079727
-0.0025294030202717985
-0.002711245986282932
0.0033410665623783927
0.0008452140058987081
0.0035010371342549377
0.007246046731691027
-0.004010481827768279
-0.003129915238352461
-0.004490069992799398
-0.0025294030202717985
0.0013435926301895277
-0.001652989154846744
-0.010159876173502327
-0.0030275815847725864
-0.011679136686142805
0.0033410665623783927
-0.006713727432263657
0.007246046731691027
-0.004951769800868883
-0.002268485960087844
-0.0025307007537195927
-0.006594772169111711
-0.001652989154846744
-0.004858177023968835
-0.004858177023968835
-0.0021876934431120385
-0.006523898294388739
-0.006713727432263657
-0.0025307007537195927
-0.002711245986282932
0.00951243925633988
0.0035010371342549377
-0.005316579381101744
0.0008452140058987081
0.0035010371342549377
0.0035010371342549377
-0.004858177023968835
-0.0016350580286202921
-0.007145330588178126
-0.006523898294388739
-0.004490069992799398
-0.002711245986282932
-0.006523898294388739
0.00826891220556385
0.00826891220556385
0.0033410665623783927
-0.0032991930298584948
-0.003129915238352461
-0.006791087406079727
-0.0030275815847725864
0.0012767472080668178
-0.005316579381101744
0.00826891220556385
-0.004490069992799398
0.0035010371342549377
-0.010159876173502327
-0.004750107468358727
-0.005316579381101744
-0.0030275815847725864
-0.010159876173502327
-0.007145330588178126
-0.012557190741565919
-0.003617808828454156
-0.004010481827768279
-0.006713727432263657
-0.011679136686142805
-0.003617808828454156
-0.002711245986282932
0.007246046731691027
-0.004858177023968835
-0.004490069992799398
0.0013435926301895277
0.0013435926301895277
-0.001652989154846744
-0.003129915238352461
-0.004951769800868883
-0.011679136686142805
-0.001652989154846744
-0.006791087406079727
-0.002268485960087844
-0.001652989154846744
-0.0016350580286202921
-0.0016350580286202921
-0.004010481827768279
-0.004951769800868883
-0.001604375408707299
0.007246046731691027
-0.004951769800868883
-0.001604375408707299
-0.001652989154846744
-0.010159876173502327
0.007246046731691027
-0.004951769800868883
-0.0025307007537195927
0.007246046731691027
-0.006356193942732473
-0.002268485960087844
-0.0030275815847725864
0.0033410665623783927
0.0033410665623783927
-0.006356193942732473
-0.0030275815847725864
-0.004010481827768279
-0.002711245986282932
-0.0025307007537195927
-0.006523898294388739
0.0013435926301895277
-0.005316579381101744
0.0008452140058987081
-0.002711245986282932
0.00951243925633988
0.0008452140058987081
-0.004490069992799398
-0.006713727432263657
-0.0025307007537195927
-0.006594772169111711
-0.0032991930298584948
-0.005316579381101744
-0.004010481827768279
-0.0025307007537195927
-0.006594772169111711
-0.004951769800868883
0.0035010371342549377
-0.004490069992799398
-0.004951769800868883
0.00826891220556385
0.00951243925633988
-0.010159876173502327
0.00951243925633988
0.00826891220556385
-0.0032991930298584948
-0.011679136686142805
0.0013435926301895277
0.0012767472080668178
-0.0016350580286202921
-0.005316579381101744
-0.003129915238352461
-0.012557190741565919
-0.011679136686142805
-0.0016350580286202921
0.007246046731691027
0.0033410665623783927
-0.010159876173502327
-0.011679136686142805
-0.004010481827768279
-0.003617808828454156
-0.004858177023968835
-0.0021876934431120385
-0.003129915238352461
-0.004010481827768279
-0.002268485960087844
-0.00481312601872959
-0.006594772169111711
-0.011679136686142805
-0.0032991930298584948
-0.006594772169111711
0.0035010371342549377
-0.002268485960087844
0.00951243925633988
0.0013435926301895277
-0.00481312601872959
-0.006713727432263657
-0.004750107468358727
-0.006791087406079727
-0.0025307007537195927
-0.003617808828454156
-0.001604375408707299
-0.011679136686142805
-0.00481312601872959
-0.001604375408707299
-0.004750107468358727
-0.006356193942732473
-0.004010481827768279
-0.006594772169111711
0.0035010371342549377
-0.002711245986282932
-0.006791087406079727
0.00951243925633988
-0.005316579381101744
-0.007145330588178126
-0.004858177023968835
-0.005316579381101744
0.0035010371342549377
-0.002268485960087844
0.0013435926301895277
-0.006791087406079727
0.0033410665623783927
-0.006594772169111711
0.0033410665623783927
0.0013435926301895277
0.0008452140058987081
-0.0030275815847725864
-0.010159876173502327
-0.001652989154846744
-0.0025294030202717985
-0.006594772169111711
0.00951243925633988
-0.002268485960087844
0.00951243925633988
-0.006594772169111711
-0.0025294030202717985
-0.0030275815847725864
-0.0025307007537195927
-0.001604375408707299
-0.006523898294388739
0.00826891220556385
-0.010159876173502327
-0.001652989154846744
-0.011679136686142805
-0.007145330588178126
-0.004490069992799398
-0.001604375408707299
-0.002268485960087844
-0.010159876173502327
0.0012767472080668178
-0.001652989154846744
0.0012767472080668178
-0.006356193942732473
0.0013435926301895277
-0.003129915238352461
-0.003617808828454156
-0.002268485960087844
-0.004490069992799398
-0.004951769800868883
-0.006791087406079727
-0.005316579381101744
-0.0021876934431120385
-0.002711245986282932
0.00951243925633988
-0.0016350580286202921
0.0033410665623783927
-0.002711245986282932
-0.0032991930298584948
-0.004490069992799398
-0.004750107468358727
-0.0016350580286202921
-0.0025307007537195927
0.0035010371342549377
-0.003617808828454156
-0.0025307007537195927
-0.003129915238352461
-0.001652989154846744
0.0013435926301895277
0.0035010371342549377
0.00951243925633988
-0.001652989154846744
-0.002268485960087844
-0.0025307007537195927
-0.004750107468358727
0.0012767472080668178
-0.0016350580286202921
0.00951243925633988
-0.002711245986282932
-0.006523898294388739
-0.00481312601872959
-0.012557190741565919
-0.0025307007537195927
-0.006523898294388739
-0.001652989154846744
-0.005316579381101744
0.0013435926301895277
-0.011679136686142805
0.0012767472080668178
0.00951243925633988
-0.006523898294388739
0.00826891220556385
-0.005316579381101744
-0.005316579381101744
-0.004951769800868883
-0.002268485960087844
-0.004750107468358727
-0.0025294030202717985
-0.0025294030202717985
0.0008452140058987081
0.0033410665623783927
-0.012557190741565919
0.0012767472080668178
-0.010159876173502327
-0.0021876934431120385
0.0013435926301895277
-0.003129915238352461
-0.0025294030202717985
-0.0016350580286202921
-0.004858177023968835
-0.0025307007537195927
0.0008452140058987081
-0.004490069992799398
0.0013435926301895277
0.0012767472080668178
0.00826891220556385
-0.0030275815847725864
-0.010159876173502327
-0.004490069992799398
0.0035010371342549377
-0.0032991930298584948
-0.005316579381101744
-0.006523898294388739
0.00826891220556385
-0.004951769800868883
-0.004750107468358727
0.0033410665623783927
-0.0016350580286202921
-0.006356193942732473
-0.006594772169111711
-0.006713727432263657
0.0035010371342549377
-0.003617808828454156
0.007246046731691027
-0.007145330588178126
-0.006523898294388739
-0.0021876934431120385
-0.004010481827768279
-0.010159876173502327
-0.004750107468358727
0.0033410665623783927
-0.005316579381101744
-0.003129915238352461
-0.011679136686142805
0.007246046731691027
-0.012557190741565919
-0.011679136686142805
-0.0032991930298584948
-0.001652989154846744
-0.007145330588178126
0.0035010371342549377
-0.012557190741565919
-0.004750107468358727
0.007246046731691027
-0.004010481827768279
-0.0025307007537195927
0.007246046731691027
-0.0016350580286202921
-0.006791087406079727
-0.002268485960087844
-0.003617808828454156
-0.002268485960087844
0.00826891220556385
0.00826891220556385
-0.006594772169111711
-0.012557190741565919
-0.0025294030202717985
-0.001604375408707299
-0.012557190741565919
0.00951243925633988
-0.002268485960087844
-0.004490069992799398
-0.003617808828454156
-0.006713727432263657
-0.001652989154846744
-0.006713727432263657
-0.0030275815847725864
-0.006356193942732473
-0.006594772169111711
-0.0016350580286202921
-0.006791087406079727
-0.003617808828454156
-0.002711245986282932
-0.0025307007537195927
-0.002711245986282932
-0.0032991930298584948
0.0013435926301895277
-0.0016350580286202921
-0.001652989154846744
-0.006356193942732473
-0.007145330588178126
-0.004951769800868883
-0.004490069992799398
-0.0032991930298584948
0.0033410665623783927
-0.001652989154846744
-0.004858177023968835
-0.004750107468358727
-0.006791087406079727
-0.001604375408707299
-0.006594772169111711
-0.006523898294388739
-0.006713727432263657
-0.0032991930298584948
0.0033410665623783927
-0.011679136686142805
-0.0016350580286202921
-0.0025294030202717985
-0.002268485960087844
-0.0025294030202717985
-0.007145330588178126
-0.004951769800868883
-0.006791087406079727
-0.0025294030202717985
-0.006713727432263657
-0.0021876934431120385
-0.004858177023968835
-0.004490069992799398
-0.0025307007537195927
-0.003617808828454156
0.00951243925633988
-0.004951769800868883
0.0008452140058987081
-0.0032991930298584948
-0.012557190741565919
-0.00481312601872959
0.0012767472080668178
-0.004951769800868883
-0.004951769800868883
-0.004490069992799398
-0.001604375408707299
-0.004951769800868883
-0.005316579381101744
-0.006523898294388739
-0.004951769800868883
0.0012767472080668178
-0.003617808828454156
-0.0032991930298584948
-0.001604375408707299
-0.0025294030202717985
-0.006713727432263657
0.0013435926301895277
-0.007145330588178126
0.0013435926301895277
0.0008452140058987081
-0.010159876173502327
-0.012557190741565919
-0.002711245986282932
-0.0025294030202717985
-0.006713727432263657
-0.004490069992799398
-0.001604375408707299
-0.006523898294388739
-0.005316579381101744
0.0012767472080668178
-0.002711245986282932
0.0013435926301895277
-0.003617808828454156
-0.0016350580286202921
-0.002711245986282932
0.0013435926301895277
0.00826891220556385
0.0012767472080668178
-0.0021876934431120385
0.007246046731691027
-0.001652989154846744
-0.004858177023968835
-0.002711245986282932
-0.007145330588178126
-0.001604375408707299
-0.0030275815847725864
-0.002268485960087844
-0.0032991930298584948
0.0008452140058987081
-0.00481312601872959
-0.012557190741565919
-0.006356193942732473
-0.00481312601872959
-0.006523898294388739
-0.00481312601872959
-0.005316579381101744
-0.004490069992799398
-0.0025294030202717985
-0.002711245986282932
-0.003617808828454156
-0.004858177023968835
-0.006356193942732473
-0.006523898294388739
-0.0032991930298584948
-0.006356193942732473
-0.003129915238352461
0.0012767472080668178
-0.004858177023968835
-0.011679136686142805
-0.002268485960087844
-0.0030275815847725864
-0.006523898294388739
-0.0025307007537195927
-0.004010481827768279
-0.004750107468358727
-0.004750107468358727
-0.004750107468358727
-0.002268485960087844
-0.003129915238352461
-0.004951769800868883
-0.001604375408707299
-0.001652989154846744
-0.001652989154846744
-0.006523898294388739
-0.002268485960087844
-0.0016350580286202921
-0.001604375408707299
-0.001652989154846744
-0.004010481827768279
-0.004858177023968835
-0.0021876934431120385
-0.006713727432263657
-0.006791087406079727
-0.0025294030202717985
0.0008452140058987081
-0.0025294030202717985
0.0035010371342549377
-0.002268485960087844
-0.006523898294388739
-0.001652989154846744
-0.0016350580286202921
0.0008452140058987081
-0.002268485960087844
-0.006523898294388739
0.0013435926301895277
0.0012767472080668178
-0.002268485960087844
-0.004490069992799398
-0.00481312601872959
0.0035010371342549377
0.0033410665623783927
0.0008452140058987081
-0.0016350580286202921
-0.0025294030202717985
-0.006713727432263657
-0.002268485960087844
-0.0025307007537195927
-0.0025307007537195927
