-0.006245480325529172
-0.005982297919989696
-0.008626001736381433
0.006009506098411165
-0.009914942531750551
-0.012408906852532809
-0.016890487364266127
0.0035323596924681385
0.013422558342785232
0.0035323596924681385
-0.006824289376380517
-0.005982297919989696
0.006009506098411165
-0.010637731089781575
-0.003590868188224683
-0.003804921968291313
0.009754296808298358
-0.004049877707699823
-0.00578173246835167
-0.009994141940754727
0.009754296808298358
-0.013344634394795834
-0.010465999441030552
0.005387692075415479
-0.006732114419556744
-0.0010210810580883834
-0.007785445570763691
-0.0037798037847328715
-0.01396406765330945
-0.0025575465876755453
-0.026296519652970408
-0.021853955588754553
0.005387692075415479
-0.0067759222984539605
-0.006245480325529172
-0.005485418248144446
-0.0036792629623846225
-0.0042790626791335004
0.005496876449575172
-0.012867014426392775
-0.022170293060199867
0.0035323596924681385
-0.005485418248144446
-0.010932831902286963
-0.009468582204658878
-0.00959453566157404
-0.005961436056434758
-0.006488853731928198
-0.0067759222984539605
-0.012723513403632012
0.001427912433128666
-0.01214786781836904
-0.006543112427062188
-0.012163512013041914
-0.014958785660756833
0.0022757971233191452
-0.020492040963774064
-0.006451755519005674
0.0013953469314585526
-7.848257806157075e-05
-0.005961436056434758
-0.013487917947196802
-0.005650122030920106
-0.009386681345922175
-0.025067198424591867
-0.010256497411291345
-0.009734855416909821
-0.00649182671340721
-0.0030560849430549776
-0.0010210810580883834
-0.014958785660756833
-0.014685274230895424
-0.005178943782231763
-0.008143930801500601
-0.01775759625895883
-0.004850813428835198
-0.003990456948592103
-0.005938796697959585
-0.006824289376380517
0.0006171341154014654
-0.012925237429943854
-0.0006052335128325947
-0.009178632793290871
-0.004850813428835198
-0.025067198424591867
-0.004014511694894473
-6.0027797281555066e-05
-0.019361353381636037
-0.002504114824624831
-0.001495584741387664
-0.005961436056434758
-0.006481908201685723
-0.01584486831299752
0.0005204543321495833
-0.007750952639986555
-0.01917152460959101
-0.002495227467242531
0.005496876449575172
-0.0049443221913504235
0.004473568305373993
-0.008572815204055843
0.005496876449575172
-0.002495227467242531
-0.00959453566157404
-0.006016025408175639
-0.006543112427062188
-0.004085191365651647
0.0029602393503553193
-0.00649182671340721
-0.007081391104312214
-0.021853955588754553
-0.0025575465876755453
-0.009114551621845898
0.0019409258707264606
-0.0010130729463424316
-0.006481908201685723
-0.014220894759434916
-0.006167571659531206
-0.012502919299596321
-0.005485418248144446
-0.024629153475405532
-0.0008938189238115647
-0.009780611484285091
-0.0017315402581946488
-0.011856467011859627
-0.003518351018969326
-0.01364080411407234
-0.010449081394285305
0.00528970901808118
-0.010309010728455107
-0.0024872262928410426
-0.0033622227963740867
-0.007792650514053716
0.006009506098411165
-0.009753023963068774
0.001452609642403545
-0.01564484547931781
-0.007792650514053716
-0.013593167276759955
-0.01040716196799508
-0.006704558330559278
-0.00239926243387222
-0.002118226800816249
-0.008955139791532746
0.0029205712170952084
-0.0027045016876524886
-0.006884013382383668
-0.009994141940754727
0.00707665954711241
0.006009506098411165
-0.004041262554185056
-0.009994141940754727
0.0022757971233191452
-0.008457273102851997
-0.010465999441030552
-0.006454357120102127
-0.006085413614784877
-0.004290133161213415
-0.003990456948592103
-0.006028304873950451
-0.004049877707699823
-0.008360325203139802
-0.0042790626791335004
-0.00810035716699636
0.0035323596924681385
-0.007923156075823197
-0.010256497411291345
-0.009178632793290871
0.005496876449575172
0.0008894763785742567
-0.0025984941349793955
-0.0024682418468386993
-0.00021618287758157762
-0.0008938189238115647
-0.013344634394795834
-0.00786770221648185
-0.0017412196455961909
0.0009270089433702955
-0.017485977242996116
-0.013593167276759955
0.0018354154304628357
-0.013593167276759955
-0.0027045016876524886
-0.013982010424789568
-0.005423736796420614
-0.009161388083201102
0.0006171341154014654
-0.009740642919187041
-0.0008938189238115647
-0.004791361540328457
-0.010124221040991819
-0.003804921968291313
-0.004192075658900294
-0.0035196294244117495
-0.006016025408175639
-0.01066185666557437
-0.01003346587009295
-0.004049877707699823
-0.014851632251600098
-0.01214786781836904
-0.020492040963774064
-0.008819995726228791
-0.00993025219070095
-0.0013854363969170273
-0.008360325203139802
-0.007944674626987083
0.00528970901808118
-0.010932831902286963
-0.01040716196799508
0.005387692075415479
-0.0017315402581946488
0.014228037657055883
-0.006167571659531206
-0.009654219631337353
-0.002857752800951088
-0.0010210810580883834
-0.002118226800816249
-0.0017315402581946488
-0.003518351018969326
-0.013344634394795834
-0.008971531140708483
-0.0015533491359082602
-0.0069879388433078055
0.0038795456664281196
-0.008955139791532746
-0.009780611484285091
-0.004192075658900294
-0.0024682418468386993
-0.002354401871594054
-0.015881860184160757
-0.013046142787159286
-0.008360325203139802
-0.014788375868351659
-0.007740763215971912
0.0005680447949994209
-0.0002238054924023725
-0.008868226894191866
-0.004290133161213415
0.0029205712170952084
-0.014917774657884105
-0.007785445570763691
0.008013875371865379
-0.007740763215971912
-0.0049443221913504235
-0.012723513403632012
-0.00858857435785588
-0.012723513403632012
-0.00462948577854882
-0.011856467011859627
-0.01040716196799508
-0.01214786781836904
0.001956813849063336
-0.00959453566157404
-0.013739885691684906
0.00021864387206203855
0.007131303201982921
-0.027088306305562995
-0.007923156075823197
-0.002118226800816249
-0.012925237429943854
-0.006543112427062188
-0.005485418248144446
-0.015881860184160757
-7.848257806157075e-05
-0.0031500878056549423
-0.014788375868351659
-0.005049128099869406
-0.010637731089781575
-0.003518351018969326
-0.006167571659531206
-0.006631453117368205
-0.009994141940754727
-0.0020286319693119783
-0.00850044711272061
-0.0008938189238115647
-0.004791361540328457
-0.006167571659531206
-0.012408906852532809
-0.00649182671340721
-0.0025984941349793955
-0.002643231253805462
0.004839851678063463
-0.021790439127824985
0.004688053371800597
-0.0024682418468386993
-0.009130294755574826
-0.003957083860685207
-0.00850044711272061
-0.005178943782231763
0.0005680447949994209
-0.015881860184160757
-0.02172990996107168
-0.014788375868351659
-0.013794447895418687
-0.010256497411291345
-0.008143930801500601
-0.008343909492230935
-0.0013609826222624392
0.003868493572554855
-0.012502919299596321
0.011019958231331475
-0.004097750355324951
-0.01214786781836904
-0.0010130729463424316
0.008013875371865379
-0.0022190617478533227
-0.024629153475405532
-0.01775759625895883
0.009754296808298358
-0.003990456948592103
-0.007750952639986555
-0.013794447895418687
-0.006824289376380517
-0.008955139791532746
-0.012390484934305864
-0.002504114824624831
0.0029334302636962587
-0.0033876515000395495
-0.006884013382383668
-0.005049128099869406
0.0005680447949994209
-0.01750921230739051
-0.007740763215971912
-0.01750921230739051
-0.022170293060199867
-0.013593167276759955
-0.00810035716699636
-0.013982010424789568
-0.015881860184160757
-0.0033295634943825776
-0.002857752800951088
-0.013344634394795834
0.0003576028145533863
-0.024629153475405532
-0.012867014426392775
-0.021790439127824985
-0.004041262554185056
-0.0067759222984539605
-0.0033110385490042566
-0.0022190617478533227
-0.005049128099869406
-0.002857752800951088
-0.0002598574050647717
-0.008594397547133979
0.0035323596924681385
-0.010309010728455107
0.003868493572554855
0.00019975001148269598
0.0029205712170952084
-0.009114551621845898
-0.005423736796420614
-0.012878491537483426
-0.006085413614784877
-0.008868226894191866
-0.009994141940754727
-0.017788356654902655
-0.006631453117368205
-0.014685274230895424
-0.0005623470250802783
0.0029646747245423385
-0.01216530791298201
0.0034257580086108947
-0.0009131924363863859
-0.007740763215971912
-0.00969284505027533
-0.014788375868351659
-0.002643231253805462
0.0009336281195693234
-0.01003346587009295
-0.012925237429943854
-0.006732114419556744
-0.007740763215971912
-0.02172990996107168
-0.019361353381636037
-0.0033295634943825776
-0.0009131924363863859
-0.010449081394285305
-0.005961436056434758
-0.022170293060199867
-0.0010210810580883834
0.0029205712170952084
-0.0013854363969170273
-0.0025575465876755453
-0.019361353381636037
0.0005680447949994209
-0.012487227797064107
-0.009386681345922175
-0.016890487364266127
-0.009130294755574826
-0.003590868188224683
-0.002495227467242531
-0.0033876515000395495
-0.007792650514053716
0.00019975001148269598
-0.003590868188224683
-0.0017412196455961909
-0.001495584741387664
-0.006451755519005674
-0.0033622227963740867
-0.009161388083201102
0.001620403928928123
0.00707665954711241
-0.01040716196799508
-0.007792650514053716
-0.0002238054924023725
-0.008594397547133979
-0.0033295634943825776
-0.0023848587979103807
-0.003590868188224683
0.004839851678063463
-0.01396406765330945
-0.00961175224533542
-0.0024682418468386993
-0.0025575465876755453
-0.02440882854905626
-0.00810035716699636
-0.009178632793290871
-0.009780611484285091
-0.002035570728738658
-0.008955139791532746
-0.013008343897686337
-0.008819995726228791
-0.007785445570763691
-0.010256497411291345
-0.0019988653784095583
-0.002354401871594054
-0.01396406765330945
0.0013953469314585526
-0.009914942531750551
-0.014851632251600098
0.001452609642403545
-0.003821181934148351
0.0009336281195693234
-0.021853955588754553
-0.011856467011859627
-6.0027797281555066e-05
-0.008594397547133979
-0.012723513403632012
-0.01066185666557437
-0.010637731089781575
-0.010716891030299804
-0.0030560849430549776
0.0009336281195693234
0.00021864387206203855
0.0038795456664281196
-0.012867014426392775
-0.0014019992525022334
0.0029602393503553193
0.0029602393503553193
0.001427912433128666
-0.008955139791532746
-0.012867014426392775
0.0029205712170952084
-0.006085413614784877
-0.00462948577854882
-0.010716891030299804
-0.012163512013041914
-0.00462948577854882
0.0038795456664281196
-0.0020286319693119783
-0.017485977242996116
-0.0037267071644673175
-0.0013609826222624392
-0.0026837191830274905
-0.006547403229532934
0.007131303201982921
-0.003305800374917386
-0.002643231253805462
0.0022757971233191452
0.014228037657055883
-0.010256497411291345
-0.008819995726228791
-0.004791361540328457
-0.013593167276759955
0.009126165658640564
-0.009914942531750551
-0.008143930801500601
0.0034257580086108947
-0.010465999441030552
-0.0013854363969170273
-0.00021618287758157762
-0.0033876515000395495
-0.01003346587009295
-0.0014019992525022334
0.004688053371800597
-0.007785445570763691
-0.012163512013041914
-0.00810035716699636
0.005069931948206378
-0.013982010424789568
-0.009114551621845898
-0.004850813428835198
0.0009336281195693234
-0.012878491537483426
-0.00610928843995526
-0.0002238054924023725
-0.004850813428835198
-0.01584486831299752
-0.00799616576518058
-0.008572815204055843
-0.01214786781836904
-0.01750921230739051
0.0005680447949994209
-0.013643154748066889
-0.007081391104312214
-0.010256497411291345
-0.010932831902286963
-0.006603285839026609
-0.008626001736381433
-0.009114551621845898
-0.002354401871594054
0.013422558342785232
0.00019975001148269598
-0.014767599325508609
-0.012203640785539704
-0.012878491537483426
-0.01066185666557437
-0.00462948577854882
-0.004850813428835198
-0.007397143755990606
-0.007134536649016676
-0.0049443221913504235
-0.008626001736381433
-0.010502214576348026
-0.02440882854905626
-0.003957083860685207
0.0018354154304628357
0.014228037657055883
-0.008955139791532746
-0.004492197665707418
-0.009994141940754727
-0.014917774657884105
-0.009114551621845898
0.001452609642403545
0.00019975001148269598
-0.010465999441030552
-0.0043730663302916535
-0.012867014426392775
-0.0043730663302916535
0.0009315913725685306
0.0021615833499398526
-0.00021618287758157762
-0.008955139791532746
-0.002643231253805462
-0.004791361540328457
-0.011968277136923371
0.005496876449575172
-0.0015533491359082602
-0.00649182671340721
0.008013875371865379
-0.01364080411407234
-0.016548659973871425
-0.016548659973871425
-0.002504114824624831
-0.012502919299596321
-0.013593167276759955
-0.002495227467242531
-0.005938796697959585
-6.0027797281555066e-05
-0.0025575465876755453
-0.011995638197831603
-0.009114551621845898
-0.025067198424591867
-0.004049877707699823
-0.01584486831299752
-0.01750921230739051
-0.007065725718576688
-0.0017315402581946488
-0.00969284505027533
-0.011646084068776728
-0.0015533491359082602
0.0034257580086108947
-0.009994141940754727
-0.012867014426392775
-0.001495584741387664
-0.009734855416909821
-0.0036792629623846225
-0.016174064197667346
0.0005204543321495833
0.005496876449575172
-0.015881860184160757
-0.013643154748066889
-0.01364080411407234
-6.0027797281555066e-05
-0.004791361540328457
0.0008894763785742567
-0.006481908201685723
-0.024629153475405532
-0.005961436056434758
-0.0015533491359082602
-0.009386681345922175
-0.008674639796401202
0.003868493572554855
-0.01396406765330945
-0.012867014426392775
-0.008626001736381433
-0.009462801604896596
-0.02172990996107168
0.0003576028145533863
0.004839851678063463
0.0009315913725685306
-0.0149031596430322
-0.003804921968291313
-0.0149031596430322
-0.006732114419556744
-0.014675048044467665
0.00019975001148269598
-0.0017412196455961909
-0.010124221040991819
0.00021864387206203855
-0.002354401871594054
-0.0017315402581946488
0.005496876449575172
0.014228037657055883
0.001620403928928123
0.004473568305373993
0.00528970901808118
-0.006028304873950451
-0.00917746972326553
-0.002035570728738658
-0.011523007644497884
0.001620403928928123
0.008683959045841376
-0.004097750355324951
-0.006451755519005674
-0.01216530791298201
-0.011812386767526328
-0.014958785660756833
-0.0025984941349793955
-0.014571553260596674
0.009126165658640564
-0.012163512013041914
-0.00810035716699636
-0.0010210810580883834
-0.021790439127824985
-0.014788375868351659
-7.848257806157075e-05
-0.027088306305562995
-0.007944674626987083
0.0029602393503553193
0.00707665954711241
-0.005711524084080967
-0.0013854363969170273
-0.0017412196455961909
-0.00649182671340721
-0.01775759625895883
-0.011856467011859627
-0.007065725718576688
-0.007792650514053716
-0.002643231253805462
-0.008626001736381433
-0.013178275743775579
-0.007740763215971912
-0.019346641265829936
-0.010660540595102252
-0.009846877936556291
-0.009734855416909821
-0.003518351018969326
-0.012408906852532809
-0.0043730663302916535
-0.004290133161213415
-0.014851632251600098
-0.011968277136923371
-0.014220894759434916
-0.008572815204055843
-0.005485418248144446
0.009126165658640564
-0.010449081394285305
-0.0024872262928410426
-0.00578173246835167
0.005387692075415479
0.0008894763785742567
-0.014851632251600098
-0.004049877707699823
-0.005423736796420614
-0.007792650514053716
-0.0069879388433078055
0.0021615833499398526
-0.004049877707699823
0.004839851678063463
-0.011995638197831603
-0.00810035716699636
-0.0036792629623846225
0.004839851678063463
0.00019975001148269598
-0.012723513403632012
-0.0026742622300446645
0.009126165658640564
0.00021864387206203855
-0.013739885691684906
-0.0037267071644673175
0.005496876449575172
-0.0033622227963740867
-0.009114551621845898
-0.007389464733516629
-0.010465999441030552
0.0006171341154014654
-0.0005623470250802783
-0.004049877707699823
-0.012867014426392775
-0.006374012010584435
-0.009914942531750551
-0.011995638197831603
0.0009315913725685306
-0.005178943782231763
0.0034257580086108947
-0.01003346587009295
0.00528970901808118
0.0029646747245423385
-0.0033295634943825776
-0.0017315402581946488
-0.009994141940754727
-0.011646084068776728
-0.0017315402581946488
-0.012474280999129964
-0.00021618287758157762
-0.012867014426392775
-0.027088306305562995
-0.001495584741387664
-0.012925237429943854
-0.006085413614784877
-0.006603285839026609
-0.0010130729463424316
-0.00649182671340721
0.001620403928928123
-0.0010130729463424316
-0.0013609826222624392
-0.0037798037847328715
-0.010502214576348026
0.0009336281195693234
-0.004883766463218615
-0.009885846471265279
-0.01584486831299752
-0.0010210810580883834
-0.00959453566157404
-0.005178943782231763
-0.021790439127824985
-0.002035570728738658
0.00021864387206203855
-0.014481810418409785
0.011019958231331475
-0.006028304873950451
-0.0006052335128325947
-0.014851632251600098
-0.009885846471265279
0.0026024874400898336
-0.01736899773232825
-0.004243318639705679
-0.008868226894191866
0.002623750673986949
-0.012925237429943854
0.007131303201982921
-0.011995638197831603
-0.0023848587979103807
-0.008343909492230935
-0.003518351018969326
-0.00786770221648185
-0.007175232132138604
-0.011646084068776728
0.0034257580086108947
0.0038795456664281196
-0.005560977788341116
-0.008674639796401202
-0.009740642919187041
-0.009468582204658878
-0.014851632251600098
-0.005982297919989696
-0.007740763215971912
-0.0033876515000395495
-0.014788375868351659
0.0009315913725685306
-0.00610928843995526
-0.0033295634943825776
-0.01003346587009295
-0.008360325203139802
-0.0015533491359082602
0.0018354154304628357
-0.0043730663302916535
0.001427912433128666
-0.005982297919989696
0.0046110544212940785
-0.007065725718576688
-0.006603285839026609
-0.005650122030920106
-0.00810035716699636
-0.0042790626791335004
-0.008594397547133979
-0.01584486831299752
-0.01216530791298201
-0.007175232132138604
0.0035323596924681385
-0.009654219631337353
0.0038795456664281196
0.0019620543565641016
0.0026024874400898336
-0.01040716196799508
0.0035323596924681385
-0.014851632251600098
0.002623750673986949
-0.01584486831299752
-0.0043730663302916535
-0.0030560849430549776
-0.01917152460959101
-0.006851277828529374
-0.009740642919187041
-0.006028304873950451
0.004688053371800597
-0.013794447895418687
-0.006374012010584435
-0.006884013382383668
-7.848257806157075e-05
-0.007065725718576688
-0.0019988653784095583
-0.01216530791298201
-0.010502214576348026
-0.009178632793290871
-0.007442516616098278
-0.017788356654902655
-0.008572815204055843
-0.007939457185404022
-0.0017315402581946488
-0.007081391104312214
-0.0024682418468386993
-0.003821181934148351
-0.002495227467242531
0.011019958231331475
0.0029602393503553193
0.00021864387206203855
-0.006704558330559278
0.0026024874400898336
-0.025067198424591867
0.0018354154304628357
-0.015528503385808107
-0.002643231253805462
-0.013008343897686337
-0.008360325203139802
0.0008894763785742567
-0.005049128099869406
-0.006824289376380517
-0.0013854363969170273
-0.014220894759434916
-0.00858857435785588
-0.0043730663302916535
-0.009994141940754727
0.004688053371800597
-0.009462801604896596
0.005387692075415479
-0.0022190617478533227
-0.004883766463218615
-0.007792650514053716
-0.0042790626791335004
-0.005049128099869406
-0.006167571659531206
-0.004097750355324951
-0.014675048044467665
-0.00610928843995526
-0.0022190617478533227
0.0009315913725685306
-0.00917746972326553
0.00528970901808118
-0.011646084068776728
0.014228037657055883
-0.0025575465876755453
-0.0030560849430549776
0.0018354154304628357
0.0009336281195693234
-0.006167571659531206
-0.016548659973871425
-0.006704558330559278
-0.0017412196455961909
0.0009270089433702955
-0.016548659973871425
-0.010124221040991819
-0.007389464733516629
-0.000891014120172403
0.0009270089433702955
-0.014481810418409785
-0.013487917947196802
-0.009114551621845898
-0.00786770221648185
-0.003590868188224683
-0.006245480325529172
-0.008360325203139802
-0.006547403229532934
-0.0024872262928410426
-0.014685274230895424
0.0022757971233191452
-0.014481810418409785
-0.002504114824624831
-0.0031500878056549423
-0.006454357120102127
0.0034257580086108947
-0.003804921968291313
-0.015881860184160757
-0.0024682418468386993
0.0004571389356198616
-0.005049128099869406
-0.007779800090541039
-0.0024682418468386993
-0.009114551621845898
-0.007939457185404022
-0.0043730663302916535
-0.002495227467242531
0.0009270089433702955
-0.0020286319693119783
-0.013982010424789568
-0.007389464733516629
-0.00786770221648185
-0.010256497411291345
-0.009753023963068774
-0.008971531140708483
-0.007779800090541039
-0.0010130729463424316
0.001452609642403545
-0.008143930801500601
-0.011523007644497884
-0.0069879388433078055
-0.007397143755990606
-0.003990456948592103
0.0022757971233191452
-0.0019988653784095583
-0.003990456948592103
-0.0036792629623846225
-0.014571553260596674
0.005387692075415479
-0.010449081394285305
0.0009270089433702955
-0.0023848587979103807
-0.00993025219070095
0.001956813849063336
0.008683959045841376
-0.0027045016876524886
0.0046110544212940785
-0.01564484547931781
-0.007923156075823197
-0.006374012010584435
-0.008626001736381433
-0.006547403229532934
-0.009846877936556291
-0.02440882854905626
-0.00961175224533542
-0.004290133161213415
0.0019409258707264606
-0.000891014120172403
0.001452609642403545
-0.012163512013041914
-0.004085191365651647
0.0006058988225114468
-0.003804921968291313
-0.0067759222984539605
-0.009178632793290871
-0.004883766463218615
-0.014571553260596674
-0.008410812044233761
0.004839851678063463
0.004688053371800597
-0.007442516616098278
-0.004290133161213415
-0.006704558330559278
-0.009914942531750551
-0.007442516616098278
-0.0026837191830274905
-0.004791361540328457
-0.013794447895418687
-0.005472253831013202
-0.005423736796420614
-0.01584486831299752
-0.005485418248144446
-0.012163512013041914
-0.012474280999129964
-0.00917746972326553
-0.0033622227963740867
0.0029602393503553193
-0.008410812044233761
-0.007397143755990606
-0.013593167276759955
-0.006167571659531206
-0.0009131924363863859
-0.01750921230739051
-0.0005623470250802783
-0.0023848587979103807
-0.004049877707699823
0.001427912433128666
-0.00993025219070095
-0.008955139791532746
-0.012878491537483426
-0.013178275743775579
-0.006085413614784877
0.0046110544212940785
-0.011856467011859627
-0.014481810418409785
-0.007923156075823197
0.0034257580086108947
0.0029602393503553193
0.007131303201982921
-0.010644842471319313
-0.0033110385490042566
-0.005711524084080967
-0.009161388083201102
-0.0042790626791335004
