-0.11379665889701947
0.058036211177320524
-0.06829328363208487
-0.009241124237763272
-0.016169333441738834
-0.07293133456638794
0.00826763627929799
-0.05862921072019618
-0.0036574147260267534
0.06483509724980953
-0.06829328363208487
-0.09350864672009446
0.0054263568706500445
-0.010706668811311607
0.07991926716971788
-0.02910398089115222
-0.03567288213676136
-0.0664701224082547
-0.010706668811311607
0.03745498271153655
0.0028643165901884367
-0.053812123379956237
-0.09350864672009446
0.08893509042031876
-0.05862921072019618
-0.04182780895421822
0.07436786132527481
-0.03774969614003831
-0.04251617956310053
-0.04735812919961248
-0.028099105195855845
0.0028643165901884367
-0.04182780895421822
-0.06390566525121527
-0.06390566525121527
-0.04156620039673764
-0.04156620039673764
-0.02910398089115222
-0.04403821981604677
0.0004908510288529986
-0.06390566525121527
0.008459419890336542
-0.05206228183129054
-0.06829328363208487
-0.029756004055568632
-0.02910398089115222
-0.04735812919961248
-0.038821169307794605
-0.04251617956310053
-0.09930043270441867
-0.08514462587694017
-0.04214772716928565
-0.05480642354074125
0.10043537713559411
-0.1443273693161239
0.03337604474374094
-0.05480642354074125
-0.03860069310760505
-0.0036574147260267534
-0.055290853437479776
-0.07293133456638794
-0.1443273693161239
-0.05480642354074125
0.03745498271153655
-0.05483055498309093
0.03337604474374094
0.0004908510288529986
-0.0036574147260267534
0.0936299142105011
-0.04251617956310053
-0.11356182229497161
-0.04735812919961248
-0.029756004055568632
0.005635150643705265
-0.05862921072019618
-0.11379665889701947
-0.02910398089115222
0.058036211177320524
-0.03533854893590431
-0.053812123379956237
-0.1443273693161239
0.0004908510288529986
-0.12100727120581017
-0.08743631996921818
-0.038821169307794605
-0.028099105195855845
-0.06829328363208487
-0.06390566525121527
-0.1691046333297937
-0.08743631996921818
-0.055290853437479776
-0.016169333441738834
0.10043537713559411
-0.029756004055568632
-0.04182780895421822
0.0054263568706500445
-0.055290853437479776
0.058036211177320524
-0.038938447811338386
-0.037155154423199124
-0.1691046333297937
-0.025604757025321154
0.0028643165901884367
-0.05066439348879565
-0.09350864672009446
-0.05862921072019618
-0.04916642327489355
-0.06829328363208487
-0.07293133456638794
-0.053812123379956237
0.07436786132527481
-0.053812123379956237
-0.055290853437479776
0.0028643165901884367
0.0037663696742757744
0.008459419890336542
-0.016169333441738834
-0.0036574147260267534
-0.05206228183129054
-0.0521508562985049
0.008459419890336542
-0.1443273693161239
-0.06885281403450302
-0.0521508562985049
-0.04916642327489355
0.07991926716971788
-0.04403821981604677
0.0054263568706500445
0.0037663696742757744
-0.05483055498309093
-0.1443273693161239
-0.04403821981604677
-0.11379665889701947
-0.04214772716928565
-0.022604296953382366
-0.04156620039673764
0.058036211177320524
-0.05480642354074125
-0.09350864672009446
0.0028643165901884367
-0.010706668811311607
0.03337604474374094
-0.03860069310760505
0.0028643165901884367
-0.009241124237763272
-0.0664701224082547
-0.09350864672009446
0.0028643165901884367
0.08893509042031876
0.03745498271153655
-0.010706668811311607
-0.046734222211218875
0.0936299142105011
-0.0664701224082547
-0.04182780895421822
0.06483509724980953
-0.06390566525121527
-0.028099105195855845
-0.029756004055568632
-0.04182780895421822
-0.06016016937757813
0.0054263568706500445
-0.029756004055568632
-0.09930043270441867
-0.05066439348879565
-0.0521508562985049
-0.029756004055568632
-0.010722469429329085
-0.025604757025321154
0.06483509724980953
0.03337604474374094
-0.06390566525121527
-0.09350864672009446
-0.03977926003241287
-0.04916642327489355
-0.03977926003241287
-0.04735812919961248
-0.046734222211218875
-0.046734222211218875
-0.06016016937757813
-0.09350864672009446
-0.1691046333297937
-0.07293133456638794
-0.022604296953382366
0.07436786132527481
-0.04251617956310053
-0.010722469429329085
-0.03977926003241287
-0.055290853437479776
0.00826763627929799
0.00889695645832122
-0.03774969614003831
0.058036211177320524
0.0054263568706500445
-0.04916642327489355
-0.03567288213676136
-0.09930043270441867
-0.04182780895421822
-0.04251617956310053
0.10043537713559411
-0.07293133456638794
0.07436786132527481
0.06483509724980953
-0.0521508562985049
-0.0664701224082547
-0.03567288213676136
0.07436786132527481
-0.0664701224082547
0.06483509724980953
-0.04156620039673764
-0.08514462587694017
-0.1443273693161239
0.0037663696742757744
-0.02910398089115222
0.058036211177320524
-0.04156620039673764
-0.053812123379956237
-0.05480642354074125
-0.012358529447432518
-0.05066439348879565
0.10043537713559411
-0.07293133456638794
-0.06829328363208487
-0.02910398089115222
-0.055290853437479776
0.0054263568706500445
-0.12100727120581017
-0.04182780895421822
-0.09461801031271738
0.0054263568706500445
-0.04403821981604677
-0.038821169307794605
0.07991926716971788
0.058036211177320524
-0.053812123379956237
-0.053812123379956237
-0.038821169307794605
0.10043537713559411
-0.04735812919961248
0.00889695645832122
-0.06016016937757813
0.00826763627929799
-0.04403821981604677
-0.028099105195855845
-0.1691046333297937
-0.06829328363208487
-0.05483055498309093
-0.11379665889701947
0.008459419890336542
0.06483509724980953
-0.03533854893590431
-0.053812123379956237
-0.03977926003241287
0.08893509042031876
-0.04251617956310053
0.0004908510288529986
-0.04403821981604677
-0.12100727120581017
-0.009241124237763272
-0.04916642327489355
-0.04214772716928565
-0.09930043270441867
-0.05483055498309093
0.058036211177320524
0.0054263568706500445
-0.025604757025321154
-0.06016016937757813
-0.11356182229497161
-0.012358529447432518
-0.04403821981604677
0.03745498271153655
-0.04403821981604677
-0.04251617956310053
0.0054263568706500445
-0.06390566525121527
-0.010722469429329085
-0.06016016937757813
-0.02910398089115222
-0.09350864672009446
0.005635150643705265
-0.04156620039673764
-0.06885281403450302
-0.037155154423199124
-0.05483055498309093
-0.037155154423199124
-0.03977926003241287
-0.03860069310760505
-0.05480642354074125
0.00826763627929799
-0.05483055498309093
-0.04182780895421822
0.03337604474374094
-0.06885281403450302
-0.05483055498309093
-0.09461801031271738
-0.06390566525121527
-0.11356182229497161
0.0004908510288529986
-0.038938447811338386
-0.11379665889701947
-0.0626420296176237
0.0004908510288529986
-0.05066439348879565
0.0037663696742757744
-0.0036574147260267534
-0.04214772716928565
-0.04916642327489355
-0.03774969614003831
-0.028099105195855845
-0.03533854893590431
-0.012358529447432518
-0.05206228183129054
0.0028643165901884367
0.07991926716971788
-0.06016016937757813
-0.04403821981604677
0.08893509042031876
-0.11356182229497161
0.0004908510288529986
-0.012358529447432518
0.03337604474374094
-0.07293133456638794
-0.04156620039673764
-0.05862921072019618
-0.08743631996921818
0.08893509042031876
-0.05862921072019618
-0.04735812919961248
0.08893509042031876
-0.04214772716928565
-0.06016016937757813
-0.04916642327489355
-0.06885281403450302
-0.03567288213676136
-0.06016016937757813
-0.1691046333297937
-0.09461801031271738
-0.02910398089115222
-0.04916642327489355
-0.009241124237763272
-0.04251617956310053
-0.053812123379956237
-0.08743631996921818
-0.03860069310760505
-0.06829328363208487
0.0028643165901884367
-0.012358529447432518
-0.11356182229497161
-0.0626420296176237
-0.0626420296176237
-0.04182780895421822
-0.06390566525121527
-0.04251617956310053
-0.03977926003241287
0.0037663696742757744
0.008459419890336542
0.00889695645832122
-0.05206228183129054
0.058036211177320524
-0.04403821981604677
-0.038821169307794605
-0.038821169307794605
-0.1691046333297937
-0.04214772716928565
0.03745498271153655
-0.04403821981604677
-0.04403821981604677
-0.038821169307794605
-0.0036574147260267534
-0.046734222211218875
0.00826763627929799
0.03337604474374094
-0.046734222211218875
-0.0664701224082547
0.00889695645832122
-0.09350864672009446
-0.0626420296176237
-0.03533854893590431
-0.04251617956310053
-0.11379665889701947
0.008459419890336542
-0.07293133456638794
-0.022604296953382366
-0.05480642354074125
-0.03860069310760505
0.0936299142105011
-0.03774969614003831
-0.0626420296176237
-0.012358529447432518
-0.0626420296176237
-0.0521508562985049
-0.1443273693161239
-0.053812123379956237
-0.038821169307794605
-0.04735812919961248
-0.06885281403450302
-0.09461801031271738
-0.09350864672009446
-0.029756004055568632
-0.06016016937757813
0.00889695645832122
-0.04403821981604677
-0.12100727120581017
-0.0036574147260267534
-0.010722469429329085
-0.06390566525121527
-0.04735812919961248
-0.04735812919961248
-0.06016016937757813
0.0936299142105011
-0.0626420296176237
-0.04156620039673764
0.0936299142105011
-0.03774969614003831
-0.05480642354074125
-0.0626420296176237
-0.09350864672009446
-0.04916642327489355
-0.06390566525121527
-0.06016016937757813
-0.0626420296176237
-0.0626420296176237
-0.06885281403450302
-0.05862921072019618
-0.009241124237763272
-0.04214772716928565
0.07991926716971788
0.06483509724980953
-0.028099105195855845
0.07436786132527481
-0.025604757025321154
-0.05206228183129054
-0.0626420296176237
-0.04735812919961248
0.0936299142105011
-0.12100727120581017
-0.09350864672009446
0.07436786132527481
-0.010706668811311607
-0.1691046333297937
-0.0626420296176237
-0.0521508562985049
-0.0626420296176237
-0.05066439348879565
0.07991926716971788
-0.06885281403450302
0.07991926716971788
-0.06885281403450302
-0.04182780895421822
-0.04182780895421822
-0.08514462587694017
0.08893509042031876
-0.09930043270441867
-0.09461801031271738
-0.03774969614003831
-0.016169333441738834
-0.11356182229497161
-0.025604757025321154
-0.016169333441738834
-0.12100727120581017
-0.04735812919961248
0.0054263568706500445
-0.1443273693161239
0.058036211177320524
0.008459419890336542
-0.04156620039673764
-0.025604757025321154
0.07991926716971788
0.10043537713559411
-0.05480642354074125
-0.11356182229497161
-0.12100727120581017
-0.12100727120581017
0.07436786132527481
-0.038938447811338386
-0.05480642354074125
-0.010706668811311607
-0.03533854893590431
0.06483509724980953
-0.07293133456638794
0.0936299142105011
-0.08514462587694017
-0.08514462587694017
-0.12100727120581017
-0.06016016937757813
0.03337604474374094
0.07436786132527481
-0.1691046333297937
-0.046734222211218875
-0.046734222211218875
-0.05480642354074125
-0.08743631996921818
-0.055290853437479776
-0.11379665889701947
-0.03860069310760505
-0.07293133456638794
-0.038821169307794605
-0.025604757025321154
-0.053812123379956237
-0.11356182229497161
-0.05066439348879565
0.08893509042031876
-0.038821169307794605
0.008459419890336542
-0.05066439348879565
-0.09930043270441867
-0.022604296953382366
-0.08514462587694017
-0.08743631996921818
-0.038938447811338386
-0.03977926003241287
0.058036211177320524
-0.03774969614003831
-0.03860069310760505
-0.09350864672009446
-0.06016016937757813
0.0004908510288529986
-0.055290853437479776
-0.05862921072019618
-0.06390566525121527
-0.04735812919961248
-0.025604757025321154
-0.03860069310760505
0.08893509042031876
0.008459419890336542
-0.04251617956310053
-0.12100727120581017
-0.03860069310760505
0.058036211177320524
-0.03860069310760505
-0.09350864672009446
-0.06016016937757813
-0.04156620039673764
0.03337604474374094
0.005635150643705265
-0.053812123379956237
-0.09930043270441867
-0.04916642327489355
-0.038938447811338386
-0.04735812919961248
-0.04214772716928565
-0.05206228183129054
-0.037155154423199124
-0.06016016937757813
0.07436786132527481
-0.05066439348879565
-0.010706668811311607
-0.06885281403450302
-0.04214772716928565
-0.06390566525121527
0.0054263568706500445
-0.09930043270441867
0.08893509042031876
-0.02910398089115222
-0.04916642327489355
-0.11379665889701947
0.005635150643705265
0.10043537713559411
-0.03774969614003831
-0.05480642354074125
0.03337604474374094
0.03745498271153655
-0.04916642327489355
-0.0036574147260267534
-0.03977926003241287
-0.02910398089115222
-0.046734222211218875
-0.05480642354074125
0.00826763627929799
0.10043537713559411
-0.03977926003241287
0.0054263568706500445
0.03745498271153655
0.03745498271153655
0.0004908510288529986
-0.012358529447432518
-0.038821169307794605
-0.08514462587694017
-0.0036574147260267534
-0.0518855126952409
-0.06016016937757813
-0.04735812919961248
-0.05862921072019618
-0.04156620039673764
-0.06016016937757813
-0.038938447811338386
-0.09350864672009446
-0.04182780895421822
-0.04735812919961248
-0.038938447811338386
-0.037155154423199124
0.008459419890336542
-0.03567288213676136
-0.06016016937757813
-0.06016016937757813
0.005635150643705265
-0.010706668811311607
-0.0664701224082547
-0.06885281403450302
-0.025604757025321154
-0.03533854893590431
0.07991926716971788
0.00889695645832122
-0.055290853437479776
-0.012358529447432518
0.0004908510288529986
-0.03567288213676136
-0.046734222211218875
-0.04251617956310053
0.0054263568706500445
-0.025604757025321154
0.07991926716971788
0.03745498271153655
0.058036211177320524
-0.09930043270441867
0.07436786132527481
-0.010706668811311607
-0.055290853437479776
-0.1691046333297937
-0.11379665889701947
0.03745498271153655
-0.028099105195855845
0.00826763627929799
-0.12100727120581017
0.06483509724980953
-0.06016016937757813
-0.028099105195855845
-0.05862921072019618
-0.022604296953382366
0.00889695645832122
-0.06016016937757813
-0.03860069310760505
-0.0036574147260267534
-0.012358529447432518
-0.06885281403450302
-0.09461801031271738
0.0054263568706500445
-0.037155154423199124
-0.055290853437479776
-0.07293133456638794
-0.09350864672009446
-0.08514462587694017
-0.038821169307794605
-0.022604296953382366
-0.04916642327489355
0.08893509042031876
-0.038938447811338386
0.03337604474374094
-0.04735812919961248
-0.11356182229497161
-0.04916642327489355
-0.0036574147260267534
0.0004908510288529986
-0.06390566525121527
-0.12100727120581017
0.058036211177320524
-0.012358529447432518
-0.037155154423199124
0.06483509724980953
-0.05862921072019618
-0.0664701224082547
-0.09930043270441867
-0.03567288213676136
-0.06885281403450302
-0.010722469429329085
-0.029756004055568632
-0.09461801031271738
-0.12100727120581017
-0.08514462587694017
0.0936299142105011
-0.038938447811338386
-0.1443273693161239
-0.038938447811338386
-0.03977926003241287
-0.04403821981604677
0.07436786132527481
-0.1691046333297937
-0.03774969614003831
-0.04182780895421822
-0.03977926003241287
0.0028643165901884367
-0.1691046333297937
0.07991926716971788
0.07991926716971788
-0.0521508562985049
0.10043537713559411
-0.038938447811338386
-0.06829328363208487
-0.012358529447432518
-0.1443273693161239
-0.06829328363208487
-0.04156620039673764
-0.05206228183129054
-0.029756004055568632
-0.025604757025321154
-0.07293133456638794
-0.04403821981604677
-0.0664701224082547
0.00889695645832122
0.07436786132527481
-0.1691046333297937
-0.0518855126952409
0.008459419890336542
0.0028643165901884367
-0.04182780895421822
0.00889695645832122
-0.038938447811338386
-0.012358529447432518
-0.12100727120581017
-0.06016016937757813
-0.0036574147260267534
-0.03977926003241287
-0.046734222211218875
-0.037155154423199124
-0.009241124237763272
-0.010706668811311607
-0.04403821981604677
-0.04735812919961248
0.005635150643705265
-0.03860069310760505
-0.1443273693161239
-0.05483055498309093
-0.11356182229497161
0.00826763627929799
-0.04403821981604677
0.005635150643705265
-0.022604296953382366
-0.06885281403450302
-0.04214772716928565
-0.03860069310760505
-0.03774969614003831
-0.05862921072019618
-0.0521508562985049
-0.0518855126952409
0.005635150643705265
-0.028099105195855845
-0.06016016937757813
0.07436786132527481
-0.04403821981604677
0.0936299142105011
0.10043537713559411
-0.028099105195855845
0.058036211177320524
-0.06829328363208487
-0.04214772716928565
0.0004908510288529986
-0.04214772716928565
-0.0518855126952409
-0.03977926003241287
-0.037155154423199124
-0.1691046333297937
-0.06390566525121527
0.0028643165901884367
-0.12100727120581017
-0.010722469429329085
-0.09930043270441867
-0.05066439348879565
-0.06016016937757813
-0.04735812919961248
-0.028099105195855845
0.03337604474374094
-0.025604757025321154
-0.04251617956310053
-0.04403821981604677
-0.03860069310760505
-0.03774969614003831
-0.037155154423199124
-0.09930043270441867
-0.016169333441738834
-0.03977926003241287
-0.09930043270441867
-0.0518855126952409
0.005635150643705265
-0.09930043270441867
-0.037155154423199124
0.07436786132527481
-0.06829328363208487
0.10043537713559411
-0.029756004055568632
-0.04916642327489355
0.00889695645832122
-0.03860069310760505
-0.12100727120581017
-0.04156620039673764
-0.11356182229497161
-0.06390566525121527
0.0936299142105011
-0.046734222211218875
-0.04251617956310053
0.03337604474374094
-0.04251617956310053
-0.05862921072019618
0.06483509724980953
0.03745498271153655
-0.07293133456638794
-0.09350864672009446
0.06483509724980953
-0.04735812919961248
-0.046734222211218875
-0.016169333441738834
0.06483509724980953
0.0054263568706500445
-0.1443273693161239
-0.1691046333297937
-0.06885281403450302
-0.1443273693161239
-0.04916642327489355
0.10043537713559411
-0.0664701224082547
-0.03977926003241287
0.03337604474374094
-0.04735812919961248
-0.029756004055568632
0.08893509042031876
-0.0518855126952409
0.058036211177320524
-0.038938447811338386
-0.03533854893590431
0.03337604474374094
-0.12100727120581017
-0.06016016937757813
-0.022604296953382366
-0.0521508562985049
-0.11356182229497161
-0.06829328363208487
0.0936299142105011
0.00889695645832122
-0.0521508562985049
-0.02910398089115222
-0.037155154423199124
-0.05483055498309093
-0.029756004055568632
0.0054263568706500445
-0.05483055498309093
-0.04916642327489355
-0.016169333441738834
0.07436786132527481
-0.04214772716928565
0.08893509042031876
-0.06016016937757813
0.07436786132527481
-0.010722469429329085
-0.022604296953382366
0.058036211177320524
-0.03860069310760505
-0.02910398089115222
-0.03567288213676136
-0.038821169307794605
-0.1691046333297937
-0.03977926003241287
-0.1443273693161239
-0.046734222211218875
-0.11356182229497161
-0.1691046333297937
-0.055290853437479776
-0.09930043270441867
0.10043537713559411
-0.0036574147260267534
-0.09461801031271738
-0.038938447811338386
0.07991926716971788
0.00826763627929799
-0.0626420296176237
-0.025604757025321154
-0.04156620039673764
0.005635150643705265
0.0037663696742757744
0.03745498271153655
-0.012358529447432518
0.0028643165901884367
-0.05483055498309093
-0.03774969614003831
-0.08743631996921818
-0.06885281403450302
-0.05480642354074125
-0.04403821981604677
-0.11356182229497161
-0.09350864672009446
-0.05206228183129054
-0.05483055498309093
-0.08743631996921818
-0.0626420296176237
-0.05066439348879565
-0.046734222211218875
-0.03567288213676136
-0.010706668811311607
-0.04403821981604677
0.0054263568706500445
-0.04214772716928565
-0.12100727120581017
0.03337604474374094
-0.11356182229497161
-0.010722469429329085
-0.055290853437479776
-0.04403821981604677
-0.03567288213676136
-0.08743631996921818
-0.11356182229497161
-0.012358529447432518
-0.05483055498309093
-0.06016016937757813
0.00826763627929799
-0.0626420296176237
-0.04251617956310053
0.07991926716971788
-0.029756004055568632
0.0936299142105011
0.058036211177320524
-0.0664701224082547
-0.06829328363208487
-0.03533854893590431
0.0936299142105011
-0.04403821981604677
-0.09461801031271738
-0.022604296953382366
-0.046734222211218875
-0.037155154423199124
-0.06829328363208487
-0.0664701224082547
0.008459419890336542
0.06483509724980953
-0.009241124237763272
-0.06016016937757813
-0.04916642327489355
-0.046734222211218875
0.08893509042031876
-0.0626420296176237
-0.037155154423199124
-0.009241124237763272
-0.0518855126952409
-0.09930043270441867
-0.1691046333297937
-0.1691046333297937
0.03745498271153655
-0.0521508562985049
0.10043537713559411
0.0054263568706500445
-0.0664701224082547
-0.012358529447432518
-0.04156620039673764
0.058036211177320524
-0.06390566525121527
-0.010722469429329085
-0.0518855126952409
-0.029756004055568632
-0.0036574147260267534
-0.09461801031271738
0.005635150643705265
-0.028099105195855845
0.0054263568706500445
-0.1443273693161239
-0.06390566525121527
-0.11379665889701947
-0.03567288213676136
-0.012358529447432518
0.10043537713559411
-0.1691046333297937
-0.06829328363208487
-0.037155154423199124
0.10043537713559411
-0.05066439348879565
-0.0626420296176237
-0.0626420296176237
0.03745498271153655
-0.046734222211218875
-0.03977926003241287
-0.0626420296176237
-0.05066439348879565
-0.03567288213676136
0.058036211177320524
0.00889695645832122
-0.029756004055568632
-0.04735812919961248
-0.08743631996921818
-0.09350864672009446
-0.06885281403450302
-0.009241124237763272
-0.025604757025321154
-0.03533854893590431
-0.038821169307794605
0.03337604474374094
-0.09350864672009446
-0.012358529447432518
-0.06885281403450302
-0.0664701224082547
-0.0626420296176237
-0.11356182229497161
-0.05862921072019618
0.00889695645832122
-0.05206228183129054
-0.038821169307794605
-0.010722469429329085
-0.009241124237763272
0.008459419890336542
0.03337604474374094
-0.016169333441738834
-0.04916642327489355
-0.06390566525121527
-0.11356182229497161
-0.022604296953382366
