-0.04652206352923519
-0.02323741843369827
-0.03055028350868406
-0.03055028350868406
-0.02941883149093859
-0.028767350645382894
-0.07110229653842509
-0.012239003580088944
-0.0337953378473069
-0.041033665192214235
-0.008563895520796559
-0.013932664078090747
-0.006458742803785044
-0.03394579808982652
-0.016070066735451038
-0.005906970175291141
0.013290755032391913
-0.03714460481178898
-0.04512336121403401
-0.07070016589844073
-0.053049480362188
-0.005906970175291141
-0.023416857685721774
-0.02941883149093859
-0.009451279847512529
-0.052046991516322534
0.007296430812851744
-0.04512336121403401
-0.041033665192214235
-0.02235496822410992
-0.030090350288552222
-0.026825806269428848
-0.06682098505754842
-0.03405262453925124
-0.008564483266463401
-0.013186345379950882
-0.06383837353119814
-0.024493594080318
-0.024088503211849282
-0.005390312801900964
-0.022678958815250172
-0.009451279847512529
-0.03394579808982652
-0.05188676565197048
-0.0016614035156751852
-0.018466745461994706
-0.024887553032413325
-0.002190204537795123
-0.026825806269428848
-0.0027021392204046395
-0.012239003580088944
-0.02323741843369827
-0.024887553032413325
-0.019010620208608865
-0.010046373191071217
0.012035793998524976
-0.04560041846647137
-0.027634491640759828
0.01233954444866648
0.013290755032391913
0.022445745645681216
-0.04028331580931778
-0.09438935132105554
-0.05482801938658905
-0.027634491640759828
-0.03578875477122346
-0.03981440449186212
0.0013323630201957327
-0.030847528002766498
-0.0899190287124765
-0.03336318882078671
-0.013580282739766988
-0.042870371618877065
-0.07110229653842509
-0.03406532057247944
-0.018854519936745556
-0.02773248928404267
-0.02235496822410992
-0.03756717994231604
-0.027261329782404874
-0.033176245852757594
-0.020519327415353252
-0.0023931882542870863
-0.07668884684674515
-0.035122324931852855
-0.013580282739766988
-0.022939629056038628
0.013048881263552832
-0.01344402638686831
-0.0582740866093802
-0.03405262453925124
-0.02248708235559059
-0.018787516501156173
-0.0033172208566384005
-0.002518378575889409
-0.03714460481178898
-0.015092111348270036
-0.024244686957071902
-0.04792690470161701
-0.016528964263554637
-0.06185063325741883
-0.04037102157661615
-0.04028331580931778
-0.026322628563023254
-0.07070016589844073
-0.01596494038718621
-0.011144405775443554
-0.03336195074321875
0.027911047969558525
-0.020519327415353252
-0.019321705779312186
-0.04800678362360206
-0.010046373191071217
-0.0438709643751551
-0.03197507455978656
-0.13890707579919218
-0.03336318882078671
-0.007881832417690712
-0.052253608129912046
-0.023327983428882315
-0.029181191339815275
-0.01357158051184438
-0.03596176401476545
-0.026322628563023254
-0.05128448820517297
-0.03260686587954232
-0.03381688278365709
-0.023327983428882315
-0.019913442029047865
-0.022678958815250172
-0.016528964263554637
-0.051795069342564594
-0.04512336121403401
-0.03352894892124838
-0.013932664078090747
-0.03280798365523563
-0.035863124335878495
-0.052046991516322534
-0.04198001459560625
-0.03323791912147021
-0.01242275533472867
-0.009451279847512529
-0.051264843976445665
-0.03352894892124838
-0.04792690470161701
7.085660261197281e-05
-0.042870371618877065
-0.05064279418453136
-0.019321705779312186
-0.021910131030754135
-0.027868011674935106
-0.060536310781333175
-0.01596494038718621
-0.03280798365523563
-0.002190204537795123
-0.019406131981155143
-0.03381688278365709
-0.01344402638686831
-0.02348635801692084
-0.04800678362360206
-0.008563895520796559
-0.01504996496934215
-0.045024987661285945
-0.018787516501156173
-0.0016614035156751852
-0.02941883149093859
-0.04660664163894829
-0.01344402638686831
-0.019010620208608865
-0.025480525701653097
-0.013186345379950882
-0.02721852197360648
-0.004056487559812801
-0.019010620208608865
-0.013490187633118893
-0.04958097063423664
-0.016070066735451038
-0.02645760977881493
-0.02078129991044304
-0.041729373764949916
-0.004056487559812801
-0.004825434495748137
-0.016528964263554637
-0.012466303405002575
-0.04652206352923519
-0.023575058407160492
-0.023327983428882315
-0.02130852998438972
-0.023416857685721774
-0.0016614035156751852
0.001680452690351217
-0.002518378575889409
-0.019236098664371374
-0.012812593673481488
-0.005699347657496404
-0.02323741843369827
-0.052046991516322534
-0.036502424137254776
-0.04652206352923519
-0.007881832417690712
-0.018787516501156173
-0.0027021392204046395
-0.052076582180653565
-0.013932664078090747
-0.03280798365523563
-0.002439563932180487
-0.02235496822410992
-0.023472654017325425
-0.016528964263554637
-0.008563895520796559
-0.026708222305052032
-0.01030797315713126
-0.0582740866093802
-0.05128448820517297
-0.0023931882542870863
-0.020831709720634327
-0.06383837353119814
-0.11077390610053953
-0.05334782390282753
-0.041033665192214235
-0.0430365014612686
-0.04405302398969193
-0.035122324931852855
-0.0006054717227226893
-0.023327983428882315
-0.02581171184874344
-0.022678958815250172
-0.03578875477122346
-0.026322628563023254
-0.041033665192214235
-0.035122324931852855
-0.03055028350868406
-0.02248708235559059
-0.04037102157661615
-0.03714460481178898
-0.030135491149200225
-0.07110229653842509
-0.034208123081096914
-0.023416857685721774
-0.045024987661285945
-0.02235496822410992
-0.03280798365523563
-0.022678958815250172
-0.025007244583998185
-0.09330183669807464
-0.014639492756689661
-0.008563895520796559
-0.017877933350884348
0.012035793998524976
-0.06592480076062224
-0.03055028350868406
-0.013320506860505286
-0.03198854733567591
-0.005906970175291141
-0.04805160238060282
-0.036502424137254776
-0.010046373191071217
-0.026477834732497173
-0.03381688278365709
-0.04997272004853317
-0.007881832417690712
-0.04792690470161701
-0.13890707579919218
0.015137286928838726
-0.04588621307058283
-0.004825434495748137
-0.013186345379950882
0.022445745645681216
-0.041033665192214235
-0.023416857685721774
-0.028630273002865452
-0.0254985602018602
-0.03672374417899616
-0.03405262453925124
-0.052046991516322534
-0.03225005866638265
-0.019010620208608865
-0.005699347657496404
0.027911047969558525
-0.0254985602018602
-0.02413773048834384
-0.0899190287124765
-0.0337953378473069
-0.019015989343546987
-0.012812593673481488
-0.016070066735451038
-0.03406532057247944
-0.03596176401476545
-0.03382479455830294
-0.05334782390282753
-0.043929427238380975
-0.0006054717227226893
-0.0899190287124765
-0.01344402638686831
-0.025551351115539273
-0.01504996496934215
-0.0430365014612686
-0.024493594080318
-0.02413773048834384
-0.01983469295638194
-0.025480525701653097
-0.13890707579919218
-0.0438709643751551
-0.09330183669807464
-0.022939629056038628
-0.035152890265634854
-0.06185063325741883
0.027911047969558525
-0.06361013032422612
-0.04660664163894829
-0.035330378825002666
-0.053049480362188
-0.03055028350868406
-0.01596494038718621
-0.03381688278365709
-0.0027240633538835432
-0.052046991516322534
0.001680452690351217
-0.035330378825002666
-0.026825806269428848
-0.026322628563023254
-0.060536310781333175
-0.02348635801692084
-0.0582740866093802
-0.060536310781333175
-0.02413773048834384
-0.0337953378473069
-0.005699347657496404
-0.041729373764949916
-0.07668884684674515
-0.002439563932180487
-0.04660664163894829
-0.045024987661285945
-0.025007244583998185
-0.03406532057247944
-0.024244686957071902
-0.08242717123051033
-0.019236098664371374
-0.03596176401476545
-0.005255772447814414
-0.044722846699884536
-0.03336318882078671
-0.02323741843369827
-0.043200052869074884
-0.06740372071820341
-0.041033665192214235
-0.012812593673481488
-0.01880110313051168
0.0013323630201957327
-0.033176245852757594
-0.02248708235559059
-0.0027240633538835432
-0.04916815042926671
-0.051264843976445665
-0.023575058407160492
-0.05128448820517297
-0.03323791912147021
-0.03198854733567591
-0.013932664078090747
-0.024244686957071902
-0.019015989343546987
-0.020071699369479095
-0.02721852197360648
-0.09438935132105554
-0.012609976112439202
-0.023575058407160492
-0.04997272004853317
-0.041302158323743364
-0.019035362597900295
-0.013490187633118893
-0.13890707579919218
-0.11077390610053953
-0.016070066735451038
-0.052076582180653565
-0.04198001459560625
-0.025480525701653097
-0.026708222305052032
-0.03225005866638265
-0.04660664163894829
-0.05064279418453136
-0.04405302398969193
-0.005244071290992199
-0.04660664163894829
-0.03014519536796342
-0.013186345379950882
-0.05807401698405705
-0.04198001459560625
-0.027868011674935106
-0.019406131981155143
-0.04037102157661615
-0.009451279847512529
-0.03394579808982652
-0.014639492756689661
-0.05807401698405705
-0.01344402638686831
-0.02445827833773886
-0.0023931882542870863
-0.026708222305052032
-0.019010620208608865
-0.02941883149093859
-0.009643842400637264
-0.036502424137254776
-0.04916815042926671
-0.01344402638686831
-0.005255772447814414
-0.04235268942926776
-0.025551351115539273
-0.017877933350884348
-0.036502424137254776
-0.017877933350884348
-0.01030797315713126
-0.053049480362188
-0.0582740866093802
-0.02235496822410992
-0.005390312801900964
-0.033176245852757594
-0.043929427238380975
-0.02130852998438972
-0.006458742803785044
-0.0430365014612686
-0.05074413658828261
-0.01563935231034189
-0.051795069342564594
-0.017877933350884348
-0.025007244583998185
-0.02445827833773886
-0.07110229653842509
-0.002518378575889409
-0.04198001459560625
-0.008564483266463401
-0.051795069342564594
-0.02589016806853848
-0.05595734359001418
-0.03336318882078671
-0.008564483266463401
-0.045024987661285945
-0.02221280379714186
-0.018787516501156173
-0.02773248928404267
-0.004825434495748137
-0.03198854733567591
-0.03394579808982652
0.013048881263552832
-0.01596494038718621
-0.013932664078090747
-0.004056487559812801
-0.06682098505754842
0.027911047969558525
-0.02248708235559059
-0.020519327415353252
-0.010046373191071217
-0.03336195074321875
-0.02348635801692084
-0.024088503211849282
-0.02235496822410992
-0.03214612483642013
-0.008564483266463401
-0.03578875477122346
-0.041729373764949916
-0.03260686587954232
-0.08235598547903802
-0.05595734359001418
-0.02645760977881493
-0.0430365014612686
-0.052076582180653565
-0.005390312801900964
-0.07070016589844073
-0.03406532057247944
-0.03198854733567591
-0.04800678362360206
-0.03714460481178898
-0.027184751249744718
-0.025551351115539273
-0.007881832417690712
-0.035863124335878495
-0.0027240633538835432
-0.012239003580088944
-0.05278218663205245
-0.015228019892318225
-0.09646047331861292
-0.024088503211849282
-0.021910131030754135
-0.027634491640759828
-0.03318462826454249
-0.035330378825002666
-0.02221280379714186
-0.020519327415353252
-0.052253608129912046
-0.06002230732226386
-0.02721852197360648
-0.04512336121403401
-0.033176245852757594
-0.05807401698405705
7.085660261197281e-05
-0.06682098505754842
-0.002439563932180487
-0.02348635801692084
-0.05807401698405705
-0.02445827833773886
-0.013490187633118893
-0.020831709720634327
0.001680452690351217
-0.012609976112439202
-0.027261329782404874
-0.04652206352923519
-0.13890707579919218
-0.013490187633118893
-0.060536310781333175
-0.016070066735451038
-0.021910131030754135
-0.035122324931852855
-0.05128448820517297
-0.02593691739406125
-0.050031596994808136
-0.03318462826454249
-0.041729373764949916
-0.020519327415353252
-0.052046991516322534
-0.017877933350884348
-0.04792690470161701
-0.01242275533472867
-0.045024987661285945
-0.03714460481178898
-0.03578875477122346
-0.035863124335878495
-0.03323791912147021
-0.028630273002865452
-0.017877933350884348
-0.09646047331861292
-0.013580282739766988
-0.03323791912147021
-0.023575058407160492
-0.0027021392204046395
-0.06877783542022914
-0.027184751249744718
0.022445745645681216
-0.025480525701653097
0.022445745645681216
-0.041729373764949916
-0.03672374417899616
-0.005669674774285638
-0.0899190287124765
-0.015546514549079902
-0.011144405775443554
-0.0899190287124765
-0.05334782390282753
-0.005906970175291141
-0.08235598547903802
-0.051795069342564594
-0.04235268942926776
-0.03260686587954232
-0.0582740866093802
-0.01983469295638194
-0.023575058407160492
-0.05595734359001418
-0.02941883149093859
-0.009643842400637264
-0.030090350288552222
-0.029181191339815275
-0.04560041846647137
-0.020071699369479095
-0.051795069342564594
-0.04997272004853317
-0.051795069342564594
-0.019236098664371374
-0.06185063325741883
-0.04512336121403401
-0.052076582180653565
-0.024887553032413325
-0.052253608129912046
-0.0337953378473069
-0.018854519936745556
-0.03714460481178898
-0.04958097063423664
0.022445745645681216
-0.03406532057247944
-0.008564483266463401
-0.022409278930505244
-0.024088503211849282
-0.023416857685721774
-0.023575058407160492
-0.0024286321508171648
-0.03014519536796342
-0.012812593673481488
-0.02589016806853848
-0.06383837353119814
-0.03352894892124838
-0.004160638114197672
-0.023472654017325425
-0.010046373191071217
-0.01030797315713126
-0.020071699369479095
-0.13890707579919218
-0.03323791912147021
-0.0006054717227226893
-0.01563935231034189
-0.04235268942926776
-0.03198854733567591
-0.0061846556823743765
-0.018452196337112668
-0.02593691739406125
-0.023575058407160492
-0.019321705779312186
-0.016528964263554637
-0.04916815042926671
-0.01242275533472867
-0.03070675539622854
-0.0337953378473069
-0.06592480076062224
-0.024088503211849282
-0.016528964263554637
-0.03323791912147021
-0.04805160238060282
-0.019010620208608865
-0.03214612483642013
-0.024493594080318
-0.04235268942926776
-0.04652206352923519
-0.005395752105416765
-0.03055028350868406
-0.013932664078090747
-0.04198001459560625
-0.026477834732497173
-0.02078129991044304
0.0013323630201957327
-0.0438709643751551
-0.0016614035156751852
-0.004056487559812801
-0.05595734359001418
-0.012812593673481488
-0.030847528002766498
-0.020071699369479095
-0.035152890265634854
-0.008564483266463401
-0.02581171184874344
-0.07070016589844073
-0.035122324931852855
-0.03260686587954232
-0.018854519936745556
-0.030135491149200225
-0.04560041846647137
-0.04805160238060282
-0.026708222305052032
-0.01344402638686831
-0.04405302398969193
0.0013323630201957327
-0.01242275533472867
-0.004825434495748137
-0.020071699369479095
-0.02106479303110284
-0.023327983428882315
-0.05074413658828261
-0.002518378575889409
0.012035793998524976
-0.013320506860505286
-0.023416857685721774
-0.024493594080318
-0.022939629056038628
-0.04997272004853317
-0.0899190287124765
-0.01285735540017725
-0.005395752105416765
-0.019015989343546987
-0.0061846556823743765
-0.03756717994231604
-0.03198854733567591
-0.053049480362188
-0.027261329782404874
-0.005255772447814414
-0.022678958815250172
-0.004825434495748137
-0.045024987661285945
-0.06383837353119814
-0.0438709643751551
-0.0027240633538835432
-0.04800678362360206
-0.02941883149093859
-0.024887553032413325
-0.07668884684674515
-0.04329208765607659
-0.02130852998438972
0.01233954444866648
-0.023472654017325425
-0.04028331580931778
-0.04660664163894829
-0.005390312801900964
-0.03406532057247944
-0.051264843976445665
-0.04235268942926776
-0.023575058407160492
-0.010046373191071217
-0.04805160238060282
-0.019406131981155143
-0.018452196337112668
-0.03756717994231604
-0.04329208765607659
-0.07110229653842509
-0.026322628563023254
-0.05188676565197048
-0.013932664078090747
-0.002439563932180487
-0.013490187633118893
-0.01880110313051168
-0.03981440449186212
-0.012812593673481488
-0.0006054717227226893
-0.0254985602018602
-0.022409278930505244
-0.03381688278365709
-0.04028331580931778
-0.018787516501156173
-0.022409278930505244
-0.06383837353119814
-0.06682098505754842
-0.052253608129912046
0.013048881263552832
-0.035863124335878495
-0.013186345379950882
-0.0027240633538835432
-0.011144405775443554
-0.011340305735381634
-0.028876302180611362
-0.021910131030754135
-0.012239003580088944
-0.04235268942926776
0.027911047969558525
-0.02106479303110284
-0.01983469295638194
-0.04792690470161701
-0.02235496822410992
-0.02589016806853848
-0.019913442029047865
-0.03014519536796342
-0.024088503211849282
-0.027634491640759828
-0.052076582180653565
-0.060536310781333175
-0.011340305735381634
-0.03055028350868406
-0.07668884684674515
-0.020004542949827155
-0.02581171184874344
-0.010046373191071217
-0.0438709643751551
-0.029181191339815275
-0.05074413658828261
-0.04660664163894829
-0.017877933350884348
-0.02593691739406125
0.012035793998524976
-0.045024987661285945
-0.028767350645382894
-0.01285735540017725
-0.01344402638686831
-0.019010620208608865
-0.02248708235559059
-0.008563895520796559
-0.008564483266463401
-0.09438935132105554
-0.024244686957071902
-0.023472654017325425
-0.03406532057247944
-0.03225005866638265
-0.02235496822410992
-0.019236098664371374
-0.08235598547903802
0.01233954444866648
-0.027184751249744718
-0.03070675539622854
-0.0027021392204046395
-0.03672374417899616
-0.03406532057247944
-0.030090350288552222
-0.07070016589844073
-0.06383837353119814
-0.04037102157661615
-0.023575058407160492
-0.03070675539622854
-0.0027021392204046395
-0.022678958815250172
-0.035330378825002666
-0.03394579808982652
-0.03055028350868406
-0.004056487559812801
-0.0899190287124765
-0.03260686587954232
-0.04405302398969193
-0.03394579808982652
-0.042870371618877065
-0.013186345379950882
-0.028372371455097783
-0.016528964263554637
-0.04198001459560625
-0.08242717123051033
-0.01285735540017725
-0.04588621307058283
-0.01242275533472867
-0.005255772447814414
-0.024088503211849282
-0.05128448820517297
-0.03197507455978656
-0.013320506860505286
-0.06740372071820341
-0.026322628563023254
-0.019035362597900295
-0.015228019892318225
-0.035122324931852855
-0.02581171184874344
-0.07668884684674515
-0.027634491640759828
-0.04958097063423664
-0.014639492756689661
-0.03406532057247944
-0.024022077949382124
-0.019913442029047865
-0.03280798365523563
-0.01285735540017725
-0.03280798365523563
-0.0023931882542870863
-0.02593691739406125
-0.0438709643751551
-0.01285735540017725
-0.035863124335878495
-0.043200052869074884
-0.0023931882542870863
-0.004160638114197672
-0.012609976112439202
0.022445745645681216
-0.052076582180653565
-0.035330378825002666
-0.03336318882078671
-0.0027021392204046395
-0.005906970175291141
-0.028876302180611362
-0.013580282739766988
-0.09330183669807464
-0.01596494038718621
-0.03198854733567591
-0.043929427238380975
-0.015228019892318225
-0.04235268942926776
-0.08235598547903802
-0.023575058407160492
-0.002190204537795123
-0.09438935132105554
-0.028630273002865452
-0.019015989343546987
-0.022678958815250172
-0.03214612483642013
-0.02332460970116087
-0.017877933350884348
-0.002518378575889409
-0.018787516501156173
-0.041729373764949916
-0.018787516501156173
-0.04235268942926776
-0.014639492756689661
-0.03352894892124838
-0.028767350645382894
-0.013490187633118893
-0.034208123081096914
-0.015228019892318225
0.007296430812851744
-0.035330378825002666
-0.04800678362360206
-0.07070016589844073
-0.0582740866093802
-0.01880110313051168
-0.035122324931852855
-0.0006054717227226893
-0.041729373764949916
-0.028767350645382894
-0.026708222305052032
-0.03225005866638265
-0.027634491640759828
-0.018854519936745556
-0.01596494038718621
-0.0027240633538835432
-0.019010620208608865
0.013048881263552832
-0.019015989343546987
-0.01285735540017725
-0.0016614035156751852
-0.01285735540017725
-0.028876302180611362
-0.03981440449186212
-0.002439563932180487
-0.02332460970116087
-0.03014519536796342
-0.041302158323743364
-0.051264843976445665
-0.02445827833773886
-0.02941883149093859
-0.02348635801692084
-0.06361013032422612
-0.015546514549079902
-0.011340305735381634
-0.025007244583998185
-0.02323741843369827
-0.02221280379714186
-0.028767350645382894
-0.005699347657496404
-0.07070016589844073
-0.018787516501156173
-0.005255772447814414
-0.014639492756689661
-0.028630273002865452
-0.04198001459560625
-0.05188676565197048
-0.011340305735381634
-0.04958097063423664
-0.02348635801692084
-0.009451279847512529
-0.04958097063423664
-0.019015989343546987
-0.019913442029047865
0.027911047969558525
-0.051795069342564594
-0.01285735540017725
-0.043200052869074884
-0.02332460970116087
-0.01285735540017725
-0.03198854733567591
-0.03336318882078671
-0.050031596994808136
-0.051264843976445665
0.0013323630201957327
-0.06877783542022914
-0.028876302180611362
-0.09646047331861292
-0.09646047331861292
-0.020831709720634327
-0.04805160238060282
-0.022409278930505244
-0.02721852197360648
-0.034208123081096914
-0.05188676565197048
-0.016528964263554637
-0.05278218663205245
-0.013580282739766988
-0.04800678362360206
-0.03596176401476545
-0.018452196337112668
-0.01563935231034189
-0.012812593673481488
-0.05616225013781816
-0.04560041846647137
-0.016528964263554637
-0.028630273002865452
-0.005906970175291141
-0.03323791912147021
-0.041033665192214235
-0.027184751249744718
-0.03714460481178898
-0.024493594080318
-0.026825806269428848
-0.06740372071820341
-0.052253608129912046
-0.013490187633118893
-0.024493594080318
-0.01563935231034189
-0.051264843976445665
-0.03318462826454249
-0.023472654017325425
-0.02130852998438972
-0.02221280379714186
-0.03225005866638265
-0.035122324931852855
-0.018452196337112668
-0.028630273002865452
-0.0024286321508171648
-0.02348635801692084
-0.004825434495748137
-0.03816039299562429
-0.011340305735381634
-0.11077390610053953
-0.009451279847512529
-0.011340305735381634
-0.06592480076062224
-0.024887553032413325
-0.02445827833773886
-0.019015989343546987
-0.026708222305052032
-0.020519327415353252
-0.004825434495748137
-0.014639492756689661
-0.018466745461994706
-0.009643842400637264
-0.023327983428882315
-0.018466745461994706
-0.028630273002865452
-0.02235496822410992
0.015137286928838726
-0.08242717123051033
-0.04235268942926776
-0.004160638114197672
-0.05074413658828261
-0.02221280379714186
-0.04405302398969193
-0.02348635801692084
