-0.03572955590086763
-0.025819440986881374
0.0015397524439126676
-0.04607728880399771
-0.03853718675772008
-0.12032311828046945
-0.03952850936850731
-0.03234424723236096
-0.06617019614506985
-0.13098068798913404
-0.07620533082515368
-0.06085386695451834
-0.013670250554874553
-0.09001181557649059
-0.052787304442422085
-0.0954646062756971
-0.003202688372832248
-0.023900614247710266
-0.16562645717470542
-0.051950512182112586
-0.043062930731739155
-0.04885148551605194
-0.03853718675772008
-0.0186858373401874
-0.07152286402983876
-0.03196140923723721
-0.06478651779111824
-0.04627755270383591
-0.04214633448282866
-0.011682502585949626
-0.03446281081126165
-0.040414765244693354
-0.03813618849989847
-0.16384076566685363
-0.09384575237203063
-0.054494018240444184
-0.013670250554874553
-0.025781443530761634
-0.004541573932226111
-0.03662317010762845
-0.021737499424999404
-0.08855649864063313
-0.02558464013437108
-0.03662317010762845
-0.026944724745964144
-0.017416582882310367
-0.025054584077382872
-0.04121616215519661
-0.035922265912270615
-0.010883463458445802
-0.06085386695451834
-0.013972292942539112
-0.0954646062756971
-0.026944724745964144
-0.039946106481533655
-0.004222053927484697
-0.05989791380016393
-0.09001181557649059
-0.00601838534053364
-0.07526849594534077
-0.04336294749111808
-0.04907568953941214
-0.07152286402983876
-0.1336796769195319
-0.0336857898478731
-0.06966414101363479
-0.017402626507976866
-0.08500415320780041
-0.03857053057967745
-0.06273331131105019
-0.06851203109073965
-0.10191092612215198
-0.025018937032848004
-0.007451473330739713
-0.008197835826836022
-0.07525808017370811
-0.058564697012515744
-0.07620533082515368
-0.027454746838901076
-0.02904259820632278
-0.017402626507976866
-0.0754904856927966
-0.035922265912270615
-0.03504241756871515
-0.04795118488819258
-0.09655705857387076
-0.0681645763609618
-0.04549973480262166
-0.07732206476935256
-0.042572998473014975
-0.01841746281462028
-0.037927261561205315
-0.12070947884928201
-0.017416582882310367
-0.017439068652632006
0.03282622052587631
-0.10191092612215198
-0.03911125105982968
-0.04607728880399771
-0.019477673817560777
-0.0674967483006516
-0.08518833013213567
-0.11128033233389911
-0.04304550675862999
-0.07157682415589085
-0.03455398018479557
-0.03603578562182876
-0.04336294749111808
-0.10029439738269885
-0.07526849594534077
-0.06617019614506985
-0.017402626507976866
-0.00536823159858018
-0.05275581871944441
-0.017402626507976866
-0.0810232093081668
-0.05908312910329788
-0.16562645717470542
-0.03329485063397273
-0.04304392919985624
-0.0810232093081668
-0.039946106481533655
-0.056144265507413416
-0.019964046211116585
-0.0915894515278581
-0.03344620775924344
-0.09127618978153729
-0.06817011583794984
0.022202997802671216
-0.007995591350873929
-0.062478400294909385
-0.08500415320780041
-0.07620533082515368
-0.031225418784165786
-0.039141150740822445
-0.013972292942539112
-0.05276784993123301
-0.024660596944698104
-0.08668413927990178
-0.0186858373401874
-0.030631227269328057
-0.06874554542605864
-0.004846044933991027
-0.05908312910329788
-0.021441583827506144
-0.02590114440709546
-0.03434161109415963
-0.06832715638099564
-0.021441583827506144
-0.0754904856927966
-0.03572955590086763
-0.039797242391485715
0.00037433744628816677
-0.04970005821585158
-0.03857053057967745
-0.04607728880399771
-0.044345114603215774
-0.04851710024510747
-0.03446281081126165
0.007627356890931482
-0.06379214621305318
-0.08707076170038626
-0.02904259820632278
-0.08252571226693703
-0.025863333531545716
-0.09001181557649059
-0.035922265912270615
-0.04214633448282866
-0.02011020729694436
-0.023075300196338643
-0.09939208929968671
0.022202997802671216
-0.03813618849989847
-0.017801488231664584
-0.057326750296163985
-0.03973683907697864
-0.06272448843569431
-0.11028337536909386
0.010283374836695355
-0.016447272339537643
-0.09143917763408445
-0.038088654872067224
-0.0674967483006516
-0.13257365930534798
-0.013940502333568265
-0.10464879162757214
-0.12032311828046945
-0.058564697012515744
-0.0810232093081668
-0.030631227269328057
-0.04804123161563815
-0.053351423115884214
-0.007451473330739713
-0.11128033233389911
-0.05840498540404623
-0.04336294749111808
-0.04804123161563815
-0.025054584077382872
-0.12229330676763268
-0.08617251193329685
-0.10029439738269885
-0.04851710024510747
-0.025018937032848004
-0.007995591350873929
-0.16384076566685363
-0.023075300196338643
-0.003202688372832248
-0.017801488231664584
-0.10677602087253402
-0.08545685880997451
-0.007995591350873929
-0.054002085876296714
-0.03915631406652306
-0.025819440986881374
-0.03946437688201322
-0.03562761007375322
-0.054494018240444184
-0.016069826068161572
-0.02904259820632278
-0.06085386695451834
-0.025863333531545716
-0.06817011583794984
-0.049050315659930996
-0.07620533082515368
-0.06832715638099564
-0.004741019816748815
-0.0915894515278581
-0.04012670670442116
-0.0949164091481622
-0.038932330259810445
-0.06304610425754165
-0.07157682415589085
-0.02590114440709546
-0.040519432263319013
-0.06966414101363479
-0.13257365930534798
-0.015591705924055248
-0.09143917763408445
-0.027454746838901076
-0.0968061163545869
-0.023075300196338643
-0.0440509275123211
-0.054494018240444184
-0.035922265912270615
-0.021441583827506144
-0.07736110046228427
-0.06176193308756052
-0.005902846816387773
-0.04524244851903497
-0.011549376809863668
-0.04242831491942635
-0.013827892219913955
-0.03446281081126165
-0.062478400294909385
-0.06304610425754165
-0.0954646062756971
-0.0725855024861639
-0.15180015546923714
-0.11198325731369795
-0.09127618978153729
-0.09351217609839477
-0.05841268639110611
-0.056144265507413416
-0.11198325731369795
-0.019964046211116585
-0.08707076170038626
-0.07574408401622272
-0.05840498540404623
-0.03955429451675463
-0.04627755270383591
-0.09931585411365788
-0.05908312910329788
-0.040414765244693354
-0.03578579810928113
-0.044345114603215774
-0.06832715638099564
-0.017416582882310367
-0.1338749902522749
-0.021441583827506144
-0.22937858025646785
-0.049050315659930996
-0.051950512182112586
-0.038932330259810445
-0.06979484529230938
-0.06617019614506985
-0.011326843291478088
-0.04999321702230003
-0.011940229142302236
-0.03798796202866729
-0.06176193308756052
-0.04121616215519661
-0.07574408401622272
-0.1336796769195319
-0.07157682415589085
-0.026944724745964144
-0.027144110105148302
0.002668625660230724
-0.04214633448282866
-0.08500415320780041
-0.00406735715827212
-0.07377693867851283
0.00037433744628816677
-0.04907568953941214
-0.02011020729694436
-0.015591705924055248
-0.0195247709673773
-0.0784982318153863
-0.0025721586578999708
-0.04640178434465667
-0.017402626507976866
-0.035922265912270615
-0.09425253682729041
-0.06817011583794984
-0.06979484529230938
-0.0725855024861639
-0.051474874726339506
-0.1338749902522749
-0.04064681066086977
-0.06874554542605864
-0.07525808017370811
-0.04607728880399771
-0.12032311828046945
-0.05035468114777059
-0.017416582882310367
-0.042572998473014975
-0.0954646062756971
-0.03662317010762845
-0.07736110046228427
-0.06273331131105019
-0.04640178434465667
-0.03572955590086763
-0.09684955230582011
-0.011549376809863668
-0.0561239211057627
-0.017801488231664584
-0.09384575237203063
-0.06851203109073965
-0.10191092612215198
0.006886675001341322
-0.035665835977583486
-0.057326750296163985
-0.06817011583794984
-0.04338392162776896
-0.04999321702230003
-0.052407130002474406
-0.031225418784165786
-0.03434161109415963
-0.11028337536909386
-0.16874371331951807
0.006886675001341322
-0.0195247709673773
0.004865551927807294
-0.06390921133992611
-0.024660596944698104
-0.04286628617560327
-0.03798796202866729
-0.027144110105148302
0.03282622052587631
-0.03234424723236096
-0.021441583827506144
-0.08518833013213567
-0.04286628617560327
-0.03504241756871515
-0.03952850936850731
-0.031225418784165786
-0.05948263393431987
-0.0025721586578999708
-0.03562761007375322
-0.09351217609839477
-0.05258004718077563
-0.035922265912270615
-0.039153085633881174
-0.011549376809863668
-0.16562645717470542
-0.09351217609839477
-0.025819440986881374
-0.07377693867851283
-0.05504476726630767
-0.04627755270383591
-0.08252571226693703
-0.052787304442422085
-0.03886587308140782
-0.09384575237203063
-0.06673877143480131
-0.0498446076957981
-0.09655705857387076
-0.05841268639110611
-0.011120272905172951
-0.003797903049830448
-0.12070947884928201
-0.03603578562182876
-0.22937858025646785
-0.0195247709673773
-0.06207435035873512
-0.038858233154789396
-0.035922265912270615
-0.04940986614481952
-0.06506224999047662
-0.03853718675772008
-0.0498446076957981
-0.09817188546528352
-0.06851203109073965
-0.027144110105148302
0.014594397072659268
-0.09817188546528352
-0.11128033233389911
-0.016069826068161572
0.0015397524439126676
-0.025819440986881374
-0.011682502585949626
-0.032673471331440725
-0.07152286402983876
-0.05036779844773682
-0.03177906803532255
-0.025863333531545716
-0.04304550675862999
-0.08545685880997451
-0.08707076170038626
-0.004846044933991027
-0.03572955590086763
-0.02934788745842056
-0.038858233154789396
-0.04242831491942635
-0.04885148551605194
-0.05504476726630767
-0.09931585411365788
-0.039153085633881174
-0.023900614247710266
-0.02904259820632278
-0.06617019614506985
-0.08855649864063313
-0.0968061163545869
-0.03857053057967745
-0.10191092612215198
-0.04970005821585158
-0.019477673817560777
-0.0498446076957981
-0.027144110105148302
-0.035665835977583486
-0.015002996883014577
-0.12032311828046945
-0.09501319896107867
-0.05935855757051452
-0.03455398018479557
-0.02560466052157226
-0.004741019816748815
-0.058564697012515744
0.006886675001341322
-0.0186858373401874
-0.004541573932226111
-0.05908312910329788
-0.043677933224101496
-0.0440509275123211
-0.058564697012515744
-0.0440509275123211
-0.019477673817560777
-0.0498446076957981
-0.037927261561205315
-0.0498446076957981
-0.04549973480262166
-0.03578579810928113
-0.03946437688201322
-0.032673471331440725
-0.054002085876296714
-0.054002085876296714
-0.053351423115884214
-0.09684955230582011
-0.04885148551605194
-0.043677933224101496
-0.11198325731369795
-0.10029439738269885
-0.0725855024861639
-0.08668413927990178
-0.017416582882310367
-0.05465629128489113
-0.038932330259810445
-0.11198325731369795
-0.08545685880997451
-0.013670250554874553
-0.09939208929968671
-0.023075300196338643
-0.008197835826836022
-0.12070947884928201
-0.09143917763408445
-0.04804123161563815
-0.02560466052157226
-0.023900614247710266
-0.08545685880997451
-0.06379214621305318
-0.06259928058520838
0.006886675001341322
0.006886675001341322
-0.11995788960642108
-0.019477673817560777
-0.016447272339537643
0.00037433744628816677
-0.038858233154789396
-0.09165918726466549
-0.0915894515278581
-0.025781443530761634
-0.03649671874332504
-0.028899898523530265
-0.08545685880997451
-0.031225418784165786
-0.06673877143480131
-0.013827892219913955
-0.024660596944698104
0.010283374836695355
-0.052787304442422085
-0.06379214621305318
-0.04012670670442116
-0.039797242391485715
-0.12262815875121653
-0.03446281081126165
-0.06424577016911973
-0.04614393026609071
-0.003202688372832248
-0.012605161153147085
-0.04851710024510747
-0.021737499424999404
-0.16874371331951807
-0.0968061163545869
-0.0725855024861639
-0.038932330259810445
-0.04607728880399771
-0.12229330676763268
-0.038943494493050825
-0.021737499424999404
-0.040519432263319013
-0.08500415320780041
-0.06541709569130874
-0.09165918726466549
-0.06272448843569431
0.004865551927807294
-0.02934788745842056
-0.05442610216712832
-0.04336294749111808
-0.012605161153147085
-0.05036779844773682
-0.0195247709673773
-0.09384575237203063
-0.04970005821585158
-0.02904259820632278
-0.12032311828046945
-0.06176193308756052
-0.0221202710002337
-0.019964046211116585
-0.03572955590086763
-0.06207435035873512
-0.0186858373401874
-0.038943494493050825
-0.07732206476935256
-0.12070947884928201
-0.09384575237203063
-0.005902846816387773
-0.04614393026609071
-0.012605161153147085
-0.03562761007375322
-0.22937858025646785
-0.05908312910329788
-0.0186858373401874
-0.04970005821585158
-0.04804123161563815
-0.03853718675772008
-0.052787304442422085
-0.035922265912270615
-0.16874371331951807
-0.13098068798913404
-0.09655705857387076
0.03282622052587631
-0.025781443530761634
-0.03434161109415963
0.03282622052587631
-0.06259928058520838
-0.011682502585949626
-0.019477673817560777
-0.08489241445637817
-0.013827892219913955
-0.03195222066600169
-0.04970005821585158
-0.038088654872067224
-0.00536823159858018
-0.06506224999047662
-0.03578579810928113
-0.011549376809863668
-0.07025292464279949
-0.011940229142302236
-0.062478400294909385
-0.0509851185838844
-0.0915894515278581
-0.058712207839308694
-0.010883463458445802
-0.07736110046228427
-0.05840498540404623
-0.0509851185838844
-0.0754904856927966
-0.027454746838901076
-0.04885148551605194
-0.10191092612215198
-0.040414765244693354
-0.09501319896107867
-0.02011020729694436
-0.023900614247710266
-0.052787304442422085
-0.023075300196338643
-0.04841234100965119
-0.10191092612215198
-0.09143917763408445
-0.07243076149728091
-0.16384076566685363
-0.039797242391485715
-0.023900614247710266
-0.08252571226693703
-0.08617251193329685
-0.017801488231664584
-0.02326901874562775
0.022202997802671216
-0.03911125105982968
-0.039141150740822445
-0.06272448843569431
-0.04841234100965119
0.002668625660230724
-0.026944724745964144
-0.00720618028453188
-0.0681645763609618
-0.006288164804927349
-0.0561239211057627
-0.015002996883014577
-0.04970005821585158
-0.1336796769195319
-0.05908312910329788
-0.054002085876296714
-0.025781443530761634
-0.011326843291478088
-0.07215550730205361
-0.13552445955742412
-0.057326750296163985
-0.10464879162757214
-0.0561239211057627
-0.056144265507413416
-0.03329485063397273
-0.008815342010113475
-0.026944724745964144
-0.035665835977583486
-0.12032311828046945
-0.015591705924055248
-0.03946437688201322
-0.05442610216712832
-0.025863333531545716
-0.00720618028453188
-0.042572998473014975
-0.06176193308756052
-0.013940502333568265
-0.06673877143480131
-0.03234424723236096
-0.10677602087253402
-0.056144265507413416
-0.03946437688201322
-0.03562761007375322
-0.062478400294909385
-0.058564697012515744
-0.00536823159858018
-0.003202688372832248
-0.02558464013437108
-0.04338392162776896
-0.04885148551605194
-0.07157682415589085
-0.09655705857387076
-0.08518833013213567
-0.03911125105982968
-0.04979513327278978
-0.004541573932226111
-0.13257365930534798
-0.06817011583794984
-0.004741019816748815
0.007627356890931482
-0.056918165428758355
-0.04970005821585158
-0.0681645763609618
-0.0784982318153863
-0.03823391993627063
-0.10677602087253402
-0.0336857898478731
-0.003202688372832248
-0.016447272339537643
-0.05908312910329788
-0.09655705857387076
-0.025819440986881374
0.007627356890931482
-0.04524244851903497
-0.07736110046228427
-0.06259928058520838
-0.052787304442422085
-0.10191092612215198
-0.07243076149728091
-0.051474874726339506
-0.004846044933991027
-0.05504476726630767
-0.04286628617560327
-0.00720618028453188
-0.015002996883014577
-0.03886587308140782
-0.06541709569130874
-0.0863039156548934
-0.03813618849989847
-0.06832715638099564
-0.032673471331440725
-0.07152286402983876
-0.03446281081126165
-0.05989791380016393
-0.09384575237203063
-0.04999321702230003
-0.005902846816387773
-0.053351423115884214
-0.11198325731369795
0.03282622052587631
-0.020567527119418682
-0.11128033233389911
-0.03955429451675463
-0.06673877143480131
-0.029227087695656587
-0.017801488231664584
-0.058564697012515744
-0.06207435035873512
-0.04338392162776896
-0.02011020729694436
-0.0440509275123211
-0.09931585411365788
-0.021441583827506144
-0.06272448843569431
-0.016441079156044158
-0.06272448843569431
0.00037433744628816677
-0.006609461661970723
-0.02560466052157226
-0.08518833013213567
-0.017439068652632006
-0.035922265912270615
-0.06673877143480131
-0.012842525911145472
-0.06085386695451834
-0.03952850936850731
-0.06390921133992611
-0.0784982318153863
-0.11128033233389911
-0.035922265912270615
-0.04907568953941214
-0.10464879162757214
-0.03195222066600169
-0.007451473330739713
-0.08668413927990178
-0.03952850936850731
-0.008815342010113475
-0.05948263393431987
-0.012842525911145472
-0.0221202710002337
-0.07732206476935256
-0.058564697012515744
-0.04338392162776896
0.010283374836695355
-0.12070947884928201
-0.06506224999047662
-0.017402626507976866
-0.03973683907697864
-0.043677933224101496
-0.056918165428758355
-0.022831654774847988
-0.022848888949381307
-0.00720618028453188
-0.04970005821585158
-0.017801488231664584
-0.0336857898478731
-0.042572998473014975
-0.040414765244693354
-0.043677933224101496
-0.012605161153147085
-0.038007466132809684
-0.06304610425754165
-0.06478651779111824
-0.017801488231664584
-0.02904259820632278
-0.04979513327278978
-0.09351217609839477
-0.040414765244693354
-0.03603578562182876
-0.07025292464279949
-0.012605161153147085
-0.04940986614481952
-0.017439068652632006
-0.09027098302441408
-0.004741019816748815
-0.09655705857387076
-0.0561239211057627
-0.03911125105982968
-0.06379214621305318
0.02015363112535685
-0.04304550675862999
-0.06085386695451834
-0.08489241445637817
-0.004741019816748815
-0.03562761007375322
-0.06390921133992611
-0.09027098302441408
-0.06966414101363479
-0.07215550730205361
-0.005902846816387773
0.03282622052587631
-0.062478400294909385
-0.031225418784165786
-0.0561239211057627
-0.011682502585949626
-0.06874554542605864
-0.027448171535474422
-0.05841268639110611
-0.012605161153147085
-0.06541709569130874
-0.056144265507413416
-0.0674967483006516
-0.0186858373401874
-0.011326843291478088
-0.02326901874562775
-0.06588391699044743
-0.006288164804927349
-0.040414765244693354
-0.025018937032848004
-0.09817188546528352
-0.06085386695451834
-0.012842525911145472
-0.06966414101363479
-0.05948263393431987
-0.012605161153147085
-0.005902846816387773
-0.04804123161563815
-0.10029439738269885
-0.0954646062756971
-0.06966414101363479
-0.0725855024861639
0.010283374836695355
-0.011940229142302236
-0.04304392919985624
-0.03196140923723721
-0.08744171040202053
-0.052787304442422085
-0.0754904856927966
0.0015397524439126676
-0.03196140923723721
-0.06273331131105019
-0.07732206476935256
-0.06506224999047662
-0.11198325731369795
-0.019477673817560777
-0.030631227269328057
-0.05165808944400221
-0.03952850936850731
-0.15180015546923714
-0.030631227269328057
-0.04885148551605194
-0.011682502585949626
-0.039797242391485715
-0.0450189748901636
-0.030631227269328057
-0.004222053927484697
-0.06506224999047662
-0.029227087695656587
-0.09384575237203063
-0.11128033233389911
-0.03446281081126165
-0.04338392162776896
-0.05504476726630767
-0.035665835977583486
-0.11128033233389911
-0.025054584077382872
-0.10191092612215198
-0.010267087311083637
-0.043062930731739155
-0.013972292942539112
-0.07736110046228427
-0.056144265507413416
-0.043062930731739155
-0.05035468114777059
-0.08545685880997451
-0.0561239211057627
-0.03603578562182876
-0.017439068652632006
-0.0221202710002337
-0.025054584077382872
-0.06478651779111824
-0.024660596944698104
-0.0949164091481622
-0.038858233154789396
-0.09425253682729041
-0.056918165428758355
-0.017439068652632006
-0.07526849594534077
-0.06966414101363479
-0.16384076566685363
-0.0336857898478731
-0.024660596944698104
-0.03911125105982968
-0.08489241445637817
-0.051950512182112586
-0.1338749902522749
-0.03344620775924344
-0.05442610216712832
0.0015397524439126676
-0.04885148551605194
-0.10677602087253402
-0.03434161109415963
-0.04795118488819258
-0.09684955230582011
0.0015397524439126676
-0.04970005821585158
-0.058564697012515744
-0.05276784993123301
-0.018160658719708973
-0.04336294749111808
-0.0509851185838844
-0.012605161153147085
-0.16384076566685363
-0.057326750296163985
-0.025819440986881374
-0.04012670670442116
-0.021441583827506144
-0.05035468114777059
-0.038007466132809684
-0.03177906803532255
-0.04304392919985624
-0.06478651779111824
-0.029227087695656587
-0.13098068798913404
-0.02904259820632278
-0.03915631406652306
-0.03177906803532255
-0.08855649864063313
-0.02904259820632278
0.0015397524439126676
-0.06851203109073965
-0.038932330259810445
-0.04242831491942635
-0.1336796769195319
-0.006609461661970723
-0.08252571226693703
-0.07620533082515368
-0.08668413927990178
-0.07025292464279949
-0.018550081189539165
-0.00406735715827212
-0.15180015546923714
-0.04568189593634207
-0.04064681066086977
-0.017402626507976866
-0.0509851185838844
-0.07526849594534077
-0.051950512182112586
-0.04940986614481952
-0.03662317010762845
-0.03446281081126165
-0.03578579810928113
-0.023900614247710266
-0.04304550675862999
-0.03952850936850731
-0.03798796202866729
-0.05908312910329788
-0.03662317010762845
-0.02904259820632278
-0.027454746838901076
-0.013827892219913955
-0.012842525911145472
-0.03649671874332504
0.00037433744628816677
-0.03329485063397273
-0.0951559241866327
-0.0186858373401874
-0.10677602087253402
-0.022848888949381307
-0.017801488231664584
-0.06617019614506985
-0.004541573932226111
-0.043062930731739155
-0.08707076170038626
-0.00601838534053364
-0.09351217609839477
-0.013940502333568265
0.004865551927807294
-0.0725855024861639
-0.11028337536909386
-0.04970005821585158
-0.08252571226693703
-0.06272448843569431
-0.03196140923723721
-0.1338749902522749
0.010283374836695355
-0.0674967483006516
-0.1338749902522749
-0.02560466052157226
-0.026944724745964144
-0.056144265507413416
-0.013972292942539112
-0.09939208929968671
0.02015363112535685
