-0.07419209622130311
-0.10814174106024901
-0.03130012011785374
-0.04210399885065027
-0.10185175723005424
-0.06896319022012404
-0.2333220616613467
-0.09945519744468467
-0.056280290901226396
-0.030146250190583597
-0.011077382120956625
-0.1580726869217782
-0.0792052528223474
-0.04382811411795321
-0.0633459907307182
-0.11370459445836022
-0.054983548986541696
-0.11286483017764128
-0.06262280497075624
-0.04210399885065027
-0.05353441727723615
-0.11370459445836022
-0.08566381929142591
-0.10130800873908007
-0.07419209622130311
-0.0501158635932165
-0.038131138653902615
-0.09237857407899842
-0.1501192807624317
0.003353056884670055
-0.059894621830824786
-0.0897504449145646
-0.10639936489189054
-0.09237857407899842
-0.05853010672531012
-0.04172510979195004
-0.012934234152957514
-0.011077382120956625
-0.03718732590702661
-0.04019277863103965
-0.060139404119558905
-0.06896319022012404
-0.11476910327169274
-0.021154747938524676
-0.011237587801060838
-0.1580726869217782
-0.03469521896830737
-0.037031002191101066
-0.021154747938524676
-0.07733228374842387
-0.037040889705804526
-0.11741036974569188
-0.036949615344104354
-0.028703207985181715
-0.07733228374842387
-0.09008632521296626
-0.10455965261209546
-0.16870126583386785
-0.028703207985181715
-0.11189227638814925
-0.07419209622130311
-0.12668640391070327
-0.06705763671406591
-0.11370459445836022
-0.07134226806091298
-0.08046986778752031
-0.08983079738598783
-0.07433027639696696
-0.04138566818414013
-0.03592548585535507
-0.12668640391070327
-0.0633459907307182
-0.07954897725589476
-0.07511989210766346
-0.1501192807624317
-0.060430109683731234
-0.05375159364255348
-0.014001240274014977
-0.07419209622130311
-0.03469521896830737
-0.05344193612261529
-0.08434790376827483
-0.11630887882949116
-0.1546341949011426
-0.018720568033678258
-0.09324355229947451
-0.10901356382415456
-0.11370459445836022
-0.07576108668284197
-0.10130800873908007
-0.04210399885065027
-0.08806648138423682
-0.03130012011785374
-0.017208054303097593
-0.15036522718546297
-0.08046986778752031
-0.037031002191101066
-0.05375159364255348
-0.10130800873908007
-0.03976790097229031
-0.03469521896830737
-0.07844185400191842
-0.07810733329395357
-0.06008033109009747
-0.022645881232141844
-0.220932625050509
-0.03592548585535507
-0.03783472867422961
-0.07761264427544158
-0.0633459907307182
-0.05853010672531012
-0.04382811411795321
-0.012301778351545093
-0.11189227638814925
-0.11741036974569188
-0.192136698219551
-0.08046986778752031
-0.016707134896545992
-0.007412930145700056
0.03134384899836948
-0.00734092623551709
-0.07733228374842387
-0.056280290901226396
-0.04086683608093666
-0.04877896365170313
-0.0885917524240689
-0.09442604878526166
-0.06431566040227996
-0.06262280497075624
-0.10901356382415456
-0.04877896365170313
-0.021154747938524676
-0.1500369740783149
-0.008502194795284374
-0.04086683608093666
-0.037040889705804526
-0.04382811411795321
-0.0792052528223474
-0.06981446170785373
-0.10814174106024901
-0.056280290901226396
-0.07550303382307047
0.005457824394946795
-0.06896319022012404
-0.022275459322561985
-0.07550303382307047
-0.04230243503148699
-0.04210399885065027
-0.060139404119558905
-0.011237587801060838
-0.08434790376827483
-0.060139404119558905
-0.04086683608093666
-0.0885917524240689
-0.16870126583386785
-0.05793900081772451
-0.060430109683731234
-0.037031002191101066
-0.03976790097229031
-0.06431566040227996
-0.07967873938077191
-0.07433027639696696
-0.06262280497075624
-0.11601284914547759
-0.10324070565499623
-0.04138566818414013
-0.007905189976503104
-0.16952016619589722
-0.10075776440738698
-0.08350973630979405
-0.08806648138423682
-0.022275459322561985
-0.18840373612042147
-0.10639936489189054
-0.06705763671406591
-0.059894621830824786
-0.022645881232141844
-0.1501192807624317
-0.09442604878526166
-0.14587235922366448
-0.036949615344104354
-0.06632961193815105
-0.06705763671406591
-0.07761264427544158
-0.04382811411795321
-0.018720568033678258
-0.07511989210766346
0.003353056884670055
-0.037040889705804526
-0.00734092623551709
-0.09324355229947451
-0.038390186393386254
-0.11741036974569188
-0.09066696256322253
0.003353056884670055
-0.04019277863103965
-0.03130012011785374
-0.0897504449145646
-0.09066696256322253
-0.021154747938524676
-0.02312555528494736
-0.11630887882949116
-0.07733228374842387
-0.03592548585535507
-0.18840373612042147
-0.021154747938524676
-0.11601284914547759
-0.21453383562621323
-0.1500369740783149
-0.07844185400191842
-0.03592548585535507
-0.07844185400191842
-0.05344193612261529
0.005457824394946795
-0.08434790376827483
-0.05375159364255348
-0.015977369294855156
-0.08350973630979405
-0.07134226806091298
-0.030927305599627093
-0.12197048112977286
-0.07643326315515746
-0.0501158635932165
-0.07844185400191842
-0.03976790097229031
-0.02312555528494736
-0.15036522718546297
-0.08983079738598783
0.003353056884670055
-0.04646745328024564
-0.0501158635932165
-0.027060595632008085
-0.022339238262417623
-0.04646745328024564
-0.037031002191101066
-0.053527986313938666
-0.11189227638814925
-0.022645881232141844
-0.06936644945787984
-0.06896319022012404
-0.1501192807624317
-0.028703207985181715
-0.056280290901226396
-0.08806648138423682
-0.030146250190583597
-0.09945519744468467
-0.011237587801060838
-0.08224806423485005
-0.05375159364255348
-0.04646745328024564
-0.16870126583386785
-0.05353441727723615
-0.09816584047454577
-0.022339238262417623
-0.09008632521296626
-0.07511989210766346
-0.015977369294855156
-0.10185175723005424
-0.06431566040227996
-0.022645881232141844
-0.1580726869217782
-0.017208054303097593
-0.031572885917543266
-0.1500369740783149
-0.0633459907307182
-0.022275459322561985
-0.04573030712660182
-0.10582662808165204
-0.05636527183305572
-0.0811366408463725
-0.08224806423485005
-0.03718732590702661
-0.2015268581846862
-0.07550303382307047
-0.030146250190583597
-0.08049102367520933
-0.036949615344104354
-0.038131138653902615
-0.08350973630979405
-0.09066696256322253
-0.04172510979195004
-0.060430109683731234
-0.011237587801060838
-0.09066696256322253
-0.02312555528494736
-0.06632961193815105
-0.04667642729585851
-0.12668640391070327
-0.04382811411795321
-0.060139404119558905
-0.03718732590702661
-0.014668071400595211
-0.03850654838329712
-0.2015268581846862
-0.16870126583386785
-0.030146250190583597
-0.07844185400191842
-0.05853010672531012
-0.037031002191101066
-0.017208054303097593
-0.059894621830824786
-0.016707134896545992
-0.07844185400191842
-0.0811366408463725
-0.07801440271564446
-0.059894621830824786
-0.06705763671406591
-0.07954897725589476
-0.0763702715139403
-0.031572885917543266
-0.192136698219551
-0.037040889705804526
-0.192136698219551
-0.16870126583386785
-0.007412930145700056
-0.09596594433094097
-0.04877896365170313
-0.0014772820446423188
-0.2333220616613467
-0.04877896365170313
-0.220932625050509
-0.09816584047454577
-0.0501158635932165
-0.21453383562621323
-0.05353441727723615
-0.08434790376827483
-0.06705763671406591
-0.022339238262417623
-0.054983548986541696
-0.07589553490138394
-0.14587235922366448
-0.0501158635932165
-0.07761264427544158
-0.0501158635932165
-0.07433027639696696
-0.10814174106024901
-0.038131138653902615
-0.07511989210766346
-0.06283466264391722
-0.0885917524240689
-0.017208054303097593
-0.192136698219551
-0.06431566040227996
-0.04646745328024564
-0.058209107312591594
-0.08224806423485005
-0.08046986778752031
-0.06705763671406591
-0.1254711378889858
-0.027060595632008085
-0.1546341949011426
-0.09237857407899842
-0.04964571202126404
-0.014001240274014977
-0.05344193612261529
-0.14587235922366448
-0.04382811411795321
-0.059894621830824786
-0.10901356382415456
-0.07643326315515746
-0.21453383562621323
-0.022645881232141844
-0.06841679162981741
-0.014668071400595211
-0.06705763671406591
-0.011077382120956625
-0.07419209622130311
-0.18840373612042147
-0.14474529979695872
-0.0885917524240689
-0.08224806423485005
-0.07419209622130311
-0.059894621830824786
-0.07733228374842387
-0.008502194795284374
-0.21453383562621323
-0.12668640391070327
-0.1501192807624317
0.003353056884670055
-0.03783472867422961
-0.10455965261209546
-0.10075776440738698
-0.0792052528223474
-0.028703207985181715
-0.022339238262417623
-0.07221246788904953
-0.14587235922366448
-0.04646745328024564
-0.07576108668284197
-0.10185175723005424
-0.05353441727723615
-0.07589553490138394
-0.021154747938524676
-0.09324355229947451
-0.10075776440738698
-0.11189227638814925
-0.14587235922366448
-0.023724429639444412
-0.11370459445836022
-0.12197048112977286
-0.08983079738598783
-0.07810733329395357
-0.06008033109009747
-0.08046986778752031
-0.008502194795284374
-0.06981446170785373
-0.07761264427544158
-0.04877896365170313
-0.06079132270471394
-0.09442604878526166
-0.04730996080670806
-0.022645881232141844
0.005457824394946795
-0.04667642729585851
-0.11601284914547759
-0.10130800873908007
-0.11189227638814925
-0.037031002191101066
-0.1546341949011426
-0.0792052528223474
-0.022275459322561985
-0.1580726869217782
-0.06283466264391722
-0.05793900081772451
-0.02924945791448866
-0.07134226806091298
-0.026235998917841574
-0.014001240274014977
-0.015977369294855156
-0.06431566040227996
-0.10639936489189054
-0.21453383562621323
-0.06705763671406591
-0.06841679162981741
-0.04730996080670806
-0.02924945791448866
-0.15036522718546297
-0.04210399885065027
-0.057438514822079005
-0.1501192807624317
-0.060430109683731234
-0.06490233113717385
-0.10901356382415456
-0.058209107312591594
-0.058209107312591594
-0.1546341949011426
-0.06936644945787984
-0.11741036974569188
-0.022275459322561985
-0.2333220616613467
-0.020028598841400905
-0.03718732590702661
-0.04573030712660182
-0.21453383562621323
-0.056280290901226396
-0.023724429639444412
-0.05853010672531012
-0.05375159364255348
-0.027060595632008085
-0.08566381929142591
-0.08224806423485005
-0.07511989210766346
-0.060139404119558905
-0.05793900081772451
-0.05072793449092691
-0.07576108668284197
-0.0792052528223474
-0.054983548986541696
-0.12197048112977286
-0.07844185400191842
-0.014668071400595211
-0.07810733329395357
-0.037031002191101066
-0.07644104393209535
-0.06079132270471394
-0.021154747938524676
-0.07733228374842387
-0.08806648138423682
-0.03469521896830737
-0.04646745328024564
-0.014001240274014977
-0.06431566040227996
-0.00734092623551709
-0.05375159364255348
-0.07433027639696696
-0.09816584047454577
-0.026235998917841574
-0.031572885917543266
-0.14474529979695872
-0.07954897725589476
-0.007412930145700056
-0.06431566040227996
-0.10185175723005424
-0.1546341949011426
-0.03130012011785374
-0.06705763671406591
-0.14474529979695872
-0.07954897725589476
-0.10130800873908007
-0.07550303382307047
-0.028703207985181715
-0.04877896365170313
-0.05353441727723615
-0.09324355229947451
-0.012934234152957514
-0.11741036974569188
-0.08643752711127828
-0.07419209622130311
0.003353056884670055
-0.07967873938077191
-0.06079132270471394
-0.012301778351545093
-0.11601284914547759
-0.08224806423485005
-0.06008033109009747
-0.16952016619589722
-0.04210399885065027
-0.05636527183305572
-0.07576108668284197
-0.05793900081772451
-0.06431566040227996
-0.08566381929142591
-0.06079132270471394
-0.11630887882949116
-0.014668071400595211
-0.0792052528223474
-0.06079132270471394
-0.007905189976503104
-0.11630887882949116
-0.04964571202126404
-0.06632961193815105
-0.192136698219551
-0.07511989210766346
-0.07550303382307047
-0.07954897725589476
-0.220932625050509
-0.020028598841400905
-0.07801440271564446
-0.06896319022012404
-0.022645881232141844
-0.05636527183305572
-0.21453383562621323
-0.09816584047454577
-0.06705763671406591
-0.11476910327169274
-0.016707134896545992
-0.09442604878526166
-0.10130800873908007
-0.1023530916831618
-0.07844185400191842
-0.08983079738598783
-0.16870126583386785
-0.21453383562621323
-0.09237857407899842
-0.07644104393209535
-0.05636527183305572
-0.03228269542064986
-0.07550303382307047
-0.1580726869217782
-0.10185175723005424
-0.08434790376827483
-0.10901356382415456
-0.16870126583386785
-0.07644104393209535
-0.00734092623551709
-0.06896319022012404
-0.022275459322561985
-0.07733228374842387
-0.06936644945787984
-0.09442604878526166
-0.06079132270471394
-0.06079132270471394
-0.020028598841400905
-0.06490233113717385
-0.060430109683731234
-0.1023530916831618
-0.10639936489189054
-0.02312555528494736
-0.011237587801060838
-0.0014772820446423188
-0.03976790097229031
-0.04138566818414013
-0.07644104393209535
-0.10185175723005424
-0.11601284914547759
-0.016707134896545992
0.003353056884670055
-0.057438514822079005
-0.011237587801060838
-0.0897504449145646
-0.09442604878526166
-0.08566381929142591
-0.056280290901226396
-0.0501158635932165
-0.06079132270471394
-0.007905189976503104
-0.1023530916831618
-0.06079132270471394
-0.022645881232141844
-0.03850654838329712
-0.10639936489189054
-0.10075776440738698
-0.0763702715139403
-0.020028598841400905
-0.0811366408463725
-0.0811366408463725
-0.058209107312591594
-0.036949615344104354
-0.057438514822079005
-0.07419209622130311
-0.10582662808165204
-0.07801440271564446
-0.1580726869217782
-0.06262280497075624
-0.06841679162981741
-0.07643326315515746
-0.11135119811573783
-0.07589553490138394
-0.07419209622130311
-0.016707134896545992
-0.220932625050509
-0.059894621830824786
-0.031572885917543266
-0.017208054303097593
-0.008502194795284374
-0.04230243503148699
-0.16952016619589722
-0.008502194795284374
-0.07643326315515746
-0.10639936489189054
-0.2015268581846862
-0.014001240274014977
-0.07134226806091298
-0.00734092623551709
-0.06841679162981741
-0.016707134896545992
-0.1254711378889858
-0.011237587801060838
-0.11189227638814925
-0.06140680418638311
-0.018720568033678258
-0.0897504449145646
-0.06283466264391722
-0.02312555528494736
-0.09442604878526166
-0.030146250190583597
-0.11189227638814925
-0.04358707027171066
-0.11370459445836022
-0.04358707027171066
-0.016707134896545992
-0.05375159364255348
-0.07967873938077191
-0.21453383562621323
-0.04964571202126404
-0.12197048112977286
-0.09324355229947451
-0.011237587801060838
-0.053527986313938666
-0.05375159364255348
-0.018720568033678258
-0.05072793449092691
-0.038390186393386254
-0.030146250190583597
-0.007412930145700056
-0.07643326315515746
-0.060139404119558905
-0.06841679162981741
-0.07589553490138394
-0.1501192807624317
-0.03850654838329712
-0.007412930145700056
-0.07433027639696696
0.005457824394946795
-0.10185175723005424
-0.10582662808165204
-0.18840373612042147
-0.04358707027171066
-0.03718732590702661
-0.05072793449092691
-0.1023530916831618
-0.06981446170785373
-0.04646745328024564
-0.18840373612042147
-0.04382811411795321
-0.1580726869217782
-0.038390186393386254
-0.06896319022012404
-0.05793900081772451
-0.11741036974569188
-0.06936644945787984
-0.16870126583386785
-0.060430109683731234
-0.08046986778752031
-0.06490233113717385
-0.07733228374842387
-0.03976790097229031
-0.07576108668284197
-0.16952016619589722
-0.11741036974569188
-0.08224806423485005
-0.1254711378889858
-0.038390186393386254
-0.031572885917543266
-0.07576108668284197
0.003353056884670055
-0.03976790097229031
-0.06936644945787984
-0.09324355229947451
-0.022645881232141844
-0.06431566040227996
-0.060139404119558905
-0.05344193612261529
-0.11601284914547759
-0.08806648138423682
-0.07844185400191842
-0.027060595632008085
-0.08806648138423682
-0.06140680418638311
-0.220932625050509
-0.09442604878526166
-0.05091377701771266
-0.04964571202126404
-0.026235998917841574
-0.07221246788904953
-0.06936644945787984
-0.08049102367520933
-0.03850654838329712
-0.18840373612042147
-0.2333220616613467
-0.08566381929142591
-0.10075776440738698
-0.1546341949011426
-0.08983079738598783
-0.059894621830824786
-0.05344193612261529
-0.09596594433094097
-0.058209107312591594
-0.12668640391070327
-0.037031002191101066
-0.0885917524240689
-0.022275459322561985
-0.03783472867422961
-0.1023530916831618
-0.1580726869217782
-0.08806648138423682
-0.09324355229947451
-0.017208054303097593
-0.011077382120956625
-0.008502194795284374
-0.022275459322561985
-0.10185175723005424
-0.10324070565499623
-0.05853010672531012
-0.053527986313938666
-0.05353441727723615
-0.2015268581846862
-0.1500369740783149
-0.015977369294855156
-0.03130012011785374
-0.03718732590702661
-0.16870126583386785
-0.011077382120956625
-0.04730996080670806
-0.04877896365170313
-0.014668071400595211
-0.007412930145700056
-0.10324070565499623
-0.12950477751735906
-0.06936644945787984
-0.06490233113717385
-0.11601284914547759
-0.10455965261209546
-0.06936644945787984
-0.06981446170785373
0.003353056884670055
-0.0811366408463725
-0.07844185400191842
-0.06981446170785373
-0.07221246788904953
-0.16952016619589722
-0.04573030712660182
-0.1501192807624317
-0.06936644945787984
-0.21453383562621323
-0.0897504449145646
-0.012934234152957514
-0.04877896365170313
-0.020028598841400905
-0.06431566040227996
-0.060430109683731234
-0.06283466264391722
-0.0763702715139403
-0.09816584047454577
-0.04086683608093666
-0.014668071400595211
-0.08046986778752031
-0.04172510979195004
-0.07967873938077191
-0.03469521896830737
-0.08434790376827483
-0.059894621830824786
-0.0763702715139403
-0.03130012011785374
-0.031572885917543266
-0.057438514822079005
-0.05344193612261529
-0.011237587801060838
-0.056280290901226396
-0.07419209622130311
-0.07761264427544158
-0.11601284914547759
-0.03130012011785374
0.03134384899836948
-0.07699129131732389
-0.016707134896545992
-0.038131138653902615
-0.21453383562621323
-0.09945519744468467
-0.08643752711127828
-0.06936644945787984
-0.07576108668284197
-0.10324070565499623
-0.10814174106024901
-0.02924945791448866
-0.10075776440738698
-0.023724429639444412
-0.059894621830824786
-0.03718732590702661
-0.037031002191101066
-0.030146250190583597
0.003353056884670055
-0.11601284914547759
-0.07954897725589476
-0.09945519744468467
-0.027060595632008085
-0.057438514822079005
-0.058209107312591594
-0.08566381929142591
-0.06140680418638311
-0.09324355229947451
-0.06841679162981741
-0.022275459322561985
-0.10324070565499623
-0.04730996080670806
-0.08983079738598783
-0.07550303382307047
-0.1254711378889858
-0.04382811411795321
-0.014668071400595211
-0.07967873938077191
-0.07221246788904953
-0.02312555528494736
-0.06490233113717385
-0.012934234152957514
-0.10582662808165204
-0.09008632521296626
-0.04172510979195004
-0.022339238262417623
-0.0633459907307182
-0.2333220616613467
-0.08566381929142591
-0.022339238262417623
-0.020028598841400905
-0.03592548585535507
-0.11741036974569188
-0.028703207985181715
-0.023724429639444412
-0.1254711378889858
-0.07419209622130311
-0.08806648138423682
-0.03228269542064986
-0.06008033109009747
-0.06981446170785373
-0.06632961193815105
-0.11601284914547759
-0.06981446170785373
-0.07967873938077191
-0.11741036974569188
-0.06705763671406591
-0.11476910327169274
-0.09237857407899842
-0.011237587801060838
-0.056280290901226396
-0.1580726869217782
-0.04877896365170313
-0.021154747938524676
-0.07844185400191842
-0.04646745328024564
-0.03718732590702661
-0.04019277863103965
-0.03718732590702661
-0.11189227638814925
-0.0763702715139403
-0.10639936489189054
-0.08350973630979405
-0.06431566040227996
-0.07967873938077191
-0.09008632521296626
-0.06981446170785373
-0.014001240274014977
-0.054983548986541696
-0.02924945791448866
-0.06008033109009747
-0.06632961193815105
-0.06431566040227996
-0.008502194795284374
-0.0792052528223474
-0.11476910327169274
-0.026235998917841574
-0.07643326315515746
-0.022339238262417623
-0.04210399885065027
-0.014001240274014977
-0.07134226806091298
-0.06705763671406591
-0.0014772820446423188
-0.012934234152957514
-0.09816584047454577
-0.09008632521296626
-0.011237587801060838
-0.07844185400191842
-0.04964571202126404
-0.056280290901226396
-0.04877896365170313
-0.06155809210727289
-0.16952016619589722
-0.08566381929142591
-0.08566381929142591
-0.0811366408463725
-0.057438514822079005
-0.08643752711127828
-0.06140680418638311
-0.08806648138423682
-0.014668071400595211
-0.1254711378889858
-0.11189227638814925
-0.06936644945787984
-0.10130800873908007
-0.04646745328024564
-0.008502194795284374
-0.11286483017764128
-0.06705763671406591
-0.220932625050509
-0.03783472867422961
-0.057438514822079005
-0.038390186393386254
-0.06632961193815105
-0.14587235922366448
-0.07810733329395357
-0.16870126583386785
-0.07699129131732389
-0.14474529979695872
-0.0501158635932165
-0.03783472867422961
-0.10075776440738698
-0.1546341949011426
-0.038390186393386254
-0.06490233113717385
-0.08350973630979405
-0.06155809210727289
-0.037031002191101066
-0.03783472867422961
-0.11601284914547759
-0.06936644945787984
-0.011237587801060838
-0.06705763671406591
-0.028703207985181715
-0.05091377701771266
-0.031572885917543266
-0.054983548986541696
-0.08046986778752031
-0.1546341949011426
-0.06155809210727289
-0.10814174106024901
-0.037040889705804526
-0.07221246788904953
-0.0633459907307182
-0.07733228374842387
-0.1254711378889858
-0.08806648138423682
-0.030927305599627093
-0.05344193612261529
-0.05375159364255348
-0.03850654838329712
-0.06936644945787984
-0.220932625050509
-0.15036522718546297
-0.060430109683731234
-0.08224806423485005
-0.06705763671406591
-0.05636527183305572
-0.07550303382307047
-0.038390186393386254
-0.07221246788904953
-0.10582662808165204
-0.11601284914547759
-0.036949615344104354
-0.03976790097229031
-0.06262280497075624
