-0.07000655995212203
0.012749025623385824
0.008538504898864065
-0.007317443359958446
-0.0041315685295321885
0.008538504898864065
0.014153226249918717
-0.04933758836414844
-0.0159581263461848
-0.04734239077401071
0.0324200758113681
-0.016399813649278835
-0.03330653702492325
0.004089951241798707
-0.04933758836414844
0.008538504898864065
0.012749025623385824
0.004384044925125983
-0.01848547999830285
0.004384044925125983
-0.02869414105991785
-0.0654352854567555
-0.020028961281493018
-0.020028961281493018
-0.04933758836414844
-0.02869414105991785
-0.0654352854567555
0.008515560472693199
0.008515560472693199
-0.07000655995212203
-0.03330653702492325
-0.01848547999830285
0.0051256539561074675
-0.026492768096405044
-0.0041315685295321885
0.004384044925125983
-0.013160069390521252
0.012749025623385824
-0.07000655995212203
0.004089951241798707
-0.026492768096405044
-0.01617599826298187
-0.026492768096405044
0.004089951241798707
0.0051256539561074675
-0.07000655995212203
-0.037335500488453105
-0.0041315685295321885
-0.022884305640500785
0.004089951241798707
-0.02869414105991785
-0.016399813649278835
-0.013160069390521252
-0.01617599826298187
0.0051256539561074675
0.05666670804788967
0.004089951241798707
-0.016399813649278835
0.004384044925125983
-0.018852439721120037
-0.007317443359958446
-0.026492768096405044
-0.022884305640500785
-0.018852439721120037
-0.026492768096405044
0.0051256539561074675
-0.007317443359958446
-0.018852439721120037
0.004384044925125983
-0.022884305640500785
-0.0041315685295321885
-0.007317443359958446
-0.0159581263461848
-0.016399813649278835
-0.022884305640500785
0.008538504898864065
-0.022884305640500785
0.05666670804788967
-0.037335500488453105
-0.007317443359958446
0.014153226249918717
0.008538504898864065
-0.026492768096405044
-0.0159581263461848
-0.037335500488453105
-0.01848547999830285
-0.024080143687092884
-0.024080143687092884
-0.016399813649278835
0.0324200758113681
-0.0159581263461848
0.0051256539561074675
0.004089951241798707
-0.02869414105991785
-0.026492768096405044
-0.04734239077401071
0.008538504898864065
0.008515560472693199
0.05666670804788967
0.008538504898864065
-0.04734239077401071
-0.04734239077401071
-0.007317443359958446
-0.0654352854567555
0.0324200758113681
0.004384044925125983
-0.01848547999830285
-0.037335500488453105
0.008515560472693199
-0.016399813649278835
0.0324200758113681
-0.007317443359958446
0.004384044925125983
-0.016399813649278835
-0.02869414105991785
0.05666670804788967
-0.026492768096405044
-0.024080143687092884
-0.024080143687092884
-0.02869414105991785
0.0324200758113681
-0.04734239077401071
0.05666670804788967
0.008515560472693199
-0.007317443359958446
-0.03330653702492325
-0.016399813649278835
-0.026492768096405044
-0.01848547999830285
-0.037335500488453105
-0.018852439721120037
-0.01617599826298187
-0.03330653702492325
0.0051256539561074675
-0.037335500488453105
-0.024080143687092884
0.0051256539561074675
-0.04734239077401071
-0.016399813649278835
-0.022884305640500785
-0.0159581263461848
-0.007317443359958446
0.004089951241798707
0.012749025623385824
0.004384044925125983
-0.022884305640500785
0.008515560472693199
-0.0159581263461848
-0.04734239077401071
-0.0654352854567555
-0.022884305640500785
-0.016399813649278835
0.004384044925125983
-0.018852439721120037
-0.024080143687092884
-0.024080143687092884
-0.07000655995212203
-0.024080143687092884
-0.04933758836414844
-0.03330653702492325
0.008538504898864065
-0.026492768096405044
-0.007317443359958446
0.014153226249918717
-0.07000655995212203
-0.022884305640500785
-0.01848547999830285
-0.0159581263461848
-0.0159581263461848
-0.03330653702492325
-0.03330653702492325
-0.024080143687092884
-0.007317443359958446
0.008515560472693199
-0.01848547999830285
-0.0159581263461848
-0.07000655995212203
-0.01848547999830285
0.0051256539561074675
-0.01848547999830285
-0.0159581263461848
-0.02869414105991785
0.004384044925125983
-0.01848547999830285
-0.0654352854567555
-0.04933758836414844
-0.03330653702492325
-0.0654352854567555
-0.026492768096405044
-0.024080143687092884
0.004089951241798707
-0.0654352854567555
0.0324200758113681
-0.04933758836414844
0.004089951241798707
-0.0041315685295321885
-0.02869414105991785
-0.0654352854567555
0.012749025623385824
-0.03330653702492325
0.004384044925125983
-0.007317443359958446
0.012749025623385824
0.012749025623385824
-0.04734239077401071
0.008538504898864065
0.008515560472693199
-0.04734239077401071
-0.016399813649278835
0.012749025623385824
0.008538504898864065
0.008515560472693199
0.004089951241798707
0.012749025623385824
-0.07000655995212203
-0.013160069390521252
-0.01848547999830285
0.05666670804788967
-0.016399813649278835
-0.04734239077401071
-0.0654352854567555
0.05666670804788967
-0.026492768096405044
-0.037335500488453105
-0.04933758836414844
0.0051256539561074675
0.05666670804788967
0.014153226249918717
-0.022884305640500785
0.004089951241798707
-0.022884305640500785
-0.013160069390521252
-0.07000655995212203
0.05666670804788967
-0.022884305640500785
-0.01848547999830285
0.05666670804788967
0.05666670804788967
-0.01848547999830285
-0.013160069390521252
-0.026492768096405044
0.008515560472693199
0.004384044925125983
0.0051256539561074675
0.008538504898864065
-0.02869414105991785
-0.020028961281493018
-0.007317443359958446
-0.04734239077401071
0.008515560472693199
-0.026492768096405044
0.004089951241798707
0.004089951241798707
-0.024080143687092884
-0.013160069390521252
-0.020028961281493018
-0.022884305640500785
-0.04933758836414844
-0.007317443359958446
-0.0041315685295321885
-0.02869414105991785
-0.0654352854567555
-0.0654352854567555
-0.02869414105991785
-0.04734239077401071
-0.020028961281493018
-0.07000655995212203
-0.037335500488453105
-0.0159581263461848
-0.04734239077401071
-0.01848547999830285
0.004384044925125983
-0.020028961281493018
-0.007317443359958446
0.014153226249918717
0.05666670804788967
0.004089951241798707
0.0051256539561074675
0.0051256539561074675
-0.0041315685295321885
-0.037335500488453105
-0.03330653702492325
-0.03330653702492325
-0.07000655995212203
0.05666670804788967
-0.024080143687092884
-0.04734239077401071
0.008538504898864065
-0.04933758836414844
0.012749025623385824
-0.007317443359958446
-0.03330653702492325
-0.01848547999830285
0.004384044925125983
-0.022884305640500785
0.05666670804788967
0.004089951241798707
-0.016399813649278835
0.004089951241798707
-0.0159581263461848
-0.0159581263461848
0.0324200758113681
-0.07000655995212203
-0.007317443359958446
0.0324200758113681
-0.024080143687092884
-0.007317443359958446
-0.016399813649278835
0.008515560472693199
-0.02869414105991785
0.014153226249918717
0.05666670804788967
-0.018852439721120037
-0.01617599826298187
-0.07000655995212203
0.004384044925125983
-0.024080143687092884
0.012749025623385824
0.004089951241798707
0.008538504898864065
-0.016399813649278835
-0.026492768096405044
-0.013160069390521252
-0.0041315685295321885
0.008515560472693199
-0.037335500488453105
-0.016399813649278835
-0.018852439721120037
-0.024080143687092884
-0.07000655995212203
-0.026492768096405044
-0.026492768096405044
-0.0654352854567555
0.012749025623385824
0.0051256539561074675
0.0051256539561074675
0.014153226249918717
-0.037335500488453105
-0.024080143687092884
-0.020028961281493018
0.008538504898864065
0.008538504898864065
-0.0041315685295321885
-0.007317443359958446
0.004089951241798707
-0.0159581263461848
-0.0159581263461848
0.05666670804788967
-0.04933758836414844
-0.01848547999830285
-0.07000655995212203
-0.03330653702492325
0.012749025623385824
-0.01617599826298187
-0.0654352854567555
-0.02869414105991785
0.012749025623385824
-0.0041315685295321885
-0.04734239077401071
-0.007317443359958446
-0.013160069390521252
-0.037335500488453105
-0.026492768096405044
-0.02869414105991785
0.008538504898864065
0.0324200758113681
-0.0654352854567555
-0.07000655995212203
0.0324200758113681
-0.0159581263461848
-0.016399813649278835
-0.026492768096405044
-0.0159581263461848
-0.02869414105991785
-0.016399813649278835
-0.016399813649278835
-0.04933758836414844
-0.01617599826298187
-0.026492768096405044
-0.01617599826298187
0.004384044925125983
0.004089951241798707
-0.022884305640500785
-0.02869414105991785
-0.0041315685295321885
0.012749025623385824
-0.02869414105991785
-0.0159581263461848
-0.020028961281493018
0.05666670804788967
0.0051256539561074675
-0.0041315685295321885
0.004384044925125983
-0.04933758836414844
-0.07000655995212203
-0.0159581263461848
-0.04734239077401071
-0.016399813649278835
-0.03330653702492325
-0.022884305640500785
-0.037335500488453105
0.004089951241798707
0.0051256539561074675
-0.07000655995212203
-0.0159581263461848
0.014153226249918717
0.0051256539561074675
-0.01848547999830285
0.012749025623385824
-0.016399813649278835
0.0324200758113681
-0.0159581263461848
-0.026492768096405044
0.008515560472693199
-0.013160069390521252
0.0324200758113681
-0.007317443359958446
-0.03330653702492325
-0.007317443359958446
-0.0041315685295321885
0.0051256539561074675
-0.013160069390521252
-0.02869414105991785
0.008538504898864065
-0.026492768096405044
-0.018852439721120037
-0.0654352854567555
0.004384044925125983
-0.022884305640500785
0.0051256539561074675
0.008515560472693199
-0.007317443359958446
-0.016399813649278835
0.05666670804788967
0.0051256539561074675
0.004384044925125983
-0.03330653702492325
0.008538504898864065
-0.01848547999830285
-0.04734239077401071
-0.01848547999830285
0.008515560472693199
0.004089951241798707
0.05666670804788967
-0.0159581263461848
0.004089951241798707
0.008515560472693199
0.008538504898864065
-0.07000655995212203
0.0051256539561074675
-0.0159581263461848
0.004089951241798707
0.004384044925125983
-0.026492768096405044
0.004089951241798707
-0.007317443359958446
-0.0041315685295321885
-0.04933758836414844
-0.0041315685295321885
-0.016399813649278835
-0.024080143687092884
0.008538504898864065
-0.0041315685295321885
-0.018852439721120037
0.008515560472693199
-0.026492768096405044
0.014153226249918717
-0.03330653702492325
-0.0041315685295321885
-0.024080143687092884
-0.013160069390521252
-0.020028961281493018
0.008538504898864065
0.014153226249918717
-0.0041315685295321885
-0.020028961281493018
-0.0654352854567555
0.012749025623385824
-0.04734239077401071
-0.013160069390521252
-0.0159581263461848
-0.02869414105991785
-0.0159581263461848
-0.0041315685295321885
-0.018852439721120037
0.0051256539561074675
0.014153226249918717
-0.0041315685295321885
0.008538504898864065
-0.013160069390521252
0.008515560472693199
0.004384044925125983
-0.07000655995212203
-0.007317443359958446
0.012749025623385824
0.008538504898864065
-0.0159581263461848
-0.007317443359958446
-0.04933758836414844
-0.04933758836414844
-0.013160069390521252
-0.013160069390521252
-0.03330653702492325
-0.0654352854567555
-0.024080143687092884
-0.024080143687092884
-0.0654352854567555
-0.016399813649278835
-0.02869414105991785
-0.01848547999830285
-0.018852439721120037
-0.04734239077401071
0.05666670804788967
0.004089951241798707
0.014153226249918717
0.008515560472693199
0.0324200758113681
-0.016399813649278835
0.014153226249918717
-0.01848547999830285
0.05666670804788967
-0.037335500488453105
-0.04734239077401071
-0.02869414105991785
0.0051256539561074675
-0.018852439721120037
-0.018852439721120037
-0.022884305640500785
-0.037335500488453105
-0.026492768096405044
0.012749025623385824
-0.007317443359958446
0.0324200758113681
0.0051256539561074675
-0.018852439721120037
-0.013160069390521252
-0.0041315685295321885
-0.03330653702492325
-0.016399813649278835
0.008538504898864065
-0.037335500488453105
0.05666670804788967
-0.01617599826298187
-0.007317443359958446
-0.016399813649278835
-0.020028961281493018
-0.02869414105991785
0.012749025623385824
-0.022884305640500785
-0.013160069390521252
0.014153226249918717
-0.026492768096405044
-0.0654352854567555
-0.007317443359958446
-0.03330653702492325
-0.07000655995212203
-0.0654352854567555
-0.026492768096405044
-0.01617599826298187
0.004089951241798707
0.004089951241798707
-0.013160069390521252
-0.07000655995212203
-0.02869414105991785
0.014153226249918717
-0.022884305640500785
-0.04933758836414844
-0.01617599826298187
-0.024080143687092884
-0.018852439721120037
0.004384044925125983
-0.020028961281493018
-0.04734239077401071
0.008538504898864065
-0.016399813649278835
-0.01848547999830285
-0.01848547999830285
-0.018852439721120037
0.012749025623385824
0.0324200758113681
-0.07000655995212203
-0.01617599826298187
-0.0159581263461848
0.004384044925125983
-0.04933758836414844
0.05666670804788967
0.008538504898864065
-0.0041315685295321885
0.008515560472693199
-0.03330653702492325
-0.026492768096405044
0.014153226249918717
-0.0654352854567555
-0.04734239077401071
-0.01848547999830285
0.008515560472693199
-0.04933758836414844
-0.07000655995212203
-0.01848547999830285
-0.03330653702492325
-0.03330653702492325
-0.01617599826298187
-0.013160069390521252
0.014153226249918717
-0.013160069390521252
-0.013160069390521252
-0.007317443359958446
-0.01617599826298187
-0.020028961281493018
-0.022884305640500785
0.0324200758113681
-0.01848547999830285
0.0051256539561074675
-0.04933758836414844
0.05666670804788967
-0.022884305640500785
0.0051256539561074675
-0.016399813649278835
-0.0041315685295321885
0.012749025623385824
-0.024080143687092884
-0.024080143687092884
-0.0159581263461848
-0.020028961281493018
0.008538504898864065
0.008515560472693199
-0.0041315685295321885
0.012749025623385824
-0.07000655995212203
0.012749025623385824
-0.024080143687092884
-0.01848547999830285
-0.016399813649278835
-0.07000655995212203
-0.018852439721120037
-0.020028961281493018
-0.037335500488453105
-0.0159581263461848
-0.020028961281493018
-0.0159581263461848
-0.016399813649278835
-0.037335500488453105
0.0051256539561074675
-0.013160069390521252
-0.07000655995212203
-0.016399813649278835
-0.04933758836414844
-0.016399813649278835
-0.024080143687092884
-0.01848547999830285
-0.020028961281493018
-0.0159581263461848
-0.037335500488453105
-0.0041315685295321885
-0.02869414105991785
0.05666670804788967
-0.013160069390521252
-0.037335500488453105
0.05666670804788967
-0.026492768096405044
0.0324200758113681
-0.013160069390521252
0.004384044925125983
-0.04933758836414844
0.0051256539561074675
0.004384044925125983
-0.0159581263461848
-0.007317443359958446
-0.022884305640500785
-0.024080143687092884
-0.01848547999830285
-0.0654352854567555
-0.0041315685295321885
-0.04933758836414844
-0.0041315685295321885
-0.022884305640500785
-0.022884305640500785
-0.016399813649278835
0.012749025623385824
-0.037335500488453105
-0.037335500488453105
0.004384044925125983
0.008515560472693199
-0.01848547999830285
0.0324200758113681
-0.03330653702492325
-0.0041315685295321885
-0.01848547999830285
-0.007317443359958446
-0.024080143687092884
0.008515560472693199
0.0051256539561074675
0.05666670804788967
-0.020028961281493018
0.0051256539561074675
-0.0041315685295321885
0.008538504898864065
-0.013160069390521252
-0.07000655995212203
-0.0159581263461848
-0.0159581263461848
-0.04933758836414844
0.0051256539561074675
-0.04734239077401071
0.0324200758113681
-0.020028961281493018
0.004384044925125983
-0.020028961281493018
-0.04933758836414844
-0.026492768096405044
-0.016399813649278835
0.004384044925125983
-0.016399813649278835
-0.024080143687092884
0.004089951241798707
-0.024080143687092884
-0.020028961281493018
-0.04734239077401071
-0.024080143687092884
0.004384044925125983
-0.016399813649278835
-0.01848547999830285
0.004089951241798707
-0.024080143687092884
-0.04734239077401071
-0.013160069390521252
-0.03330653702492325
-0.020028961281493018
-0.0041315685295321885
-0.007317443359958446
-0.0654352854567555
-0.01617599826298187
0.0324200758113681
0.008538504898864065
-0.022884305640500785
0.004089951241798707
-0.02869414105991785
0.008515560472693199
-0.018852439721120037
-0.026492768096405044
-0.022884305640500785
-0.007317443359958446
-0.016399813649278835
0.004089951241798707
-0.01848547999830285
-0.0159581263461848
-0.020028961281493018
0.014153226249918717
0.008538504898864065
-0.04734239077401071
-0.04933758836414844
-0.04933758836414844
-0.013160069390521252
-0.018852439721120037
-0.0654352854567555
0.05666670804788967
-0.0159581263461848
-0.037335500488453105
-0.026492768096405044
-0.007317443359958446
-0.020028961281493018
-0.07000655995212203
-0.01848547999830285
0.014153226249918717
-0.024080143687092884
0.008538504898864065
0.014153226249918717
-0.01617599826298187
-0.007317443359958446
-0.007317443359958446
0.0051256539561074675
0.012749025623385824
-0.007317443359958446
-0.013160069390521252
-0.013160069390521252
-0.07000655995212203
-0.013160069390521252
0.008515560472693199
-0.03330653702492325
-0.0159581263461848
-0.007317443359958446
0.008538504898864065
0.004384044925125983
0.0324200758113681
-0.0159581263461848
-0.037335500488453105
-0.020028961281493018
-0.013160069390521252
-0.02869414105991785
-0.0041315685295321885
-0.01848547999830285
-0.02869414105991785
0.05666670804788967
0.014153226249918717
-0.03330653702492325
0.008515560472693199
0.014153226249918717
-0.020028961281493018
0.0324200758113681
-0.03330653702492325
-0.026492768096405044
-0.024080143687092884
-0.037335500488453105
-0.01848547999830285
-0.024080143687092884
-0.020028961281493018
0.014153226249918717
-0.02869414105991785
-0.016399813649278835
0.0324200758113681
0.004384044925125983
0.008538504898864065
-0.020028961281493018
0.014153226249918717
-0.03330653702492325
0.014153226249918717
-0.0654352854567555
-0.04734239077401071
-0.04734239077401071
-0.024080143687092884
-0.026492768096405044
0.0324200758113681
-0.026492768096405044
-0.007317443359958446
0.004384044925125983
-0.016399813649278835
0.004089951241798707
-0.03330653702492325
-0.018852439721120037
-0.018852439721120037
0.004089951241798707
-0.01617599826298187
0.008515560472693199
-0.0159581263461848
-0.01617599826298187
-0.037335500488453105
-0.04734239077401071
-0.01617599826298187
-0.0041315685295321885
-0.0159581263461848
-0.026492768096405044
-0.0654352854567555
-0.02869414105991785
-0.024080143687092884
0.008515560472693199
-0.020028961281493018
-0.04734239077401071
-0.07000655995212203
-0.01848547999830285
0.012749025623385824
-0.016399813649278835
-0.022884305640500785
-0.03330653702492325
-0.04734239077401071
0.004089951241798707
-0.007317443359958446
0.0051256539561074675
0.0051256539561074675
-0.024080143687092884
0.0051256539561074675
-0.022884305640500785
-0.037335500488453105
0.0324200758113681
-0.016399813649278835
-0.01848547999830285
-0.024080143687092884
-0.0041315685295321885
-0.07000655995212203
-0.020028961281493018
-0.007317443359958446
-0.024080143687092884
-0.024080143687092884
-0.01617599826298187
0.008538504898864065
-0.022884305640500785
-0.020028961281493018
-0.02869414105991785
-0.018852439721120037
-0.007317443359958446
0.014153226249918717
0.008538504898864065
-0.013160069390521252
-0.037335500488453105
0.05666670804788967
0.004384044925125983
-0.01617599826298187
-0.007317443359958446
-0.020028961281493018
-0.022884305640500785
-0.01617599826298187
0.0324200758113681
0.012749025623385824
-0.04933758836414844
-0.0654352854567555
0.012749025623385824
0.0324200758113681
-0.04933758836414844
-0.01617599826298187
0.008515560472693199
-0.03330653702492325
-0.03330653702492325
-0.026492768096405044
0.05666670804788967
-0.07000655995212203
-0.024080143687092884
-0.02869414105991785
-0.007317443359958446
-0.018852439721120037
-0.022884305640500785
0.004089951241798707
-0.022884305640500785
0.0324200758113681
-0.018852439721120037
-0.01617599826298187
-0.07000655995212203
-0.020028961281493018
-0.016399813649278835
0.012749025623385824
-0.020028961281493018
-0.022884305640500785
-0.0654352854567555
0.008538504898864065
0.012749025623385824
-0.0041315685295321885
-0.0041315685295321885
0.004089951241798707
-0.022884305640500785
-0.037335500488453105
-0.018852439721120037
-0.020028961281493018
0.008538504898864065
-0.018852439721120037
0.012749025623385824
-0.0654352854567555
0.008538504898864065
0.012749025623385824
-0.04734239077401071
-0.02869414105991785
0.05666670804788967
0.014153226249918717
-0.037335500488453105
-0.013160069390521252
-0.026492768096405044
0.008515560472693199
-0.04933758836414844
-0.01848547999830285
-0.0159581263461848
0.014153226249918717
-0.016399813649278835
-0.0654352854567555
0.0324200758113681
-0.04933758836414844
-0.07000655995212203
0.05666670804788967
0.014153226249918717
0.0324200758113681
0.0051256539561074675
-0.024080143687092884
-0.020028961281493018
-0.01848547999830285
0.0324200758113681
-0.024080143687092884
-0.037335500488453105
-0.01848547999830285
-0.013160069390521252
0.004384044925125983
0.014153226249918717
0.014153226249918717
-0.007317443359958446
-0.013160069390521252
0.008515560472693199
-0.013160069390521252
-0.024080143687092884
-0.022884305640500785
-0.0654352854567555
-0.0654352854567555
-0.016399813649278835
-0.007317443359958446
-0.013160069390521252
-0.07000655995212203
0.05666670804788967
0.004384044925125983
-0.013160069390521252
-0.01848547999830285
-0.07000655995212203
-0.0654352854567555
0.0324200758113681
-0.04734239077401071
0.004089951241798707
0.008515560472693199
-0.04933758836414844
-0.01848547999830285
0.05666670804788967
0.05666670804788967
0.05666670804788967
-0.01617599826298187
0.012749025623385824
-0.026492768096405044
-0.0159581263461848
-0.018852439721120037
