-0.06946554937762164
-0.17718117920106308
-0.09395186233469331
-0.07271914951002496
-0.13272323015681178
-0.07760248010616469
-0.052751264276355285
-0.0662494012685139
-0.0636901600916887
-0.1521133113829689
-0.0662494012685139
-0.18345023827488147
-0.06774138415005834
-0.03995942889486114
0.004438610571505413
-0.0611952787622491
-0.03995942889486114
-0.17718117920106308
-0.2010918000509814
-0.05963742021549728
-0.08890970372802326
-0.0490026931499593
-0.1540556100826248
-0.05743123013521891
-0.07104970203428183
-0.12121308296516507
0.001919460139947718
-0.09570635972937254
-0.11319713626303443
-0.03824192410181388
-0.11210263195225556
-0.11785762759063195
-0.08349630928145994
-0.04062156861647079
-0.01739070090991532
-0.09375850732770345
-0.08171659412377003
-0.0591310962416309
-0.02779485810370375
-0.057560925379329296
-0.09544205249937787
-0.13357754009007644
-0.050656252339867945
-0.1297424916270738
-0.08171659412377003
-0.0709105181106938
-0.07271914951002496
0.007936081874213501
-0.14580089765077953
-0.017477439939464556
-0.09395186233469331
-0.06553284358983291
-0.10877330974019635
-0.15583169718643014
-0.20040222060276863
-0.017477439939464556
-0.03768634754376246
-0.07140408349747904
-0.05171763928836042
-0.19208066679202954
-0.11940079222266627
-0.07230784560289587
-0.01739070090991532
-0.09570635972937254
-0.07428328050284652
-0.07544232845489099
-0.07230784560289587
-0.07544232845489099
-0.04941856733151406
-0.0636901600916887
-0.0611952787622491
-0.07695137825043737
-0.054836853063499225
-0.04523972818759875
-0.13807134550936903
-0.05739327209929894
-0.0414717522017206
-0.09716238057572606
-0.07544232845489099
-0.05743123013521891
-0.05171763928836042
-0.10207632939156519
-0.0014855807342706226
-0.017477439939464556
-0.03599189750582287
-0.09716238057572606
-0.15490527852686273
-0.052920042674229346
-0.03599189750582287
-0.1540556100826248
-0.06215927565700225
-0.09447810998138421
-0.02779485810370375
-0.10721429725631175
-0.1521133113829689
-0.057560925379329296
-0.05252086845880691
-0.052751264276355285
-0.04062156861647079
-0.1435847250556552
-0.0838764573289224
0.004438610571505413
-0.07695137825043737
-0.03599189750582287
-0.05963742021549728
-0.07175145138074884
-0.13818533080611772
-0.052920042674229346
-0.06907247503262993
-0.14580089765077953
-0.054836853063499225
-0.04321425201533334
-0.07104970203428183
-0.02779485810370375
-0.07757893547107325
-0.13059991229859935
-0.03317145884410932
-0.07428328050284652
-0.14167168192685092
-0.18110160924088678
-0.02769113125430851
-0.17136238013370883
-0.12782192445337626
-0.0662494012685139
-0.1435847250556552
-0.050656252339867945
-0.13012603680941146
-0.05386746804705716
-0.0490026931499593
0.004438610571505413
-0.05171763928836042
-0.1297424916270738
-0.1043765919853883
-0.0856834581062158
-0.07271914951002496
-0.03995942889486114
-0.17136238013370883
-0.18897156741273238
-0.12782192445337626
-0.05963742021549728
-0.1435847250556552
-0.07544232845489099
-0.002293582124736521
-0.1540556100826248
-0.13059991229859935
-0.0591310962416309
-0.15898114793312673
-0.07544232845489099
-0.02769113125430851
-0.0591310962416309
-0.08171659412377003
-0.1165501076765767
-0.11513551756562426
-0.03317145884410932
-0.11048193995386514
-0.09395186233469331
-0.11048193995386514
-0.05963742021549728
-0.15365328841913653
-0.11729779082126063
-0.12312203300515213
-0.02744894195927897
-0.11729779082126063
-0.1010974488024472
-0.13818533080611772
-0.09716238057572606
-0.07175145138074884
-0.0611952787622491
-0.08171659412377003
-0.052920042674229346
-0.15550787743571187
-0.058066618051997074
-0.13357754009007644
-0.09716238057572606
-0.0709105181106938
-0.09716238057572606
0.001919460139947718
-0.07760248010616469
-0.13012603680941146
-0.14580089765077953
-0.10632218897822344
-0.2010918000509814
-0.13059991229859935
-0.11048193995386514
-0.07104970203428183
-0.03599189750582287
-0.059490195330364336
-0.08171659412377003
-0.17349328302511172
-0.15490527852686273
-0.08579202869811237
-0.07401069520275332
-0.0457610330260939
-0.09260270605224764
-0.04941856733151406
-0.13357754009007644
-0.07271914951002496
-0.0591310962416309
-0.11308673193232367
-0.0414717522017206
-0.02779485810370375
-0.024979466067314535
-0.18897156741273238
-0.08171659412377003
-0.0335025372768428
-0.07610985729787352
-0.01739070090991532
-0.06233694382523764
-0.2010918000509814
-0.07610985729787352
-0.0591310962416309
-0.11940079222266627
-0.06946554937762164
-0.0856834581062158
-0.057560925379329296
-0.017477439939464556
-0.0569560472346559
-0.10067511234157432
-0.08349630928145994
-0.13272323015681178
-0.05252086845880691
-0.052920042674229346
-0.2186056300764281
-0.13357754009007644
-0.03599189750582287
-0.050348046781623995
-0.04321425201533334
-0.07175145138074884
-0.058066618051997074
-0.10877330974019635
-0.08349630928145994
-0.09447810998138421
-0.13357754009007644
-0.055202831106763654
-0.1816082836428623
-0.05739327209929894
-0.0014855807342706226
-0.03401759711745079
-0.061246360563187864
-0.06946554937762164
-0.0709105181106938
-0.11729779082126063
-0.0817678334094462
-0.09544205249937787
-0.1775760262286096
-0.02779485810370375
-0.0636901600916887
-0.1043765919853883
-0.09570635972937254
-0.09447810998138421
-0.1540556100826248
-0.08579202869811237
-0.13272323015681178
-0.07757893547107325
-0.10632218897822344
-0.08890970372802326
-0.1433226863046644
-0.04523972818759875
-0.2001297262812474
-0.09260270605224764
-0.054836853063499225
-0.07104970203428183
-0.09375850732770345
-0.08171659412377003
-0.024979466067314535
-0.1775760262286096
-0.1433226863046644
-0.10207632939156519
-0.06774138415005834
-0.04782679840365148
-0.057560925379329296
-0.0490026931499593
-0.04536719542356047
-0.11308673193232367
-0.059490195330364336
-0.059490195330364336
-0.08579202869811237
-0.10721429725631175
-0.20040222060276863
-0.02744894195927897
-0.1275795261041337
-0.17136238013370883
-0.052751264276355285
-0.055202831106763654
-0.002293582124736521
-0.07695137825043737
-0.15490527852686273
-0.12278792002547692
-0.14580089765077953
-0.03995942889486114
-0.08890970372802326
-0.0721650482978397
-0.050348046781623995
-0.13272323015681178
-0.15550787743571187
-0.05739327209929894
-0.07544232845489099
-0.18897156741273238
-0.03401759711745079
-0.1540556100826248
-0.07846233151677584
-0.0817678334094462
-0.11940079222266627
-0.04062156861647079
-0.1406940970294702
-0.03599189750582287
-0.09260270605224764
-0.07104970203428183
-0.06553284358983291
-0.07695137825043737
0.001919460139947718
-0.13818533080611772
-0.2001297262812474
-0.03317145884410932
-0.06233694382523764
-0.1165501076765767
-0.07104970203428183
-0.04321425201533334
-0.08579202869811237
-0.08171659412377003
-0.06233694382523764
-0.1165501076765767
-0.0662494012685139
-0.05252086845880691
-0.11729779082126063
-0.07175145138074884
-0.10877330974019635
-0.07935204712955835
-0.20040222060276863
-0.042955942254153376
-0.07610985729787352
-0.017477439939464556
-0.12121308296516507
-0.0817678334094462
-0.08928759145443477
-0.09570635972937254
-0.061246360563187864
-0.11785762759063195
-0.06774138415005834
-0.18110160924088678
-0.050348046781623995
-0.08890970372802326
-0.07104970203428183
-0.12278792002547692
-0.0817678334094462
-0.19208066679202954
-0.18897156741273238
-0.13272323015681178
-0.0817678334094462
-0.11210263195225556
-0.19208066679202954
-0.0457610330260939
-0.1297424916270738
-0.11048193995386514
-0.14580089765077953
-0.0662494012685139
-0.1165501076765767
-0.1010974488024472
-0.1275795261041337
-0.1521133113829689
-0.02779485810370375
-0.18110160924088678
-0.13818533080611772
-0.08171659412377003
-0.07701739005940074
-0.15898114793312673
-0.09544205249937787
-0.04461789290486796
-0.07544232845489099
-0.0014855807342706226
-0.05963742021549728
-0.07401069520275332
-0.07846233151677584
-0.18110160924088678
0.021701252040867165
-0.0662494012685139
-0.07757893547107325
-0.04321425201533334
-0.0611952787622491
-0.11308673193232367
-0.05963742021549728
-0.07846233151677584
-0.06553284358983291
-0.1521133113829689
-0.11940079222266627
-0.10721429725631175
-0.09544205249937787
-0.0817678334094462
-0.0817678334094462
-0.1275795261041337
-0.04536719542356047
-0.0490026931499593
-0.04461789290486796
-0.09375850732770345
-0.05171763928836042
0.004438610571505413
-0.12312203300515213
-0.05743123013521891
-0.03824192410181388
-0.07846233151677584
-0.04321425201533334
-0.09570635972937254
-0.15898114793312673
-0.017477439939464556
-0.04782679840365148
0.004438610571505413
-0.07140408349747904
-0.09544205249937787
-0.12278792002547692
-0.052751264276355285
-0.09716238057572606
-0.0817678334094462
-0.11210263195225556
-0.04461789290486796
-0.0817678334094462
-0.02779485810370375
-0.09375850732770345
-0.08349630928145994
-0.11513551756562426
-0.1275795261041337
-0.02769113125430851
-0.02769113125430851
-0.059490195330364336
-0.050656252339867945
-0.04782679840365148
-0.07610985729787352
-0.07757893547107325
-0.024979466067314535
-0.0414717522017206
-0.15842679200878837
-0.058066618051997074
-0.07610985729787352
-0.15898114793312673
-0.1010974488024472
-0.0591310962416309
-0.03317145884410932
-0.13059991229859935
-0.06946554937762164
-0.18345023827488147
-0.11785762759063195
-0.06946554937762164
-0.0414717522017206
-0.09375850732770345
-0.12782192445337626
-0.09260270605224764
-0.04523972818759875
-0.06553284358983291
-0.024979466067314535
-0.15898114793312673
-0.17349328302511172
0.004438610571505413
-0.09447810998138421
-0.17246986790407395
0.007936081874213501
-0.07140408349747904
-0.10632218897822344
-0.05171763928836042
-0.09544205249937787
-0.1435847250556552
-0.09447810998138421
-0.05197091501047687
-0.1816082836428623
-0.05197091501047687
-0.15898114793312673
-0.07695137825043737
-0.12121308296516507
-0.0457610330260939
-0.05739327209929894
-0.10877330974019635
0.004438610571505413
-0.06215927565700225
-0.07695137825043737
0.007936081874213501
-0.0721650482978397
-0.15583169718643014
-0.1435847250556552
-0.0414717522017206
-0.03995942889486114
-0.024979466067314535
-0.058066618051997074
-0.057560925379329296
0.001919460139947718
-0.0636901600916887
-0.04321425201533334
-0.01739070090991532
-0.05197091501047687
-0.17136238013370883
-0.0721650482978397
-0.04461789290486796
-0.03599189750582287
-0.01739070090991532
-0.07271914951002496
-0.07757893547107325
-0.15583169718643014
-0.1521133113829689
-0.08890970372802326
-0.20040222060276863
-0.10721429725631175
-0.05963742021549728
-0.0490026931499593
-0.04536719542356047
-0.11940079222266627
-0.05743123013521891
-0.050348046781623995
-0.11785762759063195
-0.20040222060276863
-0.17349328302511172
-0.15583169718643014
-0.03317145884410932
-0.050348046781623995
-0.017477439939464556
-0.05743123013521891
-0.10721429725631175
-0.10877330974019635
-0.02779485810370375
-0.07104970203428183
-0.03995942889486114
-0.04941856733151406
-0.09570635972937254
-0.04062156861647079
-0.07544232845489099
-0.15490527852686273
-0.04062156861647079
-0.17246986790407395
-0.1010974488024472
-0.09544205249937787
-0.07313155167536824
-0.0457610330260939
-0.2001297262812474
-0.2186056300764281
-0.10721429725631175
-0.01739070090991532
-0.02744894195927897
-0.12278792002547692
-0.08349630928145994
-0.08579202869811237
-0.0014855807342706226
-0.0591310962416309
-0.04941856733151406
-0.15365328841913653
-0.059490195330364336
-0.0856834581062158
-0.1540556100826248
-0.2010918000509814
-0.0569560472346559
-0.04461789290486796
-0.07757893547107325
-0.04062156861647079
-0.10877330974019635
-0.13059991229859935
-0.0335025372768428
-0.06946554937762164
-0.04321425201533334
-0.11319713626303443
-0.002293582124736521
-0.06215927565700225
-0.07175145138074884
-0.12782192445337626
-0.07428328050284652
-0.054836853063499225
-0.17136238013370883
-0.05963742021549728
-0.0335025372768428
-0.1775760262286096
-0.11729779082126063
-0.18897156741273238
-0.11319713626303443
-0.10106007375952096
-0.10721429725631175
-0.04536719542356047
-0.09570635972937254
-0.10067511234157432
-0.10721429725631175
-0.017477439939464556
-0.02769113125430851
-0.07544232845489099
-0.2186056300764281
-0.11785762759063195
-0.057560925379329296
-0.10721429725631175
-0.07140408349747904
-0.07935204712955835
-0.11729779082126063
-0.1275795261041337
-0.07104970203428183
-0.0490026931499593
-0.10632218897822344
-0.11513551756562426
-0.13818533080611772
-0.17718117920106308
-0.18897156741273238
-0.05386746804705716
-0.12121308296516507
-0.1406940970294702
-0.0611952787622491
-0.0591310962416309
-0.11513551756562426
-0.03317145884410932
-0.04782679840365148
-0.04941856733151406
0.004438610571505413
-0.052751264276355285
-0.07610985729787352
-0.0709105181106938
-0.09570635972937254
-0.13259983973376802
-0.11361818172569935
-0.15898114793312673
-0.13012603680941146
-0.0838764573289224
-0.042955942254153376
-0.10721429725631175
-0.050348046781623995
-0.11319713626303443
-0.07760248010616469
-0.1433226863046644
-0.08349630928145994
-0.055202831106763654
-0.0591310962416309
-0.17136238013370883
-0.1540556100826248
-0.1435847250556552
-0.017477439939464556
-0.09570635972937254
-0.1165501076765767
-0.0838764573289224
-0.15490527852686273
-0.04782679840365148
-0.059490195330364336
-0.12278792002547692
-0.17246986790407395
-0.10877330974019635
-0.024979466067314535
-0.11319713626303443
-0.1775760262286096
-0.0014855807342706226
-0.0662494012685139
-0.17349328302511172
-0.07271914951002496
-0.18897156741273238
-0.12121308296516507
-0.2186056300764281
-0.05171763928836042
-0.04536719542356047
-0.07935204712955835
-0.06907247503262993
-0.05386746804705716
-0.052920042674229346
-0.14167168192685092
-0.02744894195927897
-0.12278792002547692
-0.052920042674229346
-0.1275795261041337
-0.07230784560289587
-0.20040222060276863
-0.05252086845880691
-0.055202831106763654
-0.17349328302511172
-0.07610985729787352
-0.04062156861647079
0.021701252040867165
-0.061246360563187864
-0.1297424916270738
-0.09570635972937254
-0.12121308296516507
-0.20040222060276863
-0.08171659412377003
-0.07701739005940074
-0.07401069520275332
0.004438610571505413
-0.052751264276355285
-0.07757893547107325
-0.11729779082126063
-0.07544232845489099
-0.03599189750582287
-0.17136238013370883
-0.03768634754376246
-0.17136238013370883
-0.09447810998138421
-0.11513551756562426
-0.09375850732770345
-0.07104970203428183
-0.12121308296516507
-0.06907247503262993
-0.09260270605224764
-0.15550787743571187
-0.1433226863046644
-0.061246360563187864
-0.1297424916270738
-0.07104970203428183
-0.06946554937762164
-0.13272323015681178
-0.07701739005940074
-0.2001297262812474
-0.0414717522017206
-0.052920042674229346
-0.06774138415005834
-0.09260270605224764
-0.04523972818759875
-0.08171659412377003
-0.12312203300515213
-0.07935204712955835
-0.13818533080611772
-0.06907247503262993
0.004438610571505413
-0.07544232845489099
-0.0457610330260939
-0.052751264276355285
-0.11729779082126063
-0.04127793918578234
-0.11785762759063195
-0.12278792002547692
-0.12278792002547692
-0.02769113125430851
-0.04782679840365148
-0.042955942254153376
-0.17246986790407395
-0.04062156861647079
-0.18897156741273238
-0.17349328302511172
-0.09447810998138421
-0.10721429725631175
-0.03599189750582287
-0.06946554937762164
-0.07336088063039015
-0.08171659412377003
-0.1010974488024472
-0.0569560472346559
-0.04782679840365148
-0.15583169718643014
-0.1297424916270738
-0.13357754009007644
-0.03401759711745079
-0.05963742021549728
-0.11361818172569935
-0.06233694382523764
-0.09716238057572606
-0.0569560472346559
-0.08349630928145994
-0.08579202869811237
-0.15583169718643014
-0.04536719542356047
-0.04127793918578234
-0.1540556100826248
-0.0569560472346559
-0.09570635972937254
-0.10721429725631175
0.004438610571505413
-0.08171659412377003
-0.05252086845880691
-0.07313155167536824
-0.03317145884410932
-0.15550787743571187
-0.08579202869811237
-0.04127793918578234
-0.07760248010616469
-0.09395186233469331
-0.2186056300764281
-0.14167168192685092
-0.11940079222266627
-0.17349328302511172
-0.04062156861647079
-0.13807134550936903
-0.04941856733151406
-0.07695137825043737
-0.10721429725631175
-0.1010974488024472
-0.10207632939156519
-0.0490026931499593
-0.08171659412377003
-0.18110160924088678
-0.0662494012685139
-0.15583169718643014
-0.2186056300764281
-0.09570635972937254
-0.050656252339867945
-0.05743123013521891
-0.20040222060276863
-0.05743123013521891
-0.06907247503262993
-0.10106007375952096
-0.0569560472346559
-0.07695137825043737
-0.2186056300764281
-0.19208066679202954
-0.07230784560289587
-0.06907247503262993
-0.050656252339867945
-0.07760248010616469
-0.13818533080611772
-0.15583169718643014
-0.17349328302511172
-0.12312203300515213
-0.11308673193232367
-0.08890970372802326
-0.07760248010616469
-0.024979466067314535
-0.0014855807342706226
0.021701252040867165
-0.1406940970294702
-0.10877330974019635
-0.1540556100826248
-0.14580089765077953
-0.1406940970294702
-0.12278792002547692
-0.07610985729787352
-0.09544205249937787
-0.05171763928836042
-0.07701739005940074
-0.09260270605224764
-0.1816082836428623
-0.0335025372768428
-0.05963742021549728
-0.06774138415005834
-0.01739070090991532
-0.017477439939464556
-0.05171763928836042
-0.1010974488024472
-0.06215927565700225
-0.15842679200878837
-0.05171763928836042
-0.07428328050284652
-0.12278792002547692
-0.061246360563187864
-0.09447810998138421
-0.20040222060276863
-0.1297424916270738
-0.052751264276355285
-0.0662494012685139
-0.1275795261041337
-0.1297424916270738
-0.01739070090991532
-0.10207632939156519
-0.059490195330364336
-0.04127793918578234
-0.07271914951002496
-0.09544205249937787
-0.05963742021549728
-0.08928759145443477
-0.10207632939156519
-0.15898114793312673
-0.10721429725631175
-0.03401759711745079
-0.05739327209929894
-0.15550787743571187
-0.042955942254153376
-0.09395186233469331
-0.07760248010616469
-0.002293582124736521
-0.0457610330260939
-0.05739327209929894
-0.07313155167536824
-0.07230784560289587
-0.14580089765077953
-0.0591310962416309
-0.13357754009007644
-0.15490527852686273
-0.04062156861647079
-0.08579202869811237
-0.07610985729787352
-0.059490195330364336
-0.14167168192685092
-0.07701739005940074
-0.14580089765077953
-0.10721429725631175
0.004438610571505413
-0.13807134550936903
-0.0838764573289224
-0.07271914951002496
-0.15583169718643014
-0.002293582124736521
-0.1165501076765767
-0.03599189750582287
-0.1297424916270738
-0.18110160924088678
-0.03401759711745079
-0.2010918000509814
-0.052751264276355285
-0.12312203300515213
-0.17718117920106308
-0.04941856733151406
-0.18345023827488147
-0.05963742021549728
-0.18110160924088678
-0.06553284358983291
-0.05963742021549728
-0.14580089765077953
-0.058066618051997074
-0.07401069520275332
-0.12312203300515213
-0.11513551756562426
-0.07175145138074884
-0.0611952787622491
-0.09570635972937254
-0.07846233151677584
-0.0414717522017206
-0.10067511234157432
-0.1043765919853883
-0.0335025372768428
-0.02744894195927897
-0.1433226863046644
-0.09395186233469331
-0.08349630928145994
-0.08171659412377003
-0.09260270605224764
-0.03401759711745079
-0.017477439939464556
-0.03824192410181388
-0.13357754009007644
-0.2010918000509814
-0.057560925379329296
-0.05963742021549728
-0.2010918000509814
-0.0457610330260939
-0.06907247503262993
-0.07846233151677584
-0.1816082836428623
-0.06215927565700225
-0.09447810998138421
-0.05963742021549728
-0.04062156861647079
-0.07140408349747904
-0.06233694382523764
-0.05743123013521891
-0.0662494012685139
-0.0591310962416309
-0.08579202869811237
-0.15898114793312673
-0.10207632939156519
-0.024979466067314535
-0.17718117920106308
-0.09447810998138421
-0.1540556100826248
-0.050656252339867945
-0.06233694382523764
-0.05386746804705716
-0.058066618051997074
-0.058066618051997074
-0.0721650482978397
-0.024979466067314535
-0.18897156741273238
-0.13357754009007644
-0.10721429725631175
-0.07175145138074884
-0.07846233151677584
-0.09395186233469331
-0.17136238013370883
-0.1406940970294702
-0.04461789290486796
-0.050656252339867945
-0.09375850732770345
-0.17136238013370883
-0.11729779082126063
0.021701252040867165
-0.03317145884410932
-0.07935204712955835
-0.0457610330260939
-0.15550787743571187
-0.08928759145443477
0.021701252040867165
-0.06233694382523764
-0.0838764573289224
-0.04461789290486796
-0.06215927565700225
-0.08890970372802326
-0.05963742021549728
-0.15365328841913653
-0.04321425201533334
-0.09570635972937254
-0.11785762759063195
-0.05171763928836042
-0.07336088063039015
-0.14580089765077953
-0.10721429725631175
-0.15490527852686273
-0.04782679840365148
-0.04461789290486796
-0.0817678334094462
-0.2186056300764281
-0.04127793918578234
-0.04941856733151406
-0.07701739005940074
-0.04321425201533334
-0.052751264276355285
-0.0335025372768428
-0.11210263195225556
-0.050656252339867945
-0.12782192445337626
-0.07428328050284652
-0.18897156741273238
-0.07271914951002496
-0.0014855807342706226
-0.2010918000509814
-0.10106007375952096
-0.07230784560289587
-0.11319713626303443
-0.0569560472346559
-0.04321425201533334
-0.07428328050284652
-0.0014855807342706226
