-0.09705132573334777
-0.07156529238616584
-0.033432455252846376
-0.031799600606626476
-0.15399904633277564
-0.03466499603507759
-0.02720891293432464
-0.06765619141348125
-0.031799600606626476
-0.055180282882300424
-0.03433117383117641
-0.032456217891052276
-0.024516656411293546
-0.02724444582911832
-0.030024002053711193
-0.1293353812567041
-0.0037686934461407242
0.02487660805092106
-0.06745636043211709
-0.0052291164087170374
-0.027927953188839134
-0.0354914685968961
-0.03378874785653358
0.0156707419806583
-0.025273234564592763
-0.04775917575455761
-0.01789361900794264
-0.031420745356883155
-0.05275653212374699
-0.020730994217848235
-0.05396685638372034
-0.0332864736733374
-0.017303072268004982
-0.018041664023816635
-0.032456217891052276
-0.019789929349740915
0.020329031332610506
-0.015549954669251428
-0.08230433596071353
-0.052399585128015215
-0.1394605923010567
-0.029273066014677617
-0.03219944413871167
-0.022213920729661843
-0.038636710105734835
-0.07581418860052873
-0.047527243659279975
-0.043924326026530604
-0.05312563719054036
0.005357405528548056
-0.0026852242089729296
-0.029435661223712453
-0.06584903600389842
-0.05275653212374699
-0.033432455252846376
-0.005166087157655484
-0.03378874785653358
-0.04453164911940916
-0.0317044296378195
0.002901754168213853
-0.017210442648646445
-0.05414438883009013
0.008831711493338128
-0.0354914685968961
-0.08392554218370399
-0.07156529238616584
-0.0984720492613813
-0.08165043924856966
-0.04092495379890337
-0.05312563719054036
-0.049288801373237844
-0.019710494832718105
-0.0770191713095089
-0.061336449013393815
-0.04087002407985233
0.027128260401417904
-0.01869696825109291
0.020974302961634793
-0.002561665291816574
-0.014103982699691023
-0.06584903600389842
-0.038305041415682306
-0.018929010437351606
-0.019496731727294946
-0.06920246784207801
-0.05403552253244706
0.020974302961634793
-0.047527243659279975
-0.008602486130914938
-0.039107010062929354
-0.08101142936974134
-0.08230433596071353
-0.0046111689561388345
0.0156707419806583
-0.06797516645920545
-0.08101142936974134
-0.027800087134500884
-0.02720484351842189
-0.019496731727294946
-0.033120083212129114
-0.043924326026530604
-0.03264443882364051
-0.03466499603507759
-0.0026852242089729296
-0.014063829062019374
-0.019710494832718105
-0.021453725097524558
-0.03466499603507759
-0.0721784734483671
-0.029273066014677617
-0.02914342765125552
-0.030024002053711193
-0.00831868115822826
-0.07749274358025986
-0.03956929939583331
-0.04087002407985233
-0.047431038861842245
0.009729820687202814
-0.05152835062286127
-0.02720891293432464
-0.045487499817190497
-0.029843830954844393
-0.0818632081669434
-0.04721008820551899
-0.025273234564592763
-0.047527243659279975
-0.006759381251083236
-0.08786672858621326
-0.0026852242089729296
-0.02519838853624999
-0.03822406527611337
-0.08102264106600636
0.009729820687202814
-0.03847936876968201
0.027128260401417904
-0.08230433596071353
-0.04338421309670192
-0.03847936876968201
-0.03907426525201232
-0.041858773304995524
-0.0721784734483671
-0.031670361133087174
-0.04703347524533858
-0.05406856049465273
-0.034496159911282555
-0.044314741190589875
-0.018937486959332308
-0.00815317647315339
-0.06873593488602053
-0.03433117383117641
-0.04918500418729263
-0.049288801373237844
-0.028311108647263186
-0.08786672858621326
-0.10562062755085291
-0.0026704311234523877
-0.02914342765125552
-0.1293353812567041
-0.014063829062019374
-0.04340721955264959
-0.030723255573748047
-0.020730994217848235
-0.012980309355519698
-0.018584726685974252
-0.09088676216902265
-0.01869696825109291
-0.0032875622686528894
0.009729820687202814
-0.08230433596071353
-0.002561665291816574
-0.0023775747442491
-0.05414438883009013
-0.053157061469603785
-0.05600548980363587
-0.07733356231429041
-0.02058530497987255
-0.040158540616210055
0.020974302961634793
-0.03271446434261738
-0.039109099998644266
-0.0037686934461407242
-0.05349887545120315
-0.052719961659409606
-0.052719961659409606
-0.0032875622686528894
0.009729820687202814
0.009729820687202814
0.027973172049729936
-0.06745636043211709
-0.021992217382373544
-0.04703347524533858
-0.07240945243934874
-0.07240945243934874
0.003091233965313017
-0.0026704311234523877
-0.05349887545120315
-0.031799600606626476
-0.038725402726216974
-0.033432455252846376
-0.05756410646243766
-0.0354914685968961
-0.031420745356883155
-0.031799600606626476
-0.06873593488602053
-0.01674284267083444
-0.017601837663961513
-0.09090695104936165
-0.10175878870656721
-0.0818632081669434
-0.0019117771655132074
-0.0829188436850704
-0.02058530497987255
-0.04340721955264959
-0.06873593488602053
-0.0007021818132323205
0.020974302961634793
0.020974302961634793
0.08589197414493394
-0.0032875622686528894
-0.03219944413871167
-0.08786672858621326
-0.02493474015650939
-0.009062576936467252
-0.06384112247297331
-0.03840985924347852
-0.06873593488602053
-0.019496731727294946
-0.047431038861842245
-0.018857709096433965
-0.039107010062929354
0.009247205076879213
-0.07749274358025986
-0.0007021818132323205
-0.13695425591787572
-0.04597352218656142
-0.035740187334828415
-0.020915963116325733
-0.030499724420360207
-0.03423704321149636
0.029123528626638695
-0.04669157275416626
-0.037851578705013524
-0.024557441059777155
-0.05403552253244706
-0.018584726685974252
-0.033432455252846376
-0.031420745356883155
-0.017210442648646445
-0.049175558595652126
-0.09198575344985653
-0.024557441059777155
-0.034425377947747644
-0.020689701357759743
-0.018574583098327865
-0.028311108647263186
-0.06614622821150425
-0.0815415683904581
-0.04669157275416626
-0.034496159911282555
-0.047527243659279975
-0.04087002407985233
-0.030723255573748047
-0.05414438883009013
-0.017303072268004982
-0.07350255656030212
-0.055180282882300424
-0.049288801373237844
-0.006759381251083236
-0.03271446434261738
-0.09198575344985653
-0.055289529008352635
-0.0818632081669434
-0.04087002407985233
-0.052859479457857926
-0.03423704321149636
-0.04669157275416626
-0.03264443882364051
-0.025273234564592763
-0.0037686934461407242
-0.03271446434261738
-0.0829188436850704
-0.08102264106600636
-0.07749274358025986
-0.0026852242089729296
-0.05403552253244706
0.04155671071187121
-0.05152835062286127
-0.0046111689561388345
-0.009062576936467252
-0.0046111689561388345
-0.031670361133087174
-0.0032875622686528894
-0.046076738715140134
-0.018857709096433965
-0.027897975442219388
-0.004026470277091915
-0.11217363626322223
-0.03822406527611337
-0.06745636043211709
-0.019710494832718105
0.0012829299025014557
-0.0332864736733374
-0.04182832297472269
-0.02493474015650939
-0.07354557246002946
-0.059640737492759784
-0.08165043924856966
-0.024516656411293546
-0.04182832297472269
0.017796607044381765
-0.05250655736026094
-0.0026704311234523877
-0.01869696825109291
0.02487660805092106
-0.053157061469603785
-0.038636710105734835
-0.04340721955264959
-0.07749274358025986
-0.09090695104936165
-0.0370070602722708
-0.01869696825109291
-0.0019117771655132074
-0.01119938928174484
-0.04597352218656142
-0.04340721955264959
-0.00831868115822826
-0.00983547946789755
-0.061336449013393815
-0.11637768621399272
0.0030917901779531605
-0.05907379456137194
-0.06617324830251992
-0.018574583098327865
-0.0370070602722708
-0.015549954669251428
-0.018973410451630292
-0.0026437067211698612
-0.04645319899388438
-0.0770191713095089
-0.0023775747442491
-0.019789929349740915
-0.0037686934461407242
-0.07240945243934874
-0.009062576936467252
-0.05396685638372034
-0.022269779375611812
-0.014103982699691023
-0.04063676704781274
-0.0770191713095089
-0.06765619141348125
0.0011301053091853609
-0.015549954669251428
-0.002561665291816574
-0.05414438883009013
-0.07581418860052873
-0.021992217382373544
-0.06614622821150425
-0.018937486959332308
-0.018973410451630292
-0.08392554218370399
-0.017303072268004982
-0.12432553047672716
-0.047431038861842245
0.012382600605433454
-0.06765619141348125
-0.021992217382373544
-0.03264443882364051
-0.11217363626322223
0.029123528626638695
-0.030997060682013446
-0.038305041415682306
-0.0026704311234523877
0.020329031332610506
-0.05152835062286127
-0.06797516645920545
-0.05907379456137194
-0.04330006440895293
-0.039109099998644266
-0.06584903600389842
-0.040158540616210055
-0.03916868681474474
-0.016915153406464024
-0.0026437067211698612
-0.03396484321623065
0.012382600605433454
-0.053720707974250125
0.029123528626638695
-0.0037686934461407242
-0.05152835062286127
-0.0721784734483671
-0.03916868681474474
-0.04353898033418992
-0.08165043924856966
-0.07749274358025986
-0.01869696825109291
-0.005166087157655484
-0.04918500418729263
-0.02914342765125552
-0.08101142936974134
-0.018973410451630292
-0.0023775747442491
-0.03956929939583331
-0.020689701357759743
-0.019289524227016096
-0.027927953188839134
-0.04703347524533858
-0.05406856049465273
-0.020915963116325733
-0.013486919275133938
-0.04087002407985233
-0.052859479457857926
0.003091233965313017
-0.031799600606626476
-0.0046111689561388345
-0.03692775932753994
-0.02724444582911832
-0.047431038861842245
-0.02096257075177337
-0.061336449013393815
-0.006759381251083236
-0.038305041415682306
-0.038636710105734835
-0.052719961659409606
-0.1293353812567041
0.0156707419806583
-0.018574583098327865
-0.18236361235541837
-0.018574583098327865
-0.03219944413871167
-0.014260885504318034
-0.02058530497987255
-0.06797516645920545
-0.06746494605702835
-0.0026852242089729296
-0.047431038861842245
-0.00614324651794898
-0.03434903573680085
-0.02720484351842189
-0.008602486130914938
-0.0026852242089729296
-0.022213920729661843
-0.04063676704781274
-0.027897975442219388
-0.018934805340127203
-0.05756410646243766
-0.02720484351842189
-0.033120083212129114
-0.00614324651794898
-0.07350255656030212
-0.055289529008352635
-0.038305041415682306
0.009247205076879213
-0.0818632081669434
-0.03822406527611337
0.005357405528548056
-0.05349887545120315
-0.016915153406464024
-0.039744869508760786
-0.002860164263699125
-0.018973410451630292
-0.061336449013393815
-0.053720707974250125
-0.08392554218370399
0.02487660805092106
-0.05349887545120315
-0.04669157275416626
-0.06011531698610941
-0.09705132573334777
-0.0230657427230299
-0.061336449013393815
-0.030723255573748047
-0.04330006440895293
-0.03466499603507759
0.02487660805092106
-0.04721008820551899
0.0012829299025014557
-0.04669157275416626
-0.02519838853624999
-0.06746494605702835
-0.05950193592153884
-0.040158540616210055
-0.05152835062286127
-0.0770191713095089
-0.05907379456137194
-0.0007021818132323205
0.0017254109808757217
-0.00815317647315339
-0.03434903573680085
-0.046076738715140134
-0.040158540616210055
-0.03264443882364051
-0.008602486130914938
-0.05950193592153884
-0.07206972766656303
-0.022269779375611812
-0.052859479457857926
-0.0046111689561388345
-0.019496731727294946
-0.0770191713095089
-0.031670361133087174
-0.0317044296378195
-0.03534307583548962
-0.02720891293432464
-0.04669157275416626
-0.020689701357759743
-0.06765619141348125
-0.06746543910205341
-0.03271446434261738
-0.05396685638372034
-0.11637768621399272
-0.05118976981199059
-0.04645319899388438
0.02487660805092106
-0.07448347818612178
-0.03847936876968201
-0.03434903573680085
-0.00614324651794898
-0.07206972766656303
-0.033120083212129114
-0.04669157275416626
-0.052859479457857926
-0.0829188436850704
-0.038725402726216974
-0.07156529238616584
-0.07206972766656303
-0.033432455252846376
0.009247205076879213
-0.0332864736733374
-0.098123785819683
-0.006001027937263135
-0.010578864132613426
-0.07749274358025986
0.017796607044381765
-0.041858773304995524
-0.006001027937263135
-0.04092495379890337
-0.055289529008352635
-0.03822406527611337
-0.031799600606626476
-0.0032875622686528894
-0.040597871193166386
-0.07634704385830772
-0.02720484351842189
-0.040597871193166386
-0.0026704311234523877
-0.031670361133087174
-0.04597352218656142
0.00017600582659855067
-0.040597871193166386
-0.02590218292033789
-0.03822406527611337
-0.02096257075177337
-0.04087002407985233
-0.020915963116325733
-0.038305041415682306
-0.02914342765125552
-0.002561665291816574
-0.036882847521688356
-0.01869696825109291
-0.029809188851473135
0.016305512341207074
-0.0644686017797778
-0.08165043924856966
-0.06765619141348125
0.016305512341207074
0.008831711493338128
-0.06873593488602053
-0.0770191713095089
-0.04721008820551899
-0.06746494605702835
-0.07350255656030212
-0.036882847521688356
-0.0230657427230299
-0.039107010062929354
-0.08786672858621326
-0.029435661223712453
-0.016915153406464024
-0.06746494605702835
-0.07887699550658653
-0.07206972766656303
-0.01119938928174484
-0.053720707974250125
-0.039107010062929354
-0.05907379456137194
-0.046076738715140134
-0.01789361900794264
-0.03378874785653358
-0.053279073823278233
-0.06614622821150425
-0.041858773304995524
-0.0026704311234523877
0.012382600605433454
-0.03411525204417419
-0.041858773304995524
-0.01692324530887436
-0.0815415683904581
-0.04182832297472269
-0.04669157275416626
-0.01119938928174484
-0.014103982699691023
-0.0721784734483671
-0.13695425591787572
0.0156707419806583
0.008831711493338128
-0.06011531698610941
-0.044314741190589875
-0.098123785819683
-0.0230657427230299
-0.02096257075177337
0.04155671071187121
-0.030723255573748047
-0.007155273520716173
-0.044314741190589875
-0.012980309355519698
-0.030723255573748047
-0.041858773304995524
0.027128260401417904
-0.031420745356883155
-0.10562062755085291
-0.019789929349740915
-0.014260885504318034
-0.00831868115822826
-0.024300624928698396
-0.05756410646243766
0.0012829299025014557
-0.09580203491120858
-0.1394605923010567
-0.019429628546604655
-0.04453164911940916
0.005357405528548056
-0.04182832297472269
-0.07887699550658653
-0.01789361900794264
-0.02519838853624999
-0.0984720492613813
-0.020915963116325733
-0.06745636043211709
-0.04340721955264959
-0.00815317647315339
-0.02720484351842189
-0.0037686934461407242
-0.0984720492613813
-0.030723255573748047
-0.05250655736026094
-0.018857709096433965
-0.00614324651794898
-0.06384112247297331
-0.03219944413871167
0.0011301053091853609
-0.0016022256022246116
-0.03271446434261738
0.012382600605433454
-0.002860164263699125
-0.061336449013393815
-0.020730994217848235
-0.039109099998644266
0.016305512341207074
-0.03433117383117641
-0.052769350839642674
-0.03466499603507759
-0.12432553047672716
-0.033432455252846376
-0.06920246784207801
-0.00831868115822826
-0.018574583098327865
-0.006001027937263135
-0.03378874785653358
0.009247205076879213
-0.06746543910205341
-0.03378874785653358
-0.02058530497987255
-0.015549954669251428
-0.06765619141348125
-0.0644686017797778
-0.017601837663961513
0.0017254109808757217
-0.008602486130914938
-0.06208710228704514
-0.03692775932753994
-0.0016022256022246116
-0.03916868681474474
-0.053157061469603785
-0.04597352218656142
-0.07354557246002946
-0.04644144384372256
-0.0818632081669434
-0.040597871193166386
-0.05188445874475924
-0.0770191713095089
-0.09198575344985653
-0.040012969686865844
-0.053157061469603785
0.009729820687202814
-0.05950193592153884
-0.13695425591787572
-0.07634704385830772
-0.0370070602722708
-0.08392554218370399
-0.04338421309670192
-0.06746543910205341
-0.00983547946789755
0.0030917901779531605
-0.018973410451630292
-0.0829188436850704
-0.0332864736733374
-0.05250655736026094
-0.04074609056477281
-0.053279073823278233
-0.05118976981199059
-0.0026437067211698612
-0.05312563719054036
-0.007155273520716173
0.02487660805092106
-0.014063829062019374
-0.040158540616210055
0.0030917901779531605
-0.0332864736733374
-0.039107010062929354
-0.014103982699691023
-0.018973410451630292
-0.04063676704781274
-0.038305041415682306
-0.012980309355519698
-0.041858773304995524
-0.047527243659279975
-0.053720707974250125
-0.06746543910205341
-0.03434903573680085
-0.0562043287854667
-0.08230433596071353
-0.00614324651794898
-0.06596004113323714
-0.098123785819683
-0.040012969686865844
-0.017210442648646445
-0.06596004113323714
-0.07156529238616584
-0.0562043287854667
0.0017254109808757217
-0.06765619141348125
-0.017601837663961513
-0.018937486959332308
-0.07354557246002946
-0.031670361133087174
-0.06384112247297331
-0.0037686934461407242
-0.002561665291816574
0.08589197414493394
-0.0317044296378195
-0.09088676216902265
-0.05152835062286127
-0.06745636043211709
-0.04644144384372256
0.009729820687202814
-0.033432455252846376
-0.0023775747442491
-0.036882847521688356
-0.016915153406464024
-0.06746543910205341
-0.06920246784207801
-0.01692324530887436
-0.061336449013393815
0.016305512341207074
-0.055289529008352635
-0.07350255656030212
-0.01869696825109291
-0.04918500418729263
-0.033432455252846376
-0.06617324830251992
-0.07733356231429041
-0.040012969686865844
-0.012980309355519698
-0.031799600606626476
0.005357405528548056
-0.02914342765125552
-0.02720891293432464
-0.07206972766656303
-0.014063829062019374
-0.07634704385830772
-0.05950193592153884
-0.02720484351842189
-0.09580203491120858
-0.014260885504318034
-0.028133306826802745
-0.07448347818612178
-0.039109099998644266
0.0017254109808757217
-0.010392034540715245
-0.014103982699691023
-0.05349887545120315
-0.04087002407985233
-0.046252595496723614
-0.05152835062286127
-0.11217363626322223
0.0030917901779531605
-0.036882847521688356
-0.0562043287854667
0.003091233965313017
-0.05312563719054036
-0.03423704321149636
-0.05907379456137194
-0.03907426525201232
-0.0007021818132323205
-0.047431038861842245
-0.053720707974250125
-0.04775917575455761
-0.039107010062929354
-0.021453725097524558
-0.05756410646243766
-0.06208710228704514
-0.02493474015650939
-0.033120083212129114
-0.019496731727294946
-0.0019117771655132074
-0.09088676216902265
-0.03822406527611337
-0.055289529008352635
-0.012980309355519698
-0.0007021818132323205
-0.03916868681474474
0.005357405528548056
-0.0007021818132323205
-0.15399904633277564
-0.07448347818612178
-0.031799600606626476
-0.09705132573334777
0.0017254109808757217
-0.04330006440895293
-0.036882847521688356
-0.05118976981199059
-0.024557441059777155
0.00017600582659855067
-0.055289529008352635
-0.0818632081669434
-0.061336449013393815
-0.0984720492613813
-0.08392554218370399
-0.007155273520716173
-0.029435661223712453
-0.002860164263699125
-0.044314741190589875
-0.030499724420360207
0.027973172049729936
-0.052859479457857926
-0.0370070602722708
-0.04087002407985233
-0.042122485045424714
-0.024516656411293546
-0.059640737492759784
-0.03346573623804359
-0.04703347524533858
-0.03907426525201232
-0.02176481763567641
0.009729820687202814
-0.037851578705013524
-0.0046111689561388345
-0.04645319899388438
-0.04645319899388438
-0.032456217891052276
-0.05275653212374699
-0.008602486130914938
-0.019789929349740915
-0.02724444582911832
-0.03396484321623065
-0.038636710105734835
-0.04669157275416626
-0.050373852202372914
-0.03466499603507759
-0.061336449013393815
-0.08392554218370399
-0.012980309355519698
-0.03264443882364051
-0.09705132573334777
-0.0770191713095089
-0.06596004113323714
-0.017303072268004982
0.0011301053091853609
-0.03916868681474474
-0.06746494605702835
-0.028133306826802745
-0.04338421309670192
-0.01674284267083444
-0.0037686934461407242
-0.028311108647263186
-0.04353898033418992
-0.007221606901377647
-0.06920246784207801
-0.0332864736733374
-0.01869696825109291
-0.0052291164087170374
-0.002561665291816574
-0.01674284267083444
-0.014103982699691023
-0.07240945243934874
0.01939822820524331
-0.019496731727294946
-0.04283252856211932
-0.03378874785653358
-0.0023775747442491
0.020974302961634793
0.02487660805092106
-0.07733356231429041
-0.07634704385830772
-0.08101142936974134
-0.0007021818132323205
-0.04644144384372256
-0.034425377947747644
-0.03907426525201232
-0.0052291164087170374
-0.0046111689561388345
-0.0332864736733374
-0.06596004113323714
-0.0016022256022246116
-0.04669157275416626
-0.08392554218370399
-0.0032875622686528894
-0.05152835062286127
-0.02176481763567641
-0.039107010062929354
-0.00614324651794898
-0.005166087157655484
-0.034496159911282555
-0.01119938928174484
0.003091233965313017
-0.018584726685974252
-0.024300624928698396
-0.042122485045424714
-0.024516656411293546
-0.04669157275416626
-0.06384112247297331
-0.05396685638372034
-0.07733356231429041
-0.0818632081669434
-0.05188445874475924
-0.0019117771655132074
-0.047527243659279975
-0.025273234564592763
-0.0721784734483671
-0.030024002053711193
-0.052859479457857926
0.008831711493338128
0.027973172049729936
-0.01955699585635227
-0.018584726685974252
-0.015549954669251428
-0.045487499817190497
0.029123528626638695
0.009729820687202814
0.020329031332610506
-0.0317044296378195
-0.042122485045424714
-0.05403552253244706
-0.018929010437351606
-0.0354914685968961
-0.02653575051916225
-0.033120083212129114
0.005357405528548056
-0.059640737492759784
-0.0354914685968961
-0.0026852242089729296
-0.06584903600389842
-0.019789929349740915
-0.025273234564592763
-0.09088676216902265
-0.022213920729661843
-0.08230433596071353
-0.052859479457857926
-0.0037686934461407242
-0.06584903600389842
-0.03346573623804359
-0.022269779375611812
-0.07350255656030212
-0.031420745356883155
-0.052399585128015215
-0.031420745356883155
-0.061336449013393815
-0.08230433596071353
-0.00815317647315339
-0.11217363626322223
-0.038636710105734835
0.04155671071187121
-0.07448347818612178
-0.07887699550658653
-0.06011531698610941
-0.08392554218370399
-0.019789929349740915
-0.02096257075177337
-0.0770191713095089
-0.019429628546604655
-0.06746543910205341
-0.07354557246002946
-0.03847936876968201
-0.020730994217848235
-0.0721784734483671
0.009729820687202814
-0.018041664023816635
0.04155671071187121
-0.03434903573680085
-0.08165043924856966
-0.05907379456137194
