-0.13184564248624756
-0.010982028853152734
-0.06019303184331156
-0.04857851568433025
0.003234662730515356
-0.13184564248624756
-0.07326850680595896
-0.06413632586334711
-0.021864101313531035
0.0006288022685157502
-0.05980279995412057
0.03919684503513163
-0.1292154307592156
-0.0297187865565967
-0.05083279218820093
-0.024932653592136342
-0.04045131310407938
-0.09401939242102618
-0.06527440882191919
-0.07279951145494
-0.004309361855334877
-0.11948894858934457
-0.05443046881512838
-0.0450336742099651
-0.06348570312956676
-0.10283543636675276
-0.039446956275667425
0.025698701256009853
-0.060738064852776094
-0.029812718406628146
-0.05147203383621678
-0.058561720547268103
-0.05147203383621678
-0.07279951145494
0.004633164970593194
-0.029557332791193307
-0.03194788007063599
-0.06527440882191919
-0.08653137407008633
-0.05980279995412057
-0.03205536552673321
-0.021369219915255065
-0.025672232562570542
-0.014898968003785503
-0.058561720547268103
-0.03194788007063599
-0.046390713358933036
-0.024932653592136342
-0.014898438433898086
-0.05476548949552179
-0.0705755695091339
-0.06348570312956676
-0.04857851568433025
-0.04857851568433025
-0.0297187865565967
-0.06649795591188354
-0.0913226453920065
0.025698701256009853
-0.04131812779145924
-0.026856550887908746
-0.06681674765071502
0.006271600576328699
-0.043484920427577185
-0.12991671647285197
0.035930357558575474
-0.03194788007063599
-0.021369219915255065
-0.05147203383621678
-0.06583034038742701
0.004633164970593194
-0.0450336742099651
-0.12176096884362314
-0.032052025692156955
0.006271600576328699
-0.12046189851819167
-0.06348570312956676
-0.0368289974557581
-0.06756289702292352
0.00786572185612908
-0.04857851568433025
0.003234662730515356
0.025698701256009853
-0.04857851568433025
-0.04045131310407938
-0.1176330983453704
-0.04131812779145924
-0.04411241212629577
-0.05488493340272625
-0.0297187865565967
-0.04379265396111098
-0.04379265396111098
-0.03648811145004918
-0.07715676739109877
-0.035318038720717544
-0.032052025692156955
-0.08126048621799734
-0.02818493538313851
-0.05083279218820093
-0.03205536552673321
-0.09449085513143304
-0.014956199620217289
-0.02763929244105419
-0.055085968192402544
-0.02296157465107296
-0.08126048621799734
-0.0450336742099651
-0.1292154307592156
-0.024555391390625042
-0.049587635892202796
0.007851150789138547
-0.07124913263769952
-0.06550857985449479
-0.05543714924830371
-0.053614846313579906
-0.06550857985449479
-0.02763929244105419
-0.04131812779145924
-0.09756830677454136
-0.06947450100626779
-0.06065840711677905
-0.046390713358933036
-0.014956199620217289
-0.0450336742099651
-0.05379508034311586
0.006271600576328699
0.02225073900940214
-0.021110696166667737
-0.057595341384509086
-0.12046189851819167
-0.053189429151078015
-0.026856550887908746
-0.06348570312956676
-0.041561290970226525
0.02225073900940214
0.004633164970593194
-0.010784438689771124
-0.06541120091685279
-0.010784438689771124
-0.0450336742099651
-0.010001307336005462
-0.01710241239581125
-0.07279951145494
-0.07326850680595896
-0.0688639324809899
-0.027739101268233403
0.006271600576328699
-0.009023333213780608
-0.005279014992190952
-0.010001307336005462
-0.057595341384509086
-0.03188795821360729
-0.017602338141181506
-0.040453503317240194
-0.041561290970226525
0.000948088733830838
-0.02763929244105419
-0.048295185814757835
-0.014956199620217289
-0.02296157465107296
-0.0021940191728184876
-0.1176330983453704
-0.0061813545945737
0.000948088733830838
-0.07319979579397944
-0.04823191408957175
-0.021369219915255065
-0.02818493538313851
-0.0754362681740651
-0.023185424985541235
-0.010784438689771124
-0.04690864323899599
-0.03188795821360729
0.025698701256009853
0.042635167079881874
-0.022440961001933345
-0.023185424985541235
-0.02487995041663914
-0.03205536552673321
-0.040453503317240194
-0.024932653592136342
-0.06003576492824043
-0.05374248174741545
-0.0705755695091339
-0.058561720547268103
-0.0913226453920065
0.0012270895137592658
-0.06649795591188354
-0.05476548949552179
-0.05147203383621678
-0.12991671647285197
-0.09549820548069182
-0.0061813545945737
-0.053614846313579906
-0.05374248174741545
-0.060641678347464124
-0.05379508034311586
-0.040453503317240194
0.007851150789138547
-0.09549820548069182
-0.12176096884362314
-0.12991671647285197
-0.0705755695091339
-0.027739101268233403
-0.04045131310407938
-0.030397579554315393
-0.048295185814757835
-0.05808966943692441
-0.06583034038742701
-0.06805622992639405
-0.060738064852776094
-0.045583370998440814
-0.06805622992639405
-0.021110696166667737
-0.1292154307592156
-0.06348570312956676
-0.1125148058067876
-0.07326850680595896
-0.029191661256967476
-0.05342264722488796
-0.0705755695091339
-0.1353072621365973
-0.1176330983453704
-0.023185424985541235
-0.09384664445500247
-0.0368289974557581
-0.04411241212629577
-0.09282080520145385
-0.029812718406628146
-0.024555391390625042
-0.05808966943692441
-0.026586049841007178
-0.07715676739109877
-0.0030927213786149936
-0.031416263962681705
0.002336297485548703
-0.014898438433898086
-0.017602338141181506
-0.049472169038756925
0.025698701256009853
-0.05707257913444436
-0.03205536552673321
-0.06805622992639405
-0.027739101268233403
-0.07124913263769952
-0.038497939056147075
-0.06550857985449479
-0.014898438433898086
-0.021369219915255065
-0.05594844949279957
-0.029082995366981657
0.017521041027674725
-0.009023333213780608
-0.06917003485104627
-0.09756830677454136
-0.029082995366981657
-0.07106902079759886
-0.0426095276133797
-0.03475461587626283
-0.04690864323899599
-0.058561720547268103
-0.038497939056147075
-0.019185287962632674
-0.2523583841137716
-0.010982028853152734
0.000948088733830838
-0.03648811145004918
-0.05594844949279957
-0.024151320637804338
-0.0705755695091339
-0.05147203383621678
-0.06649795591188354
-0.06583034038742701
-0.04771159640796159
-0.0705755695091339
0.042635167079881874
-0.12176096884362314
-0.04379265396111098
-0.05147203383621678
-0.060738064852776094
0.042635167079881874
-0.05342264722488796
-0.053614846313579906
-0.08579560672674473
-0.0021940191728184876
-0.0705755695091339
-0.07279951145494
-0.12046189851819167
-0.13724572998835974
-0.2523583841137716
-0.0297187865565967
-0.030397579554315393
-0.0913226453920065
-0.053189429151078015
-0.05488493340272625
-0.004309361855334877
-0.03886432687534331
-0.010982028853152734
0.0012270895137592658
-0.019508765678596055
-0.01710241239581125
-0.005279014992190952
0.000126523475113013
-0.025672232562570542
-0.024555391390625042
-0.05488493340272625
-0.03475461587626283
0.007851150789138547
-0.032052025692156955
-0.05808966943692441
0.006271600576328699
-0.06756289702292352
-0.08126048621799734
-0.08108598266526444
-0.06583034038742701
-0.03475461587626283
-0.005683060573583159
-0.0244411972073276
-0.0450336742099651
-0.015339331966512593
-0.07279951145494
-0.06681674765071502
-0.03193521946065783
-0.021637480752800392
-0.0705755695091339
-0.09549820548069182
-0.05594844949279957
-0.07934790559995257
-0.018836504300447657
-0.04411241212629577
-0.030732285030233356
-0.024555391390625042
-0.04690864323899599
-0.031416263962681705
-0.017534244701349143
-0.041561290970226525
-0.12176096884362314
-0.06583034038742701
-0.03648811145004918
0.03919684503513163
-0.03193521946065783
-0.045583370998440814
-0.032052025692156955
-0.07715676739109877
-0.0368289974557581
-0.021110696166667737
-0.027739101268233403
-0.05147203383621678
-0.014956199620217289
-0.014898438433898086
-0.05594844949279957
-0.019185287962632674
-0.029812718406628146
-0.05980279995412057
-0.05379508034311586
-0.02487995041663914
-0.010982028853152734
-0.01710241239581125
-0.05342264722488796
-0.026856550887908746
-0.06649795591188354
-0.13724572998835974
-0.02818493538313851
-0.03848316972740627
-0.019508765678596055
-0.054781885106775556
-0.05433739588936917
-0.09384664445500247
-0.0368289974557581
-0.054781885106775556
-0.0297187865565967
-0.039446956275667425
-0.04492675621301993
-0.05374248174741545
-0.02792170296902487
-0.030732285030233356
-0.05379508034311586
-0.03648811145004918
-0.08126048621799734
-0.06805622992639405
-0.08653137407008633
-0.02860501623456465
0.042635167079881874
-0.06413632586334711
-0.06583034038742701
0.042635167079881874
-0.01710241239581125
-0.029082995366981657
-0.05374248174741545
-0.11948894858934457
-0.05443046881512838
-0.029557332791193307
0.006271600576328699
-0.06756289702292352
-0.03205536552673321
-0.2523583841137716
-0.042420601055022086
-0.060738064852776094
-0.022440961001933345
-0.04690864323899599
-0.1760929515305298
-0.04690864323899599
0.02225073900940214
-0.05488493340272625
-0.04131812779145924
-0.021413662391038236
-0.030397579554315393
-0.01710241239581125
-0.03848316972740627
-0.05707257913444436
0.042635167079881874
-0.06947450100626779
-0.10096747699026226
-0.018836504300447657
-0.02860501623456465
-0.06413632586334711
-0.030397579554315393
-0.06550857985449479
-0.06019303184331156
-0.05443046881512838
-0.0004888284110537842
-0.029191661256967476
-0.09401939242102618
-0.02763929244105419
-0.054781885106775556
0.016547372572709152
-0.06947450100626779
-0.06065840711677905
-0.11948894858934457
-0.043484920427577185
-0.13724572998835974
-0.004309361855334877
-0.03848316972740627
0.006271600576328699
-0.060738064852776094
-0.07326850680595896
-0.06756289702292352
-0.2523583841137716
-0.10123105446665868
-0.053614846313579906
-0.0368289974557581
-0.0368289974557581
-0.04379265396111098
-0.032052025692156955
-0.021637480752800392
-0.021110696166667737
-0.06805622992639405
-0.010982028853152734
-0.05379508034311586
0.02225073900940214
-0.0705755695091339
-0.10283543636675276
-0.022440961001933345
-0.005279014992190952
-0.06550857985449479
-0.017534244701349143
-0.03521619491615731
-0.11948894858934457
-0.1292154307592156
-0.049472169038756925
-0.032052025692156955
-0.040453503317240194
-0.06413632586334711
-0.011538682292054675
-0.025316998412761284
-0.058561720547268103
-0.0244411972073276
-0.003242685701432439
0.00786572185612908
-0.049472169038756925
-0.0754362681740651
-0.04411241212629577
-0.09282080520145385
-0.040453503317240194
-0.06649795591188354
-0.021413662391038236
-0.10123105446665868
-0.031416263962681705
-0.049472169038756925
-0.06681674765071502
-0.06583034038742701
-0.0705755695091339
0.006271600576328699
-0.11948894858934457
-0.02792170296902487
0.004633164970593194
-0.05707257913444436
-0.1125148058067876
-0.06681674765071502
0.007851150789138547
-0.10096747699026226
0.0012270895137592658
-0.09282080520145385
-0.10123105446665868
-0.029082995366981657
-0.07934790559995257
-0.0469483111841862
-0.05342264722488796
-0.05433739588936917
-0.05476548949552179
-0.05379508034311586
-0.06805622992639405
-0.05904942848112626
-0.05808966943692441
-0.010001307336005462
-0.1176330983453704
-0.0705755695091339
-0.1292154307592156
-0.06681674765071502
-0.017264707456726026
-0.0913226453920065
-0.060641678347464124
-0.11948894858934457
-0.06527440882191919
-0.05980279995412057
-0.040453503317240194
-0.05342264722488796
-0.02818493538313851
-0.06583034038742701
-0.035318038720717544
-0.12991671647285197
-0.09449085513143304
-0.05374248174741545
-0.12991671647285197
-0.03848316972740627
-0.029082995366981657
-0.02818493538313851
-0.024151320637804338
-0.049472169038756925
-0.010001307336005462
-0.02818493538313851
-0.05342264722488796
-0.1353072621365973
-0.0004888284110537842
-0.13184564248624756
-0.05707257913444436
-0.04492675621301993
-0.03848316972740627
-0.035318038720717544
-0.014898438433898086
-0.07934790559995257
-0.004309361855334877
-0.040453503317240194
-0.05379508034311586
-0.043484920427577185
-0.014898968003785503
-0.06003576492824043
-0.07934790559995257
-0.014956199620217289
-0.029812718406628146
-0.08653137407008633
-0.005279014992190952
0.000126523475113013
-0.027739101268233403
-0.031416263962681705
0.0006288022685157502
0.000126523475113013
-0.0368289974557581
-0.08126048621799734
-0.06348570312956676
-0.026856550887908746
-0.05443046881512838
-0.06947450100626779
-0.06541120091685279
-0.038497939056147075
-0.058561720547268103
0.016547372572709152
-0.023185424985541235
-0.12176096884362314
-0.026856550887908746
-0.1292154307592156
-0.009023333213780608
-0.055085968192402544
-0.026856550887908746
-0.07106902079759886
-0.0368289974557581
-0.02860501623456465
0.02225073900940214
-0.05374248174741545
-0.06413632586334711
-0.06756289702292352
-0.05980279995412057
-0.0297187865565967
-0.06413632586334711
-0.023185424985541235
-0.014898438433898086
-0.05707257913444436
-0.005367261620881585
-0.029082995366981657
-0.017264707456726026
-0.05147203383621678
-0.09401939242102618
-0.07715676739109877
-0.10123105446665868
-0.02487995041663914
0.042635167079881874
-0.06348570312956676
-0.058561720547268103
-0.01712189459933302
-0.017264707456726026
-0.0450336742099651
-0.0705755695091339
-0.0754362681740651
-0.021413662391038236
-0.025316998412761284
-0.0688639324809899
-0.10096747699026226
0.004633164970593194
-0.021637480752800392
-0.021413662391038236
-0.0469483111841862
-0.07934790559995257
0.017521041027674725
-0.07326850680595896
-0.017534244701349143
-0.0688639324809899
-0.1125148058067876
-0.04492675621301993
0.0006288022685157502
-0.024555391390625042
-0.011538682292054675
-0.045583370998440814
-0.09449085513143304
-0.06805622992639405
-0.1353072621365973
-0.09282080520145385
-0.08126048621799734
-0.07715676739109877
-0.05433739588936917
-0.05443046881512838
0.0006288022685157502
-0.0705755695091339
0.006271600576328699
-0.05904942848112626
-0.03193521946065783
-0.02487995041663914
-0.040453503317240194
0.017521041027674725
-0.08579560672674473
0.03919684503513163
-0.022440961001933345
-0.06413632586334711
-0.06527440882191919
-0.005279014992190952
-0.025316998412761284
0.002336297485548703
-0.06756289702292352
-0.043484920427577185
-0.03886432687534331
-0.05808966943692441
-0.05707257913444436
-0.05543714924830371
-0.058561720547268103
-0.10283543636675276
-0.05083279218820093
-0.06527440882191919
-0.046390713358933036
-0.058561720547268103
0.0006288022685157502
-0.02296157465107296
-0.029557332791193307
0.042635167079881874
-0.043484920427577185
-0.05488493340272625
-0.06917003485104627
-0.025672232562570542
-0.06583034038742701
-0.03194788007063599
-0.02763929244105419
-0.04771159640796159
-0.06403056045615607
-0.038497939056147075
-0.09384664445500247
-0.018836504300447657
-0.0469483111841862
-0.0278304862983131
-0.04411241212629577
-0.11948894858934457
-0.06947450100626779
-0.025316998412761284
-0.12176096884362314
0.035930357558575474
-0.011538682292054675
0.002336297485548703
-0.0278304862983131
-0.0021940191728184876
-0.058561720547268103
0.002336297485548703
-0.07326850680595896
-0.03848316972740627
-0.03194788007063599
-0.1176330983453704
-0.06541120091685279
-0.009023333213780608
0.02225073900940214
-0.08579560672674473
-0.058561720547268103
-0.06805622992639405
-0.12046189851819167
-0.003242685701432439
-0.12991671647285197
-0.05980279995412057
-0.024555391390625042
-0.09282080520145385
-0.0450336742099651
-0.017264707456726026
-0.014956199620217289
-0.039446956275667425
-0.03886432687534331
0.02225073900940214
-0.031416263962681705
-0.035318038720717544
-0.003242685701432439
-0.019508765678596055
-0.02296157465107296
-0.02296157465107296
-0.03188795821360729
-0.014956199620217289
-0.010982028853152734
-0.011538682292054675
-0.0705755695091339
-0.06917003485104627
-0.03194788007063599
-0.0469483111841862
-0.04690864323899599
0.000126523475113013
0.025698701256009853
-0.035318038720717544
-0.04131812779145924
-0.04690864323899599
-0.2523583841137716
-0.09401939242102618
-0.08653137407008633
0.007851150789138547
-0.13724572998835974
-0.07326850680595896
-0.10096747699026226
-0.01712189459933302
-0.08653137407008633
-0.003242685701432439
-0.05083279218820093
-0.03193521946065783
0.025698701256009853
-0.009023333213780608
-0.06003576492824043
-0.058561720547268103
-0.026586049841007178
-0.021369219915255065
-0.017534244701349143
-0.0004888284110537842
-0.005367261620881585
-0.06583034038742701
-0.053614846313579906
-0.026856550887908746
-0.03521619491615731
0.0006288022685157502
-0.0705755695091339
-0.045583370998440814
-0.005279014992190952
-0.0061813545945737
-0.032052025692156955
0.025698701256009853
-0.04857851568433025
-0.05342264722488796
-0.10123105446665868
-0.05808966943692441
-0.05443046881512838
-0.021369219915255065
-0.06756289702292352
-0.038497939056147075
0.003234662730515356
-0.035318038720717544
-0.09756830677454136
-0.07106902079759886
-0.005367261620881585
-0.010982028853152734
-0.02487995041663914
-0.029812718406628146
-0.039446956275667425
0.002336297485548703
-0.024151320637804338
-0.04492675621301993
-0.05594844949279957
-0.05083279218820093
-0.049472169038756925
-0.021369219915255065
-0.06681674765071502
-0.07106902079759886
-0.049587635892202796
-0.029812718406628146
-0.017602338141181506
-0.0688639324809899
-0.08579560672674473
-0.05374248174741545
-0.010982028853152734
-0.031416263962681705
-0.05707257913444436
-0.06756289702292352
-0.0004888284110537842
-0.046390713358933036
0.0006288022685157502
-0.06003576492824043
-0.07934790559995257
-0.017534244701349143
-0.035318038720717544
-0.05707257913444436
-0.04823191408957175
-0.04857851568433025
-0.03848316972740627
-0.03194788007063599
-0.05433739588936917
-0.03475461587626283
-0.09384664445500247
-0.005279014992190952
-0.022440961001933345
-0.0021940191728184876
-0.03194788007063599
-0.014898968003785503
-0.04823191408957175
-0.019508765678596055
-0.06019303184331156
0.007851150789138547
-0.004309361855334877
-0.05443046881512838
-0.026586049841007178
-0.09401939242102618
-0.1292154307592156
-0.0278304862983131
-0.06541120091685279
-0.12176096884362314
-0.0297187865565967
-0.03521619491615731
-0.02763929244105419
-0.053189429151078015
0.03919684503513163
-0.017264707456726026
-0.024932653592136342
-0.010982028853152734
-0.06583034038742701
-0.04411241212629577
-0.09384664445500247
0.02225073900940214
-0.005367261620881585
-0.04857851568433025
-0.014956199620217289
-0.06649795591188354
-0.021637480752800392
0.035930357558575474
-0.035318038720717544
0.03919684503513163
-0.05904942848112626
-0.05980279995412057
-0.03521619491615731
-0.07319979579397944
-0.017264707456726026
-0.09449085513143304
-0.014898438433898086
-0.029812718406628146
-0.014956199620217289
-0.0426095276133797
-0.03193521946065783
-0.06403056045615607
-0.025672232562570542
-0.05147203383621678
-0.046390713358933036
-0.030732285030233356
-0.08126048621799734
0.003234662730515356
-0.057595341384509086
0.0006288022685157502
-0.06413632586334711
-0.0368289974557581
-0.05980279995412057
-0.05147203383621678
-0.09282080520145385
-0.03648811145004918
-0.060641678347464124
-0.07934790559995257
-0.021369219915255065
-0.0004888284110537842
-0.05443046881512838
-0.02818493538313851
-0.019185287962632674
-0.10123105446665868
0.02225073900940214
-0.06947450100626779
-0.05488493340272625
-0.017602338141181506
-0.0426095276133797
-0.031416263962681705
-0.060738064852776094
-0.0004888284110537842
-0.0450336742099651
-0.03205536552673321
-0.043484920427577185
-0.08579560672674473
-0.032052025692156955
-0.05374248174741545
-0.0030927213786149936
-0.06583034038742701
-0.07106902079759886
-0.10096747699026226
-0.1020040872244754
-0.0469483111841862
-0.017602338141181506
-0.025316998412761284
-0.055085968192402544
-0.054781885106775556
-0.04823191408957175
-0.03193521946065783
-0.03205536552673321
-0.06527440882191919
-0.011538682292054675
-0.038497939056147075
-0.08126048621799734
-0.03648811145004918
-0.0368289974557581
-0.021864101313531035
-0.029082995366981657
-0.0244411972073276
0.006271600576328699
-0.01710241239581125
-0.017534244701349143
-0.0244411972073276
-0.03886432687534331
-0.06917003485104627
-0.0688639324809899
-0.03475461587626283
0.006271600576328699
-0.02763929244105419
-0.0426095276133797
-0.01712189459933302
-0.004309361855334877
-0.014898438433898086
-0.010001307336005462
-0.024932653592136342
-0.0368289974557581
-0.06550857985449479
-0.046390713358933036
-0.09756830677454136
0.006271600576328699
-0.05594844949279957
-0.005683060573583159
0.000126523475113013
-0.029557332791193307
0.025698701256009853
-0.03193521946065783
-0.04492675621301993
0.006271600576328699
-0.023185424985541235
-0.0004888284110537842
-0.08126048621799734
-0.011538682292054675
-0.0021940191728184876
-0.0244411972073276
-0.026586049841007178
-0.06947450100626779
0.000948088733830838
-0.055085968192402544
-0.014956199620217289
-0.09384664445500247
-0.06541120091685279
-0.057595341384509086
-0.053614846313579906
-0.049472169038756925
-0.03188795821360729
-0.025672232562570542
-0.06065840711677905
-0.04690864323899599
-0.0278304862983131
-0.05083279218820093
-0.05904942848112626
-0.030732285030233356
-0.06527440882191919
-0.035318038720717544
-0.03188795821360729
-0.06649795591188354
-0.08108598266526444
-0.05379508034311586
-0.038497939056147075
-0.05374248174741545
-0.03193521946065783
-0.0030927213786149936
-0.048295185814757835
-0.04771159640796159
-0.055085968192402544
-0.0705755695091339
-0.0297187865565967
0.000126523475113013
-0.021864101313531035
-0.04857851568433025
-0.06583034038742701
-0.08653137407008633
-0.0469483111841862
-0.10096747699026226
-0.04771159640796159
-0.041561290970226525
-0.06805622992639405
-0.024151320637804338
-0.024151320637804338
-0.06550857985449479
