-0.013558937701256253
-0.010835753820595201
-0.015432189152735816
-0.024248165342652624
-0.016528967696333684
-0.048341785398724815
-0.033920071811411594
-0.011693308498909835
-0.025475827189664055
-0.05769734586156612
-0.03870497188853069
-0.010192396009638966
-0.00940462478770004
-0.026133669941467486
-0.031113512758928857
-0.03492004307334166
-0.009251009640331875
-0.02313298807451285
-0.028142437163364217
-0.030683477422059412
-0.012412937600799452
-0.029290105984697393
-0.016528967696333684
-0.027165330957044435
-0.020231342239607545
-0.01331897166492286
-0.05377402908209561
-0.006853706282700772
-0.002295847164675305
-0.009805317444816629
-0.015440117748811946
-0.013233321181991897
-0.008535936696786258
-0.0451421773712586
-0.034624074013844916
0.0012941818774095787
-0.00940462478770004
-0.008495839665044008
-0.009366046718087202
-0.023845175368342606
-0.005432571488207754
-0.033710734561773946
-0.009900401592455792
-0.023845175368342606
-0.017664681406137937
-0.01567962015820538
-0.008529349169348176
-0.007812590754602437
-0.026122150266829826
-0.015745932725499474
-0.010192396009638966
-0.015213733032674079
-0.03492004307334166
-0.017664681406137937
-0.05669155955148077
-0.013623123493336265
-0.01828538904298647
-0.026133669941467486
-0.027099224174961977
-0.024053337265716148
-0.02023495863740164
-0.014564063985951895
-0.020231342239607545
-0.05359453958414527
-0.015691250162626357
-0.03639250195154632
0.0012209516970376633
-0.03892681721785003
-0.031489530131057625
-0.0028550973127956752
-0.02676755564093455
-0.03791813594372708
-0.01329916784468535
-0.0018656173868929929
0.004263852434508254
-0.025725320296450114
-0.041398230508610946
-0.03870497188853069
-0.02190816181970397
-0.042492856601923146
0.0012209516970376633
-0.01334147211375267
-0.026122150266829826
0.007927326466832548
-0.01730533407134398
-0.04048774101281373
-0.03025165334516796
-0.019572890723574096
-0.01932948143964054
-0.005222189099023798
-0.027156543011205327
-0.02176142350660602
-0.043122388891261645
-0.01567962015820538
-0.014606140143794823
-0.004303267608381411
-0.03791813594372708
-0.014726300267599907
-0.024248165342652624
-0.03551446329173865
-0.031727982743320254
-0.01789789674044324
-0.02423729122761193
-0.027819704175506006
-0.022541250170585968
-0.029837987865201285
-0.016055322094056676
-0.02023495863740164
-0.04877835863856231
-0.024053337265716148
-0.025475827189664055
0.0012209516970376633
-0.003050771461384085
-0.011078500082219889
0.0012209516970376633
-0.034336409674679214
-0.014663660346816914
-0.028142437163364217
-0.00631969428440537
-0.015518992016634014
-0.034336409674679214
-0.05669155955148077
-0.022724428441509095
-0.006593589241973005
-0.04300742703895665
-0.012033642023315255
-0.028039183365190214
-0.021765812221666056
0.0013117110750363408
-0.010200105189994426
-0.016892341344780182
-0.03892681721785003
-0.03870497188853069
-0.041094574695860725
-0.0006035080201686797
-0.015213733032674079
-0.017755471471434966
-0.016205390594930064
-0.08519882656199564
-0.027165330957044435
-0.02599683313526215
-0.02405170085145665
-0.008721180822538126
-0.014663660346816914
-0.02164541957971218
-0.005429635305440432
-0.018636827880587185
-0.03648886290025326
-0.02164541957971218
-0.01334147211375267
-0.013558937701256253
-0.022967190671991294
-0.0014838429580093433
-0.0354936047760951
-0.031489530131057625
-0.024248165342652624
-0.013988171836132992
-0.01842959512518517
-0.015440117748811946
-0.0037970112691419105
-0.031457480518683266
-0.02355179941274602
-0.042492856601923146
-0.021588991812072533
-0.021335399372626403
-0.026133669941467486
-0.026122150266829826
-0.002295847164675305
-0.022960378462166454
-0.027815760462768225
-0.01890137191091621
0.0013117110750363408
-0.008535936696786258
-0.022042504692947364
-0.011682275986903187
-0.025881664482472304
-0.01651671807238285
-0.042087665758028255
-0.02199802232681168
0.004085912943373516
-0.05221841200367552
-0.02373761356750505
-0.031727982743320254
-0.029218440751215234
0.002335620199510084
-0.05721502054650448
-0.048341785398724815
-0.041398230508610946
-0.034336409674679214
-0.02599683313526215
-0.029245619182552484
-0.027335127127896805
-0.0018656173868929929
-0.02423729122761193
-0.020378782542994356
-0.02023495863740164
-0.029245619182552484
-0.008529349169348176
-0.05851262147660824
-0.026010735564602067
-0.04877835863856231
-0.01842959512518517
-0.01329916784468535
-0.010200105189994426
-0.0451421773712586
-0.027815760462768225
-0.009251009640331875
-0.022042504692947364
-0.046301647241808574
-0.019478218743672587
-0.010200105189994426
-0.029807460521703712
-0.022446097162907363
-0.010835753820595201
-0.031781772655921636
-0.02109844641648964
0.0012941818774095787
-0.02257381521373293
-0.042492856601923146
-0.010192396009638966
-0.021335399372626403
-0.021765812221666056
-0.024556926521646615
-0.03870497188853069
-0.03648886290025326
-0.0016854826955433689
-0.04300742703895665
-0.01911541873184456
-0.022534948275935496
-0.01775142639491298
-0.023172779176310814
-0.022541250170585968
-0.005429635305440432
-0.021611075288680233
-0.03639250195154632
-0.029218440751215234
-0.015436940400136023
-0.05221841200367552
-0.02190816181970397
-0.04214463880041124
-0.027815760462768225
-0.00671087357043863
0.0012941818774095787
-0.026122150266829826
-0.02164541957971218
-0.02274212949277709
-0.030320129669555433
-0.031218571423768913
-0.018034687447991072
-0.015713380996901512
-0.02673391899494753
-0.002861066956538347
-0.015440117748811946
-0.016892341344780182
-0.023172779176310814
-0.03492004307334166
-0.017800110858499904
-0.04071492509531373
-0.03643351614817499
-0.028039183365190214
-0.018932071359698398
-0.05534116904779824
-0.022724428441509095
-0.03643351614817499
-0.006593589241973005
-0.02355179941274602
-0.012541515006711959
-0.020378782542994356
-0.008059738653429436
-0.006853706282700772
-0.02690922931022375
-0.014663660346816914
-0.013233321181991897
-0.023998134172332725
-0.013988171836132992
-0.03648886290025326
-0.01567962015820538
-0.04466732252958146
-0.02164541957971218
-0.07648299500468285
-0.024556926521646615
-0.030683477422059412
-0.01775142639491298
-0.012827016117973437
-0.025475827189664055
-0.02851861700178724
-0.03724837731331559
-0.018948287872643445
-0.022557009465636397
-0.030320129669555433
-0.007812590754602437
-0.012541515006711959
-0.05359453958414527
-0.022541250170585968
-0.017664681406137937
-0.024071315423392293
-0.006484978250012087
-0.002295847164675305
-0.03892681721785003
-0.029865351008922177
-0.006854755935087558
-0.0014838429580093433
-0.014564063985951895
-0.022960378462166454
-0.015436940400136023
-0.022518739137196552
-0.04418691885799889
-0.008376084033318623
-0.034778702361314535
0.0012209516970376633
-0.026122150266829826
-0.0203557043790538
-0.021765812221666056
-0.012827016117973437
-0.017800110858499904
-0.022167892936464484
-0.04466732252958146
-0.014863465688166174
-0.02405170085145665
-0.025725320296450114
-0.024248165342652624
-0.048341785398724815
-0.03506738308807497
-0.01567962015820538
-0.005222189099023798
-0.03492004307334166
-0.023845175368342606
-0.02274212949277709
-0.0028550973127956752
-0.034778702361314535
-0.013558937701256253
-0.02123761082491215
-0.015713380996901512
-0.029869938285854606
-0.022042504692947364
-0.034624074013844916
-0.02676755564093455
-0.03791813594372708
-0.004202516429723939
-0.006938176720428778
-0.011682275986903187
-0.021765812221666056
-0.015210928488204763
-0.03724837731331559
-0.020389509163763336
-0.041094574695860725
-0.018636827880587185
-0.042087665758028255
-0.055565663768090245
-0.004202516429723939
-0.022518739137196552
-0.019883234567279827
-0.037994093916499015
-0.016205390594930064
-0.027768899612110407
-0.022557009465636397
-0.024071315423392293
-0.004303267608381411
-0.011693308498909835
-0.02164541957971218
-0.01789789674044324
-0.027768899612110407
0.007927326466832548
-0.033920071811411594
-0.041094574695860725
-0.008395222981908576
-0.008376084033318623
-0.02109844641648964
-0.018932071359698398
-0.021959582409684153
-0.026122150266829826
-0.023877816213819673
-0.015713380996901512
-0.028142437163364217
-0.018932071359698398
-0.010835753820595201
-0.006854755935087558
-0.016348424627619245
-0.006853706282700772
-0.021588991812072533
-0.031113512758928857
-0.018394597147780557
-0.034624074013844916
-0.02968535400733908
-0.016234721631463937
-0.04048774101281373
-0.05534116904779824
-0.01945508120387662
-0.0170081441962967
-0.043122388891261645
-0.016055322094056676
-0.07648299500468285
-0.022518739137196552
-0.01746965931923736
-0.020894099164581407
-0.026122150266829826
-0.006034975442345348
-0.04500961546627138
-0.016528967696333684
-0.016234721631463937
-0.03709438810071522
-0.02676755564093455
-0.024071315423392293
-0.011865132585402593
-0.03709438810071522
-0.02423729122761193
-0.02257381521373293
-0.015432189152735816
-0.010835753820595201
-0.009805317444816629
-0.009427055219209323
-0.020231342239607545
-0.02330701192448933
-0.005222315176033674
-0.021335399372626403
-0.027819704175506006
-0.019478218743672587
-0.02355179941274602
-0.008721180822538126
-0.013558937701256253
-0.027236110188478935
-0.020894099164581407
-0.02673391899494753
-0.029290105984697393
-0.016348424627619245
-0.02690922931022375
-0.023877816213819673
-0.02313298807451285
-0.042492856601923146
-0.025475827189664055
-0.033710734561773946
-0.04214463880041124
-0.031489530131057625
-0.03791813594372708
-0.0354936047760951
-0.03551446329173865
-0.016234721631463937
-0.024071315423392293
-0.006938176720428778
-0.004463897863633403
-0.048341785398724815
-0.02952294292508309
-0.021207515715112847
-0.029837987865201285
-0.022404045569133495
-0.0016854826955433689
-0.041398230508610946
-0.004202516429723939
-0.027165330957044435
-0.009366046718087202
-0.014663660346816914
-0.028884673581623825
-0.00671087357043863
-0.041398230508610946
-0.00671087357043863
-0.03551446329173865
-0.016234721631463937
-0.02176142350660602
-0.016234721631463937
-0.019572890723574096
-0.023998134172332725
-0.031781772655921636
-0.009427055219209323
-0.029807460521703712
-0.029807460521703712
-0.027335127127896805
-0.02123761082491215
-0.029290105984697393
-0.028884673581623825
-0.03643351614817499
-0.04877835863856231
-0.017800110858499904
-0.08519882656199564
-0.01567962015820538
-0.02705454008717434
-0.01775142639491298
-0.03643351614817499
-0.019478218743672587
-0.00940462478770004
-0.01890137191091621
-0.027815760462768225
0.004263852434508254
-0.043122388891261645
-0.05221841200367552
-0.029245619182552484
-0.022404045569133495
-0.02313298807451285
-0.019478218743672587
-0.031457480518683266
-0.03146802518078514
-0.004202516429723939
-0.004202516429723939
-0.03703136774637146
-0.03551446329173865
0.004085912943373516
-0.0014838429580093433
-0.020894099164581407
-0.03699294626001747
-0.04300742703895665
-0.008495839665044008
-0.017218507016646175
-0.013456799741662613
-0.019478218743672587
-0.041094574695860725
-0.02968535400733908
-0.002861066956538347
-0.016205390594930064
-0.02199802232681168
-0.031113512758928857
-0.031457480518683266
-0.01911541873184456
-0.022967190671991294
-0.039805583086508854
-0.015440117748811946
-0.020753205352791706
-0.0257900802721697
-0.009251009640331875
-0.01656307714473623
-0.01842959512518517
-0.005432571488207754
-0.055565663768090245
-0.04214463880041124
-0.017800110858499904
-0.01775142639491298
-0.024248165342652624
-0.05851262147660824
-0.005776266540763463
-0.005432571488207754
-0.021611075288680233
-0.03892681721785003
-0.018630618989799598
-0.03699294626001747
-0.01651671807238285
-0.019883234567279827
-0.027236110188478935
-0.03034683107125538
-0.02023495863740164
-0.01656307714473623
-0.02330701192448933
-0.022518739137196552
-0.034624074013844916
-0.0354936047760951
-0.042492856601923146
-0.048341785398724815
-0.030320129669555433
-0.01013609085806992
-0.006593589241973005
-0.013558937701256253
-0.01746965931923736
-0.027165330957044435
-0.005776266540763463
-0.01932948143964054
-0.043122388891261645
-0.034624074013844916
-0.031218571423768913
-0.0257900802721697
-0.01656307714473623
-0.02109844641648964
-0.07648299500468285
-0.014663660346816914
-0.027165330957044435
-0.0354936047760951
-0.029245619182552484
-0.016528967696333684
-0.031113512758928857
-0.026122150266829826
-0.055565663768090245
-0.05769734586156612
-0.04048774101281373
-0.004303267608381411
-0.008495839665044008
-0.018636827880587185
-0.004303267608381411
-0.03146802518078514
-0.009805317444816629
-0.03551446329173865
-0.02495538830502563
-0.002861066956538347
-0.002072238350466568
-0.0354936047760951
-0.02373761356750505
-0.003050771461384085
-0.04500961546627138
-0.023998134172332725
-0.015713380996901512
-0.010081503787047802
-0.018948287872643445
-0.016892341344780182
-0.016308510440422818
-0.04300742703895665
-0.02092614391788191
-0.015745932725499474
-0.02274212949277709
-0.020378782542994356
-0.016308510440422818
-0.01334147211375267
-0.02190816181970397
-0.029290105984697393
-0.03791813594372708
-0.013233321181991897
-0.02952294292508309
-0.022960378462166454
-0.02313298807451285
-0.031113512758928857
-0.027815760462768225
-0.0136226433767002
-0.03791813594372708
-0.05221841200367552
-0.024042249016354125
-0.0451421773712586
-0.022967190671991294
-0.02313298807451285
-0.021588991812072533
-0.026010735564602067
-0.022042504692947364
-0.0031987262551938507
0.0013117110750363408
-0.014726300267599907
-0.0006035080201686797
-0.01651671807238285
-0.0136226433767002
-0.006484978250012087
-0.017664681406137937
-0.0021658391449486643
-0.03025165334516796
-0.0059638407792180406
-0.029869938285854606
-0.004463897863633403
-0.0354936047760951
-0.05359453958414527
-0.014663660346816914
-0.029807460521703712
-0.008495839665044008
-0.02851861700178724
-0.030449151875668545
-0.07137094712832819
-0.011682275986903187
-0.05721502054650448
-0.029869938285854606
-0.022724428441509095
-0.00631969428440537
-0.0027572971461613757
-0.017664681406137937
-0.006938176720428778
-0.048341785398724815
-0.015436940400136023
-0.031781772655921636
-0.03034683107125538
-0.021335399372626403
-0.0021658391449486643
-0.005222189099023798
-0.030320129669555433
0.002335620199510084
-0.02968535400733908
-0.011693308498909835
-0.046301647241808574
-0.022724428441509095
-0.031781772655921636
-0.02109844641648964
-0.016892341344780182
-0.041398230508610946
-0.003050771461384085
-0.009251009640331875
-0.009900401592455792
-0.015210928488204763
-0.029290105984697393
-0.022541250170585968
-0.04048774101281373
-0.01789789674044324
-0.014726300267599907
-0.024764453295838994
-0.009366046718087202
-0.029218440751215234
-0.021765812221666056
-0.0016854826955433689
-0.0037970112691419105
-0.023607482424120845
-0.0354936047760951
-0.03025165334516796
-0.04418691885799889
-0.01873122503565564
-0.046301647241808574
-0.015691250162626357
-0.009251009640331875
0.004085912943373516
-0.014663660346816914
-0.04048774101281373
-0.010835753820595201
-0.0037970112691419105
-0.018034687447991072
-0.02274212949277709
-0.03146802518078514
-0.031113512758928857
-0.03791813594372708
-0.024042249016354125
-0.022167892936464484
-0.008721180822538126
-0.016348424627619245
-0.027768899612110407
-0.0021658391449486643
-0.004463897863633403
-0.018394597147780557
-0.018630618989799598
-0.03995663335504188
-0.008535936696786258
-0.03648886290025326
-0.009427055219209323
-0.020231342239607545
-0.015440117748811946
-0.01828538904298647
-0.034624074013844916
-0.03724837731331559
-0.031218571423768913
-0.027335127127896805
-0.03643351614817499
-0.004303267608381411
-0.010203476867590301
-0.02423729122761193
-0.008059738653429436
-0.02968535400733908
-0.004174757984918075
-0.022042504692947364
-0.041398230508610946
-0.01746965931923736
-0.015210928488204763
-0.022960378462166454
-0.00671087357043863
-0.02690922931022375
-0.02164541957971218
-0.01651671807238285
-0.005116025535902869
-0.01651671807238285
-0.0014838429580093433
-0.009274515750614663
-0.022404045569133495
-0.01789789674044324
-0.014606140143794823
-0.026122150266829826
-0.02968535400733908
-0.018127934229508712
-0.010192396009638966
-0.033920071811411594
-0.037994093916499015
-0.04418691885799889
-0.02423729122761193
-0.026122150266829826
-0.014564063985951895
-0.05721502054650448
-0.002072238350466568
-0.0018656173868929929
-0.08519882656199564
-0.033920071811411594
-0.0027572971461613757
-0.008395222981908576
-0.018127934229508712
-0.01013609085806992
-0.01932948143964054
-0.041398230508610946
-0.015210928488204763
-0.02199802232681168
-0.043122388891261645
-0.04500961546627138
0.0012209516970376633
-0.025881664482472304
-0.028884673581623825
-0.023607482424120845
-0.014918733461500699
-0.029384265958011812
-0.0021658391449486643
-0.0354936047760951
-0.022042504692947364
-0.015691250162626357
-0.005222189099023798
-0.013233321181991897
-0.028884673581623825
-0.01656307714473623
-0.0015588003506222237
-0.023172779176310814
-0.05377402908209561
-0.022042504692947364
-0.042492856601923146
-0.024764453295838994
-0.018932071359698398
-0.013233321181991897
-0.016055322094056676
-0.010081503787047802
-0.01656307714473623
-0.006034975442345348
-0.014606140143794823
-0.04946566300063112
-0.0016854826955433689
-0.04048774101281373
-0.029869938285854606
-0.014726300267599907
-0.031457480518683266
0.0007033934406046934
-0.027819704175506006
-0.010192396009638966
-0.02495538830502563
-0.0016854826955433689
-0.02109844641648964
-0.037994093916499015
-0.04946566300063112
-0.03639250195154632
-0.030449151875668545
-0.031218571423768913
-0.004303267608381411
-0.016892341344780182
-0.041094574695860725
-0.029869938285854606
-0.009805317444816629
-0.02405170085145665
-0.013614381699462089
-0.05534116904779824
-0.01656307714473623
-0.018630618989799598
-0.022724428441509095
-0.031727982743320254
-0.027165330957044435
-0.02851861700178724
-0.0031987262551938507
-0.022214970578728035
-0.0059638407792180406
-0.013233321181991897
-0.01329916784468535
-0.03709438810071522
-0.010192396009638966
-0.018127934229508712
-0.03639250195154632
-0.008395222981908576
-0.01656307714473623
-0.031218571423768913
-0.029245619182552484
-0.04877835863856231
-0.03492004307334166
-0.03639250195154632
-0.017800110858499904
-0.02199802232681168
-0.018948287872643445
-0.015518992016634014
-0.01331897166492286
-0.01901847565429649
-0.031113512758928857
-0.01334147211375267
-0.015432189152735816
-0.01331897166492286
-0.0028550973127956752
-0.01932948143964054
-0.04500961546627138
-0.03643351614817499
-0.03551446329173865
-0.02599683313526215
-0.02074755541618801
-0.033920071811411594
-0.04071492509531373
-0.02599683313526215
-0.029290105984697393
-0.009805317444816629
-0.022967190671991294
-0.014328571450198615
-0.02599683313526215
-0.013623123493336265
-0.04500961546627138
-0.004174757984918075
-0.034624074013844916
-0.02423729122761193
-0.015440117748811946
-0.015210928488204763
-0.016348424627619245
-0.006938176720428778
-0.02423729122761193
-0.008529349169348176
-0.03791813594372708
0.0005043354105359577
-0.012412937600799452
-0.015213733032674079
-0.02274212949277709
-0.022724428441509095
-0.012412937600799452
-0.03506738308807497
-0.019478218743672587
-0.029869938285854606
-0.016055322094056676
-0.014606140143794823
-0.01013609085806992
-0.008529349169348176
-0.05377402908209561
-0.016205390594930064
-0.022534948275935496
-0.020894099164581407
-0.0203557043790538
-0.023607482424120845
-0.014606140143794823
-0.024053337265716148
-0.03639250195154632
-0.0451421773712586
-0.015691250162626357
-0.016205390594930064
-0.014726300267599907
-0.02495538830502563
-0.030683477422059412
-0.04466732252958146
-0.012033642023315255
-0.03034683107125538
-0.015432189152735816
-0.029290105984697393
-0.046301647241808574
-0.018636827880587185
-0.01730533407134398
-0.02123761082491215
-0.015432189152735816
-0.0354936047760951
-0.041398230508610946
-0.017755471471434966
-0.023954448925910102
-0.02023495863740164
-0.016308510440422818
-0.01656307714473623
-0.0451421773712586
-0.011682275986903187
-0.010835753820595201
-0.01911541873184456
-0.02164541957971218
-0.03506738308807497
-0.0015588003506222237
-0.005222315176033674
-0.015518992016634014
-0.05377402908209561
-0.004174757984918075
-0.05769734586156612
-0.042492856601923146
-0.022446097162907363
-0.005222315176033674
-0.033710734561773946
-0.042492856601923146
-0.015432189152735816
-0.02676755564093455
-0.01775142639491298
-0.02673391899494753
-0.05359453958414527
-0.009274515750614663
-0.021588991812072533
-0.03870497188853069
-0.08519882656199564
-0.010081503787047802
-0.03826669015818504
-0.029865351008922177
-0.04071492509531373
-0.02510008639132134
-0.014863465688166174
0.0012209516970376633
-0.016308510440422818
-0.024053337265716148
-0.030683477422059412
-0.006034975442345348
-0.023845175368342606
-0.015440117748811946
-0.023998134172332725
-0.02313298807451285
-0.027819704175506006
-0.033920071811411594
-0.022557009465636397
-0.014663660346816914
-0.023845175368342606
-0.042492856601923146
-0.02190816181970397
-0.002861066956538347
-0.018127934229508712
-0.017218507016646175
-0.0014838429580093433
-0.00631969428440537
-0.01004239861822772
-0.027165330957044435
-0.046301647241808574
-0.029384265958011812
-0.022042504692947364
-0.025475827189664055
-0.009366046718087202
-0.012412937600799452
-0.02355179941274602
-0.027099224174961977
-0.018932071359698398
0.002335620199510084
-0.019883234567279827
-0.017800110858499904
-0.042087665758028255
-0.0354936047760951
-0.021588991812072533
-0.01651671807238285
-0.01331897166492286
-0.04466732252958146
-0.02199802232681168
-0.031727982743320254
-0.04466732252958146
-0.022404045569133495
-0.017664681406137937
-0.022724428441509095
-0.015213733032674079
-0.01890137191091621
0.0007033934406046934
