-0.002211686166510918
-0.05063672449817773
-0.016182916132838808
-0.054262288580693284
-0.014651913940650949
-0.028662798849450232
-0.028944642519786023
-0.03557540632301555
-0.014393232377754979
-0.06653450943639448
-0.03557540632301555
-0.0711035081851775
-0.022994965597821285
-0.04819372972113364
-0.00045256734248195243
-0.04000955816822589
-0.04819372972113364
-0.05063672449817773
-0.06946786562350334
-0.03270499303110834
-0.02568129803146643
-0.019829251959986346
-0.07097095645282799
-0.02494984099624342
-0.022056029389461253
-0.05737992107464571
-0.014300930600075465
-0.03253693544093078
-0.03738393126927756
-0.03869443733320763
-0.027943453435946054
-0.014151965007694998
-0.0298239208424118
-0.0804103979360703
-0.02614728014908133
-0.05729034640599244
-0.032832485902520275
-0.0412221736447405
-0.045711896879352766
-0.020251653270590107
-0.06077438523041355
-0.029190863589741947
-0.026550114655891025
-0.028621470358684578
-0.032832485902520275
-0.027694900042963422
-0.054262288580693284
-0.003050959014956919
-0.05722533460097669
-0.015465093349544165
-0.016182916132838808
-0.03536582193505097
-0.07462815372803455
-0.04203054498278086
-0.07499694538040388
-0.015465093349544165
0.007143793456645408
-0.05149962547439259
0.010706348350138456
-0.09740485998417223
-0.050373671281167404
-0.06588013317574012
-0.02614728014908133
-0.03253693544093078
-0.012992248478883006
-0.039856010547075924
-0.06588013317574012
-0.039856010547075924
-0.034186216126641
-0.014393232377754979
-0.04000955816822589
-0.05870180987833488
-0.0401003032823556
-0.022111024329741425
-0.08864311395820527
-0.014205725205454708
-0.024028246626030234
-0.049929642126987195
-0.039856010547075924
-0.02494984099624342
0.010706348350138456
-0.0487456940023749
-0.02807666748189915
-0.015465093349544165
-0.023251584068255515
-0.049929642126987195
-0.05209790072783081
-0.04683935726870847
-0.023251584068255515
-0.07097095645282799
-0.026861563501690038
-0.0252779128006635
-0.045711896879352766
-0.05592861151113845
-0.06653450943639448
-0.020251653270590107
-0.07746246117351294
-0.028944642519786023
-0.0804103979360703
0.0044899753185918935
-0.0026735390934666584
-0.00045256734248195243
-0.05870180987833488
-0.023251584068255515
-0.03270499303110834
-0.047832883072835085
-0.0525393349875239
-0.04683935726870847
-0.03750113945257709
-0.05722533460097669
-0.0401003032823556
-0.032983102653255617
-0.022056029389461253
-0.045711896879352766
-0.03625273293826165
-0.05131177382489041
-0.023807592895092003
-0.012992248478883006
-0.07356238616297017
-0.05161448131810309
-0.03743908431638634
-0.03466235580952714
-0.046503141059378236
-0.03557540632301555
0.0044899753185918935
-0.026550114655891025
-0.0488106131983094
-0.010193378554798295
-0.019829251959986346
-0.00045256734248195243
0.010706348350138456
-0.028621470358684578
-0.07483365332863098
-0.011420102491499948
-0.054262288580693284
-0.04819372972113364
-0.03466235580952714
-0.04262005925369724
-0.046503141059378236
-0.03270499303110834
0.0044899753185918935
-0.039856010547075924
-0.04452613602912551
-0.07097095645282799
-0.05131177382489041
-0.0412221736447405
-0.024207025882667904
-0.039856010547075924
-0.03743908431638634
-0.0412221736447405
-0.032832485902520275
-0.06437746805851802
-0.054368055368753034
-0.023807592895092003
-0.06214175264584653
-0.016182916132838808
-0.06214175264584653
-0.03270499303110834
-0.07755369173450828
-0.040526082003514804
0.00772906896562493
-0.04922679308752507
-0.040526082003514804
-0.00823597605610574
-0.0525393349875239
-0.049929642126987195
-0.047832883072835085
-0.04000955816822589
-0.032832485902520275
-0.04683935726870847
-0.04519139917049117
-0.016081758549191683
-0.029190863589741947
-0.049929642126987195
-0.027694900042963422
-0.049929642126987195
-0.014300930600075465
-0.028662798849450232
-0.0488106131983094
-0.05722533460097669
-0.02315516444034296
-0.06946786562350334
-0.05131177382489041
-0.06214175264584653
-0.022056029389461253
-0.023251584068255515
-0.016499991665850307
-0.032832485902520275
-0.053134147969314226
-0.05209790072783081
-0.042811030337589935
-0.03609418385224129
-0.021108417487056524
-0.036498946698548786
-0.034186216126641
-0.029190863589741947
-0.054262288580693284
-0.0412221736447405
-0.0643180651639156
-0.024028246626030234
-0.045711896879352766
-0.02740145297611279
-0.04262005925369724
-0.032832485902520275
-0.026570971565207373
-0.03732419648879125
-0.02614728014908133
-0.03559270206868951
-0.06946786562350334
-0.03732419648879125
-0.0412221736447405
-0.050373671281167404
-0.002211686166510918
-0.011420102491499948
-0.020251653270590107
-0.015465093349544165
-0.04161796628854679
-0.03518248918688525
-0.0298239208424118
-0.014651913940650949
-0.07746246117351294
-0.04683935726870847
-0.048553811708236604
-0.029190863589741947
-0.023251584068255515
-0.035508209223951946
-0.032983102653255617
-0.047832883072835085
-0.016081758549191683
-0.07462815372803455
-0.0298239208424118
-0.0252779128006635
-0.029190863589741947
-0.021356534966498184
-0.042259821373278696
-0.014205725205454708
-0.02807666748189915
-0.004370818740995056
0.004119063818149487
-0.002211686166510918
-0.027694900042963422
-0.040526082003514804
-0.02828202480820151
-0.06077438523041355
-0.08324667236168455
-0.045711896879352766
-0.014393232377754979
-0.07483365332863098
-0.03253693544093078
-0.0252779128006635
-0.07097095645282799
-0.042811030337589935
-0.014651913940650949
-0.03625273293826165
-0.02315516444034296
-0.02568129803146643
-0.07283979149559107
-0.022111024329741425
-0.05147417141501505
-0.036498946698548786
-0.0401003032823556
-0.022056029389461253
-0.05729034640599244
-0.032832485902520275
-0.02740145297611279
-0.08324667236168455
-0.07283979149559107
-0.0487456940023749
-0.022994965597821285
-0.02497892923871278
-0.020251653270590107
-0.019829251959986346
-0.027180863463474102
-0.0643180651639156
-0.016499991665850307
-0.016499991665850307
-0.042811030337589935
-0.05592861151113845
-0.07499694538040388
-0.04922679308752507
-0.05016712101195884
-0.03466235580952714
-0.028944642519786023
-0.021356534966498184
-0.04452613602912551
-0.05870180987833488
-0.05209790072783081
-0.036268470520286304
-0.05722533460097669
-0.04819372972113364
-0.02568129803146643
-0.022847357471180094
-0.035508209223951946
-0.014651913940650949
-0.04519139917049117
-0.014205725205454708
-0.039856010547075924
-0.04262005925369724
-0.004370818740995056
-0.07097095645282799
-0.0519547966704252
-0.02828202480820151
-0.050373671281167404
-0.0804103979360703
-0.06443963702699995
-0.023251584068255515
-0.036498946698548786
-0.022056029389461253
-0.03536582193505097
-0.05870180987833488
-0.014300930600075465
-0.0525393349875239
-0.05147417141501505
-0.023807592895092003
-0.03559270206868951
-0.06437746805851802
-0.022056029389461253
-0.032983102653255617
-0.042811030337589935
-0.032832485902520275
-0.03559270206868951
-0.06437746805851802
-0.03557540632301555
-0.07746246117351294
-0.040526082003514804
-0.047832883072835085
-0.07462815372803455
-0.06112476023020483
-0.07499694538040388
-0.018851225593107958
-0.03732419648879125
-0.015465093349544165
-0.05737992107464571
-0.02828202480820151
-0.02958508893951017
-0.03253693544093078
0.004119063818149487
-0.014151965007694998
-0.022994965597821285
-0.05161448131810309
-0.035508209223951946
-0.02568129803146643
-0.022056029389461253
-0.036268470520286304
-0.02828202480820151
-0.09740485998417223
-0.04262005925369724
-0.014651913940650949
-0.02828202480820151
-0.027943453435946054
-0.09740485998417223
-0.021108417487056524
-0.028621470358684578
-0.06214175264584653
-0.05722533460097669
-0.03557540632301555
-0.06437746805851802
-0.00823597605610574
-0.05016712101195884
-0.06653450943639448
-0.045711896879352766
-0.05161448131810309
-0.0525393349875239
-0.032832485902520275
-0.02039354476972602
-0.024207025882667904
-0.06077438523041355
-0.039075282095579714
-0.039856010547075924
-0.02807666748189915
-0.03270499303110834
-0.03609418385224129
-0.0519547966704252
-0.05161448131810309
-0.029853235132098175
-0.03557540632301555
-0.03625273293826165
-0.032983102653255617
-0.04000955816822589
-0.0643180651639156
-0.03270499303110834
-0.0519547966704252
-0.03536582193505097
-0.06653450943639448
-0.050373671281167404
-0.05592861151113845
-0.06077438523041355
-0.02828202480820151
-0.02828202480820151
-0.05016712101195884
-0.027180863463474102
-0.019829251959986346
-0.039075282095579714
-0.05729034640599244
0.010706348350138456
-0.00045256734248195243
0.00772906896562493
-0.02494984099624342
-0.03869443733320763
-0.0519547966704252
-0.032983102653255617
-0.03253693544093078
-0.024207025882667904
-0.015465093349544165
-0.02497892923871278
-0.00045256734248195243
-0.05149962547439259
-0.06077438523041355
-0.036268470520286304
-0.028944642519786023
-0.049929642126987195
-0.02828202480820151
-0.027943453435946054
-0.039075282095579714
-0.02828202480820151
-0.045711896879352766
-0.05729034640599244
-0.0298239208424118
-0.054368055368753034
-0.05016712101195884
-0.03743908431638634
-0.03743908431638634
-0.016499991665850307
-0.026550114655891025
-0.02497892923871278
-0.03732419648879125
-0.03625273293826165
-0.02740145297611279
-0.024028246626030234
-0.03765279078626732
-0.016081758549191683
-0.03732419648879125
-0.024207025882667904
-0.00823597605610574
-0.0412221736447405
-0.023807592895092003
-0.05131177382489041
-0.002211686166510918
-0.0711035081851775
-0.014151965007694998
-0.002211686166510918
-0.024028246626030234
-0.05729034640599244
-0.046503141059378236
-0.036498946698548786
-0.022111024329741425
-0.03536582193505097
-0.02740145297611279
-0.024207025882667904
-0.053134147969314226
-0.00045256734248195243
-0.0252779128006635
-0.028338791361984108
-0.003050959014956919
-0.05149962547439259
-0.02315516444034296
0.010706348350138456
-0.06077438523041355
0.0044899753185918935
-0.0252779128006635
-0.02301487402561029
-0.042259821373278696
-0.02301487402561029
-0.024207025882667904
-0.05870180987833488
-0.05737992107464571
-0.021108417487056524
-0.014205725205454708
-0.07462815372803455
-0.00045256734248195243
-0.026861563501690038
-0.05870180987833488
-0.003050959014956919
-0.022847357471180094
-0.04203054498278086
0.0044899753185918935
-0.024028246626030234
-0.04819372972113364
-0.02740145297611279
-0.016081758549191683
-0.020251653270590107
-0.014300930600075465
-0.014393232377754979
-0.032983102653255617
-0.02614728014908133
-0.02301487402561029
-0.03466235580952714
-0.022847357471180094
-0.039075282095579714
-0.023251584068255515
-0.02614728014908133
-0.054262288580693284
-0.03625273293826165
-0.04203054498278086
-0.06653450943639448
-0.02568129803146643
-0.07499694538040388
-0.05592861151113845
-0.03270499303110834
-0.019829251959986346
-0.027180863463474102
-0.050373671281167404
-0.02494984099624342
-0.035508209223951946
-0.014151965007694998
-0.07499694538040388
-0.053134147969314226
-0.04203054498278086
-0.023807592895092003
-0.035508209223951946
-0.015465093349544165
-0.02494984099624342
-0.05592861151113845
-0.07462815372803455
-0.045711896879352766
-0.022056029389461253
-0.04819372972113364
-0.034186216126641
-0.03253693544093078
-0.0804103979360703
-0.039856010547075924
-0.05209790072783081
-0.0804103979360703
-0.028338791361984108
-0.00823597605610574
-0.06077438523041355
-0.04236021790191911
-0.021108417487056524
-0.05147417141501505
-0.048553811708236604
-0.05592861151113845
-0.02614728014908133
-0.04922679308752507
-0.036268470520286304
-0.0298239208424118
-0.042811030337589935
-0.02807666748189915
-0.0412221736447405
-0.034186216126641
-0.07755369173450828
-0.016499991665850307
-0.011420102491499948
-0.07097095645282799
-0.06946786562350334
-0.04161796628854679
-0.039075282095579714
-0.03625273293826165
-0.0804103979360703
-0.07462815372803455
-0.05131177382489041
-0.026570971565207373
-0.002211686166510918
-0.032983102653255617
-0.03738393126927756
-0.04452613602912551
-0.026861563501690038
-0.047832883072835085
-0.046503141059378236
-0.012992248478883006
-0.0401003032823556
-0.03466235580952714
-0.03270499303110834
-0.026570971565207373
-0.08324667236168455
-0.040526082003514804
-0.04262005925369724
-0.03738393126927756
-0.00022516122312776974
-0.05592861151113845
-0.027180863463474102
-0.03253693544093078
-0.03518248918688525
-0.05592861151113845
-0.015465093349544165
-0.03743908431638634
-0.039856010547075924
-0.048553811708236604
-0.014151965007694998
-0.020251653270590107
-0.05592861151113845
-0.05149962547439259
-0.06112476023020483
-0.040526082003514804
-0.05016712101195884
-0.022056029389461253
-0.019829251959986346
-0.02315516444034296
-0.054368055368753034
-0.0525393349875239
-0.05063672449817773
-0.04262005925369724
-0.010193378554798295
-0.05737992107464571
-0.06443963702699995
-0.04000955816822589
-0.0412221736447405
-0.054368055368753034
-0.023807592895092003
-0.02497892923871278
-0.034186216126641
-0.00045256734248195243
-0.028944642519786023
-0.03732419648879125
-0.027694900042963422
-0.03253693544093078
-0.03818271593220077
-0.05952972940665968
-0.024207025882667904
-0.0488106131983094
-0.0026735390934666584
-0.018851225593107958
-0.05592861151113845
-0.035508209223951946
-0.03738393126927756
-0.028662798849450232
-0.07283979149559107
-0.0298239208424118
-0.021356534966498184
-0.0412221736447405
-0.03466235580952714
-0.07097095645282799
0.0044899753185918935
-0.015465093349544165
-0.03253693544093078
-0.06437746805851802
-0.0026735390934666584
-0.05209790072783081
-0.02497892923871278
-0.016499991665850307
-0.036268470520286304
-0.028338791361984108
-0.07462815372803455
-0.02740145297611279
-0.03738393126927756
-0.08324667236168455
-0.02807666748189915
-0.03557540632301555
-0.053134147969314226
-0.054262288580693284
-0.04262005925369724
-0.05737992107464571
-0.048553811708236604
0.010706348350138456
-0.027180863463474102
-0.06112476023020483
-0.03750113945257709
-0.010193378554798295
-0.04683935726870847
-0.07356238616297017
-0.04922679308752507
-0.036268470520286304
-0.04683935726870847
-0.05016712101195884
-0.06588013317574012
-0.07499694538040388
-0.07746246117351294
-0.021356534966498184
-0.053134147969314226
-0.03732419648879125
-0.0804103979360703
-0.029853235132098175
0.004119063818149487
-0.028621470358684578
-0.03253693544093078
-0.05737992107464571
-0.07499694538040388
-0.032832485902520275
-0.02039354476972602
-0.03609418385224129
-0.00045256734248195243
-0.028944642519786023
-0.03625273293826165
-0.040526082003514804
-0.039856010547075924
-0.023251584068255515
-0.03466235580952714
0.007143793456645408
-0.03466235580952714
-0.0252779128006635
-0.054368055368753034
-0.05729034640599244
-0.022056029389461253
-0.05737992107464571
-0.03750113945257709
-0.036498946698548786
-0.04519139917049117
-0.07283979149559107
0.004119063818149487
-0.028621470358684578
-0.022056029389461253
-0.002211686166510918
-0.014651913940650949
-0.02039354476972602
-0.05147417141501505
-0.024028246626030234
-0.04683935726870847
-0.022994965597821285
-0.036498946698548786
-0.022111024329741425
-0.032832485902520275
0.00772906896562493
-0.06112476023020483
-0.0525393349875239
-0.03750113945257709
-0.00045256734248195243
-0.039856010547075924
-0.021108417487056524
-0.028944642519786023
-0.040526082003514804
0.008165095327800775
-0.014151965007694998
-0.036268470520286304
-0.036268470520286304
-0.03743908431638634
-0.02497892923871278
-0.018851225593107958
-0.028338791361984108
-0.0804103979360703
-0.04262005925369724
-0.053134147969314226
-0.0252779128006635
-0.05592861151113845
-0.023251584068255515
-0.002211686166510918
-0.006846804263329513
-0.032832485902520275
-0.00823597605610574
-0.04161796628854679
-0.02497892923871278
-0.04203054498278086
-0.028621470358684578
-0.029190863589741947
-0.004370818740995056
-0.03270499303110834
-0.05952972940665968
-0.03559270206868951
-0.049929642126987195
-0.04161796628854679
-0.0298239208424118
-0.042811030337589935
-0.04203054498278086
-0.027180863463474102
0.008165095327800775
-0.07097095645282799
-0.04161796628854679
-0.03253693544093078
-0.05592861151113845
-0.00045256734248195243
-0.032832485902520275
-0.07746246117351294
-0.04236021790191911
-0.023807592895092003
-0.04519139917049117
-0.042811030337589935
0.008165095327800775
-0.028662798849450232
-0.016182916132838808
-0.048553811708236604
-0.07356238616297017
-0.050373671281167404
-0.053134147969314226
-0.0804103979360703
-0.08864311395820527
-0.034186216126641
-0.05870180987833488
-0.05592861151113845
-0.00823597605610574
-0.0487456940023749
-0.019829251959986346
-0.032832485902520275
-0.05161448131810309
-0.03557540632301555
-0.04203054498278086
-0.048553811708236604
-0.03253693544093078
-0.026550114655891025
-0.02494984099624342
-0.07499694538040388
-0.02494984099624342
-0.03750113945257709
-0.00022516122312776974
-0.04161796628854679
-0.05870180987833488
-0.048553811708236604
-0.09740485998417223
-0.06588013317574012
-0.03750113945257709
-0.026550114655891025
-0.028662798849450232
-0.0525393349875239
-0.04203054498278086
-0.053134147969314226
0.00772906896562493
-0.0643180651639156
-0.02568129803146643
-0.028662798849450232
-0.02740145297611279
-0.02807666748189915
-0.029853235132098175
-0.06443963702699995
-0.07462815372803455
-0.07097095645282799
-0.05722533460097669
-0.06443963702699995
-0.036268470520286304
-0.03732419648879125
-0.06077438523041355
0.010706348350138456
-0.02039354476972602
-0.036498946698548786
-0.042259821373278696
-0.026570971565207373
-0.03270499303110834
-0.022994965597821285
-0.02614728014908133
-0.015465093349544165
0.010706348350138456
-0.00823597605610574
-0.026861563501690038
-0.03765279078626732
0.010706348350138456
-0.012992248478883006
-0.036268470520286304
0.004119063818149487
-0.0252779128006635
-0.07499694538040388
-0.028621470358684578
-0.028944642519786023
-0.03557540632301555
-0.05016712101195884
-0.028621470358684578
-0.02614728014908133
-0.0487456940023749
-0.016499991665850307
0.008165095327800775
-0.054262288580693284
-0.06077438523041355
-0.03270499303110834
-0.02958508893951017
-0.0487456940023749
-0.024207025882667904
-0.05592861151113845
-0.004370818740995056
-0.014205725205454708
-0.04519139917049117
-0.018851225593107958
-0.016182916132838808
-0.028662798849450232
-0.04452613602912551
-0.021108417487056524
-0.014205725205454708
-0.04236021790191911
-0.06588013317574012
-0.05722533460097669
-0.0412221736447405
-0.029190863589741947
-0.05209790072783081
-0.0804103979360703
-0.042811030337589935
-0.03732419648879125
-0.016499991665850307
-0.07356238616297017
-0.02039354476972602
-0.05722533460097669
-0.05592861151113845
-0.00045256734248195243
-0.08864311395820527
-0.0026735390934666584
-0.054262288580693284
-0.04203054498278086
-0.04452613602912551
-0.06437746805851802
-0.023251584068255515
-0.028621470358684578
-0.05161448131810309
-0.004370818740995056
-0.06946786562350334
-0.028944642519786023
0.00772906896562493
-0.05063672449817773
-0.034186216126641
-0.0711035081851775
-0.03270499303110834
-0.05161448131810309
-0.03536582193505097
-0.03270499303110834
-0.05722533460097669
-0.016081758549191683
-0.03609418385224129
0.00772906896562493
-0.054368055368753034
-0.047832883072835085
-0.04000955816822589
-0.03253693544093078
-0.0519547966704252
-0.024028246626030234
-0.03518248918688525
-0.07483365332863098
-0.026570971565207373
-0.04922679308752507
-0.07283979149559107
-0.016182916132838808
-0.0298239208424118
-0.032832485902520275
-0.036498946698548786
-0.004370818740995056
-0.015465093349544165
-0.03869443733320763
-0.029190863589741947
-0.06946786562350334
-0.020251653270590107
-0.03270499303110834
-0.06946786562350334
-0.021108417487056524
-0.03750113945257709
-0.0519547966704252
-0.042259821373278696
-0.026861563501690038
-0.0252779128006635
-0.03270499303110834
-0.0804103979360703
-0.05149962547439259
-0.03559270206868951
-0.02494984099624342
-0.03557540632301555
-0.0412221736447405
-0.042811030337589935
-0.024207025882667904
-0.0487456940023749
-0.02740145297611279
-0.05063672449817773
-0.0252779128006635
-0.07097095645282799
-0.026550114655891025
-0.03559270206868951
-0.010193378554798295
-0.016081758549191683
-0.016081758549191683
-0.022847357471180094
-0.02740145297611279
-0.04262005925369724
-0.029190863589741947
-0.05592861151113845
-0.047832883072835085
-0.0519547966704252
-0.016182916132838808
-0.03466235580952714
-0.06443963702699995
-0.039075282095579714
-0.026550114655891025
-0.05729034640599244
-0.03466235580952714
-0.040526082003514804
-0.029853235132098175
-0.023807592895092003
-0.06112476023020483
-0.021108417487056524
-0.04519139917049117
-0.02958508893951017
-0.029853235132098175
-0.03559270206868951
-0.0026735390934666584
-0.039075282095579714
-0.026861563501690038
-0.02568129803146643
-0.03270499303110834
-0.07755369173450828
-0.032983102653255617
-0.03253693544093078
-0.014151965007694998
0.010706348350138456
-0.006846804263329513
-0.05722533460097669
-0.05592861151113845
-0.05209790072783081
-0.02497892923871278
-0.039075282095579714
-0.02828202480820151
-0.048553811708236604
0.008165095327800775
-0.034186216126641
-0.02039354476972602
-0.032983102653255617
-0.028944642519786023
-0.026570971565207373
-0.027943453435946054
-0.026550114655891025
-0.046503141059378236
-0.012992248478883006
-0.04262005925369724
-0.054262288580693284
-0.02807666748189915
-0.06946786562350334
-0.00022516122312776974
-0.06588013317574012
-0.03738393126927756
-0.04161796628854679
-0.032983102653255617
-0.012992248478883006
-0.02807666748189915
