-0.01945902272592951
-0.03159902171763525
-0.03840877252634496
-0.02934350251909193
-0.012314366640285335
-0.01951838368955597
-0.0061736686037747466
-0.004567891538905218
-0.016805553925941203
-0.024729666075836428
-0.026668994451921873
0.0005067694878804739
-0.0695711017904472
-0.01026944708968112
-0.002841473919960495
-0.024048869290139798
-0.012993087265040944
-0.05865478039811673
-0.0311697975003324
-0.010442416033183436
-0.009687795309074371
-0.04112206449771635
-0.010955167899315414
-0.04092555868143821
-0.01945902272592951
-0.020706320559927886
-0.017777497487580448
-0.023806593109371565
-0.001622038421024813
-0.009124099235262218
-0.0177986468443095
-0.0032720487450449936
-0.037580883484544796
-0.017503627107132547
-0.0029491887143151987
-0.024848735858977154
-0.013022251449153095
-0.019366607771956524
-0.022381587927042066
-0.033610120931254574
-0.0032720487450449936
-0.021951089614394893
-0.02648099006289014
-0.004722494689615646
-0.0030352233782358464
-0.006403908431317995
-0.024986952345021986
-0.012938015197428224
-0.011099002222141576
-0.025405998163188292
-0.022785175228344588
-0.010225698853995303
-0.012938015197428224
-0.006406296659528767
0.0023346940466180102
0.007195362524958817
-0.018938605632665518
-0.01795532823761055
-0.03890854662259434
-0.01987697054296406
-0.023630212426454064
0.002115342932322054
-0.0695711017904472
-0.022991123356216357
-0.011091280688634629
-0.029308827159714543
-0.014868767747457249
-0.0209081636433421
-0.005411095969685067
-0.013230187879349122
-0.022665185010179556
-0.0032720487450449936
-0.02158366344469365
0.0005270852955300311
-0.012285396470263962
-0.01746722636654954
-0.012064013941014208
-0.020974427415347743
-0.04864308676734933
-0.005172426644303651
-0.013426464064959577
-0.019718069724015727
-0.0008737427727782012
0.005658463498287137
-0.024729666075836428
-0.0002631849560511752
-0.02309325021636961
-0.02934350251909193
-0.019584392160377502
-0.0032720487450449936
-0.05580611426083299
-0.01169297480747884
-0.02648099006289014
-0.028186945058287886
-0.005484911816157656
-0.025105901559920527
0.002698315557503316
-0.01714839833062904
-0.005307592061500646
-0.0252268005012434
-0.024848735858977154
-0.025405998163188292
-0.01592152353568342
-0.005172426644303651
-0.005826515805261892
-0.0013821535270939357
-0.01310319851551037
-0.009231642927354847
-0.06607342645746019
-0.008306025697657999
-0.01310319851551037
-0.016110668016214354
-0.02939796048217493
0.019311271827351303
-0.010225698853995303
-0.012314366640285335
-0.015899568031946854
-0.04864308676734933
-0.024271769172059282
-0.0008737427727782012
-0.016110668016214354
-0.023566916670907528
-0.027693499727169144
-0.004722494689615646
-0.013426464064959577
-0.04388815149429015
-0.011099002222141576
-0.04092555868143821
-0.010955167899315414
-0.01169297480747884
-0.06554529147405953
-0.00803820020502387
-0.032912263877700604
-0.024986952345021986
-0.033610120931254574
-0.017435470125182196
-0.014520083696177313
-0.017297935158661196
-0.011091280688634629
-0.010760807665025077
-0.0365061297351129
-0.05865478039811673
-0.020974427415347743
-0.045749783241098255
-0.018938605632665518
-0.024986952345021986
-0.009975779204306106
-0.012314366640285335
-0.024048869290139798
-0.011644420269919822
-0.039144539198421764
-0.004717143961194075
-0.01945902272592951
-0.020003905747807957
-0.005942257838273276
-0.027529953164177008
-0.017851192128786445
-0.013276988922806324
-0.02939796048217493
-0.004567891538905218
0.0005067694878804739
-0.017297935158661196
-0.013875157938670496
-0.022665185010179556
-0.011369197955448962
-0.022785175228344588
-0.012370540881755309
-0.023630212426454064
-0.009277721866127641
-0.01572182669260497
-0.0633043805895521
-0.04092555868143821
-0.03222738029628768
-0.011099002222141576
-0.01746722636654954
-0.024986952345021986
-0.019366607771956524
-0.01817769571997407
-0.024986952345021986
-0.0264452744664274
-0.017503627107132547
-0.0002631849560511752
0.0042987623990750675
-0.019114069849173205
-0.0264452744664274
-0.023566916670907528
-0.0301231129765604
-0.012938015197428224
-0.02412237700589177
-0.029308827159714543
0.0018663360556205465
0.007343932613324195
-0.001249140202428482
-0.02272554460396905
-0.020974427415347743
-0.034146311475153915
-0.033915182869993205
-0.024271769172059282
-0.02063047253213571
-0.015196450521676884
-0.022346165955414183
-0.05580611426083299
-0.005148731539353841
-0.007198300897737389
-0.0009218217114792494
-0.017503627107132547
-0.010144291385294229
-0.01990923080907961
-0.026411203228649045
-0.010144291385294229
-0.009975779204306106
-0.0209081636433421
-0.010320903887562842
0.008578628312337891
-0.033610120931254574
-0.022665185010179556
-0.003885204932544709
-0.04112206449771635
-0.01714839833062904
-0.00570641465724681
-0.022929073083388075
-0.01666114087758182
-0.018938605632665518
-0.023806593109371565
-0.0701195472307933
-0.013426464064959577
-0.012314366640285335
-0.025105901559920527
-0.0003399054893250234
-0.01026944708968112
-0.012660877281843128
-0.001249140202428482
-0.0252268005012434
-0.037580883484544796
-0.03812536334562893
-0.002924993428466465
-0.006282617697348188
-0.024081670181279626
-0.016805553925941203
-0.00791193717721626
0.004565887430821986
-0.022785175228344588
-0.0177986468443095
-0.03215816568448064
-0.012462954927146528
-0.02158366344469365
-0.0264452744664274
-0.005148731539353841
-0.006406296659528767
-0.009520851662836128
-0.010760807665025077
-0.014868767747457249
-0.04092555868143821
-0.006406296659528767
0.019311271827351303
-0.0071118649336698436
-0.021920525126813653
-0.03222738029628768
-0.04112206449771635
-0.011091280688634629
-0.02272554460396905
-0.024848735858977154
-0.01026944708968112
0.005658463498287137
-0.037580883484544796
-0.043448192363233745
-0.011969121898119012
-0.02272554460396905
0.0011237443943082467
-0.03159902171763525
-0.005411095969685067
-0.01355378105107476
-0.029235084415123933
-0.01592152353568342
-0.04483395254224993
-0.018938605632665518
-0.04864308676734933
-0.0701195472307933
0.007343932613324195
-0.022337024749856254
-0.020974427415347743
-0.026411203228649045
-0.008437087709096795
-0.02412237700589177
-0.0016337299464467187
-0.01934247284956641
-0.006741037183342135
-0.009277721866127641
-0.01990923080907961
-0.022991123356216357
-0.032912263877700604
-0.0177986468443095
0.015797402393278235
-0.00791193717721626
-0.045749783241098255
-0.030557586205420588
-0.01026944708968112
0.0023346940466180102
-0.01592152353568342
-0.012314366640285335
-0.010144291385294229
-0.024280707820956267
-0.01651464723676391
0.01378835998022678
0.004553302936531206
-0.04360552971970073
-0.02148078041300422
-0.01846450146972542
-0.01714839833062904
-0.006741037183342135
-0.0008737427727782012
-0.016470183048793923
-0.01795532823761055
0.0018663360556205465
-0.038272947781802805
-0.003626895562149487
-0.0301231129765604
-0.01795532823761055
-0.012938015197428224
-0.01666114087758182
-0.03626383556250092
-0.014868767747457249
-0.013036804993272645
-0.005484911816157656
0.0006426682423614678
-0.017503627107132547
-0.005307592061500646
-0.00939463660203433
-0.003885204932544709
-0.026411203228649045
-0.02939796048217493
-0.014020897516114527
-0.010144291385294229
-0.03220027637208173
-0.022337024749856254
-0.02309325021636961
-0.01934247284956641
-0.003414036471682958
-0.01746722636654954
-0.0029491887143151987
-0.01120591476166345
-0.0695711017904472
0.01042119037303155
-0.01651464723676391
-0.010225698853995303
-0.03626383556250092
-0.06554529147405953
-0.009277721866127641
-0.016110668016214354
-0.02392339989558969
-0.025105901559920527
-0.0061736686037747466
-0.011418921256173109
0.008578628312337891
-0.010955167899315414
-0.0003399054893250234
0.015797402393278235
-0.021784272767442967
-0.035648275784656375
-0.009239933997506658
-0.012993087265040944
-0.024986952345021986
-0.012314366640285335
-0.02216121235662001
0.007343932613324195
-0.003414036471682958
-0.016470183048793923
-0.01951838368955597
-0.014020897516114527
-0.013146184954164657
-0.007198300897737389
-0.05865478039811673
-0.022665185010179556
-0.02158366344469365
-0.031399654512086504
-0.02939796048217493
-0.005942257838273276
-0.0008737427727782012
-0.01310319851551037
-0.024280707820956267
-0.017435470125182196
-0.012993087265040944
-0.0209081636433421
-0.04360552971970073
-0.026668994451921873
-0.037580883484544796
-0.025405998163188292
-0.014520083696177313
-0.017297935158661196
-0.020128206271007212
-0.006737517565987929
-0.03812536334562893
0.007343932613324195
-0.009687795309074371
-0.01120591476166345
-0.01529946400316261
-0.034146311475153915
-0.006282617697348188
-0.022381587927042066
-0.020128206271007212
-0.021784272767442967
-0.020706320559927886
-0.015196450521676884
0.0022739134068687178
0.01042119037303155
-0.02392339989558969
0.0005067694878804739
-0.012285396470263962
-0.010144291385294229
-0.012370540881755309
0.0022739134068687178
-0.024048869290139798
0.0005270852955300311
-0.034146311475153915
-0.01467531408797168
-0.009239933997506658
-0.029235084415123933
-0.038272947781802805
-0.012314366640285335
-0.019437281961617103
-0.04360552971970073
-0.0002631849560511752
-0.038272947781802805
-0.005411095969685067
-0.011418921256173109
-0.012333233835597401
-0.005484911816157656
-0.023806593109371565
-0.019718069724015727
-0.013022251449153095
-0.025405998163188292
-0.000162156289585559
-0.01269317070869809
-0.039144539198421764
-0.003626895562149487
-0.04106356577229905
-0.011498993040470126
-0.013276988922806324
-0.0633043805895521
-0.03220027637208173
-0.021784272767442967
-0.00793931252962964
-0.01029190950647896
-0.012314366640285335
0.00895371894911405
-0.009124099235262218
-0.0032720487450449936
-0.01269317070869809
-0.011721361724075164
-0.014520083696177313
-0.02392339989558969
0.008773852696074213
-0.011721361724075164
-0.04483395254224993
-0.013230187879349122
-0.005411095969685067
0.002698315557503316
-0.004768868772786981
-0.01169297480747884
-0.0311697975003324
-0.022602524094392736
-0.0701195472307933
-0.023630212426454064
-0.011969121898119012
-0.01666114087758182
-0.0009218217114792494
-0.0209081636433421
-0.0003670228843152237
-0.01029190950647896
-0.02148078041300422
-0.019584392160377502
-0.012333233835597401
0.0006426682423614678
-0.019437281961617103
-0.024729666075836428
-0.018938605632665518
-0.01746722636654954
-0.06607342645746019
-0.030557586205420588
-0.033610120931254574
-0.017297935158661196
-0.011369197955448962
-0.01269317070869809
-0.02392339989558969
-0.006737517565987929
-0.014186078431632618
-0.02158366344469365
-0.012365020566784832
-0.004502164887241739
-0.01572182669260497
-0.01731559755830546
-0.008437087709096795
-0.020128206271007212
-0.05580611426083299
-0.0013821535270939357
-0.017503627107132547
-0.04887959285726362
0.0023346940466180102
0.0023346940466180102
-0.011369197955448962
-0.01269317070869809
-0.017851192128786445
-0.01269317070869809
-0.01945902272592951
-0.00939463660203433
-0.01355378105107476
-0.004768868772786981
0.0011237443943082467
0.0011237443943082467
-0.009520851662836128
-0.019584392160377502
-0.04887959285726362
-0.01795532823761055
-0.03222738029628768
-0.016470183048793923
-0.022346165955414183
-0.02939796048217493
-0.01934247284956641
-0.01795532823761055
-0.011969121898119012
-0.005172426644303651
-0.012660877281843128
-0.01026944708968112
-0.0365061297351129
-0.013276988922806324
-0.00791193717721626
-0.006406296659528767
-0.01731559755830546
-0.024729666075836428
-0.011969121898119012
-0.022929073083388075
-0.028060671932139437
-0.020128206271007212
-0.020128206271007212
-0.017887905952536302
-0.011369197955448962
-0.016805553925941203
0.008578628312337891
-0.01029190950647896
-0.02412237700589177
-0.005826515805261892
-0.001622038421024813
-0.028272293537957915
-0.011969121898119012
-0.034146311475153915
-0.000162156289585559
-0.01846450146972542
-0.015196450521676884
-0.024081670181279626
-0.019718069724015727
-0.022929073083388075
-0.0016337299464467187
-0.010320903887562842
-0.00874412758392329
-0.01714839833062904
-0.019995852186790408
-0.0263434142398963
0.005658463498287137
-0.027130767846028518
-0.04112206449771635
-0.009231642927354847
-0.022381587927042066
-0.030557586205420588
-0.016470183048793923
-0.01934247284956641
-0.022665185010179556
-0.0071118649336698436
-0.021951089614394893
-0.009231642927354847
-0.022991123356216357
-0.010892367141544521
-0.002924993428466465
-0.0003670228843152237
-0.02286610050234644
-0.04092555868143821
-0.027130767846028518
-0.0311697975003324
-0.021784272767442967
-0.025405998163188292
-0.018938605632665518
-0.02158366344469365
-0.01651464723676391
-0.008170536007230653
-0.012938015197428224
-0.0209081636433421
-0.00793931252962964
-0.05580611426083299
-0.021951089614394893
-0.020003905747807957
-0.013276988922806324
-0.025405998163188292
0.01378835998022678
-0.0263434142398963
-0.027130767846028518
-0.029235084415123933
-0.03220027637208173
-0.017503627107132547
-0.05580611426083299
-0.006406296659528767
-0.0032720487450449936
-0.019718069724015727
-0.012314366640285335
-0.022381587927042066
-0.012064013941014208
-0.039144539198421764
0.0005067694878804739
-0.005826515805261892
0.0005067694878804739
-0.028060671932139437
0.002698315557503316
-0.011369197955448962
-0.04894505046812128
-0.01846450146972542
-0.007958332440613614
0.004565887430821986
-0.019366607771956524
-0.009124099235262218
-0.00939463660203433
-0.04360552971970073
-0.013097533203606291
-0.0695711017904472
-0.0077115270669079975
-0.02412237700589177
-0.029705529024159346
-0.015899568031946854
-0.024280707820956267
-0.014868767747457249
-0.0077115270669079975
-0.009975779204306106
-0.045749783241098255
-0.019584392160377502
-0.017297935158661196
-0.005307592061500646
-0.012365020566784832
-0.0003399054893250234
-0.024729666075836428
-0.019718069724015727
-0.01026944708968112
-0.00892909704964374
-0.017297935158661196
-0.00791193717721626
-0.024848735858977154
-0.010320903887562842
-0.024729666075836428
-0.023806593109371565
-0.021920525126813653
-0.037580883484544796
-0.006606435309848718
-0.001249140202428482
-0.013875157938670496
-0.033915182869993205
-0.002924993428466465
-0.00892909704964374
-0.016110668016214354
0.0074072845661168904
-0.004717143961194075
-0.0013175749938576686
-0.026668994451921873
-0.014186078431632618
-0.06554529147405953
-0.017503627107132547
0.0011237443943082467
-0.005826515805261892
-0.0029491887143151987
-0.01822560685067554
-0.007620518028201663
-0.03812536334562893
-0.012462954927146528
-0.026668994451921873
-0.0301231129765604
0.0042987623990750675
-0.03840877252634496
-0.016110668016214354
-0.006737517565987929
-0.02158366344469365
0.015797402393278235
-0.01355378105107476
-0.02286610050234644
-0.0701195472307933
0.0074072845661168904
-0.005942257838273276
-0.01651464723676391
-0.03215816568448064
-0.000162156289585559
-0.012285396470263962
-0.043448192363233745
-0.0301231129765604
-0.01355378105107476
-0.029235084415123933
-0.019366607771956524
0.005658463498287137
-0.008306025697657999
-0.009687795309074371
-0.019584392160377502
-0.009277721866127641
-0.039144539198421764
-0.012370540881755309
-0.013875157938670496
-0.002841473919960495
-0.0013821535270939357
-0.0177986468443095
0.007343932613324195
-0.008437087709096795
-0.00570641465724681
-0.039016602144681944
-0.004717143961194075
-0.035648275784656375
-0.010559503873347904
-0.043448192363233745
-0.00803820020502387
0.005658463498287137
-0.016805553925941203
-0.017503627107132547
-0.039144539198421764
-0.005411095969685067
-0.00570641465724681
0.004553302936531206
-0.024280707820956267
-0.028060671932139437
-0.019718069724015727
-0.017297935158661196
-0.01951838368955597
-0.0009218217114792494
-0.012333233835597401
0.0022739134068687178
0.0074072845661168904
-0.014186078431632618
-0.013022251449153095
-0.010892367141544521
-0.0252268005012434
-0.026411203228649045
-0.004768868772786981
-0.01169297480747884
-0.01714839833062904
-0.004722494689615646
-0.025405998163188292
-0.01120591476166345
0.01378835998022678
-0.009520851662836128
-0.01795532823761055
0.0005067694878804739
-0.023958172274200874
-0.013036804993272645
-0.000162156289585559
0.019881487853544298
-0.037580883484544796
-0.00793931252962964
-0.009687795309074371
-0.0003399054893250234
0.0023346940466180102
0.0006426682423614678
-0.010144291385294229
-0.002924993428466465
0.009552274829741506
-0.002924993428466465
0.008578628312337891
-0.027892833588921875
-0.01731559755830546
-0.012370540881755309
-0.004567891538905218
-0.012314366640285335
-0.000162156289585559
0.007195362524958817
-0.04864308676734933
0.0005270852955300311
-0.020706320559927886
-0.035648275784656375
-0.012314366640285335
-0.010955167899315414
-0.012462954927146528
-0.007958332440613614
-0.010760807665025077
-0.022346165955414183
0.0005270852955300311
-0.03840877252634496
-0.01467531408797168
0.007195362524958817
-0.008170536007230653
-0.020003905747807957
-0.009687795309074371
-0.024081670181279626
-0.013276988922806324
-0.009124099235262218
-0.024986952345021986
-0.04887959285726362
-0.039016602144681944
-0.022427928528585165
-0.04928126170812346
0.0074072845661168904
-0.037580883484544796
-0.00803820020502387
-0.005942257838273276
-0.005307592061500646
-0.04887959285726362
-0.027130767846028518
-0.0013322580688174145
-0.006741037183342135
-0.028186945058287886
-0.037580883484544796
-0.018938605632665518
-0.002841473919960495
-0.038272947781802805
-0.005307592061500646
-0.0633043805895521
-0.013097533203606291
-0.027130767846028518
0.00895371894911405
-0.004567891538905218
-0.018341676593756684
-0.008437087709096795
-0.039144539198421764
-0.026668994451921873
-0.013875157938670496
-0.022929073083388075
-0.03319393043550874
-0.023630212426454064
-0.04864308676734933
-0.04894505046812128
-0.008437087709096795
-0.029235084415123933
-0.020706320559927886
-0.018341676593756684
-0.032912263877700604
-0.01822560685067554
0.01378835998022678
0.0005067694878804739
-0.034146311475153915
-0.026668994451921873
0.002698315557503316
-0.007198300897737389
-0.01842890253111726
-0.003626895562149487
-0.027130767846028518
-0.010892367141544521
-0.0301231129765604
-0.022785175228344588
-0.05580611426083299
-0.0029491887143151987
-0.006606435309848718
-0.0004430950370842128
-0.0013175749938576686
-0.005307592061500646
-0.011091280688634629
-0.011721361724075164
-0.04864308676734933
0.007195362524958817
-0.032912263877700604
-0.01467531408797168
-0.027130767846028518
0.01378835998022678
-0.006406296659528767
-0.03222738029628768
-0.0008737427727782012
-0.032912263877700604
-0.016470183048793923
-0.024081670181279626
-0.0695711017904472
-0.019114069849173205
-0.02648099006289014
-0.0030352233782358464
-0.019718069724015727
-0.009975779204306106
-0.013230187879349122
-0.02648099006289014
-0.017435470125182196
-0.020003905747807957
-0.009124099235262218
-0.01795532823761055
-0.011369197955448962
-0.005148731539353841
0.025191635723966953
0.0005270852955300311
-0.005148731539353841
-0.019584392160377502
0.002698315557503316
-0.010320903887562842
-0.027367461672984948
-0.005148731539353841
-0.027693499727169144
-0.009124099235262218
0.019881487853544298
-0.025405998163188292
-0.01714839833062904
-0.009687795309074371
-0.012333233835597401
-0.006737517565987929
0.019311271827351303
-0.017297935158661196
-0.011576546318033006
-0.02934350251909193
-0.024271769172059282
-0.024280707820956267
-0.0301231129765604
-0.02934350251909193
-0.031399654512086504
-0.011969121898119012
-0.026668994451921873
-0.0633043805895521
-0.004567891538905218
-0.008170536007230653
0.019311271827351303
-0.028186945058287886
-0.015196450521676884
-0.01029190950647896
-0.02216121235662001
-0.039016602144681944
-0.004567891538905218
-0.011099002222141576
-0.032912263877700604
-0.024848735858977154
-0.00803820020502387
-0.015196450521676884
-0.013875157938670496
-0.04894505046812128
-0.02309325021636961
-0.014020897516114527
-0.029308827159714543
-0.02286610050234644
-0.013230187879349122
-0.019584392160377502
-0.043448192363233745
-0.011644420269919822
-0.013230187879349122
-0.02063047253213571
-0.04092555868143821
-0.0077115270669079975
-0.027130767846028518
-0.024848735858977154
-0.03812536334562893
-0.005411095969685067
-0.0016337299464467187
-0.010144291385294229
-0.031399654512086504
-0.0013322580688174145
-0.022602524094392736
-0.019114069849173205
-0.028186945058287886
0.019881487853544298
-0.012064013941014208
-0.018938605632665518
-0.03159902171763525
-0.022602524094392736
-0.06607342645746019
-0.018938605632665518
-0.013230187879349122
-0.014520083696177313
-0.01934247284956641
-0.02148078041300422
-0.06554529147405953
-0.027892833588921875
-0.023806593109371565
-0.020974427415347743
-0.022346165955414183
-0.013097533203606291
-0.02010665539442042
-0.0061736686037747466
-0.010442416033183436
-0.013146184954164657
-0.024986952345021986
-0.0077115270669079975
-0.011099002222141576
-0.02309325021636961
0.00895371894911405
-0.01310319851551037
-0.01714839833062904
-0.00939463660203433
-0.024729666075836428
-0.023630212426454064
0.0005270852955300311
0.01042119037303155
-0.017503627107132547
-0.01310319851551037
-0.018938605632665518
-0.045749783241098255
-0.01846450146972542
0.007195362524958817
-0.001622038421024813
0.008578628312337891
0.0042987623990750675
-0.011903626415611141
-0.05580611426083299
-0.043448192363233745
-0.04928126170812346
-0.037580883484544796
-0.01746722636654954
-0.0013821535270939357
-0.02934350251909193
-0.01666114087758182
-0.04388815149429015
-0.038272947781802805
-0.03215816568448064
-0.016470183048793923
-0.006282617697348188
-0.023806593109371565
-0.002924993428466465
-0.02648099006289014
-0.014020897516114527
-0.024081670181279626
-0.022785175228344588
-0.014020897516114527
