0.042448551326391554
0.16024893810877525
0.15861939766384334
0.012046146206653443
0.0009018697302487444
0.15861939766384334
0.04174828490020005
-0.08033741389903047
-0.13029071299986292
-0.042311026729513534
0.11656960142084168
-0.061553074814750405
0.01779249912687128
0.10738844789370777
0.12632902142576738
0.12632902142576738
0.06114705364333767
0.061189000457139944
0.025609656895506216
-0.18846382500285133
0.12632902142576738
0.0609823064554847
0.07196796498155733
0.03659305993690852
0.21992584185212607
0.01779249912687128
0.009254485540931437
-0.013139306094307537
0.08031395266046218
0.025609656895506216
0.03920481475203639
0.05386924588983071
0.11315818193415887
-0.013139306094307537
-0.09787069471189734
0.023247856274751913
0.06114705364333767
-0.015187191765748653
0.038176077469134505
0.1082802788646498
0.0609823064554847
-0.003600230715800875
0.10738844789370777
-0.09326486956894618
-0.061553074814750405
-0.061553074814750405
0.12488824413972137
-0.09787069471189734
0.038176077469134505
-0.015187191765748653
0.0879722412419596
-0.005962094086073325
0.042448551326391554
0.012046146206653443
-0.1155564592032483
0.04625607473638012
-0.009075088851778414
-0.18846382500285133
-0.02382872892417544
0.06756210403986301
0.025609656895506216
-0.07037189672038546
-0.02382872892417544
0.11315818193415887
0.010530559893042225
0.21992584185212607
-0.12799595982089765
0.06758409082907185
0.017438779006296458
0.04687953314790259
-0.009075088851778414
0.04695393457823827
-0.16282222851002232
0.025609656895506216
0.05386924588983071
0.06758409082907185
-0.008384834036849698
0.023968507148973625
0.04625607473638012
0.029489900859581128
-0.12711756975953406
0.12488824413972137
0.030330307601312178
0.01779249912687128
0.04687953314790259
0.061189000457139944
-0.18846382500285133
0.21992584185212607
0.07196796498155733
0.012690161047043763
0.23827415987597442
-0.061553074814750405
0.11656960142084168
0.2051146444800616
0.12913339938622906
-0.005962094086073325
0.010530559893042225
-0.015187191765748653
0.12632902142576738
0.010530559893042225
-0.09787069471189734
0.07196796498155733
-0.009075088851778414
0.0879722412419596
0.04695393457823827
-0.015187191765748653
0.11656960142084168
0.035080402468723196
0.07196796498155733
0.03920481475203639
0.03291206527243465
0.2051146444800616
-0.013139306094307537
-0.009075088851778414
-0.005962094086073325
0.10738844789370777
0.04687953314790259
0.045875428706112116
-0.061553074814750405
0.21992584185212607
0.04687953314790259
0.030330307601312178
0.12488824413972137
0.21992584185212607
0.03775901499971697
-0.09326486956894618
-0.04045883344838775
0.06756210403986301
-0.12799595982089765
0.16024893810877525
-0.07037189672038546
0.23827415987597442
-0.005962094086073325
-0.09787069471189734
0.05366743397311132
0.05386924588983071
0.029489900859581128
0.14541181764038175
0.16024893810877525
-0.042311026729513534
0.023247856274751913
0.06114705364333767
0.07196796498155733
0.010530559893042225
0.030330307601312178
-0.08033741389903047
0.05366743397311132
-0.18846382500285133
0.025609656895506216
0.029489900859581128
0.15861939766384334
-0.008384834036849698
0.035080402468723196
0.029489900859581128
0.025609656895506216
-0.12711756975953406
0.03618233789289914
-0.13029071299986292
0.0879722412419596
-0.02382872892417544
0.04174828490020005
0.029489900859581128
-0.08033741389903047
-0.04045883344838775
-0.013139306094307537
-0.015187191765748653
0.0879722412419596
0.15861939766384334
-0.003600230715800875
-0.009075088851778414
0.009254485540931437
-0.18846382500285133
-0.061553074814750405
-0.07037189672038546
-0.009075088851778414
0.025609656895506216
0.0609823064554847
0.03775901499971697
0.15861939766384334
0.08031395266046218
-0.04045883344838775
0.06114705364333767
0.04625607473638012
-0.12711756975953406
0.2051146444800616
0.010530559893042225
0.07196796498155733
0.0609823064554847
0.06114705364333767
0.030330307601312178
0.030330307601312178
0.11315818193415887
0.11315818193415887
-0.18846382500285133
0.061189000457139944
-0.09787069471189734
0.030330307601312178
-0.1155564592032483
0.21992584185212607
0.0879722412419596
0.012046146206653443
-0.18846382500285133
0.010530559893042225
0.045875428706112116
0.2051146444800616
0.06758409082907185
0.10738844789370777
0.03291206527243465
0.14541181764038175
0.0009018697302487444
0.11656960142084168
0.23827415987597442
0.14541181764038175
0.038176077469134505
-0.013139306094307537
-0.09326486956894618
0.029489900859581128
0.11656960142084168
0.14541181764038175
0.025609656895506216
0.03659305993690852
0.23827415987597442
-0.09787069471189734
-0.013139306094307537
0.04695393457823827
0.2051146444800616
0.12488824413972137
0.010530559893042225
0.012046146206653443
0.01779249912687128
-0.04045883344838775
0.03618233789289914
-0.18846382500285133
-0.13029071299986292
0.04687953314790259
0.03775901499971697
0.11656960142084168
-0.09787069471189734
-0.02339487907150534
0.042448551326391554
0.045875428706112116
0.07196796498155733
0.0879722412419596
0.030330307601312178
0.035080402468723196
0.042448551326391554
-0.09326486956894618
0.04174828490020005
0.0009018697302487444
0.012046146206653443
0.06114705364333767
-0.003600230715800875
-0.09326486956894618
-0.13029071299986292
-0.042311026729513534
-0.12799595982089765
0.035080402468723196
-0.16282222851002232
0.0609823064554847
0.12632902142576738
0.15861939766384334
-0.04045883344838775
0.06775573003326682
0.0879722412419596
0.029489900859581128
0.03775901499971697
0.04625607473638012
0.03775901499971697
-0.09326486956894618
0.0609823064554847
0.05366743397311132
-0.1155564592032483
0.04174828490020005
-0.013139306094307537
0.21992584185212607
0.05386924588983071
-0.1155564592032483
0.11656960142084168
0.06756210403986301
0.05386924588983071
0.06775573003326682
0.009254485540931437
0.061189000457139944
-0.003600230715800875
0.05366743397311132
0.03659305993690852
0.11656960142084168
0.061189000457139944
0.03618233789289914
0.03291206527243465
-0.008384834036849698
0.11315818193415887
-0.13029071299986292
0.14541181764038175
0.15861939766384334
0.0609823064554847
-0.009075088851778414
0.23827415987597442
0.038176077469134505
0.0609823064554847
-0.02382872892417544
-0.07037189672038546
0.15861939766384334
0.0609823064554847
0.08031395266046218
0.025609656895506216
-0.009075088851778414
-0.005962094086073325
0.04695393457823827
-0.07037189672038546
0.06114705364333767
-0.015187191765748653
0.030330307601312178
0.07196796498155733
0.012046146206653443
0.06114705364333767
0.023247856274751913
-0.003600230715800875
0.012046146206653443
0.06758409082907185
0.12632902142576738
0.05386924588983071
0.012046146206653443
0.12913339938622906
-0.16282222851002232
-0.015187191765748653
0.23827415987597442
0.030330307601312178
0.15861939766384334
0.03920481475203639
0.06775573003326682
0.03920481475203639
0.010530559893042225
-0.005962094086073325
-0.005962094086073325
0.023247856274751913
0.15861939766384334
0.035080402468723196
0.029489900859581128
-0.008384834036849698
0.04625607473638012
0.2051146444800616
0.12913339938622906
0.03920481475203639
-0.09326486956894618
-0.08033741389903047
0.1082802788646498
-0.12711756975953406
-0.13029071299986292
-0.003600230715800875
0.06775573003326682
-0.061553074814750405
0.06758409082907185
0.06114705364333767
0.2051146444800616
0.0009018697302487444
0.029489900859581128
0.04625607473638012
-0.015187191765748653
0.05386924588983071
-0.07037189672038546
-0.061553074814750405
0.04625607473638012
-0.07037189672038546
-0.015187191765748653
0.11315818193415887
0.10738844789370777
0.11656960142084168
0.05366743397311132
-0.18846382500285133
-0.13029071299986292
0.11315818193415887
0.03775901499971697
0.14541181764038175
0.017438779006296458
0.12632902142576738
0.0009018697302487444
0.029489900859581128
0.0879722412419596
-0.18846382500285133
-0.09326486956894618
-0.003600230715800875
-0.02339487907150534
0.06114705364333767
0.16024893810877525
-0.003600230715800875
0.061189000457139944
0.045875428706112116
0.009254485540931437
-0.13029071299986292
0.03775901499971697
0.03775901499971697
0.045875428706112116
0.0009018697302487444
0.010530559893042225
0.1082802788646498
0.023247856274751913
-0.08033741389903047
0.061189000457139944
0.07196796498155733
0.035080402468723196
0.0879722412419596
0.03659305993690852
0.03618233789289914
-0.1155564592032483
-0.015187191765748653
0.04687953314790259
0.03775901499971697
0.03920481475203639
0.08031395266046218
0.2051146444800616
-0.09787069471189734
0.061189000457139944
-0.02339487907150534
-0.02382872892417544
0.06775573003326682
0.03291206527243465
0.06758409082907185
0.03659305993690852
-0.13029071299986292
-0.003600230715800875
-0.16282222851002232
0.023247856274751913
0.12488824413972137
0.017438779006296458
0.061189000457139944
0.025609656895506216
0.061189000457139944
0.2051146444800616
-0.003600230715800875
0.030330307601312178
0.12913339938622906
0.023247856274751913
-0.18846382500285133
0.15861939766384334
0.01779249912687128
0.11315818193415887
0.06756210403986301
-0.12799595982089765
0.03659305993690852
-0.12799595982089765
0.03920481475203639
0.038176077469134505
0.14541181764038175
-0.08033741389903047
0.03659305993690852
0.06114705364333767
0.23827415987597442
0.06756210403986301
0.03659305993690852
0.16024893810877525
0.030330307601312178
0.12488824413972137
-0.09787069471189734
-0.042311026729513534
0.03618233789289914
0.012690161047043763
-0.09787069471189734
0.12632902142576738
0.05366743397311132
-0.013139306094307537
0.03291206527243465
0.06775573003326682
-0.12711756975953406
0.07196796498155733
0.04687953314790259
0.017438779006296458
0.21992584185212607
0.0609823064554847
0.009254485540931437
0.023247856274751913
0.061189000457139944
0.08031395266046218
0.12488824413972137
-0.09787069471189734
0.017438779006296458
0.23827415987597442
0.029489900859581128
0.11315818193415887
-0.04045883344838775
0.042448551326391554
0.08031395266046218
-0.04045883344838775
0.010530559893042225
0.08031395266046218
0.03291206527243465
0.023247856274751913
0.06775573003326682
0.06756210403986301
-0.061553074814750405
0.023247856274751913
0.035080402468723196
0.16024893810877525
-0.18846382500285133
0.06775573003326682
-0.02382872892417544
0.2051146444800616
0.03775901499971697
0.042448551326391554
0.038176077469134505
0.0879722412419596
0.0609823064554847
0.017438779006296458
0.12488824413972137
0.012690161047043763
0.012690161047043763
0.06114705364333767
0.030330307601312178
0.2051146444800616
0.03920481475203639
0.05366743397311132
-0.1155564592032483
0.1082802788646498
0.21992584185212607
-0.13029071299986292
0.061189000457139944
0.045875428706112116
0.045875428706112116
0.035080402468723196
0.03291206527243465
0.025609656895506216
0.061189000457139944
0.061189000457139944
0.045875428706112116
-0.013139306094307537
-0.005962094086073325
-0.08033741389903047
0.23827415987597442
-0.005962094086073325
-0.07037189672038546
0.1082802788646498
0.15861939766384334
0.012690161047043763
0.04687953314790259
0.2051146444800616
0.03618233789289914
-0.1155564592032483
0.029489900859581128
-0.008384834036849698
0.14541181764038175
0.038176077469134505
0.04695393457823827
-0.12711756975953406
0.012690161047043763
0.017438779006296458
0.012690161047043763
0.05386924588983071
0.11656960142084168
0.03775901499971697
0.045875428706112116
0.010530559893042225
0.06756210403986301
0.16024893810877525
0.15861939766384334
0.012046146206653443
0.023247856274751913
0.1082802788646498
0.061189000457139944
-0.02339487907150534
-0.013139306094307537
0.12913339938622906
0.030330307601312178
0.010530559893042225
0.010530559893042225
0.023247856274751913
0.04695393457823827
0.012690161047043763
0.11315818193415887
0.04695393457823827
-0.12711756975953406
0.14541181764038175
0.012690161047043763
0.15861939766384334
0.06775573003326682
0.030330307601312178
0.023247856274751913
0.012690161047043763
0.012690161047043763
0.06756210403986301
-0.04045883344838775
-0.02382872892417544
0.03291206527243465
0.009254485540931437
-0.015187191765748653
0.07196796498155733
0.04625607473638012
-0.16282222851002232
0.21992584185212607
0.012690161047043763
0.010530559893042225
0.04695393457823827
-0.02339487907150534
0.15861939766384334
0.04625607473638012
-0.009075088851778414
0.035080402468723196
0.012690161047043763
0.05386924588983071
0.012690161047043763
0.12632902142576738
0.009254485540931437
0.06756210403986301
0.009254485540931437
0.06756210403986301
0.06114705364333767
0.06114705364333767
0.10738844789370777
0.08031395266046218
0.06758409082907185
0.16024893810877525
-0.12711756975953406
0.04174828490020005
0.12488824413972137
-0.16282222851002232
0.04174828490020005
-0.02339487907150534
0.010530559893042225
-0.003600230715800875
0.11656960142084168
-0.13029071299986292
-0.1155564592032483
0.11315818193415887
-0.16282222851002232
0.009254485540931437
0.0009018697302487444
0.14541181764038175
0.12488824413972137
-0.02339487907150534
-0.02339487907150534
0.04625607473638012
-0.042311026729513534
0.14541181764038175
-0.009075088851778414
0.04687953314790259
-0.015187191765748653
0.029489900859581128
0.04695393457823827
0.10738844789370777
0.10738844789370777
-0.02339487907150534
0.023247856274751913
0.23827415987597442
0.04625607473638012
0.035080402468723196
-0.005962094086073325
-0.005962094086073325
0.14541181764038175
0.042448551326391554
-0.09326486956894618
0.03618233789289914
0.038176077469134505
0.029489900859581128
0.045875428706112116
-0.16282222851002232
0.03775901499971697
0.12488824413972137
0.12632902142576738
0.08031395266046218
0.045875428706112116
-0.1155564592032483
0.12632902142576738
0.06758409082907185
-0.008384834036849698
0.10738844789370777
0.042448551326391554
-0.042311026729513534
0.03920481475203639
-0.13029071299986292
-0.12711756975953406
0.038176077469134505
0.15861939766384334
0.023247856274751913
-0.09787069471189734
-0.09326486956894618
-0.04045883344838775
0.030330307601312178
0.010530559893042225
-0.16282222851002232
0.038176077469134505
0.08031395266046218
-0.1155564592032483
0.2051146444800616
-0.02339487907150534
0.038176077469134505
-0.13029071299986292
0.038176077469134505
0.15861939766384334
0.023247856274751913
0.11315818193415887
0.23827415987597442
0.01779249912687128
0.03775901499971697
0.06758409082907185
0.06775573003326682
-0.042311026729513534
0.010530559893042225
0.03291206527243465
0.21992584185212607
-0.12799595982089765
0.023247856274751913
0.04625607473638012
0.12632902142576738
-0.009075088851778414
0.06756210403986301
0.03291206527243465
0.030330307601312178
-0.003600230715800875
0.06758409082907185
0.08031395266046218
-0.18846382500285133
0.06775573003326682
0.03618233789289914
0.01779249912687128
0.0009018697302487444
-0.12711756975953406
0.14541181764038175
0.23827415987597442
0.025609656895506216
0.06775573003326682
-0.013139306094307537
0.03920481475203639
-0.18846382500285133
-0.005962094086073325
0.14541181764038175
-0.08033741389903047
0.0009018697302487444
0.03920481475203639
-0.003600230715800875
0.025609656895506216
0.025609656895506216
-0.09787069471189734
0.017438779006296458
0.045875428706112116
0.10738844789370777
-0.013139306094307537
0.023968507148973625
0.023247856274751913
0.010530559893042225
-0.04045883344838775
0.11315818193415887
0.023247856274751913
-0.042311026729513534
0.15861939766384334
0.06114705364333767
0.010530559893042225
-0.042311026729513534
-0.12799595982089765
-0.1155564592032483
-0.061553074814750405
0.023247856274751913
0.023247856274751913
0.01779249912687128
-0.009075088851778414
-0.07037189672038546
0.06756210403986301
-0.16282222851002232
0.04687953314790259
0.009254485540931437
0.1082802788646498
-0.09326486956894618
0.017438779006296458
-0.09787069471189734
-0.061553074814750405
-0.005962094086073325
0.2051146444800616
-0.003600230715800875
-0.16282222851002232
0.009254485540931437
0.025609656895506216
-0.13029071299986292
0.06758409082907185
0.04625607473638012
-0.009075088851778414
-0.09326486956894618
0.035080402468723196
0.03618233789289914
0.025609656895506216
0.07196796498155733
-0.08033741389903047
-0.02339487907150534
-0.015187191765748653
0.023247856274751913
0.07196796498155733
-0.04045883344838775
-0.008384834036849698
0.1082802788646498
0.023247856274751913
0.038176077469134505
-0.013139306094307537
0.017438779006296458
0.06756210403986301
0.16024893810877525
-0.003600230715800875
-0.12799595982089765
-0.09326486956894618
0.029489900859581128
0.15861939766384334
0.10738844789370777
0.045875428706112116
-0.008384834036849698
0.06775573003326682
0.08031395266046218
-0.042311026729513534
0.23827415987597442
0.010530559893042225
0.12488824413972137
0.06775573003326682
-0.013139306094307537
-0.09787069471189734
0.030330307601312178
-0.02339487907150534
-0.13029071299986292
0.017438779006296458
-0.12799595982089765
-0.015187191765748653
-0.04045883344838775
-0.07037189672038546
0.06758409082907185
-0.061553074814750405
0.06756210403986301
0.12913339938622906
0.012046146206653443
0.16024893810877525
-0.02339487907150534
0.10738844789370777
0.04695393457823827
-0.042311026729513534
0.11656960142084168
-0.042311026729513534
0.03920481475203639
0.061189000457139944
0.04625607473638012
0.035080402468723196
-0.12711756975953406
0.06114705364333767
0.03920481475203639
0.0609823064554847
0.035080402468723196
0.009254485540931437
0.009254485540931437
0.05386924588983071
0.0009018697302487444
-0.042311026729513534
0.0879722412419596
0.017438779006296458
0.11656960142084168
0.0879722412419596
0.11315818193415887
0.21992584185212607
0.012046146206653443
-0.16282222851002232
0.029489900859581128
0.061189000457139944
-0.07037189672038546
0.1082802788646498
0.04625607473638012
0.035080402468723196
0.023968507148973625
-0.1155564592032483
0.0609823064554847
0.06114705364333767
0.1082802788646498
-0.042311026729513534
0.017438779006296458
-0.02339487907150534
0.023247856274751913
-0.013139306094307537
0.03920481475203639
-0.005962094086073325
-0.12799595982089765
-0.02382872892417544
-0.009075088851778414
0.061189000457139944
0.010530559893042225
0.01779249912687128
0.038176077469134505
0.11656960142084168
0.03659305993690852
0.12488824413972137
-0.08033741389903047
0.061189000457139944
0.01779249912687128
-0.008384834036849698
0.06756210403986301
0.03291206527243465
0.038176077469134505
-0.12711756975953406
-0.04045883344838775
0.05386924588983071
0.023968507148973625
0.01779249912687128
0.07196796498155733
0.023247856274751913
0.04625607473638012
0.061189000457139944
0.04695393457823827
0.0009018697302487444
0.07196796498155733
-0.13029071299986292
0.0879722412419596
0.03291206527243465
-0.09787069471189734
0.03291206527243465
0.023968507148973625
0.03920481475203639
-0.12799595982089765
0.035080402468723196
0.030330307601312178
0.0609823064554847
-0.02339487907150534
0.12913339938622906
0.06758409082907185
0.12632902142576738
0.023247856274751913
0.010530559893042225
0.07196796498155733
0.23827415987597442
-0.16282222851002232
0.2051146444800616
0.061189000457139944
0.038176077469134505
-0.12711756975953406
-0.12799595982089765
0.06758409082907185
0.04174828490020005
0.03920481475203639
0.06758409082907185
0.023968507148973625
0.01779249912687128
0.06758409082907185
-0.12799595982089765
0.04625607473638012
0.0879722412419596
0.0009018697302487444
0.012046146206653443
0.06775573003326682
0.1082802788646498
0.038176077469134505
-0.02339487907150534
0.11315818193415887
0.12488824413972137
0.030330307601312178
0.04695393457823827
-0.005962094086073325
0.2051146444800616
0.23827415987597442
0.2051146444800616
-0.04045883344838775
-0.015187191765748653
0.025609656895506216
0.029489900859581128
0.15861939766384334
-0.015187191765748653
0.010530559893042225
-0.005962094086073325
0.04174828490020005
-0.015187191765748653
-0.003600230715800875
0.11656960142084168
0.035080402468723196
0.06756210403986301
0.11656960142084168
0.06775573003326682
0.0009018697302487444
-0.07037189672038546
0.03920481475203639
0.23827415987597442
0.010530559893042225
0.012046146206653443
0.08031395266046218
0.023968507148973625
-0.13029071299986292
-0.042311026729513534
0.04687953314790259
0.23827415987597442
-0.02339487907150534
0.023247856274751913
-0.008384834036849698
0.05386924588983071
0.12488824413972137
0.0879722412419596
0.04695393457823827
0.1082802788646498
0.05386924588983071
-0.18846382500285133
-0.12799595982089765
0.03659305993690852
0.012046146206653443
-0.003600230715800875
0.03659305993690852
0.06775573003326682
0.04174828490020005
0.04625607473638012
0.03291206527243465
0.08031395266046218
0.023247856274751913
0.04625607473638012
0.12913339938622906
-0.008384834036849698
-0.13029071299986292
