0.019129105307323407
0.03470926001638118
-0.10503667020734699
0.05787731773006087
0.12221087850263178
0.017867904190730744
0.05361131025695424
0.00819145866730262
-0.053473968549313376
0.07626940925192187
0.14836900355708607
-0.07127818859340135
-0.011309547136009393
0.08654256798909593
0.06436516064204628
-0.010591859112508187
0.047602296761506256
0.03140608779368606
0.05092091171855246
0.0503515004948241
0.03371355795324044
-0.0024617926212471444
0.07211176724009133
0.03140608779368606
-0.037362564433318236
-0.0512896668617867
0.1576751830327195
0.18682464284786945
-0.10503667020734699
0.016624351935854764
0.13692585070923374
-0.037147901003610165
-0.0024617926212471444
-0.01562677408909286
0.03470926001638118
0.09344958500922106
-0.10503667020734699
0.009050556157282556
0.0694446096902154
0.019129105307323407
0.0503515004948241
-0.06431288436448943
0.025126255607610136
0.07076752884802764
-0.0482396428604873
0.049364319608661694
0.047602296761506256
0.13736272762820367
0.2720323353876715
0.11696433157303517
0.13692585070923374
0.06436516064204628
0.05787731773006087
0.07032545295462841
0.008768639094700806
0.16299354884572934
0.08741154113156208
0.017867904190730744
0.054804609802226366
0.09721988664918092
0.12221087850263178
0.23684826056368266
-0.027871332323448936
-0.0025034608579047346
0.011596477223768538
-0.01626881011745079
0.009707569432396052
-0.006188458879513246
0.18750873152729178
-0.037147901003610165
-0.027240119460623467
0.13692585070923374
0.054804609802226366
-0.03677094446040219
0.04768433496389256
0.014529834793577594
0.04768433496389256
0.2817842930566167
0.036319174708912716
0.27523525947960875
0.016624351935854764
-0.037147901003610165
0.060407306498385285
-0.01562677408909286
0.14349816546120248
-0.01880344884440374
0.23684826056368266
0.08912862360667519
0.13662835091009778
0.03650174807877274
-0.03597734954150415
0.08741154113156208
0.08654256798909593
0.09538730353669486
0.07211176724009133
0.2478896082284253
0.008768639094700806
0.07256681869836494
0.1140721868480196
0.03186102425096764
-0.027240119460623467
-0.027871332323448936
0.07032545295462841
0.13736272762820367
0.03140608779368606
-0.027240119460623467
0.036319174708912716
0.1433153396082159
0.07032545295462841
0.04768433496389256
0.12079718195906111
-0.050144623463726216
-0.09295011447910893
-0.006188458879513246
0.0469938927097983
-0.0512896668617867
-0.10225424159849572
0.036319174708912716
0.009707569432396052
0.047602296761506256
0.2817842930566167
0.5274157022921967
0.12079718195906111
-0.05343563148610389
0.2817842930566167
0.03650174807877274
-0.03112045638135103
-0.048141170317018006
-0.01535241105752163
0.051910772110004055
0.11667334558909986
0.009050556157282556
0.18750873152729178
0.2478896082284253
0.06848830207396457
0.03699143053191621
0.04768433496389256
0.0694446096902154
0.09277664384879211
0.08912862360667519
-0.010591859112508187
0.049364319608661694
0.019129105307323407
-0.008320024249154578
-0.050144623463726216
0.19158307048828727
-0.04596659331378892
0.10933792099397803
-0.027871332323448936
-0.0025034608579047346
0.08741154113156208
0.016624351935854764
0.13736272762820367
0.07626940925192187
-0.037362564433318236
0.017301656283466534
0.03857678505141202
0.08912862360667519
-0.0024617926212471444
0.13662835091009778
0.18682464284786945
-0.13836437360584655
0.13692585070923374
0.16299354884572934
0.011596477223768538
-0.07127818859340135
0.13692585070923374
0.11696433157303517
0.08741154113156208
-0.004991677658221801
0.07032545295462841
-0.035408620869056835
0.1140721868480196
0.05361131025695424
0.036319174708912716
0.1576751830327195
-0.035408620869056835
-0.0025034608579047346
0.05787731773006087
0.18750873152729178
-0.0024617926212471444
0.11454398228402142
-0.0482396428604873
0.07626940925192187
0.5274157022921967
0.23684826056368266
0.13662835091009778
0.07256681869836494
0.047502668547494735
0.09763229116143807
-0.006188458879513246
0.014529834793577594
0.025126255607610136
-0.053473968549313376
0.03470926001638118
0.11624354327579141
0.025126255607610136
0.03160114246096405
0.08741154113156208
0.07211176724009133
0.03371355795324044
0.13692585070923374
0.0909751195366335
0.10933792099397803
0.00819145866730262
0.07211176724009133
-0.13836437360584655
-0.05343563148610389
0.09721988664918092
0.1140721868480196
-0.03677094446040219
0.04768433496389256
0.10738029048670067
0.08741154113156208
0.07256681869836494
0.14349816546120248
-0.008320024249154578
-0.010591859112508187
0.0469938927097983
0.002548762054593356
0.030134060757519815
0.054804609802226366
0.13692585070923374
0.19158307048828727
-0.027871332323448936
0.2478896082284253
0.047502668547494735
0.04768433496389256
0.12221087850263178
0.07256681869836494
0.00871848213999352
0.03650174807877274
0.17217687166450157
0.07298735021769742
-0.027240119460623467
0.00819145866730262
0.08654256798909593
0.1263722359467113
-0.13836437360584655
-0.0025034608579047346
0.03160114246096405
-0.006188458879513246
-0.01535241105752163
-0.025131699575582506
-0.050144623463726216
0.13581293392149715
0.03857678505141202
0.2720323353876715
0.009050556157282556
0.008768639094700806
-0.005509475253348892
0.06848830207396457
0.054804609802226366
0.009050556157282556
0.12462569155012342
-0.0512896668617867
0.2720323353876715
0.09763229116143807
0.18682464284786945
0.016624351935854764
0.03857678505141202
0.05092091171855246
0.03140608779368606
0.07626940925192187
0.05092091171855246
0.12079718195906111
0.23684826056368266
-0.008320024249154578
0.2720323353876715
0.008768639094700806
0.11624354327579141
0.049364319608661694
-0.03677094446040219
0.047502668547494735
0.12221087850263178
0.06848830207396457
-0.014859317413065565
0.27523525947960875
-0.10503667020734699
-0.01562677408909286
0.13199401113031933
0.19158307048828727
0.11630781183600518
0.1576751830327195
0.03371355795324044
0.07298735021769742
0.1140721868480196
-0.005509475253348892
-0.004210722961005107
0.014529834793577594
0.17169768504794805
0.03371355795324044
0.1263722359467113
0.002548762054593356
0.09721988664918092
0.05361131025695424
0.09763229116143807
0.13581293392149715
0.030134060757519815
-0.06431288436448943
-0.006188458879513246
0.05361131025695424
-0.0482396428604873
0.036319174708912716
-0.010591859112508187
0.00819145866730262
0.11630781183600518
0.27523525947960875
0.12462569155012342
0.00871848213999352
0.00819145866730262
0.00871848213999352
0.14349816546120248
0.03140608779368606
-0.008320024249154578
0.04768433496389256
-0.10225424159849572
0.0909751195366335
0.03186102425096764
-0.007785917260873917
0.060407306498385285
-0.004991677658221801
0.00871848213999352
0.12221087850263178
0.2478896082284253
0.10933792099397803
0.05361131025695424
-0.09295011447910893
-0.004991677658221801
0.2048439082806822
-0.037147901003610165
-0.09295011447910893
0.047502668547494735
0.03699143053191621
0.03160114246096405
0.07298735021769742
0.019129105307323407
0.07626940925192187
0.1140721868480196
0.025126255607610136
0.03857678505141202
0.19158307048828727
0.08912862360667519
0.017301656283466534
0.23684826056368266
0.04768433496389256
-0.09295011447910893
0.11624354327579141
-0.07127818859340135
0.07076752884802764
-0.037147901003610165
-0.053473968549313376
0.09721988664918092
-0.10225424159849572
0.13736272762820367
0.06848830207396457
0.07298735021769742
0.13662835091009778
-0.027871332323448936
0.07510170521641754
0.12462569155012342
-0.13836437360584655
-0.03597734954150415
0.0503515004948241
0.11454398228402142
0.10963351848336823
0.05092091171855246
0.08912862360667519
0.014529834793577594
0.07032545295462841
0.05787731773006087
-0.03677094446040219
0.23684826056368266
0.17169768504794805
0.09277664384879211
0.07211176724009133
0.11454398228402142
0.10963351848336823
0.11624354327579141
0.08912862360667519
0.00871848213999352
-0.0025034608579047346
0.047502668547494735
-0.027871332323448936
-0.025131699575582506
0.00871848213999352
0.0503515004948241
0.03371355795324044
-0.05343563148610389
0.07904890811870105
0.07510170521641754
-0.01535241105752163
0.09763229116143807
-0.01535241105752163
0.11624354327579141
0.05686634110937247
0.009050556157282556
0.06436516064204628
-0.037362564433318236
0.009050556157282556
-0.027240119460623467
0.07076752884802764
-0.004991677658221801
-0.07127818859340135
-0.008320024249154578
0.03371355795324044
-0.037147901003610165
0.16299354884572934
-0.03112045638135103
-0.004210722961005107
-0.004991677658221801
0.1263722359467113
-0.004991677658221801
0.016624351935854764
0.07032545295462841
0.09721988664918092
0.2817842930566167
0.008768639094700806
-0.027871332323448936
-0.01535241105752163
0.06848830207396457
-0.09295011447910893
0.0928066481772157
0.03371355795324044
0.2048439082806822
0.0469938927097983
-0.035408620869056835
0.005344035952383885
0.10738029048670067
0.14349816546120248
-0.004210722961005107
0.054804609802226366
0.060407306498385285
0.07298735021769742
0.03371355795324044
-0.0024617926212471444
0.08741154113156208
0.11630781183600518
0.09538730353669486
0.008768639094700806
0.08741154113156208
-0.0512896668617867
0.07211176724009133
0.1140721868480196
0.05361131025695424
0.08654256798909593
0.03470926001638118
0.18682464284786945
0.025126255607610136
-0.037147901003610165
0.11667334558909986
-0.004210722961005107
-0.09295011447910893
0.13736272762820367
-0.07127818859340135
-0.03112045638135103
0.030134060757519815
0.03160114246096405
-0.004210722961005107
0.02408823140153253
0.13692585070923374
-0.007785917260873917
0.10933792099397803
0.03650174807877274
0.17217687166450157
-0.0512896668617867
0.1263722359467113
0.009050556157282556
0.06749405032918128
-0.005509475253348892
0.0694446096902154
0.07298735021769742
0.03140608779368606
0.09277664384879211
0.27523525947960875
0.03160114246096405
0.047502668547494735
0.0469938927097983
0.18682464284786945
0.13662835091009778
0.2817842930566167
0.049364319608661694
0.07902039540525979
0.0909751195366335
-0.048141170317018006
0.10738029048670067
-0.10225424159849572
0.06848830207396457
0.1576751830327195
0.03371355795324044
0.0694446096902154
0.07902039540525979
0.2478896082284253
0.009707569432396052
0.1140721868480196
-0.03677094446040219
0.051910772110004055
0.054804609802226366
0.0928066481772157
0.0928066481772157
0.0469938927097983
0.019129105307323407
-0.006188458879513246
-0.037362564433318236
-0.01626881011745079
0.11454398228402142
0.03857678505141202
0.02408823140153253
-0.0025034608579047346
0.04768433496389256
0.2048439082806822
0.11696433157303517
0.09721988664918092
0.049364319608661694
0.017867904190730744
0.18682464284786945
0.16299354884572934
-0.007785917260873917
0.00871848213999352
0.03650174807877274
0.047502668547494735
0.06749405032918128
0.19158307048828727
0.07256681869836494
-0.09295011447910893
0.10738029048670067
0.06848830207396457
0.13581293392149715
0.04768433496389256
0.07076752884802764
-0.048141170317018006
0.07510170521641754
0.09538730353669486
-0.05343563148610389
0.06848830207396457
0.13736272762820367
0.0469938927097983
0.03371355795324044
0.09538730353669486
-0.05343563148610389
0.05092091171855246
0.025126255607610136
0.009050556157282556
-0.07127818859340135
0.030134060757519815
0.18750873152729178
-0.006188458879513246
0.012014455048658761
0.08741154113156208
0.05361131025695424
-0.014859317413065565
0.06749405032918128
0.27523525947960875
0.17217687166450157
0.13199401113031933
-0.03597734954150415
0.049364319608661694
0.06848830207396457
0.11696433157303517
0.06749405032918128
-0.010591859112508187
0.18682464284786945
0.06749405032918128
-0.01562677408909286
-0.010591859112508187
0.005344035952383885
0.17169768504794805
-0.01535241105752163
0.09721988664918092
0.05092091171855246
-0.05343563148610389
-0.027240119460623467
-0.01626881011745079
0.07626940925192187
0.07298735021769742
-0.03597734954150415
0.07076752884802764
0.03371355795324044
0.5274157022921967
-0.025131699575582506
-0.005509475253348892
0.09344958500922106
0.00871848213999352
0.10933792099397803
0.11624354327579141
-0.035408620869056835
-0.03597734954150415
0.1433153396082159
0.05092091171855246
0.13662835091009778
0.13736272762820367
-0.008320024249154578
0.054804609802226366
0.11624354327579141
0.13581293392149715
0.07626940925192187
0.019129105307323407
-0.005509475253348892
0.06749405032918128
0.06749405032918128
-0.01626881011745079
0.051910772110004055
-0.03677094446040219
0.09344958500922106
0.1576751830327195
0.23684826056368266
0.06436516064204628
0.12221087850263178
0.13736272762820367
0.27523525947960875
-0.025131699575582506
0.05361131025695424
0.009707569432396052
0.23684826056368266
0.036319174708912716
-0.005509475253348892
0.11696433157303517
0.03857678505141202
-0.004991677658221801
0.06749405032918128
-0.01562677408909286
0.09344958500922106
0.06749405032918128
0.07298735021769742
0.1576751830327195
0.07904890811870105
-0.01626881011745079
0.0503515004948241
0.0503515004948241
0.0928066481772157
0.014529834793577594
0.009707569432396052
0.08741154113156208
0.13662835091009778
0.060407306498385285
0.14836900355708607
-0.03112045638135103
0.08741154113156208
-0.025131699575582506
-0.027240119460623467
0.07510170521641754
-0.027871332323448936
-0.0512896668617867
0.12079718195906111
0.13199401113031933
-0.0512896668617867
0.060407306498385285
0.1576751830327195
0.10963351848336823
0.10738029048670067
0.0909751195366335
0.13581293392149715
-0.025131699575582506
0.23684826056368266
0.03160114246096405
-0.011309547136009393
0.002548762054593356
0.036319174708912716
0.2817842930566167
-0.005509475253348892
0.08912862360667519
0.03160114246096405
0.047602296761506256
0.13692585070923374
0.047602296761506256
-0.025131699575582506
0.04768433496389256
-0.014859317413065565
0.005344035952383885
-0.007785917260873917
0.030134060757519815
0.23684826056368266
0.03699143053191621
0.04768433496389256
0.002548762054593356
0.017867904190730744
-0.06431288436448943
0.08912862360667519
0.060407306498385285
-0.03112045638135103
0.1140721868480196
0.03140608779368606
0.13736272762820367
0.11630781183600518
0.047602296761506256
0.11454398228402142
0.017867904190730744
0.09344958500922106
-0.09295011447910893
0.11630781183600518
0.13662835091009778
-0.06431288436448943
0.07626940925192187
0.049364319608661694
-0.006188458879513246
0.019129105307323407
0.11624354327579141
-0.03677094446040219
0.051910772110004055
0.12221087850263178
0.13199401113031933
-0.006188458879513246
-0.06431288436448943
0.07510170521641754
0.05361131025695424
0.12221087850263178
0.019129105307323407
0.030134060757519815
0.07298735021769742
0.06848830207396457
0.14349816546120248
0.27523525947960875
0.19158307048828727
0.00871848213999352
0.2048439082806822
0.19158307048828727
-0.011309547136009393
-0.027240119460623467
-0.005509475253348892
-0.04596659331378892
0.005344035952383885
-0.048141170317018006
0.11667334558909986
0.019129105307323407
0.11630781183600518
-0.037362564433318236
0.11696433157303517
0.0469938927097983
0.10933792099397803
0.14349816546120248
0.05686634110937247
0.0928066481772157
0.07211176724009133
0.047502668547494735
0.008768639094700806
0.08654256798909593
0.09344958500922106
0.13662835091009778
0.19158307048828727
0.030134060757519815
-0.027871332323448936
-0.0024617926212471444
-0.0512896668617867
0.13736272762820367
-0.10503667020734699
-0.0025034608579047346
0.03699143053191621
-0.07127818859340135
0.10963351848336823
0.12462569155012342
-0.10225424159849572
0.11454398228402142
0.11624354327579141
-0.0024617926212471444
0.0694446096902154
0.009050556157282556
-0.10503667020734699
-0.01880344884440374
0.019129105307323407
0.051910772110004055
0.27523525947960875
0.03470926001638118
0.019129105307323407
0.05361131025695424
0.0503515004948241
0.00871848213999352
0.11667334558909986
0.13199401113031933
0.1140721868480196
0.019129105307323407
0.036319174708912716
0.18750873152729178
0.009050556157282556
-0.01626881011745079
0.06848830207396457
-0.03677094446040219
0.2817842930566167
0.07904890811870105
0.07076752884802764
0.2720323353876715
0.05787731773006087
-0.014859317413065565
0.07256681869836494
-0.008320024249154578
0.07904890811870105
0.07510170521641754
0.009707569432396052
0.14349816546120248
0.23684826056368266
0.03857678505141202
0.08741154113156208
0.1263722359467113
0.27523525947960875
-0.050144623463726216
-0.025131699575582506
0.07032545295462841
0.017301656283466534
0.012014455048658761
0.019129105307323407
-0.10503667020734699
0.016624351935854764
0.07902039540525979
0.02408823140153253
0.11454398228402142
0.047502668547494735
0.08912862360667519
0.05361131025695424
0.27523525947960875
-0.05343563148610389
0.017301656283466534
0.2048439082806822
0.009707569432396052
0.0928066481772157
0.11696433157303517
-0.011309547136009393
0.030134060757519815
-0.10503667020734699
0.0694446096902154
0.10933792099397803
0.05092091171855246
-0.014859317413065565
0.11667334558909986
0.051910772110004055
0.18750873152729178
-0.053473968549313376
0.05787731773006087
-0.037147901003610165
-0.13836437360584655
-0.037362564433318236
0.11696433157303517
-0.037147901003610165
-0.01626881011745079
0.00819145866730262
-0.006188458879513246
0.025126255607610136
0.02408823140153253
0.08741154113156208
0.19158307048828727
0.1433153396082159
0.17217687166450157
0.17169768504794805
0.27523525947960875
-0.014859317413065565
-0.006188458879513246
0.03371355795324044
0.5274157022921967
-0.035408620869056835
0.23684826056368266
0.03857678505141202
0.13662835091009778
0.009050556157282556
0.00871848213999352
-0.09295011447910893
0.11454398228402142
-0.0482396428604873
0.11454398228402142
0.03160114246096405
0.07904890811870105
0.1576751830327195
0.06848830207396457
-0.014859317413065565
-0.053473968549313376
0.10738029048670067
0.16299354884572934
0.07902039540525979
0.17217687166450157
0.17169768504794805
0.06848830207396457
-0.0512896668617867
0.18682464284786945
0.5274157022921967
-0.048141170317018006
0.060407306498385285
-0.037147901003610165
0.10738029048670067
0.0909751195366335
0.03371355795324044
0.06436516064204628
0.18750873152729178
0.07076752884802764
-0.053473968549313376
0.23684826056368266
0.00871848213999352
0.005344035952383885
0.03857678505141202
0.009050556157282556
0.13199401113031933
0.11696433157303517
0.11696433157303517
0.0503515004948241
0.009707569432396052
0.012014455048658761
-0.011309547136009393
0.19158307048828727
0.03160114246096405
0.019129105307323407
-0.09295011447910893
-0.0512896668617867
0.011596477223768538
0.03371355795324044
-0.027240119460623467
0.08654256798909593
0.009707569432396052
-0.06431288436448943
0.17169768504794805
-0.004210722961005107
0.03650174807877274
0.11624354327579141
0.09538730353669486
-0.004991677658221801
0.08654256798909593
0.0469938927097983
-0.06431288436448943
0.051910772110004055
0.047502668547494735
0.08654256798909593
0.27523525947960875
0.019129105307323407
0.23684826056368266
0.03371355795324044
0.025126255607610136
-0.04596659331378892
0.07510170521641754
0.16299354884572934
0.0469938927097983
0.016624351935854764
0.09763229116143807
0.11667334558909986
-0.13836437360584655
0.19158307048828727
0.03186102425096764
0.14349816546120248
0.04768433496389256
0.019129105307323407
-0.027240119460623467
0.2478896082284253
-0.03677094446040219
0.03371355795324044
-0.03597734954150415
0.05092091171855246
-0.06431288436448943
0.11667334558909986
0.27523525947960875
0.014529834793577594
0.12221087850263178
-0.006188458879513246
0.12221087850263178
-0.053473968549313376
-0.01880344884440374
0.08654256798909593
0.04768433496389256
0.11667334558909986
-0.010591859112508187
0.00819145866730262
-0.053473968549313376
0.014529834793577594
0.016624351935854764
0.07076752884802764
-0.06431288436448943
0.06436516064204628
0.054804609802226366
0.049364319608661694
0.016624351935854764
0.10933792099397803
0.1433153396082159
0.07256681869836494
0.030134060757519815
0.047502668547494735
0.09721988664918092
0.07256681869836494
0.11696433157303517
0.08741154113156208
-0.005509475253348892
0.5274157022921967
0.10738029048670067
0.13692585070923374
-0.0024617926212471444
0.11624354327579141
0.11630781183600518
0.05361131025695424
-0.027240119460623467
0.03699143053191621
0.14836900355708607
0.12462569155012342
0.11696433157303517
0.17217687166450157
0.03160114246096405
-0.006188458879513246
0.17169768504794805
0.03857678505141202
0.05092091171855246
-0.01626881011745079
0.17169768504794805
0.11630781183600518
0.2478896082284253
0.0928066481772157
-0.005509475253348892
0.11624354327579141
0.2478896082284253
-0.025131699575582506
