0.07430549577815339
-0.022310855088355952
-0.022310855088355952
0.02095639850761545
0.01919778647930064
-0.020747234706284614
0.02095639850761545
0.04659099352121168
0.04659099352121168
0.01883455706004513
0.018377287128715187
0.025451186204319815
0.022779242776247963
0.04659099352121168
-0.0036266115011843033
0.01883455706004513
0.025087207584668533
0.025451186204319815
0.06670401570670344
0.05011070752755332
0.02095639850761545
0.06670401570670344
-0.0036266115011843033
0.002786777552567156
0.06670401570670344
0.01883455706004513
0.025451186204319815
0.06670401570670344
0.002786777552567156
0.018377287128715187
0.1894849254632337
0.07142953071113241
-0.006029551908157879
0.004166410337207994
0.07121437267543451
0.025501122306121532
0.025087207584668533
0.012878503600795956
0.004166410337207994
0.05011070752755332
0.03664874164246588
0.002786777552567156
0.025087207584668533
0.012878503600795956
0.04659099352121168
0.03664874164246588
0.06632627325629924
0.025451186204319815
0.004166410337207994
0.07121437267543451
0.03664874164246588
0.002786777552567156
0.01883455706004513
-0.006029551908157879
0.002786777552567156
0.07142953071113241
0.05011070752755332
0.018377287128715187
0.07121437267543451
-0.0036266115011843033
-0.006029551908157879
0.018377287128715187
0.025501122306121532
0.025087207584668533
0.04659099352121168
0.012878503600795956
0.06632627325629924
0.07430549577815339
0.002786777552567156
0.012878503600795956
-0.020747234706284614
-0.020747234706284614
0.02095639850761545
0.01883455706004513
-0.006029551908157879
0.04659099352121168
0.06632627325629924
0.07142953071113241
0.07121437267543451
0.05011070752755332
0.025451186204319815
0.025087207584668533
0.025501122306121532
0.06670401570670344
-0.0036266115011843033
0.02095639850761545
0.01919778647930064
0.025087207584668533
0.02095639850761545
0.01883455706004513
0.03664874164246588
-0.0036266115011843033
0.06632627325629924
0.03664874164246588
0.019919837373261265
0.022779242776247963
0.07142953071113241
0.02095639850761545
0.1894849254632337
0.1894849254632337
0.025501122306121532
0.025451186204319815
0.07142953071113241
0.06670401570670344
-0.022310855088355952
0.06632627325629924
0.022779242776247963
0.022779242776247963
0.04659099352121168
0.012878503600795956
0.06632627325629924
0.004166410337207994
0.04659099352121168
0.1894849254632337
0.004166410337207994
0.018377287128715187
0.004166410337207994
-0.020747234706284614
0.012878503600795956
0.025501122306121532
0.022779242776247963
0.025451186204319815
0.04659099352121168
0.07121437267543451
0.01919778647930064
0.1894849254632337
0.004166410337207994
-0.0036266115011843033
0.06632627325629924
0.03664874164246588
0.004166410337207994
-0.006029551908157879
-0.006029551908157879
-0.022310855088355952
0.025451186204319815
0.03664874164246588
0.018377287128715187
0.07121437267543451
0.019919837373261265
0.07430549577815339
0.03664874164246588
0.019919837373261265
0.025087207584668533
0.02095639850761545
0.03664874164246588
0.025087207584668533
0.018377287128715187
0.018377287128715187
0.04659099352121168
0.06670401570670344
0.025451186204319815
0.06670401570670344
0.018377287128715187
0.002786777552567156
0.025087207584668533
0.004166410337207994
-0.006029551908157879
0.025451186204319815
0.07121437267543451
0.02095639850761545
0.1894849254632337
0.025501122306121532
0.07142953071113241
0.019919837373261265
0.07121437267543451
-0.006029551908157879
-0.006029551908157879
0.1894849254632337
0.1894849254632337
-0.020747234706284614
0.07142953071113241
0.06632627325629924
0.012878503600795956
0.01883455706004513
0.07121437267543451
0.022779242776247963
0.06670401570670344
-0.020747234706284614
0.025501122306121532
0.025087207584668533
-0.022310855088355952
-0.0036266115011843033
0.025451186204319815
0.07142953071113241
0.01919778647930064
0.019919837373261265
0.01883455706004513
0.025501122306121532
-0.022310855088355952
-0.006029551908157879
0.019919837373261265
0.025451186204319815
0.002786777552567156
0.04659099352121168
0.004166410337207994
-0.006029551908157879
0.025501122306121532
0.07430549577815339
0.022779242776247963
0.025501122306121532
0.01919778647930064
0.012878503600795956
0.019919837373261265
-0.006029551908157879
0.002786777552567156
0.004166410337207994
0.06632627325629924
0.025087207584668533
0.06670401570670344
0.02095639850761545
0.07430549577815339
0.019919837373261265
0.04659099352121168
0.012878503600795956
0.018377287128715187
0.07121437267543451
0.04659099352121168
0.025501122306121532
0.02095639850761545
-0.022310855088355952
0.025501122306121532
0.022779242776247963
0.07121437267543451
0.04659099352121168
0.025087207584668533
0.002786777552567156
0.07430549577815339
0.01883455706004513
0.06670401570670344
0.025087207584668533
0.04659099352121168
0.02095639850761545
0.07430549577815339
0.012878503600795956
0.01883455706004513
0.05011070752755332
0.002786777552567156
0.012878503600795956
0.025087207584668533
0.022779242776247963
0.07142953071113241
0.025087207584668533
0.01919778647930064
0.03664874164246588
0.002786777552567156
0.025087207584668533
0.05011070752755332
0.002786777552567156
0.025087207584668533
0.022779242776247963
0.019919837373261265
-0.022310855088355952
-0.0036266115011843033
0.06632627325629924
0.06670401570670344
-0.006029551908157879
0.025451186204319815
0.025501122306121532
0.01919778647930064
0.07121437267543451
0.06632627325629924
-0.020747234706284614
0.03664874164246588
-0.006029551908157879
0.06670401570670344
-0.006029551908157879
0.025451186204319815
-0.0036266115011843033
0.06632627325629924
0.06632627325629924
0.03664874164246588
0.01919778647930064
0.025501122306121532
0.06670401570670344
0.03664874164246588
0.018377287128715187
0.018377287128715187
-0.022310855088355952
-0.020747234706284614
0.01919778647930064
0.025087207584668533
0.022779242776247963
0.05011070752755332
0.1894849254632337
-0.020747234706284614
0.012878503600795956
0.002786777552567156
0.07142953071113241
0.01883455706004513
0.06632627325629924
0.04659099352121168
0.022779242776247963
0.06632627325629924
0.02095639850761545
-0.020747234706284614
0.06670401570670344
0.022779242776247963
0.02095639850761545
0.01883455706004513
-0.0036266115011843033
0.04659099352121168
0.019919837373261265
0.06670401570670344
0.01919778647930064
-0.0036266115011843033
0.05011070752755332
0.07430549577815339
0.018377287128715187
-0.006029551908157879
-0.0036266115011843033
0.05011070752755332
-0.0036266115011843033
0.019919837373261265
-0.022310855088355952
0.002786777552567156
0.06670401570670344
0.1894849254632337
0.01919778647930064
0.012878503600795956
0.025087207584668533
0.07142953071113241
0.1894849254632337
0.004166410337207994
0.004166410337207994
0.019919837373261265
0.002786777552567156
0.07430549577815339
0.004166410337207994
0.01919778647930064
-0.020747234706284614
0.025501122306121532
0.05011070752755332
0.07430549577815339
0.01883455706004513
0.025087207584668533
0.004166410337207994
0.022779242776247963
0.07121437267543451
0.022779242776247963
0.025087207584668533
0.022779242776247963
0.01919778647930064
0.022779242776247963
0.07430549577815339
0.07430549577815339
0.06632627325629924
0.06670401570670344
-0.006029551908157879
0.018377287128715187
0.06632627325629924
0.02095639850761545
0.025451186204319815
0.025501122306121532
0.06632627325629924
0.025087207584668533
0.012878503600795956
0.02095639850761545
0.06632627325629924
0.07430549577815339
0.018377287128715187
0.1894849254632337
0.05011070752755332
0.03664874164246588
0.07430549577815339
0.019919837373261265
0.07430549577815339
0.022779242776247963
-0.022310855088355952
0.07142953071113241
0.018377287128715187
0.05011070752755332
0.012878503600795956
0.04659099352121168
0.06632627325629924
0.07430549577815339
-0.020747234706284614
0.07142953071113241
0.025501122306121532
0.07142953071113241
-0.0036266115011843033
0.025501122306121532
0.05011070752755332
-0.0036266115011843033
0.07430549577815339
-0.006029551908157879
0.025451186204319815
0.07430549577815339
0.004166410337207994
0.025501122306121532
0.07430549577815339
0.012878503600795956
-0.006029551908157879
0.025451186204319815
0.03664874164246588
0.004166410337207994
0.019919837373261265
-0.0036266115011843033
0.019919837373261265
0.05011070752755332
0.025451186204319815
0.04659099352121168
0.02095639850761545
0.01883455706004513
0.05011070752755332
0.1894849254632337
0.07121437267543451
0.019919837373261265
0.025451186204319815
-0.022310855088355952
0.018377287128715187
0.05011070752755332
0.018377287128715187
0.002786777552567156
0.01919778647930064
0.025087207584668533
0.03664874164246588
0.05011070752755332
-0.0036266115011843033
0.01883455706004513
0.07121437267543451
0.06670401570670344
0.05011070752755332
0.002786777552567156
-0.022310855088355952
0.018377287128715187
0.06670401570670344
-0.0036266115011843033
-0.006029551908157879
0.04659099352121168
0.025501122306121532
0.1894849254632337
-0.022310855088355952
0.07430549577815339
0.07121437267543451
0.06632627325629924
0.1894849254632337
0.06632627325629924
-0.0036266115011843033
0.025087207584668533
0.025451186204319815
0.04659099352121168
0.025451186204319815
0.05011070752755332
0.025501122306121532
0.07142953071113241
0.07121437267543451
0.07142953071113241
0.019919837373261265
0.03664874164246588
0.07121437267543451
0.1894849254632337
0.07142953071113241
-0.0036266115011843033
0.03664874164246588
0.07121437267543451
0.1894849254632337
0.01919778647930064
0.022779242776247963
0.06670401570670344
0.01919778647930064
0.07121437267543451
-0.022310855088355952
0.06670401570670344
0.02095639850761545
-0.006029551908157879
-0.006029551908157879
0.06670401570670344
0.07142953071113241
-0.022310855088355952
0.012878503600795956
0.019919837373261265
0.07430549577815339
0.04659099352121168
0.002786777552567156
0.019919837373261265
0.025501122306121532
-0.0036266115011843033
0.004166410337207994
-0.0036266115011843033
0.07121437267543451
0.012878503600795956
-0.0036266115011843033
0.004166410337207994
0.04659099352121168
0.07142953071113241
0.004166410337207994
-0.0036266115011843033
0.025501122306121532
-0.022310855088355952
0.025087207584668533
0.06632627325629924
0.018377287128715187
0.002786777552567156
0.07142953071113241
0.025501122306121532
0.022779242776247963
0.025501122306121532
0.022779242776247963
0.025087207584668533
0.01919778647930064
-0.0036266115011843033
-0.0036266115011843033
0.022779242776247963
0.07121437267543451
0.01883455706004513
0.018377287128715187
0.002786777552567156
-0.006029551908157879
0.06632627325629924
0.06670401570670344
0.01919778647930064
0.019919837373261265
-0.022310855088355952
-0.020747234706284614
0.018377287128715187
0.019919837373261265
0.03664874164246588
-0.022310855088355952
0.07430549577815339
0.022779242776247963
0.019919837373261265
0.07142953071113241
0.022779242776247963
0.022779242776247963
0.022779242776247963
0.022779242776247963
0.01883455706004513
-0.0036266115011843033
0.02095639850761545
-0.0036266115011843033
-0.0036266115011843033
0.025087207584668533
0.01919778647930064
-0.022310855088355952
0.06670401570670344
0.025087207584668533
0.012878503600795956
0.07430549577815339
0.07121437267543451
0.02095639850761545
0.01883455706004513
0.019919837373261265
0.01883455706004513
-0.020747234706284614
-0.022310855088355952
-0.020747234706284614
-0.022310855088355952
0.02095639850761545
0.004166410337207994
-0.0036266115011843033
0.06632627325629924
-0.022310855088355952
0.06670401570670344
0.02095639850761545
0.022779242776247963
-0.006029551908157879
0.1894849254632337
0.012878503600795956
0.07430549577815339
-0.020747234706284614
0.07430549577815339
0.07430549577815339
0.025451186204319815
0.002786777552567156
0.1894849254632337
0.1894849254632337
0.002786777552567156
0.07142953071113241
-0.022310855088355952
0.002786777552567156
0.04659099352121168
0.018377287128715187
0.025087207584668533
0.07430549577815339
-0.006029551908157879
0.025087207584668533
-0.006029551908157879
0.07430549577815339
-0.022310855088355952
0.025451186204319815
0.025087207584668533
-0.022310855088355952
0.022779242776247963
0.04659099352121168
0.07121437267543451
0.1894849254632337
0.002786777552567156
0.03664874164246588
-0.020747234706284614
0.07142953071113241
0.025501122306121532
0.025501122306121532
0.1894849254632337
0.1894849254632337
0.06670401570670344
0.07121437267543451
0.07121437267543451
0.07430549577815339
0.004166410337207994
0.004166410337207994
0.1894849254632337
0.025451186204319815
0.02095639850761545
0.06670401570670344
-0.022310855088355952
-0.020747234706284614
0.022779242776247963
0.05011070752755332
0.019919837373261265
-0.006029551908157879
0.1894849254632337
-0.006029551908157879
0.04659099352121168
0.03664874164246588
0.05011070752755332
0.04659099352121168
0.018377287128715187
0.01919778647930064
0.018377287128715187
0.1894849254632337
-0.020747234706284614
-0.020747234706284614
-0.0036266115011843033
0.01883455706004513
0.03664874164246588
0.05011070752755332
0.04659099352121168
0.01919778647930064
0.018377287128715187
0.025451186204319815
0.025501122306121532
0.04659099352121168
0.06632627325629924
0.1894849254632337
0.07430549577815339
-0.006029551908157879
0.02095639850761545
0.06632627325629924
0.07430549577815339
0.025087207584668533
0.01883455706004513
0.012878503600795956
0.002786777552567156
0.025451186204319815
0.07430549577815339
-0.006029551908157879
0.019919837373261265
0.07430549577815339
0.1894849254632337
0.022779242776247963
0.004166410337207994
0.012878503600795956
0.018377287128715187
0.025087207584668533
-0.006029551908157879
0.07121437267543451
0.07142953071113241
0.07142953071113241
0.025501122306121532
0.018377287128715187
0.07430549577815339
0.06670401570670344
0.012878503600795956
0.025451186204319815
0.025087207584668533
0.012878503600795956
0.07142953071113241
0.019919837373261265
0.05011070752755332
0.07430549577815339
0.004166410337207994
0.1894849254632337
0.025501122306121532
0.04659099352121168
0.019919837373261265
0.03664874164246588
0.012878503600795956
0.002786777552567156
0.03664874164246588
0.07430549577815339
-0.020747234706284614
0.022779242776247963
0.004166410337207994
0.03664874164246588
-0.020747234706284614
0.07430549577815339
0.06670401570670344
0.025451186204319815
0.1894849254632337
0.1894849254632337
0.01883455706004513
0.05011070752755332
0.07430549577815339
0.018377287128715187
0.025087207584668533
-0.020747234706284614
0.018377287128715187
0.06632627325629924
0.01883455706004513
0.01883455706004513
0.019919837373261265
0.04659099352121168
0.03664874164246588
0.1894849254632337
0.04659099352121168
-0.020747234706284614
0.018377287128715187
0.002786777552567156
-0.006029551908157879
-0.0036266115011843033
0.03664874164246588
0.02095639850761545
0.01919778647930064
0.012878503600795956
0.07142953071113241
0.07430549577815339
0.022779242776247963
0.022779242776247963
-0.006029551908157879
0.019919837373261265
0.02095639850761545
-0.006029551908157879
0.07430549577815339
0.07430549577815339
0.022779242776247963
0.025501122306121532
0.004166410337207994
0.025451186204319815
-0.020747234706284614
0.07121437267543451
-0.0036266115011843033
0.06670401570670344
0.03664874164246588
-0.006029551908157879
0.025451186204319815
0.004166410337207994
0.01919778647930064
0.025087207584668533
0.025501122306121532
0.06632627325629924
0.01883455706004513
0.06632627325629924
-0.006029551908157879
0.025451186204319815
0.022779242776247963
-0.020747234706284614
0.01919778647930064
0.02095639850761545
0.07121437267543451
0.07142953071113241
0.025451186204319815
0.07430549577815339
0.07121437267543451
0.02095639850761545
0.03664874164246588
-0.006029551908157879
-0.006029551908157879
-0.020747234706284614
0.01919778647930064
0.01883455706004513
0.01919778647930064
0.019919837373261265
0.05011070752755332
0.025087207584668533
0.1894849254632337
0.01883455706004513
0.019919837373261265
0.019919837373261265
0.06632627325629924
0.022779242776247963
0.004166410337207994
0.06632627325629924
0.022779242776247963
0.025087207584668533
0.1894849254632337
0.03664874164246588
0.025501122306121532
0.05011070752755332
0.01919778647930064
0.07430549577815339
0.04659099352121168
-0.020747234706284614
0.05011070752755332
0.025501122306121532
0.07121437267543451
0.04659099352121168
0.018377287128715187
0.04659099352121168
0.025087207584668533
0.022779242776247963
0.025087207584668533
0.03664874164246588
0.025451186204319815
0.01883455706004513
0.025501122306121532
0.06632627325629924
0.03664874164246588
0.004166410337207994
0.004166410337207994
-0.006029551908157879
0.02095639850761545
0.025087207584668533
0.018377287128715187
0.022779242776247963
0.01883455706004513
0.05011070752755332
-0.0036266115011843033
-0.022310855088355952
0.025501122306121532
0.07430549577815339
0.04659099352121168
0.05011070752755332
0.01883455706004513
0.06670401570670344
0.01883455706004513
0.1894849254632337
0.04659099352121168
0.019919837373261265
-0.0036266115011843033
0.02095639850761545
0.002786777552567156
0.02095639850761545
0.004166410337207994
0.06670401570670344
0.012878503600795956
-0.0036266115011843033
0.01883455706004513
0.02095639850761545
0.025087207584668533
0.025451186204319815
0.03664874164246588
-0.020747234706284614
0.025501122306121532
0.07142953071113241
0.004166410337207994
0.02095639850761545
0.02095639850761545
0.05011070752755332
-0.020747234706284614
0.019919837373261265
-0.022310855088355952
0.01883455706004513
0.04659099352121168
0.01883455706004513
0.06632627325629924
0.01919778647930064
0.019919837373261265
0.1894849254632337
0.019919837373261265
0.1894849254632337
0.019919837373261265
0.019919837373261265
-0.022310855088355952
0.022779242776247963
0.012878503600795956
0.012878503600795956
0.06632627325629924
0.07142953071113241
0.025087207584668533
-0.0036266115011843033
0.002786777552567156
0.03664874164246588
-0.006029551908157879
0.018377287128715187
0.002786777552567156
0.07430549577815339
-0.020747234706284614
0.025087207584668533
-0.020747234706284614
0.025087207584668533
-0.022310855088355952
0.06632627325629924
0.07142953071113241
0.07121437267543451
0.06670401570670344
0.1894849254632337
0.022779242776247963
0.02095639850761545
0.025501122306121532
0.1894849254632337
0.002786777552567156
0.019919837373261265
-0.0036266115011843033
0.002786777552567156
0.01883455706004513
-0.0036266115011843033
-0.0036266115011843033
0.018377287128715187
-0.020747234706284614
-0.020747234706284614
0.04659099352121168
0.004166410337207994
0.004166410337207994
-0.022310855088355952
0.06632627325629924
-0.0036266115011843033
0.05011070752755332
0.05011070752755332
0.07121437267543451
0.04659099352121168
0.03664874164246588
-0.022310855088355952
0.01883455706004513
0.02095639850761545
-0.022310855088355952
-0.020747234706284614
0.03664874164246588
0.01883455706004513
0.06632627325629924
0.05011070752755332
-0.0036266115011843033
-0.006029551908157879
0.019919837373261265
0.025451186204319815
0.025451186204319815
0.03664874164246588
0.1894849254632337
0.06670401570670344
0.1894849254632337
0.01919778647930064
-0.020747234706284614
0.025451186204319815
0.07121437267543451
0.022779242776247963
0.002786777552567156
0.022779242776247963
-0.022310855088355952
0.018377287128715187
-0.020747234706284614
0.07142953071113241
0.01919778647930064
0.012878503600795956
0.022779242776247963
0.018377287128715187
0.02095639850761545
0.01919778647930064
0.02095639850761545
0.002786777552567156
0.07142953071113241
-0.022310855088355952
0.025501122306121532
0.06670401570670344
0.04659099352121168
0.1894849254632337
0.07142953071113241
-0.006029551908157879
0.025451186204319815
0.025501122306121532
0.07430549577815339
0.03664874164246588
0.022779242776247963
0.01883455706004513
0.01919778647930064
0.04659099352121168
0.025087207584668533
0.07121437267543451
0.06670401570670344
0.03664874164246588
0.002786777552567156
0.1894849254632337
0.025451186204319815
0.012878503600795956
0.025087207584668533
0.02095639850761545
-0.020747234706284614
0.1894849254632337
0.025451186204319815
0.07142953071113241
0.025451186204319815
0.025501122306121532
0.04659099352121168
0.06670401570670344
0.025501122306121532
0.04659099352121168
0.1894849254632337
0.01919778647930064
-0.006029551908157879
-0.006029551908157879
0.022779242776247963
0.002786777552567156
0.025451186204319815
0.03664874164246588
0.018377287128715187
0.02095639850761545
0.07430549577815339
0.03664874164246588
0.025087207584668533
0.05011070752755332
0.018377287128715187
0.012878503600795956
0.004166410337207994
0.01919778647930064
0.025451186204319815
-0.020747234706284614
0.1894849254632337
0.012878503600795956
0.03664874164246588
-0.022310855088355952
0.04659099352121168
-0.022310855088355952
