-0.0013361740273785943
-0.01497120439364146
-0.00888755951762316
-0.00888755951762316
-0.02841181356528166
0.010842105328679822
-0.01157868562437016
-0.005505661661522787
-0.015077165742927601
-0.019031264184614687
-0.01579475040554729
-0.004678339551200515
0.004315262154878699
-0.014650233023952672
-0.015346340769642374
-0.016117265063052957
0.004153636985281546
-0.01976924990295215
-0.01588304076716182
0.0007084055239081002
-0.020030894278047575
-0.016117265063052957
-0.01737998880653368
-0.02841181356528166
-0.006744750878719928
-0.031081211174379703
-0.0094916271877979
-0.01588304076716182
-0.019031264184614687
-0.0032283889954427803
-0.019132760523697303
0.0008417490508775507
-0.015029977992645265
-0.013612517699697768
-0.0010057529620270292
0.0031919504257633563
-0.041851711911640624
-0.019563826348437303
-0.014653606723776256
-0.007684386834609479
-0.019067120532853893
-0.006744750878719928
-0.014650233023952672
-0.03381530690842295
-0.012151953172546486
0.0017728257848201572
-0.026811632677665016
-0.019388181478449625
0.0008417490508775507
-0.019665864087146677
-0.005505661661522787
-0.01497120439364146
-0.026811632677665016
-0.011137170451054992
-0.044631202786654514
-0.02964499606375635
-0.01692089519489246
-0.00604930336520597
-0.020980048989365955
0.004153636985281546
-0.016086283138954417
-0.009208513542718651
-0.0354068487862978
-0.011547258525529264
-0.00604930336520597
-0.015024426744312628
-0.017972355175719167
-0.02288219201059411
-0.011952322071842755
-0.04152582290398563
-0.01046636528230262
-0.02072007723798684
-0.038121065120024854
-0.01157868562437016
-0.004164838051997546
-0.009982391896883222
0.0021405058382544767
-0.0032283889954427803
-0.008712308236473712
-0.01186463033150294
-0.014627527689940188
-0.0012972606543847475
0.00031856093559573756
-0.025127327200143705
-0.00977449294146297
-0.02072007723798684
-0.0037022463947055445
0.0051061636482262005
-0.009144309029449717
-0.026585681018030133
-0.013612517699697768
-0.009943466320640077
-0.009606071583957179
0.006305605075394924
-0.0030686030488220285
-0.01976924990295215
-0.00013331789723959166
-0.011896654279677527
-0.03298321066301503
-0.02516033963403776
0.0002591730974318187
-0.011081713250267697
-0.009208513542718651
-0.0013582984600794509
0.0007084055239081002
-0.004329208845799657
0.006911205368400277
-0.020897541865987378
-0.013618780534534414
-0.0012972606543847475
-0.022009389583515476
-0.014284368965305726
-0.044631202786654514
-0.008310964088261662
-0.012271606694462808
-0.036591182688935485
-0.01046636528230262
-0.011432124315070276
-0.019217180591612967
-0.013396765962469262
-0.0010249923889542989
-0.009080917458230687
-0.009207969278340448
-0.0013582984600794509
-0.0189108625671315
-0.014399903711114766
-0.005493705083060996
-0.013396765962469262
-0.004049860169639381
-0.019067120532853893
-0.02516033963403776
-0.02226823017662614
-0.01588304076716182
-0.01695772658264748
-0.004678339551200515
-0.021905795494804522
-0.012057279363899808
-0.031081211174379703
-0.0146635500601033
-0.002934471266304064
-0.008586675469474612
-0.006744750878719928
-0.019456318346372452
-0.01695772658264748
-0.03298321066301503
0.002579943703052583
-0.038121065120024854
-0.018135385451147193
-0.022009389583515476
-0.012142575565622666
-0.007704105276490216
-0.04063428794716013
-0.004329208845799657
-0.021905795494804522
-0.019388181478449625
-0.007011819828239438
-0.005493705083060996
-0.009144309029449717
-0.005169624267549774
-0.014284368965305726
-0.01579475040554729
-0.01514175505817744
-0.012411766312130566
-0.009606071583957179
-0.012151953172546486
-0.02841181356528166
-0.012710033499389359
-0.009144309029449717
-0.011137170451054992
-0.02348439286499817
0.0031919504257633563
-0.021206512438789685
-0.019522820975779218
-0.011137170451054992
-0.005667507588077699
-0.006154227836781314
-0.015346340769642374
-0.01955217258720867
-0.021665116675860966
-0.016258888735119836
-0.019522820975779218
-0.012321444086966636
-0.02516033963403776
-0.010999241335128557
-0.0013361740273785943
-0.0017236891168994407
-0.013396765962469262
-0.008305335968678208
-0.01737998880653368
-0.012151953172546486
-0.019287147997687864
-0.0030686030488220285
-0.01264760030668456
-0.008325426088763084
-0.00421030688785962
-0.01497120439364146
-0.031081211174379703
-0.009810564925340236
-0.0013361740273785943
-0.011432124315070276
-0.009606071583957179
-0.019665864087146677
-0.03297103225928082
-0.004678339551200515
-0.021905795494804522
-0.01186570207750966
-0.0032283889954427803
-0.012096579341648924
-0.02516033963403776
-0.01579475040554729
-0.0014020976541843867
-0.01069721075130522
-0.026585681018030133
-0.0189108625671315
0.00031856093559573756
-0.01337282479224443
-0.041851711911640624
-0.030712774100331065
-0.019119245122273486
-0.019031264184614687
-0.012003336511490048
-0.022835070615874958
-0.00977449294146297
-0.0002765771174644887
-0.013396765962469262
-0.00811288211236746
-0.019067120532853893
-0.015024426744312628
-0.0013582984600794509
-0.019031264184614687
-0.00977449294146297
-0.00888755951762316
-0.009943466320640077
-0.011081713250267697
-0.01976924990295215
-0.013966697677617457
-0.01157868562437016
-0.010694491441710662
-0.01737998880653368
-0.012411766312130566
-0.0032283889954427803
-0.021905795494804522
-0.019067120532853893
-0.010514175906239605
-0.04411926661628405
0.003145021248964474
-0.01579475040554729
-0.017518349988630656
-0.02964499606375635
-0.01850049603774397
-0.00888755951762316
-0.013376657268761038
-0.022924447102489268
-0.016117265063052957
-0.011649048378114611
-0.009810564925340236
-0.044631202786654514
-0.029468986280089333
-0.005493705083060996
0.006361520941735089
-0.011432124315070276
-0.03298321066301503
-0.036591182688935485
-0.016151835921121533
-0.030617139599471762
-0.012321444086966636
0.0031919504257633563
-0.016086283138954417
-0.019031264184614687
-0.01737998880653368
-0.002899766541550871
-0.015485286397297408
-0.012893201476098676
-0.013612517699697768
-0.031081211174379703
-0.014051260285399889
-0.011137170451054992
-0.00421030688785962
-0.013618780534534414
-0.015485286397297408
-0.012501834762686433
-0.04152582290398563
-0.015077165742927601
-0.00432778502035737
-0.008325426088763084
-0.015346340769642374
-0.004164838051997546
-0.009207969278340448
-0.000977600973327533
-0.019119245122273486
-0.01713137528850257
-0.0002765771174644887
-0.04152582290398563
-0.009144309029449717
-0.024142115706611834
-0.01514175505817744
-0.012003336511490048
-0.019563826348437303
-0.012501834762686433
-0.017267791357097637
-0.02348439286499817
-0.036591182688935485
-0.008310964088261662
-0.04411926661628405
-0.0037022463947055445
-0.00941738047974326
0.0002591730974318187
-0.013618780534534414
-0.01556532867591204
-0.012710033499389359
0.0017287995784396931
-0.020030894278047575
-0.00888755951762316
-0.004329208845799657
-0.005493705083060996
-0.001076642846944899
-0.031081211174379703
-0.019287147997687864
0.0017287995784396931
0.0008417490508775507
-0.0013582984600794509
-0.04063428794716013
-0.005169624267549774
-0.026585681018030133
-0.04063428794716013
-0.012501834762686433
-0.015077165742927601
-0.00421030688785962
-0.016258888735119836
-0.025127327200143705
-0.01186570207750966
-0.012710033499389359
-0.012411766312130566
-0.010514175906239605
-0.004164838051997546
-0.011896654279677527
-0.009191344541681816
-0.01264760030668456
-0.009207969278340448
-0.0020063149966977867
-0.009406262185349883
-0.01046636528230262
-0.01497120439364146
-0.015309318912990566
-0.02254674525136416
-0.019031264184614687
-0.008325426088763084
-0.011433725182395849
-0.02288219201059411
-0.014627527689940188
-0.009943466320640077
-0.001076642846944899
-0.014937444959685004
-0.019456318346372452
-0.0017236891168994407
-0.0189108625671315
-0.002934471266304064
-0.022924447102489268
-0.004678339551200515
-0.011896654279677527
-0.00432778502035737
-0.007839837272173609
-0.021206512438789685
-0.0354068487862978
-0.01956054335134961
-0.0017236891168994407
0.006361520941735089
-0.0199137839305447
-0.019592631773317118
-0.005667507588077699
-0.036591182688935485
-0.030712774100331065
-0.015346340769642374
-0.03297103225928082
-0.0146635500601033
-0.02348439286499817
-0.0014020976541843867
-0.014051260285399889
-0.012710033499389359
-0.018135385451147193
-0.022835070615874958
0.005376869022583073
-0.012710033499389359
-0.014001471570285364
0.0031919504257633563
-0.010248867919190201
-0.0146635500601033
-0.007704105276490216
-0.007011819828239438
-0.011081713250267697
-0.006744750878719928
-0.014650233023952672
0.003145021248964474
-0.010248867919190201
-0.009144309029449717
-0.014004540701894639
0.00031856093559573756
-0.0014020976541843867
-0.011137170451054992
-0.02841181356528166
-0.0013909251498809467
-0.009810564925340236
-0.014937444959685004
-0.009144309029449717
-0.0020063149966977867
-0.015435631584352037
-0.024142115706611834
-0.017518349988630656
-0.009810564925340236
-0.017518349988630656
-0.01069721075130522
-0.020030894278047575
-0.026585681018030133
-0.0032283889954427803
-0.007684386834609479
-0.014627527689940188
-0.01713137528850257
-0.008305335968678208
0.004315262154878699
-0.012003336511490048
-0.013105269825610586
-0.00029509054734002207
-0.02226823017662614
-0.017518349988630656
-0.010514175906239605
-0.014004540701894639
-0.01157868562437016
-0.0030686030488220285
-0.0146635500601033
-0.0010057529620270292
-0.02226823017662614
0.0021086207815021953
-0.012731734212468423
-0.01046636528230262
-0.0010057529620270292
-0.012411766312130566
-0.012879346275083466
-0.009606071583957179
0.0021405058382544767
-0.012321444086966636
-0.022924447102489268
-0.014650233023952672
0.0051061636482262005
-0.004329208845799657
-0.004678339551200515
-0.019522820975779218
-0.015029977992645265
-0.013618780534534414
-0.009943466320640077
-0.0012972606543847475
-0.044631202786654514
-0.020897541865987378
-0.005169624267549774
-0.014653606723776256
-0.0032283889954427803
-0.010414382142408361
-0.0010057529620270292
-0.015024426744312628
-0.016258888735119836
-0.014399903711114766
-0.012397834326313294
-0.012731734212468423
-0.01955217258720867
-0.012003336511490048
-0.03297103225928082
-0.007684386834609479
0.0007084055239081002
-0.004164838051997546
-0.022924447102489268
-0.014284368965305726
-0.01976924990295215
-0.001023115501738221
-0.024142115706611834
-0.011432124315070276
-0.012057279363899808
-0.001076642846944899
-0.005505661661522787
-0.011279057621321425
-0.005278947793388038
-0.02321475464690833
-0.014653606723776256
-0.012142575565622666
-0.00604930336520597
-0.020297909084815144
0.0017287995784396931
-0.012879346275083466
-0.0012972606543847475
-0.019217180591612967
-0.02043411721697138
-0.021206512438789685
-0.01588304076716182
-0.014627527689940188
-0.010248867919190201
0.002579943703052583
-0.015029977992645265
-0.01186570207750966
-0.005169624267549774
-0.010248867919190201
-0.014004540701894639
-0.005667507588077699
-0.01337282479224443
-0.019287147997687864
-0.01956054335134961
-0.01186463033150294
-0.0013361740273785943
-0.036591182688935485
-0.005667507588077699
-0.04063428794716013
-0.015346340769642374
-0.012142575565622666
-0.00977449294146297
-0.0189108625671315
0.0037742574218658023
-0.012749729954802325
-0.020297909084815144
-0.016258888735119836
-0.0012972606543847475
-0.031081211174379703
-0.017518349988630656
-0.03298321066301503
-0.008586675469474612
-0.012411766312130566
-0.01976924990295215
-0.015024426744312628
-0.012057279363899808
-0.002934471266304064
-0.002899766541550871
-0.017518349988630656
-0.02321475464690833
-0.02072007723798684
-0.002934471266304064
-0.0017236891168994407
-0.019665864087146677
-0.010471484286399834
-0.001023115501738221
-0.016086283138954417
-0.02348439286499817
-0.016086283138954417
-0.016258888735119836
-0.012893201476098676
-0.011274854971304598
-0.04152582290398563
-0.004283337689017001
0.006911205368400277
-0.04152582290398563
-0.019119245122273486
-0.016117265063052957
-0.012397834326313294
-0.02226823017662614
-0.015435631584352037
-0.014399903711114766
-0.026585681018030133
-0.017267791357097637
-0.0017236891168994407
-0.012731734212468423
-0.02841181356528166
-0.0013909251498809467
-0.019132760523697303
-0.0010249923889542989
-0.01692089519489246
-0.007839837272173609
-0.02226823017662614
0.006361520941735089
-0.02226823017662614
-0.01264760030668456
0.0002591730974318187
-0.01588304076716182
-0.03297103225928082
-0.026811632677665016
-0.019217180591612967
-0.015077165742927601
-0.009982391896883222
-0.01976924990295215
-0.006154227836781314
-0.016086283138954417
-0.004164838051997546
-0.0010057529620270292
0.0003726341843661078
-0.014653606723776256
-0.01737998880653368
-0.0017236891168994407
-0.011950487751790285
-0.014001471570285364
-0.008325426088763084
0.0021086207815021953
-0.041851711911640624
-0.01695772658264748
-0.01152502197180968
-0.012096579341648924
-0.044631202786654514
-0.01069721075130522
-0.007839837272173609
-0.036591182688935485
-0.002934471266304064
-0.0002765771174644887
-0.00029509054734002207
-0.015435631584352037
-0.022924447102489268
-0.019059957642510998
-0.035931120187522855
0.0037742574218658023
-0.0017236891168994407
-0.022009389583515476
-0.02516033963403776
-0.014937444959685004
-0.008586675469474612
-0.018474923889626464
-0.015077165742927601
-0.01850049603774397
-0.014653606723776256
-0.02516033963403776
-0.002934471266304064
-0.011649048378114611
-0.011137170451054992
-0.010414382142408361
-0.019563826348437303
-0.015435631584352037
-0.0013361740273785943
-0.0061802371416778456
-0.00888755951762316
-0.004678339551200515
-0.0146635500601033
-0.029468986280089333
-0.021665116675860966
-0.02288219201059411
-0.008310964088261662
-0.012151953172546486
-0.019522820975779218
-0.012731734212468423
-0.008325426088763084
-0.011952322071842755
-0.007839837272173609
-0.00941738047974326
-0.0010057529620270292
-0.00811288211236746
0.0007084055239081002
-0.00977449294146297
-0.014399903711114766
-0.009982391896883222
-0.013966697677617457
-0.01692089519489246
-0.011649048378114611
-0.0014020976541843867
-0.009144309029449717
-0.022835070615874958
-0.02288219201059411
-0.008586675469474612
-0.012321444086966636
-0.007839837272173609
-0.017709154228914944
-0.013396765962469262
-0.013105269825610586
-0.0030686030488220285
-0.02964499606375635
-0.013376657268761038
-0.01737998880653368
-0.019563826348437303
-0.0037022463947055445
0.006361520941735089
-0.04152582290398563
-0.012533506335351599
-0.0061802371416778456
-0.00432778502035737
-0.019059957642510998
-0.008712308236473712
-0.022924447102489268
-0.020030894278047575
-0.01186463033150294
-0.0020063149966977867
-0.019067120532853893
-0.012321444086966636
-0.012411766312130566
-0.041851711911640624
-0.008310964088261662
-0.001076642846944899
-0.014284368965305726
-0.02841181356528166
-0.026811632677665016
-0.025127327200143705
-0.0076245565394268975
-0.008305335968678208
-0.020980048989365955
-0.012096579341648924
-0.009208513542718651
-0.012710033499389359
-0.007684386834609479
-0.004164838051997546
-0.019456318346372452
-0.015435631584352037
-0.0017236891168994407
-0.044631202786654514
-0.011649048378114611
-0.007011819828239438
-0.035931120187522855
-0.008712308236473712
-0.0076245565394268975
-0.01157868562437016
-0.0013582984600794509
-0.03381530690842295
-0.004678339551200515
-0.01186570207750966
-0.005667507588077699
-0.011433725182395849
-0.017972355175719167
-0.008325426088763084
-0.0002765771174644887
-0.015485286397297408
0.0003726341843661078
-0.005493705083060996
-0.009208513542718651
-0.009606071583957179
0.0003726341843661078
-0.041851711911640624
-0.015029977992645265
-0.019217180591612967
0.0051061636482262005
-0.012057279363899808
0.0031919504257633563
-0.001076642846944899
0.006911205368400277
3.8586839109896265e-05
-0.022055616460933597
-0.012142575565622666
-0.005505661661522787
-0.015435631584352037
-0.013618780534534414
-0.017709154228914944
-0.017267791357097637
-0.03298321066301503
-0.0032283889954427803
0.0021086207815021953
-0.004049860169639381
-0.014001471570285364
-0.014653606723776256
-0.00604930336520597
-0.03297103225928082
-0.04063428794716013
3.8586839109896265e-05
-0.00888755951762316
-0.025127327200143705
-0.007206172925114747
-0.00811288211236746
-0.044631202786654514
-0.008310964088261662
-0.0010249923889542989
-0.013105269825610586
-0.012710033499389359
-0.017518349988630656
0.0037742574218658023
-0.02964499606375635
-0.012411766312130566
0.010842105328679822
-0.012533506335351599
-0.009144309029449717
-0.011137170451054992
-0.009943466320640077
-0.01579475040554729
-0.0010057529620270292
-0.0354068487862978
-0.011896654279677527
-0.012096579341648924
-0.004164838051997546
-0.014051260285399889
-0.0032283889954427803
-0.01264760030668456
-0.012397834326313294
-0.020980048989365955
-0.001023115501738221
-0.018474923889626464
-0.019665864087146677
-0.012893201476098676
-0.004164838051997546
-0.019132760523697303
0.0007084055239081002
-0.041851711911640624
-0.011081713250267697
-0.0017236891168994407
-0.018474923889626464
-0.019665864087146677
-0.019067120532853893
0.0017287995784396931
-0.014650233023952672
-0.00888755951762316
-0.019522820975779218
-0.04152582290398563
-0.014399903711114766
-0.022835070615874958
-0.014650233023952672
-0.038121065120024854
0.0031919504257633563
-0.010850500629400711
-0.02516033963403776
-0.0146635500601033
-0.009191344541681816
-0.012533506335351599
-0.030617139599471762
-0.008586675469474612
-0.0020063149966977867
-0.014653606723776256
-0.0189108625671315
-0.012271606694462808
-0.013376657268761038
-0.02254674525136416
-0.0013582984600794509
-0.019592631773317118
-0.005278947793388038
-0.00977449294146297
-0.00811288211236746
-0.025127327200143705
-0.00604930336520597
-0.006154227836781314
0.003145021248964474
-0.004164838051997546
-0.020880788164767152
-0.004049860169639381
-0.021905795494804522
-0.012533506335351599
-0.021905795494804522
0.00031856093559573756
0.0037742574218658023
-0.008310964088261662
-0.012533506335351599
-0.012057279363899808
-0.015309318912990566
0.00031856093559573756
-0.01152502197180968
-0.01956054335134961
-0.016086283138954417
-0.03297103225928082
0.0017287995784396931
-0.01046636528230262
-0.019665864087146677
-0.016117265063052957
-0.022055616460933597
-0.02072007723798684
-0.04411926661628405
-0.004329208845799657
-0.022924447102489268
-0.01713137528850257
-0.005278947793388038
-0.015435631584352037
-0.012397834326313294
-0.0017236891168994407
-0.019388181478449625
-0.0354068487862978
-0.002899766541550871
-0.00432778502035737
-0.019067120532853893
-0.010414382142408361
-0.013385865121116712
-0.017518349988630656
-0.0030686030488220285
-0.009606071583957179
-0.016258888735119836
-0.009606071583957179
-0.015435631584352037
0.003145021248964474
-0.01695772658264748
0.010842105328679822
-0.005667507588077699
-0.010694491441710662
-0.005278947793388038
-0.0094916271877979
0.0017287995784396931
-0.014284368965305726
0.0007084055239081002
-0.026585681018030133
-0.011433725182395849
-0.00977449294146297
-0.0002765771174644887
-0.016258888735119836
0.010842105328679822
-0.0014020976541843867
-0.014051260285399889
-0.00604930336520597
-0.009982391896883222
-0.004329208845799657
-0.001076642846944899
-0.011137170451054992
0.0051061636482262005
-0.00432778502035737
-0.012533506335351599
-0.012151953172546486
-0.012533506335351599
-0.022055616460933597
-0.017972355175719167
-0.01186570207750966
-0.013385865121116712
-0.014001471570285364
-0.0199137839305447
-0.019456318346372452
-0.014004540701894639
-0.02841181356528166
-0.005169624267549774
-0.01556532867591204
-0.004283337689017001
3.8586839109896265e-05
-0.010514175906239605
-0.01497120439364146
-0.012879346275083466
0.010842105328679822
-0.00421030688785962
0.0007084055239081002
-0.009606071583957179
-0.0020063149966977867
0.003145021248964474
-0.002899766541550871
-0.0146635500601033
-0.03381530690842295
3.8586839109896265e-05
-0.006154227836781314
-0.005169624267549774
-0.006744750878719928
-0.006154227836781314
-0.00432778502035737
-0.004049860169639381
-0.013618780534534414
-0.02226823017662614
-0.012533506335351599
-0.015309318912990566
-0.013385865121116712
-0.012533506335351599
-0.022924447102489268
-0.01046636528230262
-0.012749729954802325
-0.019456318346372452
-0.02288219201059411
-0.010471484286399834
-0.022055616460933597
-0.02321475464690833
-0.02321475464690833
-0.01337282479224443
-0.011649048378114611
0.0003726341843661078
-0.021206512438789685
-0.010694491441710662
-0.03381530690842295
-0.02516033963403776
-0.011279057621321425
-0.02072007723798684
-0.014284368965305726
-0.009207969278340448
-0.035931120187522855
-0.00029509054734002207
-0.008325426088763084
-0.013562834024428684
-0.01692089519489246
-0.02516033963403776
-0.002899766541550871
-0.016117265063052957
-0.002934471266304064
-0.019031264184614687
-0.001023115501738221
-0.01976924990295215
-0.019563826348437303
0.0008417490508775507
-0.02254674525136416
-0.019217180591612967
-0.005667507588077699
-0.019563826348437303
-0.00029509054734002207
-0.019456318346372452
-0.020297909084815144
-0.012096579341648924
-0.008305335968678208
-0.012879346275083466
-0.014051260285399889
-0.00977449294146297
-0.035931120187522855
-0.002899766541550871
-0.011950487751790285
-0.005169624267549774
-0.012321444086966636
-0.005909731676306536
3.8586839109896265e-05
-0.030712774100331065
-0.006744750878719928
3.8586839109896265e-05
-0.01850049603774397
-0.026811632677665016
-0.014004540701894639
-0.00432778502035737
-0.0014020976541843867
-0.0012972606543847475
-0.012321444086966636
0.003145021248964474
0.0017728257848201572
-0.0013909251498809467
-0.013396765962469262
0.0017728257848201572
-0.002899766541550871
-0.0032283889954427803
-0.016151835921121533
-0.009191344541681816
-0.015435631584352037
-0.01152502197180968
-0.013105269825610586
-0.012879346275083466
-0.022835070615874958
-0.005169624267549774
