-0.09586588441779205
-0.03792833656669773
-0.015015970069577337
-0.013613861989261187
-0.023132297550406307
-0.09586588441779205
-0.025116425479239958
-0.015875362442108746
-0.005892412722713237
-0.00144718282235905
-0.01556450702530949
5.466101383014668e-05
-0.07273235350779765
-0.012706165771755252
-0.02716775050292909
-0.03335180545704354
0.0007776060833278285
-0.03607955381363716
-0.03320767883217101
-0.03412344190243281
-0.013881596744996219
-0.04474211281323749
-0.027797018244306377
-0.012259189187780037
-0.03249512315829511
-0.04215082062539396
-0.020450570765402156
-0.004841685612802012
-0.01008122285474764
6.972503142469198e-05
-0.00038842807773631783
-0.02016383916215109
-0.00038842807773631783
-0.03412344190243281
-0.011929289405333046
-0.017175964776515618
-0.019002579745943802
-0.03320767883217101
-0.006404176759660263
-0.01556450702530949
-0.014725767229268489
-0.012599783172746973
-0.045394880763384236
-0.0024404071704163576
-0.02016383916215109
-0.019002579745943802
-0.0024965140761069
-0.03335180545704354
-0.025571066961678546
-0.010227220246940377
-0.02698451819777123
-0.03249512315829511
-0.013613861989261187
-0.013613861989261187
-0.012706165771755252
-0.02224134264156721
-0.0627198177754154
-0.004841685612802012
-0.01613964261074116
-0.021648982045922503
-0.02715210791298628
-0.00021637864873223547
-0.008317107016140078
-0.04428781817516622
-0.0016777544445207198
-0.019002579745943802
-0.012599783172746973
-0.00038842807773631783
-0.04908635281029546
-0.011929289405333046
-0.012259189187780037
-0.0215304526131599
-0.02308250751058227
-0.00021637864873223547
-0.05041961709918851
-0.03249512315829511
0.0027162894382278023
-0.027643877662753558
-0.01685593588208681
-0.013613861989261187
-0.023132297550406307
-0.004841685612802012
-0.013613861989261187
0.0007776060833278285
-0.03669984121125024
-0.01613964261074116
-0.01002386939695154
-0.022302003616023927
-0.012706165771755252
-0.009151907361611932
-0.009151907361611932
-0.015307098517604447
-0.024010148638208852
-0.02502491541640588
-0.02308250751058227
-0.048757804953872566
-0.037279165888449366
-0.02716775050292909
-0.014725767229268489
-0.04556182674901733
-0.006073731129334232
-0.015189141606139605
-0.024861541509768974
-0.03097576364815861
-0.048757804953872566
-0.012259189187780037
-0.07273235350779765
-0.007533643342559946
-0.019469359492938324
-0.0006062327263225713
-0.008665430113711335
-0.02703507043713054
-0.022865591790067145
-0.021283025812932878
-0.02703507043713054
-0.015189141606139605
-0.01613964261074116
-0.02047916623720642
-0.02627078111143503
-0.015021017080668456
-0.0024965140761069
-0.006073731129334232
-0.012259189187780037
-0.0385387607065748
-0.00021637864873223547
-0.015614966497756455
-0.03214482312748314
-0.049548565674691215
-0.05041961709918851
0.04709950838033863
-0.021648982045922503
-0.03249512315829511
-0.004267534287018156
-0.015614966497756455
-0.011929289405333046
0.0009537686906880603
-0.030531266991860446
0.0009537686906880603
-0.012259189187780037
-0.007436597286563326
0.009776983446459806
-0.03412344190243281
-0.025116425479239958
-0.04642580471345637
-0.005257998631638885
-0.00021637864873223547
-0.03109157150573211
-0.010820489226656033
-0.007436597286563326
-0.049548565674691215
-0.03043506894559814
-0.012135400918355318
-0.010284715227131496
-0.004267534287018156
-0.0013201933003399642
-0.015189141606139605
-0.03589996570713086
-0.006073731129334232
-0.03097576364815861
-0.009351197687868436
-0.03669984121125024
-0.007211026525322159
-0.0013201933003399642
-0.014743351105877482
-0.022342082782896507
-0.012599783172746973
-0.037279165888449366
-0.013530307177679286
-0.012471240669854512
0.0009537686906880603
-0.01149190755463095
-0.03043506894559814
-0.004841685612802012
0.0012362371694398854
-0.03866936155074213
-0.012471240669854512
-0.01966773346918098
-0.014725767229268489
-0.010284715227131496
-0.03335180545704354
-0.017047586456083248
-0.031066378284698798
-0.02698451819777123
-0.02016383916215109
-0.0627198177754154
-0.021820142848422357
-0.02224134264156721
-0.010227220246940377
-0.00038842807773631783
-0.04428781817516622
0.00757169233898941
-0.007211026525322159
-0.021283025812932878
-0.031066378284698798
-0.017951838947233165
-0.0385387607065748
-0.010284715227131496
-0.0006062327263225713
0.00757169233898941
-0.0215304526131599
-0.04428781817516622
-0.02698451819777123
-0.005257998631638885
0.0007776060833278285
-0.017487598007043467
-0.03589996570713086
-0.016818779359273218
-0.04908635281029546
-0.012803622735746064
-0.01008122285474764
-0.02179534213633952
-0.012803622735746064
-0.03214482312748314
-0.07273235350779765
-0.03249512315829511
-0.02395476904583807
-0.025116425479239958
-0.011032444354066823
-0.0142508968781199
-0.02698451819777123
-0.06932730784720047
-0.03669984121125024
-0.012471240669854512
-0.03618766869268004
0.0027162894382278023
-0.01002386939695154
-0.02628290904498499
6.972503142469198e-05
-0.007533643342559946
-0.016818779359273218
-0.014417078521810272
-0.024010148638208852
-0.01942718542565943
-0.015740637391550048
-0.029948784009189575
-0.025571066961678546
-0.012135400918355318
-0.003126119300049984
-0.004841685612802012
-0.0186982053651973
-0.014725767229268489
-0.012803622735746064
-0.005257998631638885
-0.008665430113711335
-0.03700362822567365
-0.02703507043713054
-0.025571066961678546
-0.012599783172746973
-0.019431604876273045
-0.015107348326384155
-0.02558220624614082
-0.03109157150573211
-0.024950534105240146
-0.02047916623720642
-0.015107348326384155
-0.02264931553233617
-0.019304671360263065
-0.021803282918778904
-0.01149190755463095
-0.02016383916215109
-0.03700362822567365
-0.033542003949138914
-0.04978448050099656
-0.03792833656669773
-0.0013201933003399642
-0.015307098517604447
-0.019431604876273045
-0.012085207350159093
-0.02698451819777123
-0.00038842807773631783
-0.02224134264156721
-0.04908635281029546
-0.015414093065211621
-0.02698451819777123
0.0012362371694398854
-0.0215304526131599
-0.009151907361611932
-0.00038842807773631783
-0.01008122285474764
0.0012362371694398854
-0.0142508968781199
-0.021283025812932878
-0.013284128100149974
-0.009351197687868436
-0.02698451819777123
-0.03412344190243281
-0.05041961709918851
-0.028858806886144672
-0.04978448050099656
-0.012706165771755252
-0.017487598007043467
-0.0627198177754154
0.04709950838033863
-0.022302003616023927
-0.013881596744996219
0.009090273675356147
-0.03792833656669773
-0.021820142848422357
-0.009192440471303857
0.009776983446459806
-0.010820489226656033
-0.015374807317825303
-0.045394880763384236
-0.007533643342559946
-0.022302003616023927
-0.021803282918778904
-0.0006062327263225713
-0.02308250751058227
-0.016818779359273218
-0.00021637864873223547
-0.027643877662753558
-0.048757804953872566
-0.0244201995745249
-0.04908635281029546
-0.021803282918778904
-0.00866676233481665
-0.012165967287327502
-0.012259189187780037
-0.02129127015524344
-0.03412344190243281
-0.02715210791298628
0.020154219461393445
-0.021041248635503513
-0.02698451819777123
0.00757169233898941
-0.019431604876273045
-0.03210596100002351
-0.017736684144411898
-0.01002386939695154
-0.0016923617163667117
-0.007533643342559946
-0.01149190755463095
-0.015740637391550048
0.003335430745320424
-0.004267534287018156
-0.0215304526131599
-0.04908635281029546
-0.015307098517604447
5.466101383014668e-05
0.020154219461393445
-0.02179534213633952
-0.02308250751058227
-0.024010148638208852
0.0027162894382278023
-0.03214482312748314
-0.005257998631638885
-0.00038842807773631783
-0.006073731129334232
-0.025571066961678546
-0.019431604876273045
-0.033542003949138914
6.972503142469198e-05
-0.01556450702530949
-0.0385387607065748
-0.01966773346918098
-0.03792833656669773
0.009776983446459806
-0.0142508968781199
-0.021648982045922503
-0.02224134264156721
-0.028858806886144672
-0.037279165888449366
-0.019177586897028216
-0.009192440471303857
-0.02358780261714554
-0.02603660012438023
-0.03618766869268004
0.0027162894382278023
-0.02358780261714554
-0.012706165771755252
-0.020450570765402156
0.005911219450075757
-0.031066378284698798
-0.013657144516214479
-0.0016923617163667117
-0.0385387607065748
-0.015307098517604447
-0.048757804953872566
-0.012803622735746064
-0.006404176759660263
-0.02401112312777497
0.0012362371694398854
-0.015875362442108746
-0.04908635281029546
0.0012362371694398854
0.009776983446459806
-0.015107348326384155
-0.031066378284698798
-0.04474211281323749
-0.027797018244306377
-0.017175964776515618
-0.00021637864873223547
-0.027643877662753558
-0.014725767229268489
-0.04978448050099656
-0.03260397437826977
-0.01008122285474764
-0.03866936155074213
-0.01149190755463095
-0.03588557257815256
-0.01149190755463095
-0.015614966497756455
-0.022302003616023927
-0.01613964261074116
-0.028896736758191332
-0.017487598007043467
0.009776983446459806
-0.019177586897028216
-0.0186982053651973
0.0012362371694398854
-0.02627078111143503
-0.043834050399131755
-0.017736684144411898
-0.02401112312777497
-0.015875362442108746
-0.017487598007043467
-0.02703507043713054
-0.015015970069577337
-0.027797018244306377
-0.020471403051675767
-0.011032444354066823
-0.03607955381363716
-0.015189141606139605
-0.02358780261714554
0.0032096945034878954
-0.02627078111143503
-0.015021017080668456
-0.04474211281323749
-0.008317107016140078
-0.028858806886144672
-0.013881596744996219
-0.019177586897028216
-0.00021637864873223547
-0.01008122285474764
-0.025116425479239958
-0.027643877662753558
-0.04978448050099656
-0.019959743898923406
-0.021283025812932878
0.0027162894382278023
0.0027162894382278023
-0.009151907361611932
-0.02308250751058227
-0.021041248635503513
-0.03214482312748314
-0.012803622735746064
-0.03792833656669773
-0.0385387607065748
-0.015614966497756455
-0.02698451819777123
-0.04215082062539396
-0.03866936155074213
-0.010820489226656033
-0.02703507043713054
0.003335430745320424
-0.005944044622010849
-0.04474211281323749
-0.07273235350779765
-0.003126119300049984
-0.02308250751058227
-0.010284715227131496
-0.015875362442108746
-0.01808978755767601
-0.01153738883004554
-0.02016383916215109
-0.012165967287327502
-0.009042568468446867
-0.01685593588208681
-0.003126119300049984
-0.013530307177679286
-0.01002386939695154
-0.02628290904498499
-0.010284715227131496
-0.02224134264156721
-0.028896736758191332
-0.019959743898923406
-0.015740637391550048
-0.003126119300049984
-0.02715210791298628
-0.04908635281029546
-0.02698451819777123
-0.00021637864873223547
-0.04474211281323749
-0.013657144516214479
-0.011929289405333046
-0.0186982053651973
-0.02395476904583807
-0.02715210791298628
-0.0006062327263225713
-0.043834050399131755
-0.021820142848422357
-0.02628290904498499
-0.019959743898923406
-0.015107348326384155
-0.03210596100002351
-0.03548442741647547
-0.0142508968781199
-0.02603660012438023
-0.010227220246940377
-0.0385387607065748
-0.012803622735746064
0.009564558263164857
-0.016818779359273218
-0.007436597286563326
-0.03669984121125024
-0.02698451819777123
-0.07273235350779765
-0.02715210791298628
-0.02287553515744813
-0.0627198177754154
-0.017951838947233165
-0.04474211281323749
-0.03320767883217101
-0.01556450702530949
-0.010284715227131496
-0.0142508968781199
-0.037279165888449366
-0.04908635281029546
-0.02502491541640588
-0.04428781817516622
-0.04556182674901733
-0.031066378284698798
-0.04428781817516622
-0.019177586897028216
-0.015107348326384155
-0.037279165888449366
-0.012085207350159093
-0.003126119300049984
-0.007436597286563326
-0.037279165888449366
-0.0142508968781199
-0.06932730784720047
-0.020471403051675767
-0.09586588441779205
-0.0186982053651973
0.005911219450075757
-0.019177586897028216
-0.02502491541640588
-0.025571066961678546
-0.03210596100002351
-0.013881596744996219
-0.010284715227131496
-0.0385387607065748
-0.008317107016140078
-0.0024404071704163576
-0.017047586456083248
-0.03210596100002351
-0.006073731129334232
6.972503142469198e-05
-0.006404176759660263
-0.010820489226656033
-0.015374807317825303
-0.005257998631638885
-0.015740637391550048
-0.00144718282235905
-0.015374807317825303
0.0027162894382278023
-0.048757804953872566
-0.03249512315829511
-0.021648982045922503
-0.027797018244306377
-0.02627078111143503
-0.030531266991860446
-0.03700362822567365
-0.02016383916215109
0.0032096945034878954
-0.012471240669854512
-0.0215304526131599
-0.021648982045922503
-0.07273235350779765
-0.03109157150573211
-0.024861541509768974
-0.021648982045922503
-0.02264931553233617
0.0027162894382278023
-0.02401112312777497
-0.015614966497756455
-0.031066378284698798
-0.015875362442108746
-0.027643877662753558
-0.01556450702530949
-0.012706165771755252
-0.015875362442108746
-0.012471240669854512
-0.025571066961678546
-0.0186982053651973
-0.010879558201974967
-0.015107348326384155
-0.02287553515744813
-0.00038842807773631783
-0.03607955381363716
-0.024010148638208852
-0.019959743898923406
-0.01966773346918098
0.0012362371694398854
-0.03249512315829511
-0.02016383916215109
-0.021110260037139693
-0.02287553515744813
-0.012259189187780037
-0.02698451819777123
-0.013530307177679286
-0.028896736758191332
-0.01153738883004554
-0.04642580471345637
-0.043834050399131755
-0.011929289405333046
-0.021041248635503513
-0.028896736758191332
-0.03548442741647547
-0.03210596100002351
-0.02558220624614082
-0.025116425479239958
0.003335430745320424
-0.04642580471345637
-0.02395476904583807
0.005911219450075757
-0.00144718282235905
-0.007533643342559946
-0.01808978755767601
-0.02179534213633952
-0.04556182674901733
-0.012803622735746064
-0.06932730784720047
-0.02628290904498499
-0.048757804953872566
-0.024010148638208852
-0.02603660012438023
-0.027797018244306377
-0.00144718282235905
-0.02698451819777123
-0.00021637864873223547
0.009564558263164857
0.020154219461393445
-0.01966773346918098
-0.010284715227131496
-0.02558220624614082
-0.013284128100149974
5.466101383014668e-05
-0.03866936155074213
-0.015875362442108746
-0.03320767883217101
-0.010820489226656033
-0.01153738883004554
-0.029948784009189575
-0.027643877662753558
-0.008317107016140078
0.009090273675356147
-0.016818779359273218
-0.0186982053651973
-0.022865591790067145
-0.02016383916215109
-0.04215082062539396
-0.02716775050292909
-0.03320767883217101
-0.0024965140761069
-0.02016383916215109
-0.00144718282235905
-0.03097576364815861
-0.017175964776515618
0.0012362371694398854
-0.008317107016140078
-0.022302003616023927
-0.024950534105240146
-0.045394880763384236
-0.04908635281029546
-0.019002579745943802
-0.015189141606139605
-0.015414093065211621
-0.015679832505207825
-0.03700362822567365
-0.03618766869268004
-0.017736684144411898
-0.03548442741647547
-0.015425140629533448
-0.01002386939695154
-0.04474211281323749
-0.02627078111143503
-0.01153738883004554
-0.0215304526131599
-0.0016777544445207198
-0.01808978755767601
-0.029948784009189575
-0.015425140629533448
-0.009351197687868436
-0.02016383916215109
-0.029948784009189575
-0.025116425479239958
-0.019177586897028216
-0.019002579745943802
-0.03669984121125024
-0.030531266991860446
-0.03109157150573211
-0.015614966497756455
-0.013284128100149974
-0.02016383916215109
-0.012803622735746064
-0.05041961709918851
-0.009042568468446867
-0.04428781817516622
-0.01556450702530949
-0.007533643342559946
-0.02628290904498499
-0.012259189187780037
-0.02287553515744813
-0.006073731129334232
-0.020450570765402156
0.009090273675356147
-0.015614966497756455
-0.015740637391550048
-0.02502491541640588
-0.009042568468446867
-0.009192440471303857
-0.03097576364815861
-0.03097576364815861
-0.03043506894559814
-0.006073731129334232
-0.03792833656669773
-0.01808978755767601
-0.02698451819777123
-0.024950534105240146
-0.019002579745943802
-0.03548442741647547
-0.01149190755463095
-0.015374807317825303
-0.004841685612802012
-0.02502491541640588
-0.01613964261074116
-0.01149190755463095
-0.04978448050099656
-0.03607955381363716
-0.006404176759660263
-0.0006062327263225713
-0.028858806886144672
-0.025116425479239958
-0.043834050399131755
-0.021110260037139693
-0.006404176759660263
-0.009042568468446867
-0.02716775050292909
0.020154219461393445
-0.004841685612802012
-0.03109157150573211
-0.017047586456083248
-0.02016383916215109
-0.014417078521810272
-0.012599783172746973
0.003335430745320424
-0.020471403051675767
-0.010879558201974967
-0.04908635281029546
-0.021283025812932878
-0.021648982045922503
-0.005944044622010849
-0.00144718282235905
-0.02698451819777123
-0.02179534213633952
-0.010820489226656033
-0.007211026525322159
-0.02308250751058227
-0.004841685612802012
-0.013613861989261187
-0.0142508968781199
-0.019959743898923406
-0.016818779359273218
-0.027797018244306377
-0.012599783172746973
-0.027643877662753558
-0.03700362822567365
-0.023132297550406307
-0.02502491541640588
-0.02047916623720642
-0.02264931553233617
-0.010879558201974967
-0.03792833656669773
-0.01966773346918098
6.972503142469198e-05
-0.020450570765402156
-0.029948784009189575
-0.012085207350159093
0.005911219450075757
-0.019431604876273045
-0.02716775050292909
-0.003126119300049984
-0.012599783172746973
-0.02715210791298628
-0.02264931553233617
-0.019469359492938324
6.972503142469198e-05
-0.012135400918355318
-0.04642580471345637
-0.013284128100149974
-0.031066378284698798
-0.03792833656669773
-0.015740637391550048
-0.0186982053651973
-0.027643877662753558
-0.020471403051675767
-0.0024965140761069
-0.00144718282235905
-0.017047586456083248
-0.03210596100002351
0.003335430745320424
-0.02502491541640588
-0.0186982053651973
-0.022342082782896507
-0.013613861989261187
-0.019177586897028216
-0.019002579745943802
-0.02603660012438023
-0.021803282918778904
-0.03618766869268004
-0.010820489226656033
-0.03866936155074213
-0.009351197687868436
-0.019002579745943802
-0.0024404071704163576
-0.022342082782896507
-0.009192440471303857
-0.015015970069577337
-0.0006062327263225713
-0.013881596744996219
-0.027797018244306377
-0.014417078521810272
-0.03607955381363716
-0.07273235350779765
-0.015425140629533448
-0.030531266991860446
-0.0215304526131599
-0.012706165771755252
-0.005944044622010849
-0.015189141606139605
0.04709950838033863
5.466101383014668e-05
-0.02287553515744813
-0.03335180545704354
-0.03792833656669773
-0.04908635281029546
-0.01002386939695154
-0.03618766869268004
-0.015614966497756455
-0.010879558201974967
-0.013613861989261187
-0.006073731129334232
-0.02224134264156721
-0.021041248635503513
-0.0016777544445207198
-0.02502491541640588
5.466101383014668e-05
0.009564558263164857
-0.01556450702530949
-0.005944044622010849
-0.014743351105877482
-0.02287553515744813
-0.04556182674901733
-0.025571066961678546
6.972503142469198e-05
-0.006073731129334232
-0.019304671360263065
0.020154219461393445
-0.015679832505207825
-0.045394880763384236
-0.00038842807773631783
-0.0024965140761069
-0.0016923617163667117
-0.048757804953872566
-0.023132297550406307
-0.049548565674691215
-0.00144718282235905
-0.015875362442108746
0.0027162894382278023
-0.01556450702530949
-0.00038842807773631783
-0.02628290904498499
-0.015307098517604447
-0.017951838947233165
-0.03210596100002351
-0.012599783172746973
-0.020471403051675767
-0.027797018244306377
-0.037279165888449366
-0.033542003949138914
-0.019959743898923406
-0.015614966497756455
-0.02627078111143503
-0.022302003616023927
-0.012135400918355318
-0.019304671360263065
-0.015740637391550048
-0.01008122285474764
-0.020471403051675767
-0.012259189187780037
-0.014725767229268489
-0.008317107016140078
-0.013284128100149974
-0.02308250751058227
-0.031066378284698798
-0.01942718542565943
-0.04908635281029546
-0.02264931553233617
-0.043834050399131755
0.004300088985375882
-0.03548442741647547
-0.012135400918355318
-0.01153738883004554
-0.024861541509768974
-0.02358780261714554
-0.022342082782896507
0.020154219461393445
-0.014725767229268489
-0.03320767883217101
-0.01808978755767601
-0.03700362822567365
-0.048757804953872566
-0.015307098517604447
0.0027162894382278023
-0.005892412722713237
-0.015107348326384155
-0.012165967287327502
-0.00021637864873223547
0.009776983446459806
0.003335430745320424
-0.012165967287327502
0.009090273675356147
-0.024950534105240146
-0.04642580471345637
-0.021803282918778904
-0.00021637864873223547
-0.015189141606139605
-0.019304671360263065
-0.021110260037139693
-0.013881596744996219
-0.025571066961678546
-0.007436597286563326
-0.03335180545704354
0.0027162894382278023
-0.02703507043713054
-0.0024965140761069
-0.02047916623720642
-0.00021637864873223547
-0.019431604876273045
-0.00866676233481665
-0.015374807317825303
-0.017175964776515618
-0.004841685612802012
0.020154219461393445
0.005911219450075757
-0.00021637864873223547
-0.012471240669854512
-0.020471403051675767
-0.048757804953872566
-0.01808978755767601
-0.009351197687868436
-0.012165967287327502
-0.014417078521810272
-0.02627078111143503
-0.0013201933003399642
-0.024861541509768974
-0.006073731129334232
-0.03618766869268004
-0.030531266991860446
-0.049548565674691215
-0.021283025812932878
-0.003126119300049984
-0.03043506894559814
-0.045394880763384236
-0.015021017080668456
-0.01149190755463095
-0.015425140629533448
-0.02716775050292909
0.009564558263164857
-0.0016923617163667117
-0.03320767883217101
-0.02502491541640588
-0.03043506894559814
-0.02224134264156721
-0.0244201995745249
-0.0385387607065748
-0.03700362822567365
-0.031066378284698798
0.020154219461393445
-0.01942718542565943
-0.03589996570713086
-0.015414093065211621
-0.024861541509768974
-0.02698451819777123
-0.012706165771755252
-0.015374807317825303
-0.005892412722713237
-0.013613861989261187
-0.04908635281029546
-0.006404176759660263
-0.03548442741647547
-0.043834050399131755
-0.015414093065211621
-0.004267534287018156
-0.012803622735746064
-0.012085207350159093
-0.012085207350159093
-0.02703507043713054
