-0.014032884085724194
-0.011661653904604479
-0.061431803198003745
-0.01875389150450818
-0.024834378555995275
0.0017603351543387618
-0.022161739784034698
-0.042772093653156845
-0.07242136593234985
0.024716969646687834
-0.0019797070134532557
-0.015848697258370514
-0.031177883176074703
0.002726948424778821
-0.011183527954613234
-0.008529290681566657
-0.02109746635608423
-0.032715410450558154
-0.0118456152584241
-0.03305908757402526
-0.016725740065909288
-0.03299047397262311
-0.013905863916080556
-0.021478056485008043
-0.0407020284465657
-0.016623545987658233
-0.014032884085724194
0.0017603351543387618
-0.02069962477079241
-0.020029162239700637
-0.01866855125735557
-0.03133698423676246
-0.02695569921694248
-0.043643059013298235
-0.019879115678981204
0.008893579294386993
-0.020029162239700637
-0.004702933916430241
-0.005326645454655781
-0.043321764837185237
0.008607793578790188
-0.028595735628265603
0.003910837103937509
-0.049075969387917605
-0.016057100578174725
-0.005326645454655781
-0.006855612729931756
-0.014321417903060905
-0.011198424975837252
-0.004702933916430241
-0.0587675305136864
-0.03299047397262311
-0.00022061575892556184
-0.040833407812632165
-0.019991911830028006
0.008893579294386993
-0.023582059092261062
-0.007454129433553722
-0.005989805035262826
-0.026518147979733783
-0.02695569921694248
-0.023582059092261062
-0.01067867088675766
0.01402332722843707
-0.03509960434469944
-0.018014480711882136
-0.0038295720128147036
-0.03509960434469944
-0.004702933916430241
-0.043321764837185237
-0.02909483100925822
-0.009589773299953154
-0.003922805063300595
-0.022161739784034698
0.024716969646687834
-0.028595735628265603
-0.009027919237686121
-0.027699196111720736
0.003910837103937509
-0.0539312464189072
-0.02259339599634241
0.0016728017484215168
-0.04506924653797316
-0.001966652251811256
-0.014032884085724194
-0.000536291573623223
0.01132883941995555
-0.011661653904604479
-0.026518147979733783
-0.019190646414684202
-0.01804326168607783
-0.027883871904063943
-0.010258588733876658
-0.011183527954613234
-0.029400285847811687
0.008607793578790188
-0.003964160192770733
-0.05039872005284265
-0.003914484449179706
-0.027883871904063943
-0.0118456152584241
-0.02191123583459474
-0.03299047397262311
-0.03055854711548636
-0.012658305665696992
-0.020202646905428955
-0.0587675305136864
-0.043643059013298235
-0.012562671443027555
-0.029062487213330723
-0.0407020284465657
-0.01687212357491147
-0.020202646905428955
0.023032864421538006
-0.01869297567331141
-0.061431803198003745
-0.031838683773070885
-0.01687212357491147
-0.006855612729931756
-0.007592064244406701
-0.04215951852655108
-0.019879115678981204
-0.02109746635608423
-0.019190646414684202
-0.006855612729931756
-0.0539312464189072
-0.018561597448863293
-0.014321417903060905
-0.015848697258370514
-0.02109746635608423
-0.015848697258370514
-0.022122759188139173
-0.007454129433553722
-0.0038295720128147036
-0.042772093653156845
0.007476252248472024
0.01132883941995555
-0.049075969387917605
-0.010398868585816129
-0.0187553633531325
-0.002223697429724371
-0.03957068167756635
-0.0474253987530111
-0.015848697258370514
0.024716969646687834
-0.007592064244406701
-0.024834378555995275
-0.029555903267644783
-0.020202646905428955
-0.017096320799800536
-0.0474253987530111
0.01650661437703707
-0.011248120662902586
-0.017096320799800536
-0.022161739784034698
-0.02398335109564828
-0.021478056485008043
-0.011183527954613234
-0.008303271945020365
-0.005989805035262826
-0.029400285847811687
-0.04372007810380751
0.008893579294386993
-0.011661653904604479
-0.00969464432023693
0.007786198078900924
-0.018014480711882136
-0.022409856466364092
-0.042772093653156845
-0.017096320799800536
-0.02909483100925822
-0.03757307916522185
-0.017651398902786875
-0.011248120662902586
-0.0073254370203709295
-0.012658305665696992
0.007476252248472024
-0.019039712262676017
-0.028595735628265603
-0.011183527954613234
-0.03213194105365351
-0.01875389150450818
-0.003684023350252944
-0.014321417903060905
-0.03305908757402526
-0.026518147979733783
-0.014925073685816295
-0.006065887774716737
-0.02627349914064044
-0.03395367447290773
-0.022409856466364092
-0.051759521503325696
-0.04312073426936636
-0.023582059092261062
-0.00969464432023693
-0.018904518012945036
-0.05039872005284265
0.005886098525229912
0.01132883941995555
-0.01687212357491147
-0.0044212938827085015
-0.003922805063300595
-0.018014480711882136
-0.01687212357491147
-0.007592064244406701
-0.021849804418292637
-0.003914484449179706
-0.024562614642821157
-0.026798263616089606
-0.03299047397262311
-0.03509960434469944
-0.051759521503325696
-0.034968022286843786
0.013543112790497459
-0.04312073426936636
-0.02909483100925822
-0.00969464432023693
-0.02695569921694248
-0.015848697258370514
-0.016725740065909288
-0.022161739784034698
-0.01875389150450818
-0.010258588733876658
-0.02069962477079241
-0.015848697258370514
-0.03395367447290773
-0.05182501874981709
-0.010258588733876658
-0.027883871904063943
-0.0045697914964524045
-0.04219784623045418
-0.003684023350252944
-0.016623545987658233
-0.0587675305136864
-0.016623545987658233
-0.02909483100925822
-0.01866855125735557
-0.04230255687632924
-0.005326645454655781
-0.01646788655564621
0.003992766367154353
-0.005326645454655781
-0.008529290681566657
-0.017651398902786875
-0.0474253987530111
-0.018561597448863293
-0.03757307916522185
-0.0038295720128147036
-0.027883871904063943
-0.011248120662902586
-0.01458627558055167
-0.039733424540118786
-0.003964160192770733
-0.0474253987530111
-0.0118456152584241
-0.0474253987530111
-0.027699196111720736
-0.019991911830028006
0.005886098525229912
-0.012658305665696992
-0.004338381058602517
-0.043321764837185237
-0.01875389150450818
-0.016623545987658233
-0.028595735628265603
-0.017096320799800536
-0.0217208690943853
-0.022409856466364092
0.0017603351543387618
-0.027883871904063943
-0.013260036003111141
0.01650661437703707
-0.020568169970104692
-0.03728463223823891
-0.04450485217291412
-0.012722287429068824
-0.022122759188139173
-0.003964160192770733
-0.03299047397262311
-0.010258588733876658
-0.016057100578174725
-0.03957068167756635
-0.018561597448863293
-0.011183527954613234
-0.012029985373005805
-0.034968022286843786
-0.027883871904063943
-0.019823561372966505
-0.0134757768140974
-0.019190646414684202
0.004711265729983749
-0.043321764837185237
-0.022409856466364092
-0.0134757768140974
-0.010258588733876658
-0.019879115678981204
-0.011198424975837252
-0.018561597448863293
-0.026798263616089606
-0.029400285847811687
-0.020202646905428955
-0.032715410450558154
-0.06844357536575364
-0.000536291573623223
-0.00022061575892556184
-0.04372007810380751
-0.011248120662902586
-0.04834815603960391
-0.003964160192770733
-0.017096320799800536
-0.006300892839725196
-0.019039712262676017
-0.03757307916522185
-0.039733424540118786
-0.006855612729931756
-0.012562671443027555
-0.000536291573623223
-0.021478056485008043
-0.003964160192770733
-0.026907359112504425
-0.012895473055092234
-0.002223697429724371
-0.029555903267644783
-0.031177883176074703
0.002726948424778821
0.0017603351543387618
-0.011198424975837252
-0.040833407812632165
-0.0118456152584241
-0.005326645454655781
-0.03238612087182483
0.008607793578790188
-0.02219541382915579
-0.011183527954613234
-0.007454129433553722
-0.024562614642821157
-0.0539312464189072
-0.07242136593234985
-0.021478056485008043
-0.022161739784034698
-0.020568169970104692
-0.00022061575892556184
-0.026518147979733783
-0.03213194105365351
-0.004338381058602517
-0.009589773299953154
-0.058180442367226026
-0.010398868585816129
-0.015802209818123802
-0.012722287429068824
0.007476252248472024
-0.028595735628265603
-0.01804326168607783
-0.018561597448863293
-0.027883871904063943
-0.01869297567331141
-0.012029985373005805
-0.02219541382915579
-0.058180442367226026
-0.024834378555995275
0.01402332722843707
-0.008623802156521301
-0.029400285847811687
-0.003922805063300595
-0.04064053868381216
-0.016057100578174725
-0.020029162239700637
-0.0217208690943853
-0.0217208690943853
-0.020568169970104692
-0.008303271945020365
-0.0407020284465657
-0.026518147979733783
0.003992766367154353
0.004357611956142504
-0.051759521503325696
-0.014925073685816295
-0.018561597448863293
0.008893579294386993
-0.026907359112504425
-0.016725740065909288
-0.042772093653156845
0.01650661437703707
-0.021309306992858112
-0.022409856466364092
-0.012658305665696992
-0.03509960434469944
-0.009589773299953154
-0.012266181675774594
-0.006300892839725196
-0.00022061575892556184
-0.01458627558055167
-0.002223697429724371
-0.015848697258370514
-0.034968022286843786
-0.031177883176074703
-0.022161739784034698
-0.04113419522245161
-0.03238612087182483
-0.006855612729931756
-0.019879115678981204
-0.011661653904604479
-0.0019797070134532557
-0.017096320799800536
-0.012722287429068824
-0.028595735628265603
-0.043643059013298235
-0.042772093653156845
-0.027699196111720736
-0.017651398902786875
-0.015802209818123802
-0.003684023350252944
0.004711265729983749
-0.0045697914964524045
-0.01866855125735557
-0.028595735628265603
-0.019039712262676017
-0.020568169970104692
-0.061431803198003745
-0.027883871904063943
0.004711265729983749
-0.0045697914964524045
-0.07242136593234985
-0.023582059092261062
-0.04372007810380751
-0.005326645454655781
-0.03757307916522185
-0.012562671443027555
-0.011914344687278618
-0.0407020284465657
-0.032435496356110094
-0.0134757768140974
-0.020202646905428955
-0.009027919237686121
-0.03238612087182483
-0.013905863916080556
-0.0539312464189072
-0.022409856466364092
-0.01397140919888986
0.002726948424778821
-0.001966652251811256
0.01402332722843707
-0.02191123583459474
-0.02627349914064044
-0.006300892839725196
-0.009589773299953154
-0.028595735628265603
-0.021309306992858112
-0.03238612087182483
-0.04215951852655108
-0.034968022286843786
-0.00022061575892556184
-0.03238612087182483
-0.04506924653797316
-0.04215951852655108
-0.04450485217291412
-0.003914484449179706
-0.016623545987658233
-0.012658305665696992
-0.023582059092261062
-0.0045697914964524045
-0.008529290681566657
0.004357611956142504
-0.05182501874981709
-0.005989805035262826
-0.011183527954613234
-0.049075969387917605
-0.02627349914064044
-0.018561597448863293
-0.017651398902786875
-0.027883871904063943
-0.0002586255073531817
-0.02069962477079241
0.008607793578790188
-0.07242136593234985
-0.03187515570339286
-0.015848697258370514
-0.029555903267644783
-0.02909483100925822
-0.018561597448863293
-0.03728463223823891
-0.04113419522245161
-0.02627349914064044
-0.0026090746179759554
-0.023582059092261062
-0.03213194105365351
-0.019039712262676017
-0.0038295720128147036
-0.016057100578174725
-0.02909483100925822
-0.04113419522245161
-0.043643059013298235
-0.005989805035262826
-0.026518147979733783
-0.019879115678981204
-0.008303271945020365
0.008607793578790188
-0.03238612087182483
-0.03238612087182483
0.004357611956142504
-0.04064053868381216
-0.003922805063300595
-0.03187515570339286
-0.01804326168607783
-0.007592064244406701
-0.018014480711882136
-0.01646788655564621
0.024716969646687834
0.0016728017484215168
-0.04113419522245161
-0.019039712262676017
-0.0539312464189072
-0.02069962477079241
-0.020202646905428955
-0.008623802156521301
-0.018014480711882136
-0.031838683773070885
0.008607793578790188
-0.021309306992858112
0.008893579294386993
-0.0474253987530111
-0.03238612087182483
-0.04506924653797316
-0.03187515570339286
-0.03238612087182483
-0.011183527954613234
0.013543112790497459
-0.01804326168607783
-0.000536291573623223
-0.04219784623045418
0.004357611956142504
-0.03395367447290773
-0.03395367447290773
-0.021849804418292637
-0.0217208690943853
-0.05039872005284265
-0.008623802156521301
-0.0134757768140974
-0.006065887774716737
-0.05182501874981709
-0.03213194105365351
0.003910837103937509
-0.012029985373005805
-0.03957068167756635
-0.024180554220143476
-0.039733424540118786
-0.0134757768140974
-0.02069962477079241
-0.008529290681566657
-0.010258588733876658
-0.014032884085724194
-0.003684023350252944
-0.01875389150450818
-0.011198424975837252
-0.01067867088675766
-0.001966652251811256
-0.011198424975837252
-0.03957068167756635
-0.01804326168607783
-0.04312073426936636
-0.012722287429068824
-0.010398868585816129
-0.043643059013298235
-0.012029985373005805
-0.02069962477079241
-0.013260036003111141
-0.018014480711882136
-0.021478056485008043
-0.007016016570258389
-0.03055854711548636
-0.031838683773070885
-0.004338381058602517
-0.007592064244406701
0.008607793578790188
-0.00969464432023693
-0.021478056485008043
0.019493879021582304
-0.012895473055092234
0.019493879021582304
-0.02069962477079241
-0.042772093653156845
-0.009027919237686121
-0.018561597448863293
-0.04450485217291412
-0.002223697429724371
-0.012562671443027555
-0.018014480711882136
-0.02398335109564828
-0.042772093653156845
-0.03055854711548636
-0.012266181675774594
-0.01397140919888986
-0.029062487213330723
-0.00969464432023693
-0.01866855125735557
-0.03957068167756635
-0.03509960434469944
-0.012029985373005805
-0.039733424540118786
-0.029400285847811687
0.013543112790497459
-0.01869297567331141
-0.01866855125735557
-0.027699196111720736
-0.007454129433553722
-0.019039712262676017
-0.006065887774716737
-0.02191123583459474
-0.019190646414684202
0.019493879021582304
-0.051759521503325696
-0.012266181675774594
-0.03187515570339286
-0.040833407812632165
-0.017096320799800536
-0.019190646414684202
-0.03299047397262311
-0.03213194105365351
-0.029062487213330723
-0.005989805035262826
-0.009589773299953154
-0.0407020284465657
-0.008303271945020365
-0.02909483100925822
-0.003922805063300595
0.0017603351543387618
-0.04064053868381216
-0.019879115678981204
0.024716969646687834
-0.006300892839725196
-0.01869297567331141
-0.001966652251811256
-0.0407020284465657
-0.022409856466364092
-0.013260036003111141
-0.029062487213330723
-0.003684023350252944
-0.006300892839725196
-0.020202646905428955
0.024716969646687834
-0.008303271945020365
-0.012562671443027555
-0.011183527954613234
-0.028595735628265603
-0.03509960434469944
-0.022122759188139173
-0.0539312464189072
-0.011661653904604479
-0.015848697258370514
0.01650661437703707
-0.011661653904604479
-0.007016016570258389
-0.008529290681566657
0.008607793578790188
-0.011520421184512663
-0.04450485217291412
-0.015802209818123802
-0.04834815603960391
-0.008303271945020365
-0.018904518012945036
0.013543112790497459
-0.019190646414684202
0.003992766367154353
-0.021309306992858112
-0.000536291573623223
-0.020568169970104692
-0.029555903267644783
-0.010258588733876658
-0.022122759188139173
-0.04230255687632924
-0.0217208690943853
-0.026798263616089606
-0.022161739784034698
-0.043321764837185237
-0.026518147979733783
-0.01397140919888986
-0.032715410450558154
-0.03187515570339286
-0.03213194105365351
-0.011661653904604479
-0.012562671443027555
-0.01875389150450818
-0.019823561372966505
-0.011198424975837252
-0.026518147979733783
-0.019039712262676017
-0.02259339599634241
-0.016725740065909288
-0.02398335109564828
-0.03757307916522185
-0.04312073426936636
-0.014321417903060905
0.007476252248472024
-0.061431803198003745
-0.051759521503325696
-0.02909483100925822
-0.019823561372966505
-0.02219541382915579
-0.005326645454655781
-0.034968022286843786
-0.01866855125735557
-0.021849804418292637
-0.02259339599634241
-0.023320997642890882
-0.008303271945020365
-0.04064053868381216
-0.0539312464189072
-0.06844357536575364
-0.008303271945020365
-0.040833407812632165
-0.020202646905428955
-0.03395367447290773
-0.015848697258370514
-0.040833407812632165
-0.04834815603960391
-0.001966652251811256
-0.014925073685816295
-0.029400285847811687
-0.008303271945020365
-0.018561597448863293
-0.031838683773070885
-0.011914344687278618
-0.005326645454655781
0.004357611956142504
-0.028595735628265603
-0.003922805063300595
-0.004338381058602517
-0.04219784623045418
-0.017651398902786875
-0.004702933916430241
-0.034968022286843786
0.0017603351543387618
-0.0044212938827085015
-0.009027919237686121
-0.0019797070134532557
-0.0038295720128147036
-0.010258588733876658
-0.04219784623045418
-0.061431803198003745
-0.003684023350252944
-0.008623802156521301
-0.022122759188139173
-0.018014480711882136
0.008893579294386993
-0.0134757768140974
-0.0118456152584241
-0.0539312464189072
-0.061431803198003745
-0.03133698423676246
0.008480185694046079
-0.02069962477079241
0.005886098525229912
-0.018561597448863293
0.007786198078900924
-0.032435496356110094
-0.008303271945020365
-0.006300892839725196
-0.02259339599634241
-0.019991911830028006
-0.058180442367226026
-0.000536291573623223
-0.026907359112504425
-0.010258588733876658
-0.051759521503325696
-0.022161739784034698
-0.00969464432023693
-0.020202646905428955
-0.0539312464189072
-0.021849804418292637
-0.0045697914964524045
0.007786198078900924
0.01650661437703707
-0.008623802156521301
-0.0217208690943853
-0.021309306992858112
-0.007016016570258389
-0.012562671443027555
-0.012029985373005805
-0.026518147979733783
-0.02259339599634241
-0.02219541382915579
-0.029555903267644783
-0.023582059092261062
-0.013260036003111141
-0.03299047397262311
-0.034968022286843786
-0.009027919237686121
-0.04834815603960391
-0.007592064244406701
-0.04064053868381216
-0.011914344687278618
-0.006065887774716737
-0.0073254370203709295
-0.0044212938827085015
-0.011248120662902586
-0.03305908757402526
0.003992766367154353
-0.021309306992858112
-0.011248120662902586
0.004357611956142504
-0.02109746635608423
-0.0407020284465657
-0.04372007810380751
-0.026907359112504425
-0.013260036003111141
-0.021849804418292637
-0.0134757768140974
-0.011661653904604479
-0.0026090746179759554
0.002726948424778821
-0.040833407812632165
-0.003914484449179706
-0.0539312464189072
-0.040833407812632165
-0.009027919237686121
-0.0407020284465657
-0.027883871904063943
-0.0002586255073531817
-0.03728463223823891
-0.018014480711882136
0.008893579294386993
-0.03213194105365351
-0.005326645454655781
-0.006855612729931756
-0.015848697258370514
-0.017096320799800536
-0.051759521503325696
0.023032864421538006
-0.051759521503325696
-0.021478056485008043
-0.04219784623045418
-0.01804326168607783
0.01132883941995555
-0.028595735628265603
-0.009027919237686121
-0.0073254370203709295
-0.040833407812632165
-0.012722287429068824
-0.01458627558055167
-0.058180442367226026
0.002726948424778821
-0.003914484449179706
-0.028595735628265603
-0.011198424975837252
-0.00022061575892556184
-0.0002586255073531817
-0.02695569921694248
-0.015802209818123802
-0.049075969387917605
-0.03957068167756635
-0.011248120662902586
0.01402332722843707
-0.012722287429068824
-0.010398868585816129
-0.027883871904063943
-0.01646788655564621
-0.011914344687278618
-0.017651398902786875
-0.0073254370203709295
-0.018014480711882136
-0.015848697258370514
-0.04450485217291412
0.008893579294386993
-0.005326645454655781
-0.01875724172417049
-0.001966652251811256
-0.021309306992858112
-0.021309306992858112
-0.03395367447290773
-0.008623802156521301
-0.032435496356110094
-0.007016016570258389
-0.011661653904604479
-0.034968022286843786
-0.013260036003111141
-0.021478056485008043
-0.008303271945020365
-0.07242136593234985
-0.017096320799800536
-0.011198424975837252
-0.01354126758647507
-0.027883871904063943
-0.008529290681566657
-0.032715410450558154
-0.008623802156521301
-0.029062487213330723
-0.003914484449179706
-0.003964160192770733
-0.031177883176074703
-0.02909483100925822
0.008480185694046079
0.004711265729983749
-0.0474253987530111
-0.032715410450558154
-0.02191123583459474
-0.000536291573623223
-0.020568169970104692
-0.029062487213330723
-0.04064053868381216
0.01132883941995555
-0.01875724172417049
-0.022161739784034698
-0.032715410450558154
-0.0539312464189072
-0.008303271945020365
-0.018014480711882136
-0.027883871904063943
-0.04372007810380751
-0.011520421184512663
-0.003684023350252944
-0.01458627558055167
0.0017603351543387618
-0.020568169970104692
-0.01875724172417049
-0.019991911830028006
-0.0587675305136864
-0.04834815603960391
-0.03305908757402526
-0.019879115678981204
-0.013260036003111141
-0.011661653904604479
-0.0187553633531325
-0.022122759188139173
-0.042772093653156845
0.013543112790497459
-0.008303271945020365
-0.008529290681566657
-0.024834378555995275
-0.003922805063300595
-0.022409856466364092
-0.027883871904063943
-0.02627349914064044
-0.023582059092261062
-0.029062487213330723
-0.04834815603960391
-0.006065887774716737
-0.0539312464189072
-0.05039872005284265
0.024716969646687834
0.003910837103937509
-0.0407020284465657
0.024716969646687834
-0.0073254370203709295
-0.006065887774716737
-0.023320997642890882
-0.032715410450558154
-0.042772093653156845
-0.006065887774716737
-0.04834815603960391
-0.018904518012945036
-0.02695569921694248
-0.04215951852655108
-0.02109746635608423
-0.0073254370203709295
-0.05039872005284265
-0.026518147979733783
-0.019991911830028006
-0.017651398902786875
-0.029062487213330723
-0.013260036003111141
-0.01646788655564621
-0.016057100578174725
-0.009589773299953154
-0.019991911830028006
-0.012029985373005805
-0.029555903267644783
-0.0026090746179759554
-0.0019797070134532557
-0.012562671443027555
-0.022161739784034698
-0.012658305665696992
-0.0019797070134532557
-0.021309306992858112
-0.0134757768140974
0.008607793578790188
-0.007592064244406701
-0.0002586255073531817
-0.012722287429068824
-0.012895473055092234
-0.019823561372966505
-0.02909483100925822
0.01402332722843707
-0.019190646414684202
-0.020202646905428955
-0.007592064244406701
-0.008529290681566657
-0.02398335109564828
-0.024180554220143476
-0.007592064244406701
-0.014321417903060905
-0.021309306992858112
0.002726948424778821
-0.021478056485008043
-0.0407020284465657
-0.003914484449179706
0.008893579294386993
-0.023582059092261062
0.004357611956142504
-0.003914484449179706
-0.019190646414684202
