0.0075954009439194526
-0.02882659010928839
-0.011094923447488907
-0.007120274620942661
-0.0017635913048425495
-0.02001947065333225
-0.03449512915995038
0.0027107567849048173
-0.004385152434402721
0.005960835836802016
-0.011094923447488907
-0.028385494334730622
-1.0706604784547393
0.011296765333913324
0.002197238049399896
-0.0018806546100022556
-0.0115329859176227
-0.03654028599694328
-0.008754529080915256
-0.0035174806080788407
-0.0006963193906453785
0.008920664341438888
-0.06506047296846211
-0.01864849860935912
-0.1357575585967738
-0.036935143711833145
-0.03449512915995038
-0.027126356612678544
-0.04251228493891085
0.013200993188056747
-0.01646629107730921
0.013417617295084392
-0.0036760168146409413
-0.010478369312341532
-0.012714009643083508
-0.022718241033750766
-0.027109952180412112
-0.0065866295892937805
-0.007120274620942661
-0.01796187352001135
-0.0048038776674424145
-0.03296780286989671
-0.009709545051095184
0.004178641062118855
0.013200993188056747
-0.012102887825460864
0.0075737799505173325
-0.013850078954672112
-0.0025351324991094567
-0.0033868429003256887
-0.01951154774977918
0.0009266594277370745
-0.001331121672611263
-0.012024247328478075
0.0009266594277370745
0.0014243616102373629
-0.02178667752843861
-0.02469798035940712
-0.040503312478881844
-0.0035174806080788407
-0.04985487816201462
-0.0021695835404895326
-0.015269695573378166
0.00816075329577842
-0.036935143711833145
-0.0007699618174370696
-0.008369902110820124
-0.01796187352001135
-0.014474875801799753
-0.007167218074103267
-0.0015202568000662834
-0.014930917174052219
0.016753297954558242
0.0045466263539171515
-0.05237822349663717
-0.020581749982619302
-0.027126356612678544
-0.017253148020507463
-0.05423058199762462
-0.0008211264175038123
-0.004652831929380298
-0.028120528749523796
-0.028450941414972654
-0.05917786737012832
-0.01796187352001135
-0.007167218074103267
-0.012559312184930168
-0.0006963193906453785
-0.004164152140917573
-0.016644761369044903
-0.07109571696086608
-0.02166125521543921
-0.020831255383363022
-0.019966467168362898
-0.02882659010928839
-0.022319357024264477
-0.014186211830005869
-0.018907579800800774
-0.000484688195873849
0.0029515264400295465
-0.0034270823667848353
0.0031692154915803385
-0.004802097802702762
-0.021073687711849098
-0.010652402811804934
0.0006833647867608315
-0.014710410762971578
-0.022567615954743766
0.0055583260012586405
-0.03449512915995038
-0.0036760168146409413
-0.04251228493891085
0.02501006423969309
-0.019545223847971884
-0.029412298761476458
-0.010478369312341532
0.004178641062118855
-0.020072645961627424
-0.019966467168362898
0.013200993188056747
0.0010967507141311083
-0.006070143452942824
0.01308132941068406
-0.028658574913722475
-0.01646629107730921
-0.0065866295892937805
-0.0115329859176227
-0.02713078357990695
-0.0034270823667848353
0.0007001277500439475
-0.0030018590388615186
-0.009428354753446992
-0.021196803924089496
-0.02755604240849341
-0.021405765270358364
7.329326183059299e-05
0.0031692154915803385
-0.028120528749523796
0.012653836201437207
0.0010967507141311083
-0.8244536369762226
0.008670696803803422
-0.012138332610527148
-0.01989774378699473
0.005224046211270039
-0.014492238575867155
-0.011800064037804656
-0.04220017947945594
-0.009064562924722986
-0.017624270987569524
-0.008710767317311017
-0.01864849860935912
-0.0003278940235477264
-0.014492238575867155
-0.022567615954743766
-0.0025438439640334955
0.013417617295084392
-0.0032473738516127716
-0.014710410762971578
-0.022319357024264477
-0.03654028599694328
-0.010652402811804934
-0.010489516016111158
-0.0018024479835550688
-0.023132497196657567
0.0007877781786704266
0.016753297954558242
-0.02469798035940712
-0.01807751849906275
-0.010652402811804934
-0.005362832590746877
-0.03296780286989671
-0.02713078357990695
-0.017770862507241997
-0.006337387688418407
-0.050735243217887714
-0.804827842042857
-0.004681813178166491
-0.03544150308836803
-0.05915058299325157
-0.01183439954400027
0.002358252142916072
0.005224046211270039
-0.016019525110611835
-0.020503191042294824
-0.019966467168362898
0.008165883472760434
-0.012138332610527148
-0.005371505404786631
-0.01685222706592064
-0.012181986320102256
-0.09526000693350856
-0.004164152140917573
-0.020558764264371268
-0.03449512915995038
-0.05237822349663717
-0.021196803924089496
-0.0030092264208562455
-0.0065866295892937805
-0.0017635913048425495
-0.02597543296244464
-0.010998155912653886
0.01352771796473409
-0.03654028599694328
0.022115775601271866
-0.007695639173043834
-0.014474875801799753
0.014797777642451378
-0.15413365401895682
0.0075737799505173325
0.0029515264400295465
0.006043537820065722
-0.0158562051483856
-0.03253510952651714
-0.01646629107730921
-0.0032473738516127716
-0.010489516016111158
-0.0030092264208562455
-0.02855679076626234
-0.003223378860997755
0.01296342772008292
-0.005238806013863969
0.009359345437833885
-0.003223378860997755
-0.028450941414972654
-0.013590532708559649
-0.028656137049675477
0.005431327058166721
0.012742316761961584
-0.009677207052340339
-0.015276920580561133
-0.015574944988830785
0.0005923343685374371
-0.0035174806080788407
-0.025950631515417173
-9.315995169952685e-07
-0.023394563543409384
-0.003678804347966682
-0.0018806546100022556
-0.05237822349663717
-0.08674334206776076
0.008670696803803422
-0.22975174103350468
-0.024071620788610196
-0.0003278940235477264
-0.0032473738516127716
-0.07109571696086608
0.00816075329577842
-0.006133809136790678
-0.020558764264371268
-0.019153973738777114
-0.017416578113055997
-0.008383490652246191
-0.0011423310162576067
-0.01646629107730921
-0.0018806546100022556
-0.007531245088474024
-0.004164152140917573
-0.014492238575867155
-0.02399346354934175
-0.015758307950067087
-0.013590532708559649
-0.007171980917720854
-0.004164152140917573
-0.014628057501364316
-0.004652831929380298
-0.02502974935801534
0.0075954009439194526
0.0075737799505173325
-0.017134079245945115
-0.01748478921403837
-0.034717564964565205
0.008643502950122063
-0.020751382314467264
0.008920664341438888
0.014797777642451378
-0.0017635913048425495
-0.018907579800800774
-0.0033868429003256887
-0.004652831929380298
-0.020464420167038935
-0.22359026018922676
-0.0032473738516127716
-0.028450941414972654
-0.009275178428578107
-0.003678804347966682
-0.03912168731774011
-0.04625761250669021
-0.0018806546100022556
0.0027892223162451573
-0.03654028599694328
-0.01003880964056585
-0.010376730836837194
-0.015269695573378166
0.01308132941068406
-0.009709545051095184
-0.006133809136790678
-0.003727720191430915
0.004054277612949626
-0.014628057501364316
0.004094655660848488
-0.007922209299192462
-0.42533609765073405
-9.315995169952685e-07
-0.01989774378699473
0.002358252142916072
-0.07929395906463582
-0.02713078357990695
-0.028658574913722475
0.015550557903509492
-0.010027514728622004
-0.004050475926550485
0.022115775601271866
0.00038855324164516214
-0.010478369312341532
0.017505260096465355
-0.03654028599694328
-0.0115329859176227
0.0031692154915803385
-0.012339280838105229
0.012391131083209387
0.018942426142971133
-0.006309334321558297
-0.023132497196657567
-0.023394563543409384
-0.006484340846439205
-0.029412298761476458
-0.015269695573378166
-0.027126356612678544
-0.010489516016111158
-0.03449512915995038
-0.007695639173043834
0.012653836201437207
0.008165883472760434
-0.019966467168362898
0.017505260096465355
-0.017964806809955207
-0.004164152140917573
-0.024612073311997988
-0.013850078954672112
-0.04243110329927853
0.007744432144079481
-0.017253148020507463
-0.013590532708559649
-0.012714009643083508
-0.0030018590388615186
0.0029515264400295465
-0.008735761898906924
-0.023132497196657567
-0.02646158557760281
0.005943609142056959
-0.015926934515280548
-0.012102887825460864
-0.013850078954672112
-0.0018024479835550688
-0.025950631515417173
-0.023394563543409384
0.004612451112301847
-0.025384333008681537
0.0014243616102373629
-0.0017635913048425495
-0.022567615954743766
-0.08674334206776076
0.004178641062118855
0.0075737799505173325
0.009359345437833885
-0.01803323891634696
-0.03544150308836803
-0.08674334206776076
-0.03253510952651714
-0.043122956479912065
-0.008917464155885103
-0.02469798035940712
-0.007432850196971576
-0.03544150308836803
-0.05917786737012832
-0.05237822349663717
-0.014186211830005869
-0.0003278940235477264
-0.009064562924722986
-0.010489516016111158
-0.01835973191623081
-0.004050475926550485
-0.0015202568000662834
-0.004078188689536806
0.012825125884595934
-0.02001947065333225
-0.027126356612678544
0.005183879146205582
-0.020464420167038935
-0.003619201012853811
-0.017416578113055997
-0.013850078954672112
0.011296765333913324
-0.014628057501364316
-0.010939217959732739
0.017505260096465355
-0.019153973738777114
-0.015130092437120617
-0.0036760168146409413
0.00782896542186291
-0.01989774378699473
0.02102534978344157
-0.0005577368551981483
0.0062083927611585365
-0.00968639698218745
-0.00957994204506212
-0.009797907553254905
-0.0030092264208562455
-0.010489516016111158
-0.011640296744569208
-0.07929395906463582
-0.15413365401895682
-0.007531245088474024
-0.014999487580798743
-0.006133809136790678
-0.00025883041037384394
-0.014628057501364316
-0.013850078954672112
-0.009428354753446992
-0.021405765270358364
0.004612451112301847
-0.003678804347966682
-0.07109571696086608
-0.01694920288987724
-0.0098544973537792
-0.02399346354934175
-0.02755604240849341
-0.009275178428578107
0.008670696803803422
-0.007580403869030426
0.02501006423969309
-0.012714009643083508
-0.05917786737012832
0.0075737799505173325
-0.015863533541385772
-0.00968639698218745
-0.015333544858888383
-0.022492570227795005
-0.06841230649855662
-0.020831255383363022
-0.028658574913722475
0.002197238049399896
-0.015276920580561133
0.006314113053484406
-0.06841230649855662
-0.020503191042294824
-0.005362832590746877
-0.020558764264371268
-0.007453243457051678
-0.030169995429821385
-0.0011423310162576067
-0.01803323891634696
-0.003727720191430915
-0.004681813178166491
0.0062083927611585365
-0.0065866295892937805
-0.0030092264208562455
-0.005362832590746877
-0.020581749982619302
-0.002119251420519425
-0.025384333008681537
-0.00957994204506212
-0.01748478921403837
-0.007795841690809772
0.004178641062118855
-0.029412298761476458
-0.006484340846439205
-0.021405765270358364
-0.009639756384954613
-0.01796187352001135
0.005431327058166721
0.006314113053484406
-0.022567615954743766
-0.019733542043387252
-0.014492238575867155
-0.012102887825460864
0.006880374104847619
-0.02855679076626234
-0.004094643163337427
-0.004078188689536806
-0.04920305825149156
-0.019733542043387252
-0.011358503549446607
-0.0115329859176227
-0.025950631515417173
0.00782896542186291
-0.020503191042294824
-0.016121763766211498
-0.007432850196971576
0.002358252142916072
-0.022567615954743766
-0.0007699618174370696
-0.010998155912653886
-0.003727720191430915
-0.010478369312341532
-0.01801217496403297
-0.013071892078790007
-0.028656137049675477
0.0007001277500439475
-0.015269695573378166
-0.009097870345852915
-0.001617227177681817
-0.0025438439640334955
-0.015574944988830785
0.0026621031246421424
-0.030169995429821385
-0.42533609765073405
0.015550557903509492
-0.004094643163337427
-0.09526000693350856
0.006897555054390376
-0.017416578113055997
-0.01861538471476553
0.0029929620627577253
0.009359345437833885
-0.8244536369762226
-0.019936338683745496
-0.009064562924722986
-0.02431894246338689
-0.004385152434402721
-0.03486584364436514
-0.029412298761476458
-0.013650461203926215
-0.0005577368551981483
-0.02597543296244464
0.004178641062118855
-0.015130092437120617
0.011484980431824145
-0.022567615954743766
-0.008735761898906924
-0.00434851914940548
-0.022567615954743766
-0.040364375873789396
-0.007167218074103267
0.007744432144079481
0.005943609142056959
-0.15413365401895682
0.008920664341438888
-0.007978679797112889
-0.007167218074103267
-0.020581749982619302
-0.01989774378699473
-0.017770862507241997
-0.08674334206776076
-0.02375079169219076
0.012825125884595934
-0.013468003080337018
-0.019450568120659106
0.003248032541851258
-0.012103642568225277
-0.007377217906053073
-0.02755604240849341
0.0005923343685374371
-0.014492238575867155
0.00782896542186291
-0.003223378860997755
0.008643502950122063
-0.0065866295892937805
-0.0025351324991094567
-0.06954107380134225
-0.014930917174052219
-0.011040763092553977
-0.017964806809955207
-0.009428354753446992
-0.050735243217887714
-0.0021695835404895326
0.003438631911549075
0.007744432144079481
-0.027643493907606124
-0.03207130660974221
-0.009381085300925225
0.006043537820065722
-0.027643493907606124
-0.0007699618174370696
0.005183879146205582
0.0017164472694462612
-0.011842403240290624
0.006897555054390376
-0.03325240563924332
-0.012102887825460864
-0.017416578113055997
0.007544314300074137
0.006314113053484406
-0.006309334321558297
-0.009275178428578107
-0.007120274620942661
0.01352771796473409
-0.014628057501364316
-0.02178667752843861
0.0075954009439194526
-0.007432850196971576
0.012653836201437207
0.013200993188056747
7.329326183059299e-05
-0.00957994204506212
-0.02597543296244464
-0.003727720191430915
-0.0098544973537792
-0.03046800991613112
0.022115775601271866
-0.014676072610529908
-0.012103642568225277
0.02501006423969309
-0.04243110329927853
-0.22359026018922676
-0.006337387688418407
-0.0005050606294547522
-0.006070143452942824
0.0066224181922362865
-0.019733542043387252
-0.005935391462098997
-9.315995169952685e-07
-1.0706604784547393
-0.020072645961627424
0.009359345437833885
-0.004164152140917573
-0.005371505404786631
-0.004802097802702762
0.011296765333913324
-0.025950631515417173
-0.007167218074103267
-0.050735243217887714
-0.03253510952651714
-4.409529267802875e-05
-0.04920305825149156
-0.019936338683745496
-0.026019417559445097
-0.02001947065333225
-0.029412298761476458
-0.03253510952651714
-0.0011423310162576067
-0.02646158557760281
-0.02050396245825513
-0.008754529080915256
-0.013650461203926215
-0.030406805194087887
-0.006309334321558297
-0.004078188689536806
-0.007377217906053073
-0.012714009643083508
0.022115775601271866
-0.011640296744569208
-0.04243110329927853
-0.00344027138196027
0.00838298071432239
-0.007377217906053073
-0.04220017947945594
0.01308132941068406
-0.020464420167038935
-0.005591865042529479
-0.1357575585967738
-0.015863533541385772
0.0027892223162451573
-0.007432850196971576
-0.008369902110820124
-0.012138332610527148
0.0062083927611585365
-0.01646629107730921
0.013200993188056747
-0.017964806809955207
0.003248032541851258
0.0017073154873624228
0.00782896542186291
0.006043537820065722
-0.009470066000920083
-0.02375079169219076
-0.06506047296846211
-0.012066343286368788
-0.012559312184930168
-0.028385494334730622
-0.017964806809955207
-0.02431894246338689
-0.03207130660974221
-0.0015202568000662834
0.005431327058166721
-0.004164152140917573
-0.02597543296244464
-0.028450941414972654
-1.0706604784547393
-0.016121763766211498
-0.13314714615950946
0.022115775601271866
-0.043122956479912065
-0.015863533541385772
-0.003727720191430915
-0.027643493907606124
-0.016644761369044903
-0.015758307950067087
-0.005385623564345056
-0.01058584839439873
-0.017134079245945115
-0.002052718366737142
-0.012024247328478075
-0.04985487816201462
-0.009275178428578107
0.0005923343685374371
-0.028385494334730622
-0.0030092264208562455
0.012742316761961584
0.006897555054390376
-0.01685222706592064
-0.023132497196657567
-0.05237822349663717
-0.013468003080337018
-0.013185005928519048
-0.020558764264371268
-0.034717564964565205
-0.017770862507241997
-0.05237822349663717
-0.08674334206776076
-0.02178667752843861
0.013417617295084392
-0.02001947065333225
0.0055583260012586405
-0.07109571696086608
-0.024612073311997988
0.007437084127814095
0.007744432144079481
0.008670696803803422
-0.02469798035940712
-0.12045265073342444
0.007544314300074137
0.006043537820065722
-0.030169995429821385
-0.008710767317311017
-0.007924933639852064
0.0029929620627577253
-0.027643493907606124
-0.012181986320102256
0.0017073154873624228
-0.014999487580798743
-0.012559312184930168
0.009181874983389912
-0.015130092437120617
-0.017253148020507463
-0.05917786737012832
0.0029929620627577253
-0.0015659058254087433
-0.010489516016111158
-0.004050475926550485
-0.0022126751603976894
-0.01694920288987724
-0.015758307950067087
-0.01803323891634696
0.013417617295084392
-0.009639756384954613
-0.02431894246338689
-0.005362832590746877
-0.04251228493891085
-0.007453243457051678
-0.03296780286989671
-0.0098544973537792
-0.014492238575867155
-0.007922209299192462
-0.019450568120659106
-0.020751382314467264
-0.011842403240290624
0.02102534978344157
-0.006484340846439205
-0.03046800991613112
-0.028450941414972654
0.010032020820842312
-0.027109952180412112
-0.0025351324991094567
-0.04625761250669021
-0.04985487816201462
-0.03654028599694328
-0.022567615954743766
-0.003727720191430915
-0.016019525110611835
0.003248032541851258
0.009181874983389912
-0.01685222706592064
0.004094655660848488
-0.008710767317311017
-0.001331121672611263
-0.0021695835404895326
-0.0115329859176227
0.004410222583434356
-0.017416578113055997
0.011296765333913324
0.0006833647867608315
-0.02668943430197019
-0.030169995429821385
-0.001617227177681817
-0.0030092264208562455
-0.06841230649855662
-0.016644761369044903
0.006880374104847619
-0.03654028599694328
0.005183879146205582
-0.01951154774977918
-0.017134079245945115
-0.02713078357990695
-0.04243110329927853
0.0075737799505173325
-0.02855679076626234
-0.004094643163337427
-0.000484688195873849
-0.0202742199887066
-0.02646158557760281
-0.22359026018922676
0.003248032541851258
0.018942426142971133
-0.0015659058254087433
-0.0059415484840178645
-0.003223378860997755
-0.009381085300925225
-0.006070143452942824
-0.02597543296244464
-0.015926934515280548
-0.000484688195873849
0.010032020820842312
-0.021196803924089496
-0.03449512915995038
-0.014930917174052219
-0.003949284578658168
-0.0022126751603976894
-0.04251228493891085
0.015550557903509492
-0.019153973738777114
-0.027643493907606124
-0.8244536369762226
-0.003949284578658168
-0.010478369312341532
-0.010939217959732739
-0.0002036723442493193
0.011484980431824145
-0.003223378860997755
-0.05915058299325157
-0.04625761250669021
-0.1357575585967738
-0.013185005928519048
-0.022718241033750766
-0.003727720191430915
0.0045466263539171515
-0.017134079245945115
-0.15413365401895682
-0.013185005928519048
-0.020464420167038935
-0.020751382314467264
-0.011800064037804656
-0.07109571696086608
-0.03544150308836803
0.012653836201437207
-0.009797907553254905
0.0029515264400295465
0.0075737799505173325
0.017505260096465355
-0.0048038776674424145
-0.02166125521543921
-0.028656137049675477
-0.034717564964565205
-0.02110819928627636
-0.011094923447488907
0.0026621031246421424
-0.03486584364436514
-0.012181986320102256
0.010032020820842312
0.0021850453090012443
-0.015125434504259454
-0.003727720191430915
-0.008086494559099695
-0.019966467168362898
-0.013850078954672112
-0.02166125521543921
0.007171109953674342
-0.02855679076626234
-0.04251228493891085
0.016753297954558242
0.007171109953674342
0.018935597047945042
-0.019936338683745496
0.0027892223162451573
-0.003619201012853811
-0.019733542043387252
-0.020464420167038935
-0.02399346354934175
-0.014474875801799753
-0.021405765270358364
0.0031692154915803385
0.006897555054390376
-0.01218384708523547
0.013200993188056747
-0.009064562924722986
0.00838298071432239
-0.007453243457051678
-0.02178667752843861
-0.01807751849906275
0.003438631911549075
0.005183879146205582
-0.030406805194087887
-0.015579771549103661
-0.015125434504259454
-0.002052718366737142
-0.00025883041037384394
-0.007171980917720854
-0.011800064037804656
0.007437084127814095
-0.023394563543409384
0.0045466263539171515
-0.07929395906463582
-0.02882659010928839
-0.007432850196971576
-0.015130092437120617
0.002197238049399896
-0.13314714615950946
-0.012102887825460864
-0.004094643163337427
-0.03325240563924332
-0.01861538471476553
-0.02166125521543921
-0.04251228493891085
-0.0202742199887066
-0.01003880964056585
0.011296765333913324
-0.0193454419588276
-0.0158562051483856
-0.004385152434402721
-0.022319357024264477
-0.009470066000920083
-0.025950631515417173
-0.012138332610527148
-0.000484688195873849
-0.009428354753446992
-0.019450568120659106
-0.022492570227795005
0.007744432144079481
0.014797777642451378
-0.043122956479912065
-0.025950631515417173
-0.013590532708559649
-0.043122956479912065
-0.01861538471476553
0.006314113053484406
-0.017964806809955207
-0.02166125521543921
-0.015574944988830785
-0.01807751849906275
-0.02166125521543921
0.006897555054390376
-0.015269695573378166
-0.12045265073342444
-0.005591865042529479
-0.014474875801799753
-0.04220017947945594
-0.04220017947945594
-4.409529267802875e-05
-0.01951154774977918
0.0009266594277370745
-0.00025883041037384394
0.014797777642451378
-0.05237822349663717
-0.013650461203926215
-0.023394563543409384
-0.01685222706592064
-0.011040763092553977
-0.030169995429821385
-0.028120528749523796
-0.012559312184930168
-0.05237822349663717
0.00838298071432239
-0.01646629107730921
-0.00968639698218745
-0.014676072610529908
0.022115775601271866
-0.01748478921403837
-0.011358503549446607
0.0026621031246421424
-1.0706604784547393
-0.03253510952651714
-0.01748478921403837
0.012742316761961584
-0.022319357024264477
0.0066224181922362865
-0.04985487816201462
-0.0025351324991094567
0.011484980431824145
-0.07929395906463582
0.00838298071432239
0.01352771796473409
-0.05917786737012832
-0.014871548609724141
-0.000484688195873849
-0.0005577368551981483
-0.013590532708559649
-0.000484688195873849
-0.0033868429003256887
-0.01861538471476553
-9.315995169952685e-07
-0.011842403240290624
-0.015125434504259454
-0.018907579800800774
-0.02375079169219076
-0.015333544858888383
0.008165883472760434
0.005224046211270039
0.00838298071432239
-0.003223378860997755
