-0.003313985383209817
-0.003393390623319788
-0.0038555620966397347
0.004107007332347744
-0.0094954124482224
-0.0064810814412733665
-0.011906480186339344
0.006284670430435069
0.00897188854910156
0.006284670430435069
0.003894698536691961
-0.003393390623319788
0.004107007332347744
-0.008390806201480762
-0.005774580459436515
-0.009741319049468119
0.01454576121217722
-0.0013542469924899784
-0.005370157877480502
-0.006810645075560838
0.01454576121217722
-0.01037632421356809
-0.006456971193155679
0.006998128949455365
-0.004917974764984028
0.0016704018053369958
-0.0077872968754575745
-0.0032143255619198887
-0.012172052216378586
-0.002271763187138446
-0.018246715401827898
-0.015583553487563314
0.006998128949455365
-0.00671146384036769
-0.003313985383209817
-0.006050408657764778
0.0009630095192205381
-0.003089545426637923
0.004459224979500304
-0.010283625812335658
-0.022491355294852453
0.006284670430435069
-0.006050408657764778
-0.002717701524938339
-0.007256189051423116
-0.014885836160624062
-0.0009387528730419745
-0.004509115406274311
-0.00671146384036769
-0.014870005644871528
0.0028531211076826693
-0.009018016436241573
-0.0046890130432960244
-0.014866314257539712
-0.015288181697850381
-0.006418230180516259
-0.017393129887185072
-0.007774522643099177
0.0038500375196427604
-0.0003129647085254641
-0.0009387528730419745
-0.013064867076212445
-0.008846444802994917
-0.0028364330758809315
-0.01248637386424353
-0.007900128508655367
-0.006017208132190394
-0.004990225365102476
-0.0031920760666262894
0.0016704018053369958
-0.015288181697850381
-0.012593439527886783
-0.0003624578574526282
-0.008667773485211642
-0.010346736575179294
-0.0035597912778711645
-0.006096926410632813
-0.005193933235003931
0.003894698536691961
0.003832646503018859
-0.014582734359595376
0.004877018772774366
-0.0059398268825846074
-0.0035597912778711645
-0.01248637386424353
-0.0029052368362994874
0.006054819038350842
-0.010869457654944717
0.001120818232747336
-0.005426043877296786
-0.0009387528730419745
-0.00030641448689092403
-0.011504738871355748
-0.0036971343567133866
-0.006457272180083632
-0.019931688403634608
-0.003861405142484458
0.004459224979500304
-0.001197906247724433
0.0028820574461187807
-0.006533954230245173
0.004459224979500304
-0.003861405142484458
-0.014885836160624062
-0.0020840564448056094
-0.0046890130432960244
-0.0009470770189278486
-0.003347543229432351
-0.004990225365102476
-0.005348866915752684
-0.015583553487563314
-0.002271763187138446
-0.004968590673178756
0.001593740443977555
-0.00020193067348699256
-0.00030641448689092403
-0.012928360299541811
-0.0034839718685047774
-0.014718197593920734
-0.006050408657764778
-0.02116575779545546
-0.005879580151182825
-0.00816933871572832
0.0032707170278030917
-0.008331554590081775
-0.007311622500373162
-0.013153025424766833
-0.00814458142616211
0.00513355517595935
-0.008681887980172415
-0.0023117542880027285
0.001400729408576537
0.0019297781562989504
0.004107007332347744
-0.002395197615599545
0.006380580694552233
-0.02046422980681226
0.0019297781562989504
-0.012095893013642679
-0.009158900334903939
-0.0015327026462563277
-0.00203617868390254
-0.002223211596695361
-0.007502056316535345
0.005526432376648393
-0.002306571870665474
-0.009296927291087763
-0.006810645075560838
0.0048448045748863055
0.004107007332347744
-0.009573683941178798
-0.006810645075560838
-0.006418230180516259
-0.006169651886149871
-0.006456971193155679
-0.00795322915879335
-0.008811987117474607
-0.003955142207595637
-0.006096926410632813
-0.00787834685439117
-0.0013542469924899784
-0.015303001133399087
-0.003089545426637923
-0.0035570055757912947
0.006284670430435069
-0.0008027804542680853
-0.007900128508655367
-0.0059398268825846074
0.004459224979500304
-0.0015597413740430141
-0.0045169171585453674
-0.003993377979223957
-0.00442136011567689
-0.005879580151182825
-0.01037632421356809
-0.005937671020621681
-0.002718053906580361
0.0007840238908277398
-0.01742668669578444
-0.012095893013642679
0.0009128626068681479
-0.012095893013642679
-0.002306571870665474
-0.0008082362955487555
-0.0084303453700114
-0.0049626197293677725
0.003832646503018859
-0.006989683354533159
-0.005879580151182825
-0.0032599971383273744
-0.011142812118475561
-0.009741319049468119
0.0017465613507641844
-0.0035331555402934095
-0.0020840564448056094
-0.00891556455737967
-0.0046994358029122316
-0.0013542469924899784
-0.012423877501135733
-0.009018016436241573
-0.017393129887185072
-0.005102058865967856
-0.01674748989547373
-0.003077042747235317
-0.015303001133399087
-0.006157567523684177
0.00513355517595935
-0.002717701524938339
-0.009158900334903939
0.006998128949455365
0.0032707170278030917
0.00802864467450659
-0.0034839718685047774
-0.011322167303997342
-0.0014103663315702126
0.0016704018053369958
-0.002223211596695361
0.0032707170278030917
-0.007311622500373162
-0.01037632421356809
-0.012413143203112416
-0.005363114786475674
-0.006767219713330735
0.0023316371398212003
-0.007502056316535345
-0.00816933871572832
0.0017465613507641844
-0.003993377979223957
0.002110817415352846
-0.006252932127875845
-0.006891440737920357
-0.015303001133399087
-0.011910713632551431
-0.006581996534329504
-0.001334417367519447
0.002168724553474191
-0.010571355325799307
-0.003955142207595637
0.005526432376648393
-0.011701876757419832
-0.0077872968754575745
0.0060815732775975385
-0.006581996534329504
-0.001197906247724433
-0.014870005644871528
-0.00765355901477386
-0.014870005644871528
-0.00282847273440891
-0.008331554590081775
-0.009158900334903939
-0.009018016436241573
-0.0021677379061573465
-0.014885836160624062
-0.014401312494621087
-0.0016517396276028138
0.01174778742510071
-0.007143765332980491
-0.0008027804542680853
-0.002223211596695361
-0.014582734359595376
-0.0046890130432960244
-0.006050408657764778
-0.006252932127875845
-0.0003129647085254641
-0.0033846021619508026
-0.011910713632551431
-0.005372638433679284
-0.008390806201480762
-0.007311622500373162
-0.0034839718685047774
-0.006211151606196875
-0.006810645075560838
-0.0010885298467592074
-0.007041632223680331
-0.005879580151182825
-0.0032599971383273744
-0.0034839718685047774
-0.0064810814412733665
-0.004990225365102476
-0.0045169171585453674
0.0025982625013905468
0.0005916263708308365
-0.014885355428364612
0.0045111667653583536
-0.003993377979223957
-0.005867427375490231
-0.0046747322021421555
-0.007041632223680331
-0.0003624578574526282
-0.001334417367519447
-0.006252932127875845
-0.014399820822539247
-0.011910713632551431
-0.016398538375214152
-0.007900128508655367
-0.008667773485211642
-0.009357416038792867
0.0011270117702395228
0.005236625159755246
-0.014718197593920734
0.009745910751899858
-0.0010075504772592571
-0.009018016436241573
-0.00020193067348699256
0.0060815732775975385
-0.004172165435827397
-0.02116575779545546
-0.010346736575179294
0.01454576121217722
-0.006096926410632813
-0.006457272180083632
-0.016398538375214152
0.003894698536691961
-0.007502056316535345
-0.014589077246810685
0.001120818232747336
0.0020115863777839926
-0.0018776314130656102
-0.009296927291087763
-0.005372638433679284
-0.001334417367519447
-0.013309815860160869
-0.006581996534329504
-0.013309815860160869
-0.022491355294852453
-0.012095893013642679
-0.0035570055757912947
-0.0008082362955487555
-0.006252932127875845
-8.347284336309301e-05
-0.0014103663315702126
-0.01037632421356809
0.003264499517249669
-0.02116575779545546
-0.010283625812335658
-0.014885355428364612
-0.009573683941178798
-0.00671146384036769
-0.003381412572974884
-0.004172165435827397
-0.005372638433679284
-0.0014103663315702126
0.0007822580512421826
-0.004438047197417655
0.006284670430435069
-0.008681887980172415
0.005236625159755246
-0.0011494200941165593
0.005526432376648393
-0.004968590673178756
-0.0084303453700114
-0.01402652848399115
-0.008811987117474607
-0.010571355325799307
-0.006810645075560838
-0.013337004635562841
-0.006211151606196875
-0.012593439527886783
-0.002655303322361031
0.005348483270392598
-0.006890098882835678
0.00012231339185744626
-0.0020666072964788725
-0.006581996534329504
-0.004466222423072387
-0.011910713632551431
0.0025982625013905468
0.0024135431933236867
-0.0046994358029122316
-0.014582734359595376
-0.004917974764984028
-0.006581996534329504
-0.014399820822539247
-0.010869457654944717
-8.347284336309301e-05
-0.0020666072964788725
-0.00814458142616211
-0.0009387528730419745
-0.022491355294852453
0.0016704018053369958
0.005526432376648393
-0.003077042747235317
-0.002271763187138446
-0.010869457654944717
-0.001334417367519447
-0.01232097634330316
-0.0028364330758809315
-0.011906480186339344
-0.005867427375490231
-0.005774580459436515
-0.003861405142484458
-0.0018776314130656102
0.0019297781562989504
-0.0011494200941165593
-0.005774580459436515
-0.002718053906580361
-0.005426043877296786
-0.007774522643099177
0.001400729408576537
-0.0049626197293677725
0.0043842912063955545
0.0048448045748863055
-0.009158900334903939
0.0019297781562989504
0.002168724553474191
-0.004438047197417655
-8.347284336309301e-05
-0.008398826847021272
-0.005774580459436515
0.0005916263708308365
-0.012172052216378586
-0.006216250166063169
-0.003993377979223957
-0.002271763187138446
-0.013717354510235334
-0.0035570055757912947
-0.0059398268825846074
-0.00816933871572832
0.0031253622044662157
-0.007502056316535345
-0.010452698835842789
-0.005102058865967856
-0.0077872968754575745
-0.007900128508655367
0.001846124754251644
0.002110817415352846
-0.012172052216378586
0.0038500375196427604
-0.0094954124482224
-0.012423877501135733
0.006380580694552233
-0.01138388653723004
0.0024135431933236867
-0.015583553487563314
-0.008331554590081775
0.006054819038350842
-0.004438047197417655
-0.014870005644871528
-0.00891556455737967
-0.008390806201480762
-0.011412403124909366
-0.0031920760666262894
0.0024135431933236867
-0.0016517396276028138
0.0023316371398212003
-0.010283625812335658
-0.0024417450184807447
-0.003347543229432351
-0.003347543229432351
0.0028531211076826693
-0.007502056316535345
-0.010283625812335658
0.005526432376648393
-0.008811987117474607
-0.00282847273440891
-0.011412403124909366
-0.014866314257539712
-0.00282847273440891
0.0023316371398212003
-0.0010885298467592074
-0.01742668669578444
-0.006073974756599558
0.0011270117702395228
0.0004819760016536246
-0.004262654988798937
0.01174778742510071
-0.002293014924418892
0.0025982625013905468
-0.006418230180516259
0.00802864467450659
-0.007900128508655367
-0.005102058865967856
-0.0032599971383273744
-0.012095893013642679
0.01057180535267031
-0.0094954124482224
-0.008667773485211642
0.00012231339185744626
-0.006456971193155679
-0.003077042747235317
-0.00442136011567689
-0.0018776314130656102
-0.0046994358029122316
-0.0024417450184807447
0.0045111667653583536
-0.0077872968754575745
-0.014866314257539712
-0.0035570055757912947
0.004007312874045003
-0.0008082362955487555
-0.004968590673178756
-0.0035597912778711645
0.0024135431933236867
-0.01402652848399115
-0.0034273733850903472
0.002168724553474191
-0.0035597912778711645
-0.011504738871355748
-0.005127532996215893
-0.006533954230245173
-0.009018016436241573
-0.013309815860160869
-0.001334417367519447
-0.018080439639781738
-0.005348866915752684
-0.007900128508655367
-0.002717701524938339
-0.004618083481191331
-0.0038555620966397347
-0.004968590673178756
0.002110817415352846
0.00897188854910156
-0.0011494200941165593
-0.014841106535108789
-0.004825248195267281
-0.01402652848399115
-0.00891556455737967
-0.00282847273440891
-0.0035597912778711645
-0.0036659565719683973
-0.005130366662750471
-0.001197906247724433
-0.0038555620966397347
-0.011008293278686031
-0.013717354510235334
-0.0046747322021421555
0.0009128626068681479
0.00802864467450659
-0.007502056316535345
-0.0025124206251413705
-0.006810645075560838
-0.011701876757419832
-0.004968590673178756
0.006380580694552233
-0.0011494200941165593
-0.006456971193155679
-0.003497443281715532
-0.010283625812335658
-0.003497443281715532
0.0004039817914955676
-0.0009137444697597162
-0.00442136011567689
-0.007502056316535345
0.0025982625013905468
-0.0032599971383273744
-0.0032365157135355108
0.004459224979500304
-0.005363114786475674
-0.004990225365102476
0.0060815732775975385
-0.013153025424766833
-0.012697585649969026
-0.012697585649969026
0.001120818232747336
-0.014718197593920734
-0.012095893013642679
-0.003861405142484458
-0.005193933235003931
0.006054819038350842
-0.002271763187138446
-0.01255371165637349
-0.004968590673178756
-0.01248637386424353
-0.0013542469924899784
-0.011504738871355748
-0.013309815860160869
0.001547612708243697
0.0032707170278030917
-0.004466222423072387
-0.009414353159901141
-0.005363114786475674
0.00012231339185744626
-0.006810645075560838
-0.010283625812335658
-0.005426043877296786
-0.006017208132190394
0.0009630095192205381
-0.010188017476905733
-0.0036971343567133866
0.004459224979500304
-0.006252932127875845
-0.018080439639781738
-0.013153025424766833
0.006054819038350842
-0.0032599971383273744
-0.0015597413740430141
-0.00030641448689092403
-0.02116575779545546
-0.0009387528730419745
-0.005363114786475674
-0.0028364330758809315
-0.011446468917227202
0.005236625159755246
-0.012172052216378586
-0.010283625812335658
-0.0038555620966397347
-0.008148683256161332
-0.014399820822539247
0.003264499517249669
0.0005916263708308365
0.0004039817914955676
-0.010056077447434258
-0.009741319049468119
-0.010056077447434258
-0.004917974764984028
-0.009223273485773165
-0.0011494200941165593
-0.002718053906580361
-0.011142812118475561
-0.0016517396276028138
0.002110817415352846
0.0032707170278030917
0.004459224979500304
0.00802864467450659
0.0043842912063955545
0.0028820574461187807
0.00513355517595935
-0.00787834685439117
-0.010095335801651725
0.0031253622044662157
-0.006376026600629513
0.0043842912063955545
0.008610684503687028
-0.0010075504772592571
-0.007774522643099177
-0.006890098882835678
-0.016596743416008374
-0.015288181697850381
-0.0045169171585453674
-0.010878579168416882
0.01057180535267031
-0.014866314257539712
-0.0035570055757912947
0.0016704018053369958
-0.014885355428364612
-0.011910713632551431
-0.0003129647085254641
-0.007143765332980491
-0.006157567523684177
-0.003347543229432351
0.0048448045748863055
-0.006832132606216991
-0.003077042747235317
-0.002718053906580361
-0.004990225365102476
-0.010346736575179294
-0.008331554590081775
0.001547612708243697
0.0019297781562989504
0.0025982625013905468
-0.0038555620966397347
-0.00847615826080844
-0.006581996534329504
-0.013577458795197356
-0.007502162618593013
-0.012752816633939823
-0.006017208132190394
-0.007311622500373162
-0.0064810814412733665
-0.003497443281715532
-0.003955142207595637
-0.012423877501135733
-0.0032365157135355108
-0.012928360299541811
-0.006533954230245173
-0.006050408657764778
0.01057180535267031
-0.00814458142616211
-0.0023117542880027285
-0.005370157877480502
0.006998128949455365
-0.0015597413740430141
-0.012423877501135733
-0.0013542469924899784
-0.0084303453700114
0.0019297781562989504
-0.006767219713330735
-0.0009137444697597162
-0.0013542469924899784
0.0005916263708308365
-0.01255371165637349
-0.0035570055757912947
0.0009630095192205381
0.0005916263708308365
-0.0011494200941165593
-0.014870005644871528
-0.004790176855306089
0.01057180535267031
-0.0016517396276028138
-0.014401312494621087
-0.006073974756599558
0.004459224979500304
0.001400729408576537
-0.004968590673178756
-0.007816381689307582
-0.006456971193155679
0.003832646503018859
-0.002655303322361031
-0.0013542469924899784
-0.010283625812335658
-0.006164081085163074
-0.0094954124482224
-0.01255371165637349
0.0004039817914955676
-0.0003624578574526282
0.00012231339185744626
-0.0046994358029122316
0.00513355517595935
0.005348483270392598
-8.347284336309301e-05
0.0032707170278030917
-0.006810645075560838
-0.009414353159901141
0.0032707170278030917
-0.009358495514075615
-0.00442136011567689
-0.010283625812335658
-0.007143765332980491
-0.005426043877296786
-0.014582734359595376
-0.008811987117474607
-0.004618083481191331
-0.00020193067348699256
-0.004990225365102476
0.0043842912063955545
-0.00020193067348699256
0.0011270117702395228
-0.0032143255619198887
-0.011008293278686031
0.0024135431933236867
-0.0049979018264201805
-0.007386471165005469
-0.011504738871355748
0.0016704018053369958
-0.014885836160624062
-0.0003624578574526282
-0.014885355428364612
0.0031253622044662157
-0.0016517396276028138
-0.009464394581570425
0.009745910751899858
-0.00787834685439117
0.004877018772774366
-0.012423877501135733
-0.007386471165005469
0.007178070726974549
-0.008764516423203115
0.0002517200996990155
-0.010571355325799307
-0.0028530432987653592
-0.014582734359595376
0.01174778742510071
-0.01255371165637349
-0.008398826847021272
-0.009357416038792867
-0.007311622500373162
-0.005937671020621681
-0.011841211934566555
-0.009414353159901141
0.00012231339185744626
0.0023316371398212003
-0.0015245434507141727
-0.011446468917227202
-0.006989683354533159
-0.007256189051423116
-0.012423877501135733
-0.003393390623319788
-0.006581996534329504
-0.0018776314130656102
-0.011910713632551431
0.0004039817914955676
-0.0034273733850903472
-8.347284336309301e-05
-0.0046994358029122316
-0.015303001133399087
-0.005363114786475674
0.0009128626068681479
-0.003497443281715532
0.0028531211076826693
-0.003393390623319788
-0.0010489707592472414
0.001547612708243697
-0.004618083481191331
-0.008846444802994917
-0.0035570055757912947
-0.003089545426637923
-0.004438047197417655
-0.011504738871355748
-0.006890098882835678
-0.011841211934566555
0.006284670430435069
-0.011322167303997342
0.0023316371398212003
-0.0005161995905374838
0.007178070726974549
-0.009158900334903939
0.006284670430435069
-0.012423877501135733
-0.0028530432987653592
-0.011504738871355748
-0.003497443281715532
-0.0031920760666262894
-0.019931688403634608
-0.0048291269956369865
-0.006989683354533159
-0.00787834685439117
0.0045111667653583536
-0.016398538375214152
-0.006164081085163074
-0.009296927291087763
-0.0003129647085254641
0.001547612708243697
0.001846124754251644
-0.006890098882835678
-0.011008293278686031
-0.0059398268825846074
-0.008376339092163445
-0.013337004635562841
-0.006533954230245173
-0.003861428003519659
0.0032707170278030917
-0.005348866915752684
-0.003993377979223957
-0.01138388653723004
-0.003861405142484458
0.009745910751899858
-0.003347543229432351
-0.0016517396276028138
-0.0015327026462563277
0.007178070726974549
-0.01248637386424353
0.0009128626068681479
-0.00858774961029103
0.0025982625013905468
-0.010452698835842789
-0.015303001133399087
-0.0015597413740430141
-0.005372638433679284
0.003894698536691961
-0.003077042747235317
-0.012928360299541811
-0.00765355901477386
-0.003497443281715532
-0.006810645075560838
0.0045111667653583536
-0.008148683256161332
0.006998128949455365
-0.004172165435827397
-0.0049979018264201805
0.0019297781562989504
-0.003089545426637923
-0.005372638433679284
-0.0034839718685047774
-0.0010075504772592571
-0.009223273485773165
-0.0034273733850903472
-0.004172165435827397
0.0004039817914955676
-0.010095335801651725
0.00513355517595935
-0.009414353159901141
0.00802864467450659
-0.002271763187138446
-0.0031920760666262894
0.0009128626068681479
0.0024135431933236867
-0.0034839718685047774
-0.012697585649969026
-0.0015327026462563277
-0.002718053906580361
0.0007840238908277398
-0.012697585649969026
-0.011142812118475561
-0.007816381689307582
-0.0027983027303256883
0.0007840238908277398
-0.009464394581570425
-0.013064867076212445
-0.004968590673178756
-0.005937671020621681
-0.005774580459436515
-0.003313985383209817
-0.015303001133399087
-0.004262654988798937
-0.0023117542880027285
-0.012593439527886783
-0.006418230180516259
-0.009464394581570425
0.001120818232747336
-0.0033846021619508026
-0.00795322915879335
0.00012231339185744626
-0.009741319049468119
-0.006252932127875845
-0.003993377979223957
0.004007849716527849
-0.005372638433679284
-0.006485101576845927
-0.003993377979223957
-0.004968590673178756
-0.003861428003519659
-0.003497443281715532
-0.003861405142484458
0.0007840238908277398
-0.0010885298467592074
-0.0008082362955487555
-0.007816381689307582
-0.005937671020621681
-0.007900128508655367
-0.002395197615599545
-0.012413143203112416
-0.006485101576845927
-0.00020193067348699256
0.006380580694552233
-0.008667773485211642
-0.006376026600629513
-0.006767219713330735
-0.0036659565719683973
-0.006096926410632813
-0.006418230180516259
0.001846124754251644
-0.006096926410632813
0.0009630095192205381
-0.010878579168416882
0.006998128949455365
-0.00814458142616211
0.0007840238908277398
-0.008398826847021272
-0.01674748989547373
-0.0021677379061573465
0.008610684503687028
-0.002306571870665474
-0.0010489707592472414
-0.02046422980681226
-0.0008027804542680853
-0.006164081085163074
-0.0038555620966397347
-0.004262654988798937
-0.012752816633939823
-0.013717354510235334
-0.006216250166063169
-0.003955142207595637
0.001593740443977555
-0.0027983027303256883
0.006380580694552233
-0.014866314257539712
-0.0009470770189278486
-0.0006640511561838379
-0.009741319049468119
-0.00671146384036769
-0.0059398268825846074
-0.0049979018264201805
-0.010878579168416882
-0.0058360925218670446
0.0005916263708308365
0.0045111667653583536
-0.008376339092163445
-0.003955142207595637
-0.0015327026462563277
-0.0094954124482224
-0.008376339092163445
0.0004819760016536246
-0.0032599971383273744
-0.016398538375214152
-0.004904625224693032
-0.0084303453700114
-0.011504738871355748
-0.006050408657764778
-0.014866314257539712
-0.009358495514075615
-0.010095335801651725
0.001400729408576537
-0.003347543229432351
-0.0058360925218670446
-0.0036659565719683973
-0.012095893013642679
-0.0034839718685047774
-0.0020666072964788725
-0.013309815860160869
-0.002655303322361031
-0.008398826847021272
-0.0013542469924899784
0.0028531211076826693
-0.01674748989547373
-0.007502056316535345
-0.01402652848399115
-0.00847615826080844
-0.008811987117474607
-0.0010489707592472414
-0.008331554590081775
-0.009464394581570425
-0.0008027804542680853
0.00012231339185744626
-0.003347543229432351
0.01174778742510071
-0.010388776325005485
-0.003381412572974884
-0.006832132606216991
-0.0049626197293677725
-0.003089545426637923
