0.011910436084159181
-0.001859134234699194
0.0046124928688876955
0.0021275233132645585
-0.00029253553314270237
0.0013935772680927295
0.005901027822335928
0.0013935772680927295
-0.004845832736951471
-0.00029253553314270237
-0.004651504569952735
-0.00896642886835359
0.00264756593488379
-0.004983127989253772
-0.001890686034182606
-0.006189967400571112
-0.0026956283998983304
-0.005425601273702156
0.0058843653604379745
-0.015978751002458463
0.007554139935468834
-0.0075042454290109445
-0.011560972086366245
-0.00237929344151764
-0.004486101714479001
0.001047526744057401
-0.010403094441585185
-0.011275429820322796
-0.002537369736843606
0.0021396468415072756
0.005542050741897504
-0.009762453136311473
0.002015685917667801
0.018288113563888986
-0.006637737390654179
-0.007387097127434248
0.003355042932019244
0.0021396468415072756
0.0013935772680927295
-0.015640099566901395
-0.00029253553314270237
-0.0076862303270025635
0.010282167671690174
0.004544270152483365
-0.0031943476053371248
0.0015209753554590458
0.002015685917667801
-0.006977754316026575
-0.004651504569952735
-0.001859134234699194
-0.007048108818201436
-0.005881886017645996
-0.009402524961746362
-0.00012221719026829573
-0.019978450396479518
-0.007791375397807918
-0.007965356217930718
-0.007083145424469245
-0.007393718907210262
-0.006839346096179218
-0.001890686034182606
-0.006727708851467524
-0.019978450396479518
0.0021396468415072756
-0.006326635153132846
-0.00029253553314270237
-0.001553131104479856
-0.002705658467581672
-0.006768395081220828
0.0028043539867238596
0.007034151745692057
-0.0026956283998983304
-0.0009389316082823469
-0.006637737390654179
0.0021396468415072756
-0.0038584383253017613
-0.011275429820322796
0.0007530467864443914
-0.0011487441546599371
-0.0076862303270025635
-0.0075042454290109445
0.0024537591117977484
-0.0019097376393636247
-0.0076862303270025635
-0.005492537185864755
-0.007387097127434248
-0.001980531929522598
0.018288113563888986
-0.0034134405638332104
-0.0006520332469478776
0.0015209753554590458
-0.003903869625561642
-0.0054596673539438695
-0.00237929344151764
-0.005425601273702156
0.002015685917667801
-0.004651504569952735
-0.0014761235310171326
0.001047526744057401
-0.0022778192645175332
-0.009402524961746362
-0.006751398834438039
-0.00024375721963332904
0.013120514550876806
-0.0030413024806778288
0.007034151745692057
-0.0023669749221997983
-0.002705658467581672
-0.0030413024806778288
-0.005286820258892591
-0.003956897056016001
-0.016659980266060963
-0.01169832354538789
-0.007393718907210262
-0.019978450396479518
-0.007083145424469245
0.0
-0.0019097376393636247
-0.013151874316277042
-0.0009389316082823469
-0.004990157057255864
-0.009402524961746362
0.0005853410086312946
-0.005484373996605205
0.0010638919930862313
-0.0031943476053371248
0.005901027822335928
0.007554139935468834
-0.003956897056016001
-0.019978450396479518
0.0027045507841006633
-0.007681864808316396
-0.001980531929522598
-0.019917493651386925
-0.0038584383253017613
-0.0019097376393636247
0.007034151745692057
-0.0076862303270025635
-0.005630359569124386
0.0010638919930862313
0.0015209753554590458
-0.0022778192645175332
-0.006977754316026575
-0.0007195269834122725
-0.008057597420060287
-0.007393718907210262
-0.010403094441585185
-0.010568867305959089
-0.005425601273702156
-0.009997776588259066
0.0009659860037522659
0.0028043539867238596
0.005191901219834827
0.0009810040493881966
-0.006977754316026575
0.0
-0.012535064572310023
-0.013115133075862918
-0.008554615207589626
-0.0003392274581526874
-0.013151874316277042
0.012045942616182272
-0.011611756638902338
-0.0023669749221997983
-0.0033877514934332453
0.005542050741897504
-0.011611756638902338
-0.006349752140092744
0.0008597654036432971
-0.0113514705802029
-0.009762453136311473
-0.009459427125241936
-0.011611756638902338
-0.014169439365517027
0.0038721341436719126
0.005542050741897504
0.0007530467864443914
-0.009997776588259066
-0.0048244452841994965
-0.0075042454290109445
-0.0013736152516604582
-0.005881886017645996
0.013120514550876806
-0.006349752140092744
-5.234346249619115e-05
-0.008352507674128696
-0.005495632281828561
-0.006189967400571112
-0.0014761235310171326
-0.005539297507065613
0.0012069742569135757
0.0027045507841006633
0.005191901219834827
-0.004990157057255864
-0.005286820258892591
-0.002705658467581672
-0.00012221719026829573
0.007554139935468834
-0.006637737390654179
-0.008554615207589626
-0.004990157057255864
0.002015685917667801
-0.005484373996605205
-0.0019097376393636247
-0.006189967400571112
0.005191901219834827
-0.007393718907210262
-0.002705658467581672
-0.0035528376378594875
-0.009408012456049284
-0.001793862187599715
-0.011869230221546071
0.007554139935468834
-0.0023669749221997983
-0.018766924078975834
-0.008097621532521578
-0.019917493651386925
0.005617869941259078
-0.0054596673539438695
-0.008592178496284136
0.0006581712216198859
-0.0076862303270025635
-0.00012221719026829573
-0.0009673887185424353
-0.012535064572310023
-0.0017995244071662146
-0.0037407045685937156
-0.011275429820322796
-0.011275429820322796
-0.006839346096179218
0.0009810040493881966
-0.011611756638902338
-0.008592178496284136
0.0021275233132645585
-0.003956394214464721
0.013120514550876806
-0.0033877514934332453
0.0027045507841006633
-0.00896642886835359
0.0013935772680927295
-0.015640099566901395
-0.005484373996605205
-0.0009389316082823469
-0.0113514705802029
-0.00896642886835359
-0.0031943476053371248
-0.0031943476053371248
0.005191901219834827
-0.004386631936693406
0.010282167671690174
-0.019917493651386925
-0.004990157057255864
-0.006768395081220828
0.005462972214676696
-0.009997776588259066
0.0009810040493881966
0.004544270152483365
0.0058843653604379745
0.0024537591117977484
-0.011726209843039372
-0.008554615207589626
-0.005703561007670699
-0.004486101714479001
-0.005492537185864755
0.0007530467864443914
-0.0023669749221997983
-0.005881886017645996
-0.00830404814008269
-0.006637737390654179
-0.008010380194755654
-0.0038584383253017613
-0.01169832354538789
-0.004651504569952735
-0.0037507910781518538
0.003355042932019244
-0.001758702247391849
-0.012535064572310023
0.0006442736182644851
-0.0070020101446820774
-0.006776982677825513
-0.004486101714479001
-0.0031943476053371248
0.005688257765935582
0.011910436084159181
-0.0019097376393636247
0.0015209753554590458
-0.001980531929522598
0.0015209753554590458
0.005542050741897504
-0.0007218043877248654
-0.0010175075575956719
-0.00896642886835359
-0.004701362683856895
-0.005495632281828561
-0.006776982677825513
-0.010731324048957658
-0.008554615207589626
-0.005425601273702156
-0.0037507910781518538
0.0006581712216198859
-0.00830404814008269
-0.003154035135391846
0.005191901219834827
-0.008592178496284136
0.004544270152483365
0.0006581712216198859
-0.003154035135391846
-0.0009673887185424353
-0.0023669749221997983
-0.004476273292502994
-0.0030413024806778288
-0.00012221719026829573
0.001047526744057401
0.0006442736182644851
-0.0017995244071662146
0.0015209753554590458
0.0058843653604379745
-0.004701362683856895
0.001047526744057401
-0.0031943476053371248
-0.0054596673539438695
-0.007393718907210262
-0.005539297507065613
-0.006326635153132846
-0.004701362683856895
-0.008097621532521578
-0.0022778192645175332
-0.0023669749221997983
-0.0007195269834122725
-0.0003392274581526874
0.015507146310030494
0.011910436084159181
-0.006349752140092744
-0.004809331883171448
-0.0011487441546599371
-0.004845832736951471
-0.0038551186099208485
-5.234346249619115e-05
-0.008592178496284136
-0.008476119726967074
-0.0037507910781518538
-0.005492537185864755
-0.007681864808316396
-0.010568867305959089
-0.001980531929522598
-0.005492537185864755
-0.007681864808316396
0.0005853410086312946
0.00264756593488379
-0.00012221719026829573
-0.00896642886835359
-0.00830404814008269
-0.008010380194755654
0.0013935772680927295
-0.003154035135391846
-0.018766924078975834
0.015507146310030494
-0.00896642886835359
0.0058843653604379745
0.0058843653604379745
-0.002909441686669162
-0.001793862187599715
-0.00237929344151764
0.0010638919930862313
-0.0075042454290109445
0.005542050741897504
-0.0014761235310171326
-0.015919793582453125
0.00012524561715149783
-0.004386631936693406
0.007554139935468834
-0.004845832736951471
0.0058843653604379745
0.018288113563888986
-0.004845832736951471
-0.001793862187599715
0.0007530467864443914
-0.007681864808316396
-0.0014761235310171326
-0.0009673887185424353
0.004544270152483365
-0.01169832354538789
0.0008597654036432971
-0.0054596673539438695
0.0004945996469144639
-0.006839346096179218
-0.0075042454290109445
0.0021396468415072756
-0.00012221719026829573
0.0009659860037522659
-0.003956897056016001
-0.00012221719026829573
-0.0010175075575956719
-0.005484373996605205
0.00264756593488379
-0.009408012456049284
-0.008010380194755654
-0.0015379316537363135
-0.003938560191073603
-0.0007195269834122725
-0.0010175075575956719
-0.007083145424469245
-0.006727708851467524
-0.014169439365517027
-2.9838963297130925e-06
-0.006326635153132846
-0.00237929344151764
-0.007791375397807918
0.0058843653604379745
-0.0048244452841994965
0.0009810040493881966
-0.008010380194755654
-0.005703561007670699
-0.008592178496284136
-0.0037507910781518538
0.0027045507841006633
-0.007387097127434248
-0.004486101714479001
-0.001553131104479856
0.0058843653604379745
-2.9838963297130925e-06
-0.0032862264268845587
-0.0017995244071662146
-0.0031943476053371248
-0.0015379316537363135
-0.0015379316537363135
-0.008106356450524559
0.0015209753554590458
-0.002718785875615159
0.011910436084159181
0.0021275233132645585
-0.012535064572310023
-0.0007195269834122725
0.0006442736182644851
-0.005881886017645996
-0.00237929344151764
-0.0048244452841994965
-0.010647536012853051
-0.0038551186099208485
-0.00237929344151764
-0.013115133075862918
-0.001859134234699194
-0.002718785875615159
0.0021275233132645585
-0.010647536012853051
-0.006839346096179218
-0.0054596673539438695
-0.003956394214464721
-0.003903869625561642
-0.0009389316082823469
-0.0022474200224109446
-0.001980531929522598
-0.008352507674128696
-0.005630359569124386
-0.00029253553314270237
0.0006581712216198859
-0.002718785875615159
0.007554139935468834
-0.008057597420060287
0.0012069742569135757
-0.005495632281828561
9.30771473128683e-05
-0.004983127989253772
-0.004845832736951471
-0.006977754316026575
-0.003956897056016001
-0.019978450396479518
-0.019917493651386925
-0.0014761235310171326
-0.004651504569952735
-0.0038551186099208485
0.00264756593488379
-0.007600069612896723
0.005901027822335928
-0.01619530995998375
-0.010731324048957658
-0.0031943476053371248
-0.0048244452841994965
-0.001980531929522598
0.0010638919930862313
-0.004386631936693406
-0.008352507674128696
0.012045942616182272
-0.004651504569952735
0.0
-0.009408012456049284
-0.004386631936693406
-0.00024375721963332904
-0.00012221719026829573
-0.013115133075862918
-0.0024852847881333753
-0.008106356450524559
-0.007393718907210262
-0.007965356217930718
0.005191901219834827
-0.004651504569952735
-0.009762453136311473
-0.019978450396479518
-0.009459427125241936
-0.00012221719026829573
-0.0048244452841994965
-0.004983127989253772
0.013120514550876806
-0.005539297507065613
-0.0006520332469478776
-0.007048108818201436
-0.003956394214464721
0.00264756593488379
-0.015640099566901395
-0.002545968439590239
-0.001553131104479856
-0.0048244452841994965
-0.006326635153132846
-0.00237929344151764
-0.011726209843039372
-0.002545968439590239
0.004385006839791196
0.018288113563888986
-0.005793490657465382
-0.001859134234699194
-0.010647536012853051
-0.0006520332469478776
-0.00037313183760015353
-0.005630359569124386
0.007554139935468834
0.00264756593488379
-0.00896642886835359
0.013120514550876806
0.0046124928688876955
-0.0030413024806778288
-0.004701362683856895
0.004544270152483365
0.012045942616182272
-0.010568867305959089
0.0058843653604379745
-0.006349752140092744
-0.008352507674128696
-0.0019097376393636247
-0.00012221719026829573
0.0010638919930862313
-0.002718785875615159
-0.005095918332413526
-0.0070020101446820774
-0.00029253553314270237
-0.009402524961746362
-0.001890686034182606
0.004385006839791196
-0.018766924078975834
0.005688257765935582
0.005542050741897504
-0.0014761235310171326
-0.007681864808316396
-0.0076862303270025635
-0.0015379316537363135
-0.0075042454290109445
-0.005793490657465382
0.0021275233132645585
0.0021275233132645585
0.018288113563888986
-0.008106356450524559
-0.006637737390654179
-0.005484373996605205
-0.009408012456049284
-0.00037313183760015353
-0.009408012456049284
0.0006581712216198859
-0.013115133075862918
-0.009402524961746362
-0.0075042454290109445
0.0038721341436719126
-0.001980531929522598
0.0009810040493881966
0.0010638919930862313
-0.0113514705802029
-0.002545968439590239
-0.006637737390654179
-0.004649696577054583
-0.0076862303270025635
-0.011611756638902338
-0.005095918332413526
0.0009810040493881966
-0.006751398834438039
0.005688257765935582
-0.00024375721963332904
-0.006637737390654179
-0.002537369736843606
-0.006727708851467524
-0.002705658467581672
0.004385006839791196
0.0024537591117977484
-0.002083867635544228
-0.00237929344151764
-0.0007218043877248654
0.005617869941259078
-0.0017995244071662146
-0.011726209843039372
-0.008554615207589626
-0.0035528376378594875
-0.003938560191073603
-2.9838963297130925e-06
0.005462972214676696
0.0046124928688876955
0.0009810040493881966
-0.00830404814008269
-0.004845832736951471
-0.0013736152516604582
-0.0009673887185424353
-0.0011487441546599371
0.0015209753554590458
-0.011560972086366245
0.005688257765935582
-0.006751398834438039
-0.003903869625561642
-0.009408012456049284
-0.0031943476053371248
0.00034486575252337323
-0.012334143741074161
-0.003956394214464721
-0.00012221719026829573
-0.006326635153132846
-0.0022778192645175332
-0.0014761235310171326
-0.007387097127434248
-0.002083867635544228
-0.015978751002458463
0.0027045507841006633
-0.00237929344151764
-0.005539297507065613
-0.00830404814008269
-0.012535064572310023
-0.013151874316277042
0.00034486575252337323
-0.0038584383253017613
-0.0010175075575956719
0.0028043539867238596
-0.010731324048957658
-0.004386631936693406
-0.0070020101446820774
-0.00029253553314270237
-0.005484373996605205
-0.006349752140092744
-0.004386631936693406
-0.0010175075575956719
-0.012334143741074161
-0.007965356217930718
0.00012524561715149783
-0.008476119726967074
-0.011726209843039372
-0.0113514705802029
-0.005793490657465382
0.013120514550876806
-0.007048108818201436
0.0038721341436719126
-0.015919793582453125
-0.005286820258892591
0.007554139935468834
-0.00237929344151764
-0.0017995244071662146
-0.005492537185864755
-0.0048244452841994965
0.011910436084159181
-0.0010175075575956719
0.0007530467864443914
-0.0072874743236957034
-0.006768395081220828
0.0019795349185372543
0.0007530467864443914
-0.019917493651386925
-0.0026956283998983304
0.0004945996469144639
0.0004945996469144639
-0.006189967400571112
-0.007393718907210262
0.0058843653604379745
0.0027045507841006633
-0.008057597420060287
-0.002537369736843606
-0.007791375397807918
0.0
-0.007791375397807918
-0.006751398834438039
-0.011869230221546071
0.0008597654036432971
-0.004701362683856895
0.005191901219834827
-0.001859134234699194
-0.005793490657465382
-0.013115133075862918
-0.008057597420060287
-0.0037407045685937156
-0.0019097376393636247
-0.007600069612896723
-2.9838963297130925e-06
-0.0022778192645175332
-0.001984644324846266
-0.0023669749221997983
-0.009402524961746362
-0.0023669749221997983
-0.010647536012853051
-0.0076862303270025635
0.015507146310030494
-0.005703561007670699
-0.0026956283998983304
0.005688257765935582
-0.0037407045685937156
-0.0014761235310171326
-0.005425601273702156
-0.003938560191073603
-0.007048108818201436
0.0007530467864443914
0.001047526744057401
-0.0003392274581526874
-0.0026956283998983304
-0.012334143741074161
-0.015919793582453125
-0.005495632281828561
0.013120514550876806
-0.005286820258892591
-0.001793862187599715
-0.004809331883171448
-0.00896642886835359
-0.008010380194755654
-0.005703561007670699
0.0058843653604379745
0.004385006839791196
0.003355042932019244
-0.00024375721963332904
-0.0072874743236957034
-0.011275429820322796
0.010282167671690174
-0.009997776588259066
-0.008057597420060287
-0.010403094441585185
-0.0009673887185424353
-0.00012221719026829573
0.0004945996469144639
0.0021396468415072756
-0.01172262874791928
-0.012343488991452871
-0.002909441686669162
-0.0014761235310171326
0.001047526744057401
-0.0014761235310171326
0.0058843653604379745
-0.0031943476053371248
-0.0022778192645175332
-0.001859134234699194
-0.002083867635544228
-0.016659980266060963
-0.008097621532521578
-0.01169832354538789
-0.008057597420060287
-0.018766924078975834
0.0
-0.006768395081220828
-0.0026956283998983304
-0.003903869625561642
0.00034486575252337323
-0.00024375721963332904
-0.001980531929522598
-0.00037313183760015353
-0.013115133075862918
0.0009659860037522659
-0.01169832354538789
-0.008592178496284136
0.004544270152483365
0.0013935772680927295
-0.005286820258892591
0.013120514550876806
-0.00237929344151764
-0.002537369736843606
-0.018766924078975834
-0.0026956283998983304
-0.009762453136311473
0.011910436084159181
-0.004701362683856895
-0.004990157057255864
0.00034486575252337323
-0.0075042454290109445
-0.019978450396479518
-0.004701362683856895
-0.002909441686669162
-0.005484373996605205
0.007554139935468834
-0.003154035135391846
-0.005495632281828561
-0.0006520332469478776
-0.00237929344151764
-0.0006520332469478776
0.0015209753554590458
-0.011611756638902338
-0.00037313183760015353
0.004544270152483365
-0.01169832354538789
-0.005425601273702156
-0.00830404814008269
-0.007387097127434248
-0.00029253553314270237
0.0027045507841006633
0.0027045507841006633
-0.015640099566901395
0.0007530467864443914
0.018288113563888986
-0.010647536012853051
-0.009408012456049284
-0.00024375721963332904
-0.0007195269834122725
0.010282167671690174
-0.013151874316277042
-0.0007218043877248654
-0.00830404814008269
-0.010647536012853051
-0.0072874743236957034
-0.015978751002458463
-0.004845832736951471
-0.018766924078975834
0.010282167671690174
-0.001793862187599715
-0.007965356217930718
0.0021275233132645585
-0.007600069612896723
-0.002537369736843606
-0.0048244452841994965
-0.006349752140092744
0.0021275233132645585
-0.018766924078975834
-0.009997776588259066
-0.0003392274581526874
-0.0037507910781518538
0.003355042932019244
0.0012069742569135757
0.0006581712216198859
-0.002718785875615159
0.0046124928688876955
-0.0038551186099208485
0.0006581712216198859
-0.008106356450524559
-0.0113514705802029
-0.0014761235310171326
0.0010638919930862313
-0.0035528376378594875
-0.0017995244071662146
-0.004701362683856895
0.005688257765935582
-0.0075042454290109445
0.002015685917667801
-0.004476273292502994
-0.011560972086366245
-0.009997776588259066
0.0006581712216198859
0.0027045507841006633
0.0015209753554590458
-0.007393718907210262
-0.0038551186099208485
-0.008554615207589626
-0.011869230221546071
-0.015640099566901395
0.00264756593488379
-0.0006520332469478776
-0.004476273292502994
-0.005539297507065613
0.0013935772680927295
0.004385006839791196
-0.0006520332469478776
-0.005492537185864755
0.0009659860037522659
-0.0014761235310171326
0.0010638919930862313
-0.0007218043877248654
-0.0026956283998983304
-0.004486101714479001
-0.004476273292502994
-0.001984644324846266
-0.006189967400571112
-0.006751398834438039
-0.008057597420060287
-0.0034134405638332104
0.007034151745692057
-0.001553131104479856
-0.008010380194755654
-0.0010175075575956719
-0.003154035135391846
-0.006776982677825513
-0.00024375721963332904
-0.005095918332413526
-0.007387097127434248
-0.008592178496284136
0.0038721341436719126
0.0058843653604379745
-0.018766924078975834
0.0027045507841006633
-0.003938560191073603
-0.0006520332469478776
-0.003956394214464721
0.004544270152483365
-0.005492537185864755
0.0009810040493881966
-0.012704494060103365
-0.007791375397807918
-0.006189967400571112
-0.006349752140092744
-0.004386631936693406
-0.012535064572310023
0.005901027822335928
0.0015209753554590458
-0.0009673887185424353
-0.0015379316537363135
-0.004845832736951471
-0.009762453136311473
0.0009810040493881966
-0.00830404814008269
-0.009402524961746362
-0.003956897056016001
-0.008106356450524559
-0.005793490657465382
-0.010403094441585185
-0.0009389316082823469
-0.0076862303270025635
-0.005703561007670699
-0.00012221719026829573
-0.0072874743236957034
-0.0075042454290109445
-0.005425601273702156
0.00012524561715149783
-0.012535064572310023
-0.009459427125241936
-0.003903869625561642
0.0009659860037522659
-0.004476273292502994
-0.006768395081220828
-0.007791375397807918
-0.016659980266060963
-0.008106356450524559
-0.008352507674128696
-0.0048244452841994965
-0.013115133075862918
-0.0030413024806778288
-0.010568867305959089
-0.015640099566901395
-0.0032862264268845587
-0.008592178496284136
-0.0038551186099208485
0.011910436084159181
-0.0031943476053371248
-0.011869230221546071
-0.002718785875615159
0.007034151745692057
-0.01619530995998375
-0.00012221719026829573
0.00264756593488379
-0.0022778192645175332
-0.008106356450524559
-0.009408012456049284
-0.0017995244071662146
0.004385006839791196
0.0021396468415072756
-0.00830404814008269
-2.9838963297130925e-06
-0.001890686034182606
-0.004651504569952735
-0.00029253553314270237
-0.005881886017645996
-0.005539297507065613
-0.006727708851467524
-0.016659980266060963
0.005688257765935582
-0.004990157057255864
-0.002537369736843606
-0.008554615207589626
-0.00237929344151764
-0.015640099566901395
-0.005492537185864755
9.30771473128683e-05
0.0058843653604379745
-0.0070020101446820774
-0.003938560191073603
0.005901027822335928
-0.001980531929522598
-0.004845832736951471
-0.012343488991452871
0.004544270152483365
-0.010568867305959089
-0.0019097376393636247
-0.005703561007670699
-0.004649696577054583
-0.0031943476053371248
-0.013151874316277042
0.0009810040493881966
-0.0013736152516604582
0.013120514550876806
-0.004983127989253772
-0.006189967400571112
-0.004651504569952735
-0.010647536012853051
-0.003956394214464721
-0.0009389316082823469
-0.004486101714479001
-0.001793862187599715
-0.006751398834438039
-0.0011487441546599371
