-0.008759109678472501
0.00169121349939715
0.0007461514272401651
0.00047331093953608235
0.003020580144505076
-0.009448725511099529
0.004271545909919974
-0.004321580431770348
-0.0024495122694780584
0.0007857621441766663
0.004271545909919974
0.0013612351251970725
0.0007461514272401651
-0.006535297694964902
-0.006210375878130946
-0.007595328803134925
-0.0027251183497859323
0.0007461514272401651
0.0007461514272401651
-0.002449737163172222
-0.006535297694964902
-0.007589857426505483
0.0007857621441766663
-0.004321580431770348
-0.0024495122694780584
0.00698888722944199
-0.009448725511099529
-0.002449737163172222
0.00698888722944199
0.00698888722944199
0.00169121349939715
-0.006210375878130946
0.00047331093953608235
-0.007595328803134925
-0.008759109678472501
-0.009448725511099529
-0.00042249952432172504
0.00047331093953608235
-0.004321580431770348
0.00169121349939715
-0.00042249952432172504
-0.007589857426505483
-0.005136659456764819
-0.007595328803134925
0.00169121349939715
0.003020580144505076
-0.007589857426505483
0.004271545909919974
-0.008759109678472501
0.00023363446811166806
0.003851186553111651
-0.0027251183497859323
-0.002449737163172222
-0.006210375878130946
-0.0020533931341270716
-0.005136659456764819
0.00047331093953608235
-0.011978340278335503
-0.005136659456764819
-0.008759109678472501
-0.006210375878130946
0.00169121349939715
-0.00042249952432172504
-0.011978340278335503
0.00023363446811166806
-0.011978340278335503
-0.004321580431770348
-0.002780089702697533
0.0007461514272401651
-0.009448725511099529
-0.002449737163172222
-0.008759109678472501
-0.002356816683389613
-0.00042249952432172504
-0.007595328803134925
0.00169121349939715
-0.007589857426505483
0.00169121349939715
-0.0027251183497859323
-0.009448725511099529
0.00047331093953608235
0.00023363446811166806
0.005969221794573492
0.0007461514272401651
-0.0024495122694780584
-0.009448725511099529
0.00023363446811166806
-0.002780089702697533
0.0007857621441766663
0.0007857621441766663
-0.00042249952432172504
0.0007461514272401651
-0.006210375878130946
0.00169121349939715
0.0007461514272401651
0.00023363446811166806
-0.002356816683389613
-0.0027251183497859323
0.0007857621441766663
0.005969221794573492
-0.002780089702697533
0.00169121349939715
0.00023363446811166806
-0.002449737163172222
0.0007461514272401651
-0.011978340278335503
0.003020580144505076
-0.008759109678472501
0.00169121349939715
0.006042248070948746
0.005969221794573492
-0.002356816683389613
-0.006535297694964902
0.00698888722944199
-0.002449737163172222
-0.006535297694964902
-0.009448725511099529
0.003020580144505076
-0.008759109678472501
0.006042248070948746
-0.006210375878130946
-0.0027251183497859323
0.005969221794573492
0.00698888722944199
-0.007589857426505483
0.00698888722944199
-0.002780089702697533
0.0007461514272401651
-0.011978340278335503
0.005969221794573492
0.0007857621441766663
-0.011978340278335503
0.005969221794573492
-0.0020533931341270716
0.003020580144505076
0.00169121349939715
0.0013612351251970725
-0.008759109678472501
-0.006535297694964902
-0.005136659456764819
-0.002356816683389613
-0.011978340278335503
-0.0024495122694780584
-0.004321580431770348
-0.002356816683389613
-0.008759109678472501
-0.005136659456764819
0.00023363446811166806
0.003020580144505076
0.0007461514272401651
-0.002449737163172222
0.0013612351251970725
0.0007857621441766663
0.006042248070948746
0.0007461514272401651
0.006042248070948746
-0.006535297694964902
-0.005136659456764819
-0.007595328803134925
0.0007461514272401651
-0.002780089702697533
0.00169121349939715
-0.002356816683389613
-0.0027251183497859323
0.00023363446811166806
0.0013612351251970725
0.006042248070948746
0.0007857621441766663
-0.008759109678472501
-0.011978340278335503
-0.002780089702697533
-0.009448725511099529
0.0007857621441766663
-0.0020533931341270716
-0.0020533931341270716
0.003020580144505076
-0.007589857426505483
-0.002449737163172222
0.00047331093953608235
-0.006210375878130946
0.006042248070948746
-0.002356816683389613
-0.007589857426505483
-0.0027251183497859323
0.00698888722944199
-0.007595328803134925
-0.0020533931341270716
0.00169121349939715
0.0013612351251970725
-0.007595328803134925
-0.0020533931341270716
-0.002780089702697533
0.00047331093953608235
-0.006210375878130946
0.00698888722944199
0.0013612351251970725
-0.006535297694964902
-0.002356816683389613
-0.006535297694964902
-0.011978340278335503
0.0007857621441766663
0.006042248070948746
-0.006535297694964902
-0.005136659456764819
0.005969221794573492
-0.008759109678472501
0.00698888722944199
-0.008759109678472501
-0.006535297694964902
-0.002356816683389613
0.006042248070948746
-0.006210375878130946
-0.005136659456764819
-0.007589857426505483
-0.0027251183497859323
0.00169121349939715
0.006042248070948746
0.00169121349939715
-0.002780089702697533
-0.005136659456764819
-0.007589857426505483
-0.002449737163172222
0.006042248070948746
-0.008759109678472501
-0.005136659456764819
0.0007461514272401651
-0.007595328803134925
-0.0024495122694780584
0.0007857621441766663
-0.0027251183497859323
0.0013612351251970725
-0.0027251183497859323
-0.00042249952432172504
-0.011978340278335503
-0.00042249952432172504
-0.0020533931341270716
-0.007595328803134925
-0.0027251183497859323
-0.011978340278335503
-0.008759109678472501
0.00698888722944199
-0.007589857426505483
-0.007589857426505483
-0.009448725511099529
0.00698888722944199
-0.002356816683389613
-0.0027251183497859323
-0.002356816683389613
-0.011978340278335503
-0.0024495122694780584
0.00047331093953608235
-0.0024495122694780584
-0.006535297694964902
0.0007461514272401651
-0.002449737163172222
0.00169121349939715
0.003851186553111651
-0.009448725511099529
-0.0027251183497859323
0.006042248070948746
0.003020580144505076
0.006042248070948746
0.00047331093953608235
-0.006535297694964902
-0.006535297694964902
-0.0020533931341270716
0.00169121349939715
0.006042248070948746
-0.004321580431770348
-0.006535297694964902
0.00169121349939715
-0.006210375878130946
0.00047331093953608235
0.003851186553111651
0.006042248070948746
0.004271545909919974
0.0007461514272401651
0.00169121349939715
-0.005136659456764819
-0.006535297694964902
-0.0024495122694780584
0.006042248070948746
-0.0024495122694780584
-0.007595328803134925
-0.011978340278335503
-0.007589857426505483
0.003020580144505076
0.00047331093953608235
-0.0024495122694780584
0.00047331093953608235
0.0013612351251970725
0.003851186553111651
0.003020580144505076
-0.00042249952432172504
-0.006535297694964902
-0.008759109678472501
0.003020580144505076
0.003851186553111651
0.005969221794573492
0.003020580144505076
0.00169121349939715
0.00023363446811166806
-0.002780089702697533
-0.002780089702697533
-0.007589857426505483
-0.002356816683389613
-0.006210375878130946
0.005969221794573492
-0.0027251183497859323
0.003851186553111651
0.00047331093953608235
0.00169121349939715
-0.002449737163172222
-0.008759109678472501
0.00698888722944199
0.0007461514272401651
0.003851186553111651
0.0007857621441766663
0.003851186553111651
-0.002449737163172222
-0.008759109678472501
-0.008759109678472501
-0.006535297694964902
0.0007857621441766663
-0.002780089702697533
-0.009448725511099529
-0.009448725511099529
-0.006210375878130946
-0.006535297694964902
-0.009448725511099529
0.00023363446811166806
0.00698888722944199
0.00698888722944199
0.004271545909919974
0.0007461514272401651
-0.002356816683389613
-0.002356816683389613
-0.008759109678472501
-0.0020533931341270716
0.0007461514272401651
0.003851186553111651
-0.0027251183497859323
0.003020580144505076
-0.002356816683389613
0.00023363446811166806
0.004271545909919974
-0.007595328803134925
0.004271545909919974
0.003020580144505076
0.00023363446811166806
0.003851186553111651
0.003020580144505076
0.00698888722944199
0.005969221794573492
-0.008759109678472501
0.00047331093953608235
-0.002356816683389613
-0.0027251183497859323
0.00047331093953608235
-0.0020533931341270716
0.0007461514272401651
-0.005136659456764819
0.00169121349939715
0.00698888722944199
0.00047331093953608235
-0.007595328803134925
-0.008759109678472501
-0.007589857426505483
0.004271545909919974
-0.0020533931341270716
-0.0024495122694780584
-0.006210375878130946
-0.006535297694964902
-0.006535297694964902
0.00023363446811166806
-0.007589857426505483
-0.009448725511099529
0.00698888722944199
0.00169121349939715
-0.0024495122694780584
0.006042248070948746
0.006042248070948746
0.003851186553111651
0.00169121349939715
0.00023363446811166806
-0.007589857426505483
-0.002449737163172222
0.00047331093953608235
-0.006210375878130946
-0.002780089702697533
0.00023363446811166806
0.00023363446811166806
0.003020580144505076
-0.011978340278335503
0.00169121349939715
0.00047331093953608235
-0.002449737163172222
0.004271545909919974
-0.006210375878130946
0.0007461514272401651
-0.0027251183497859323
-0.005136659456764819
-0.005136659456764819
-0.0020533931341270716
0.003851186553111651
-0.011978340278335503
-0.002449737163172222
-0.011978340278335503
-0.004321580431770348
0.0007857621441766663
-0.0024495122694780584
0.006042248070948746
0.003020580144505076
-0.0024495122694780584
-0.0027251183497859323
-0.006210375878130946
-0.006535297694964902
0.0007857621441766663
0.003020580144505076
-0.011978340278335503
-0.009448725511099529
-0.009448725511099529
-0.002780089702697533
0.00023363446811166806
0.005969221794573492
0.003851186553111651
-0.005136659456764819
-0.002780089702697533
0.003020580144505076
-0.002780089702697533
-0.007589857426505483
-0.011978340278335503
-0.00042249952432172504
-0.002780089702697533
-0.0024495122694780584
-0.002356816683389613
-0.007595328803134925
0.006042248070948746
-0.005136659456764819
0.00023363446811166806
-0.008759109678472501
-0.00042249952432172504
0.004271545909919974
0.005969221794573492
0.006042248070948746
-0.0027251183497859323
-0.0027251183497859323
-0.002449737163172222
-0.0020533931341270716
0.0007857621441766663
0.003020580144505076
0.006042248070948746
-0.011978340278335503
-0.002356816683389613
-0.007589857426505483
0.006042248070948746
0.006042248070948746
0.00023363446811166806
-0.002780089702697533
-0.0020533931341270716
-0.011978340278335503
0.0013612351251970725
-0.011978340278335503
0.006042248070948746
-0.011978340278335503
0.004271545909919974
0.00047331093953608235
0.00023363446811166806
-0.007589857426505483
0.0007857621441766663
-0.0024495122694780584
-0.0027251183497859323
0.003851186553111651
-0.008759109678472501
-0.007595328803134925
-0.005136659456764819
0.00023363446811166806
-0.0024495122694780584
-0.006535297694964902
-0.002449737163172222
-0.011978340278335503
0.00023363446811166806
0.00023363446811166806
-0.011978340278335503
-0.007589857426505483
0.0013612351251970725
-0.002449737163172222
0.00698888722944199
-0.0024495122694780584
0.00169121349939715
0.00023363446811166806
-0.007595328803134925
0.00023363446811166806
-0.0020533931341270716
0.00047331093953608235
-0.006535297694964902
0.004271545909919974
-0.007589857426505483
0.003851186553111651
-0.00042249952432172504
-0.00042249952432172504
-0.002780089702697533
0.00047331093953608235
0.003020580144505076
0.0007857621441766663
-0.0027251183497859323
0.003020580144505076
0.00698888722944199
-0.0027251183497859323
-0.008759109678472501
0.006042248070948746
-0.0027251183497859323
-0.007595328803134925
-0.00042249952432172504
-0.005136659456764819
-0.0024495122694780584
0.0013612351251970725
-0.009448725511099529
-0.002780089702697533
-0.011978340278335503
-0.0024495122694780584
-0.0020533931341270716
-0.002780089702697533
0.00023363446811166806
-0.007595328803134925
0.005969221794573492
-0.005136659456764819
-0.007595328803134925
-0.002449737163172222
0.00047331093953608235
0.003020580144505076
0.0007461514272401651
-0.007589857426505483
-0.009448725511099529
0.0007461514272401651
0.00169121349939715
0.00047331093953608235
-0.009448725511099529
-0.0024495122694780584
0.005969221794573492
0.005969221794573492
0.00169121349939715
-0.0027251183497859323
-0.004321580431770348
0.00047331093953608235
-0.005136659456764819
-0.0020533931341270716
-0.002780089702697533
-0.011978340278335503
0.005969221794573492
-0.0027251183497859323
-0.007589857426505483
0.004271545909919974
-0.005136659456764819
-0.008759109678472501
-0.007589857426505483
-0.004321580431770348
0.00047331093953608235
0.0013612351251970725
0.006042248070948746
-0.0024495122694780584
-0.008759109678472501
0.006042248070948746
-0.006210375878130946
-0.002449737163172222
0.005969221794573492
-0.004321580431770348
-0.002780089702697533
-0.008759109678472501
-0.011978340278335503
-0.00042249952432172504
0.00047331093953608235
0.0013612351251970725
-0.009448725511099529
-0.002780089702697533
-0.0020533931341270716
0.003851186553111651
-0.005136659456764819
0.005969221794573492
0.004271545909919974
-0.002780089702697533
0.00698888722944199
0.006042248070948746
0.006042248070948746
-0.007595328803134925
-0.002780089702697533
-0.008759109678472501
-0.008759109678472501
-0.0020533931341270716
0.0007857621441766663
0.004271545909919974
0.003020580144505076
0.0007461514272401651
0.005969221794573492
0.0013612351251970725
-0.004321580431770348
-0.006210375878130946
-0.009448725511099529
0.0007857621441766663
-0.011978340278335503
0.003020580144505076
-0.007589857426505483
-0.002449737163172222
-0.0020533931341270716
-0.002780089702697533
0.003851186553111651
0.00047331093953608235
0.005969221794573492
0.0007461514272401651
-0.002780089702697533
0.00047331093953608235
-0.002780089702697533
-0.004321580431770348
-0.002780089702697533
-0.009448725511099529
0.003020580144505076
-0.006535297694964902
0.006042248070948746
0.003020580144505076
-0.007595328803134925
-0.0024495122694780584
0.006042248070948746
0.00023363446811166806
0.003851186553111651
0.0007857621441766663
-0.007595328803134925
0.004271545909919974
-0.002356816683389613
0.00698888722944199
-0.0024495122694780584
-0.005136659456764819
0.006042248070948746
-0.002356816683389613
-0.002780089702697533
0.005969221794573492
0.00047331093953608235
0.0007857621441766663
0.00047331093953608235
-0.0020533931341270716
0.0007857621441766663
-0.009448725511099529
-0.002356816683389613
-0.002780089702697533
0.0013612351251970725
-0.0020533931341270716
-0.004321580431770348
0.0007461514272401651
0.003020580144505076
-0.007595328803134925
0.004271545909919974
-0.002780089702697533
-0.007589857426505483
-0.006535297694964902
-0.002356816683389613
0.0007461514272401651
0.004271545909919974
0.0007857621441766663
-0.011978340278335503
0.0013612351251970725
-0.005136659456764819
-0.006535297694964902
-0.008759109678472501
-0.006535297694964902
-0.0020533931341270716
-0.005136659456764819
-0.009448725511099529
-0.002356816683389613
0.0013612351251970725
-0.007589857426505483
-0.00042249952432172504
0.003020580144505076
0.003020580144505076
0.00023363446811166806
-0.007595328803134925
-0.00042249952432172504
0.00169121349939715
0.0007461514272401651
0.006042248070948746
0.003020580144505076
-0.002780089702697533
0.0007461514272401651
-0.002780089702697533
0.0007857621441766663
0.0007461514272401651
0.003020580144505076
-0.011978340278335503
0.0007461514272401651
0.003020580144505076
0.00169121349939715
-0.011978340278335503
-0.0024495122694780584
0.0007461514272401651
-0.0020533931341270716
-0.007595328803134925
-0.006535297694964902
0.0007857621441766663
-0.009448725511099529
-0.002780089702697533
-0.0027251183497859323
0.00698888722944199
-0.005136659456764819
-0.008759109678472501
-0.0020533931341270716
-0.007589857426505483
-0.005136659456764819
-0.0024495122694780584
0.00698888722944199
0.003020580144505076
-0.005136659456764819
0.0007857621441766663
-0.0027251183497859323
0.003020580144505076
0.0013612351251970725
-0.007589857426505483
-0.007595328803134925
-0.0020533931341270716
0.003851186553111651
-0.005136659456764819
0.00047331093953608235
0.004271545909919974
0.00698888722944199
-0.002780089702697533
0.0007857621441766663
-0.009448725511099529
-0.009448725511099529
-0.002449737163172222
-0.002780089702697533
0.00023363446811166806
-0.0027251183497859323
0.00047331093953608235
0.003020580144505076
0.003020580144505076
-0.0020533931341270716
-0.006210375878130946
0.003851186553111651
0.0007461514272401651
-0.004321580431770348
-0.006210375878130946
0.005969221794573492
0.00023363446811166806
0.00169121349939715
-0.00042249952432172504
-0.005136659456764819
0.0007857621441766663
-0.008759109678472501
-0.00042249952432172504
-0.00042249952432172504
-0.0027251183497859323
-0.002780089702697533
-0.007589857426505483
-0.002356816683389613
0.003851186553111651
0.006042248070948746
0.0007857621441766663
-0.008759109678472501
0.00023363446811166806
-0.002356816683389613
-0.006535297694964902
0.0013612351251970725
0.005969221794573492
-0.0024495122694780584
-0.006535297694964902
0.005969221794573492
-0.006535297694964902
-0.009448725511099529
0.00023363446811166806
0.003020580144505076
0.0007857621441766663
0.004271545909919974
0.00023363446811166806
-0.011978340278335503
-0.006210375878130946
0.0007857621441766663
0.003851186553111651
0.0007461514272401651
0.0013612351251970725
-0.005136659456764819
-0.011978340278335503
0.003020580144505076
-0.002780089702697533
-0.008759109678472501
-0.0024495122694780584
-0.004321580431770348
0.003020580144505076
-0.0024495122694780584
-0.007595328803134925
-0.007589857426505483
0.006042248070948746
0.006042248070948746
0.00023363446811166806
-0.002449737163172222
0.005969221794573492
-0.007595328803134925
-0.008759109678472501
-0.002356816683389613
-0.002780089702697533
-0.002356816683389613
-0.007595328803134925
0.006042248070948746
0.006042248070948746
-0.002449737163172222
-0.00042249952432172504
0.004271545909919974
-0.006535297694964902
-0.0027251183497859323
-0.0024495122694780584
0.0013612351251970725
0.003020580144505076
0.00169121349939715
0.006042248070948746
0.003020580144505076
-0.00042249952432172504
0.005969221794573492
0.003020580144505076
0.0007461514272401651
0.006042248070948746
0.00169121349939715
-0.006210375878130946
-0.0020533931341270716
0.006042248070948746
-0.002780089702697533
-0.006535297694964902
-0.006210375878130946
-0.006210375878130946
0.00023363446811166806
0.004271545909919974
-0.011978340278335503
0.00047331093953608235
-0.002449737163172222
-0.005136659456764819
-0.007595328803134925
-0.002780089702697533
0.00047331093953608235
-0.002356816683389613
0.003851186553111651
-0.002356816683389613
0.005969221794573492
-0.007589857426505483
0.0007857621441766663
0.00698888722944199
-0.0024495122694780584
-0.002449737163172222
0.00047331093953608235
-0.002449737163172222
0.006042248070948746
0.00047331093953608235
0.00023363446811166806
-0.004321580431770348
0.00047331093953608235
0.0013612351251970725
0.005969221794573492
0.003851186553111651
-0.0027251183497859323
-0.007589857426505483
-0.007595328803134925
-0.0020533931341270716
-0.006210375878130946
-0.006210375878130946
-0.011978340278335503
-0.0024495122694780584
0.0007857621441766663
0.004271545909919974
-0.002356816683389613
-0.00042249952432172504
0.003851186553111651
0.004271545909919974
0.00698888722944199
0.00047331093953608235
-0.0024495122694780584
-0.002780089702697533
-0.009448725511099529
-0.008759109678472501
0.003020580144505076
0.003851186553111651
-0.011978340278335503
-0.007589857426505483
-0.005136659456764819
0.00023363446811166806
0.00023363446811166806
-0.0027251183497859323
0.0007857621441766663
-0.005136659456764819
0.005969221794573492
0.003851186553111651
-0.00042249952432172504
-0.002780089702697533
0.00698888722944199
-0.00042249952432172504
-0.002356816683389613
0.004271545909919974
0.006042248070948746
0.005969221794573492
0.0007461514272401651
-0.004321580431770348
-0.0027251183497859323
-0.002780089702697533
-0.007589857426505483
0.004271545909919974
-0.007595328803134925
-0.0027251183497859323
-0.002449737163172222
-0.007589857426505483
0.0013612351251970725
0.003851186553111651
-0.002449737163172222
-0.007595328803134925
-0.002449737163172222
-0.00042249952432172504
-0.011978340278335503
-0.007595328803134925
-0.0027251183497859323
-0.004321580431770348
0.003020580144505076
-0.007589857426505483
-0.0020533931341270716
0.0007857621441766663
-0.011978340278335503
0.0007857621441766663
0.00698888722944199
0.0007461514272401651
0.003020580144505076
-0.00042249952432172504
0.0007461514272401651
-0.002780089702697533
-0.006535297694964902
-0.006535297694964902
-0.006210375878130946
0.00169121349939715
0.0013612351251970725
0.0007857621441766663
-0.006210375878130946
-0.00042249952432172504
-0.006535297694964902
0.005969221794573492
0.003851186553111651
-0.004321580431770348
-0.00042249952432172504
-0.006535297694964902
-0.008759109678472501
-0.0024495122694780584
-0.006210375878130946
-0.009448725511099529
0.0007461514272401651
0.006042248070948746
0.00698888722944199
-0.009448725511099529
-0.002356816683389613
-0.006535297694964902
0.004271545909919974
-0.0027251183497859323
-0.0027251183497859323
-0.002356816683389613
-0.011978340278335503
-0.00042249952432172504
0.0007461514272401651
0.0013612351251970725
0.0007461514272401651
-0.002356816683389613
-0.005136659456764819
-0.007589857426505483
0.005969221794573492
-0.0027251183497859323
-0.007595328803134925
-0.002449737163172222
0.005969221794573492
-0.008759109678472501
-0.0024495122694780584
0.00023363446811166806
0.003851186553111651
-0.006210375878130946
-0.002356816683389613
0.006042248070948746
-0.005136659456764819
0.003851186553111651
-0.011978340278335503
-0.008759109678472501
-0.002449737163172222
-0.011978340278335503
0.0013612351251970725
0.00698888722944199
0.00023363446811166806
-0.002356816683389613
-0.007595328803134925
0.00698888722944199
0.0013612351251970725
-0.0024495122694780584
-0.008759109678472501
0.003020580144505076
-0.0027251183497859323
-0.002449737163172222
0.0007857621441766663
0.006042248070948746
-0.0024495122694780584
0.005969221794573492
-0.009448725511099529
0.00023363446811166806
-0.006535297694964902
-0.011978340278335503
-0.0024495122694780584
0.006042248070948746
