-0.01303127993694923
0.005446292500778175
0.00037919284842869295
-0.002311886439994017
-0.0013315321405528429
-0.0054617091991679455
-0.004871266599614785
-0.0014637931051160716
0.002251581552281365
0.005335453732191457
0.010241498876304801
-0.004065766653309435
-0.0001550234958580342
-0.0014637931051160716
0.005335453732191457
-0.004336523644815801
0.0007250231616046719
-0.0019553742668591404
-0.007303508632048973
-0.0013315321405528429
-0.007922296959596153
-0.007837477748134695
0.0011726551546503213
0.001580687349737523
-0.003554109558226296
-0.00629472262767283
-0.0033467372961164467
-0.0033467372961164467
-0.011644608341249396
-0.009887490755381876
-0.0013315321405528429
-0.007846239619216933
-0.009887490755381876
-0.00664743714959695
-0.009111569518970653
0.0008157891191371518
-0.009196479575670637
-0.006813473772532599
-0.006813473772532599
3.371979972286464e-05
0.0009578108147663392
-0.010386366214579158
0.012666742005834482
0.0011726551546503213
-0.0022592649902884246
-0.0033465612937297767
0.0016501764372143
-0.00664743714959695
-0.00203293588408338
-0.0033260378800999014
-0.0022274751267026788
-0.0030902377680744283
0.002568515771410493
-0.005484170573851339
0.002969294650274183
-0.005170649298566893
0.001580687349737523
-0.0010621454057410805
-0.006813473772532599
-0.011644608341249396
-0.003554109558226296
3.371979972286464e-05
0.010241498876304801
-0.007029531277805807
0.0006714985603559768
-0.01787079849046001
-0.005964173538600626
-0.01303127993694923
-0.007846239619216933
1.8335793998460513e-05
-0.007619021546549378
0.001583417432518407
-0.006954496811125666
-0.007922296959596153
-0.011097066858130734
-0.0020502857618652083
0.005446292500778175
0.003040642302859448
-0.00671428411350977
-0.001897180477524492
-0.01110600357408314
-0.0005140225429348671
-0.009363202744673263
-0.0018341554857817526
0.005205786585407831
-0.004871266599614785
-0.00671428411350977
-0.0032621193006493686
1.8335793998460513e-05
-0.005980704270188151
0.0016501764372143
-0.009932756391397736
-0.007846239619216933
-0.0018341554857817526
0.0005394564483106925
-0.009111569518970653
-0.008273019710678222
-0.007846239619216933
-0.011097066858130734
-0.004083791856160815
-0.007029531277805807
-0.005980704270188151
0.003064873294092218
-0.0016388087640070443
0.001580687349737523
-0.007922296959596153
-0.003254129041409751
0.005114952843642582
-0.007128179074973107
-0.004065766653309435
-0.004871266599614785
-0.006370029202776539
-0.0033000719002275777
-0.008273019710678222
0.006584608960114394
-0.005170649298566893
-0.006972121763057408
0.0019349560977717241
-0.005547044420811458
-0.009887490755381876
-0.006813473772532599
-0.010386366214579158
-0.0010255688714643151
0.0016501764372143
-0.007837477748134695
-0.0019553742668591404
0.003573098419164259
-0.011187255500412416
-0.003632519812229205
-0.006972121763057408
-0.001049492207205338
-0.009363202744673263
-0.007740168059335712
-0.006980337041645741
-0.009932756391397736
-0.0012694151942947614
-0.007303508632048973
-0.0010255688714643151
-0.0005140225429348671
-0.007303508632048973
0.00037919284842869295
-0.0030952011549426396
0.005114952843642582
-0.0053228281050938485
-0.01456449541517945
0.0004916462852667704
-0.0033000719002275777
-0.007029531277805807
-0.01533656400167742
-0.0038072901022912255
0.002351676596231622
0.0019803839316038067
0.0007250231616046719
-0.007029531277805807
0.007131927323222061
0.005446292500778175
0.006381428673589469
0.006584608960114394
-0.007029531277805807
0.002251581552281365
-0.00664743714959695
-0.006980337041645741
-0.0056181653808709256
0.0011726551546503213
-0.007128179074973107
0.0029703995179083845
-0.0012694151942947614
-0.005170649298566893
-0.0019785288835933294
-0.0032621193006493686
-0.0013498865697333614
0.007131927323222061
0.0006231663527913246
-0.003632519812229205
-0.011187255500412416
0.00037919284842869295
-0.001049492207205338
0.002568515771410493
-0.008273019710678222
-0.009887490755381876
-0.005170649298566893
0.006584608960114394
0.0005394564483106925
-0.003632519812229205
-0.0019785288835933294
-0.006972121763057408
-0.004702709756539404
3.371979972286464e-05
0.0019349560977717241
-0.007922296959596153
-0.00629472262767283
0.00037919284842869295
0.002568515771410493
-0.0001550234958580342
-0.006255113416905873
0.0071200967153253365
-0.007128179074973107
1.8335793998460513e-05
0.0012169321038673457
-0.012888981564675073
-0.001049492207205338
-0.00664743714959695
-0.0013315321405528429
0.0005394564483106925
-0.004702709756539404
-0.0030952011549426396
0.003040642302859448
-0.001881012781657376
0.0006231663527913246
-0.009196479575670637
0.005335453732191457
-0.007901754321769934
0.0009578108147663392
-0.004871266599614785
-0.0018341554857817526
-0.009196479575670637
-0.005379782519453811
-0.005547044420811458
-0.0022967607875907237
-0.0013498865697333614
-0.009932756391397736
0.002568515771410493
-0.00203293588408338
-0.0010621454057410805
0.006460715198978026
-0.004871266599614785
0.0007250231616046719
0.00037919284842869295
-0.002311886439994017
0.002568515771410493
-0.009111569518970653
0.003573098419164259
-0.00629472262767283
-0.007901754321769934
-0.012059879493831933
0.012666742005834482
0.0006714985603559768
-0.006972121763057408
-0.01110600357408314
-0.0042124554298825475
0.010241498876304801
0.0006231663527913246
0.005446292500778175
-0.006970224169486831
-0.0019785288835933294
-0.0010621454057410805
0.003040642302859448
-0.0001550234958580342
0.0042630328104204624
0.0029703995179083845
-0.00295304573629457
-0.008273019710678222
0.006381428673589469
-0.007128179074973107
-0.0032621193006493686
-0.003782701122562335
0.0071200967153253365
0.0008157891191371518
-0.0033465612937297767
-0.006813473772532599
-0.005359408825722715
0.002351676596231622
-0.0019723082208277197
-0.009363202744673263
-0.011187255500412416
0.006460715198978026
0.0019349560977717241
-0.0022967607875907237
-0.0010621454057410805
-0.0032621193006493686
-0.0016388087640070443
-0.0014637931051160716
-0.0033467372961164467
-0.007303508632048973
-0.0014637931051160716
-0.006980337041645741
-0.004065766653309435
-0.004336523644815801
-0.00203293588408338
0.006460715198978026
-0.016045557730121465
0.0007250231616046719
-0.009887490755381876
0.005114952843642582
0.0008157891191371518
-0.0036795819013802442
-0.01787079849046001
-0.0036027213042745237
0.002461414272314837
0.006381428673589469
0.007798882034131518
-0.0030952011549426396
-0.0020502857618652083
-0.0027693997728467728
-0.0018341554857817526
-0.0022967607875907237
0.0004916462852667704
-0.01456449541517945
-0.00295304573629457
-0.003240039057824109
-0.002940909608535291
-0.0057332348525713
0.0019349560977717241
-0.0033465612937297767
0.0029703995179083845
0.005446292500778175
-0.009196479575670637
0.0019349560977717241
-0.004065766653309435
-0.009329791025770605
0.0029703995179083845
-0.0014637931051160716
0.002251581552281365
3.371979972286464e-05
-0.00671428411350977
-0.009363202744673263
0.009028584907460363
-0.005547044420811458
-0.0073077348514522375
-0.004065766653309435
-0.0019723082208277197
0.0006231663527913246
-0.006980337041645741
-0.007029531277805807
0.002251581552281365
-0.010386366214579158
-0.0022967607875907237
-0.006980337041645741
0.007798882034131518
-0.0036027213042745237
0.0011726551546503213
0.004958415091734043
-0.005964173538600626
-0.0022454843379405487
-0.0012109437800980436
0.0019914679955237483
-0.009111569518970653
-0.011187255500412416
-0.01456449541517945
-0.007619021546549378
-0.001897180477524492
-0.0014637931051160716
0.003573098419164259
-0.009788752018815045
-0.0036795819013802442
-0.001881012781657376
-0.0042124554298825475
-0.00629472262767283
-0.007837477748134695
3.371979972286464e-05
0.002969294650274183
-0.0033000719002275777
-0.002546037153865365
-0.0033465612937297767
-0.006255113416905873
-0.006813473772532599
0.006381428673589469
-0.00203293588408338
-0.007922296959596153
0.005446292500778175
-0.001049492207205338
-0.005379782519453811
0.0016501764372143
-0.0022274751267026788
-0.0036795819013802442
-0.004871266599614785
-0.01787079849046001
-0.009932756391397736
0.0005394564483106925
0.006584608960114394
-0.0010621454057410805
-0.008273019710678222
-0.005359408825722715
-0.007922296959596153
-0.0013315321405528429
-0.0010621454057410805
-0.0019785288835933294
0.006381428673589469
-0.000734493610036861
0.0029703995179083845
0.005205786585407831
-0.002940909608535291
1.8335793998460513e-05
0.010241498876304801
-0.004065766653309435
-0.0013498865697333614
0.005205786585407831
-0.006813473772532599
-0.0001550234958580342
-0.011187255500412416
-0.004871266599614785
-0.003554109558226296
-0.01110600357408314
-5.1143237577637625e-05
-0.001049492207205338
-0.007029531277805807
0.0008157891191371518
-0.01787079849046001
-0.003240039057824109
-0.01533656400167742
0.007798882034131518
-0.003632519812229205
-0.009363202744673263
-0.007303508632048973
0.0006714985603559768
0.007798882034131518
-0.012888981564675073
0.00037919284842869295
-0.005484170573851339
0.0006714985603559768
-0.0056181653808709256
0.006381428673589469
-0.0018341554857817526
0.0009578108147663392
-0.0010621454057410805
-0.007740168059335712
-0.002546037153865365
-0.0022967607875907237
0.0012169321038673457
-0.0018341554857817526
0.006584608960114394
-0.010386366214579158
-0.003782701122562335
-0.002940909608535291
-0.0016388087640070443
-0.0014637931051160716
-0.0053228281050938485
0.006381428673589469
-0.003240039057824109
-0.009887490755381876
-0.007837477748134695
-0.001881012781657376
0.009028584907460363
-0.0030902377680744283
-0.0022592649902884246
-0.0032621193006493686
-0.0010621454057410805
0.0042630328104204624
-0.007922296959596153
0.002969294650274183
-0.0033465612937297767
-0.01456449541517945
-0.01533656400167742
-0.0014637931051160716
0.0071200967153253365
-0.003240039057824109
0.007131927323222061
-0.0036027213042745237
-0.005980704270188151
-0.00010281209670875594
0.0019349560977717241
0.0012169321038673457
-0.0030952011549426396
-0.01303127993694923
0.006584608960114394
-0.006813473772532599
0.0005394564483106925
-0.0020502857618652083
-0.0056181653808709256
-0.009363202744673263
-0.005964173538600626
-0.0071878954658519375
3.371979972286464e-05
0.001580687349737523
0.007798882034131518
-0.0022274751267026788
-0.006970224169486831
-0.009111569518970653
-0.00295304573629457
0.001583417432518407
-0.007619021546549378
-0.0032621193006493686
-0.009111569518970653
-0.00017972372449454404
-0.005547044420811458
-0.006970224169486831
-0.003632519812229205
0.0005394564483106925
-0.009932756391397736
-0.00203293588408338
-0.0022274751267026788
0.005335453732191457
-0.009196479575670637
-0.001049492207205338
0.005335453732191457
0.002251581552281365
-0.007922296959596153
-5.1143237577637625e-05
0.0008157891191371518
-0.007837477748134695
-5.1143237577637625e-05
-0.006970224169486831
-0.00295304573629457
-0.005484170573851339
-0.0042124554298825475
-0.0016388087640070443
-0.01533656400167742
0.0071200967153253365
-0.007619021546549378
-0.0019553742668591404
-0.004336523644815801
0.002568515771410493
-0.0022967607875907237
0.0007250231616046719
-0.0054617091991679455
-0.0012109437800980436
0.002969294650274183
-0.007846239619216933
-0.0013498865697333614
0.0009578108147663392
0.010241498876304801
-0.00010281209670875594
-0.002940909608535291
0.001583417432518407
0.003064873294092218
-0.007303508632048973
-0.015484716836942825
0.0009578108147663392
-0.01303127993694923
0.0005394564483106925
-0.0030902377680744283
-0.003782701122562335
1.8335793998460513e-05
-0.003632519812229205
0.001580687349737523
-0.0022592649902884246
0.012666742005834482
-0.009363202744673263
1.8335793998460513e-05
-0.01110600357408314
-0.004065766653309435
-0.012059879493831933
-0.001881012781657376
0.007798882034131518
0.0012169321038673457
-0.007846239619216933
-0.004336523644815801
-0.00017972372449454404
0.007131927323222061
0.0012169321038673457
0.007131927323222061
-0.009887490755381876
-0.009196479575670637
-0.007837477748134695
-0.0014637931051160716
-0.0073077348514522375
-0.007740168059335712
-0.0057332348525713
0.0019803839316038067
-0.016045557730121465
-0.000734493610036861
0.007131927323222061
0.0071200967153253365
-0.012059879493831933
-0.01456449541517945
-0.002546037153865365
1.8335793998460513e-05
-0.00671428411350977
-0.000734493610036861
-0.0022186314574357937
0.006460715198978026
-0.00671428411350977
-0.01533656400167742
-0.001897180477524492
-0.0056181653808709256
-0.00010281209670875594
-0.00629472262767283
-0.001049492207205338
-0.002940909608535291
0.0006714985603559768
-0.0022274751267026788
0.002969294650274183
-0.0036795819013802442
0.0016501764372143
0.0008157891191371518
-0.0014637931051160716
-0.00671428411350977
-0.005484170573851339
-0.0013315321405528429
-0.006972121763057408
0.006460715198978026
-0.012888981564675073
-0.003782701122562335
-0.0073077348514522375
0.005446292500778175
-0.007619021546549378
-0.00010281209670875594
-0.01787079849046001
-0.0033465612937297767
-0.006370029202776539
-0.00017972372449454404
0.006584608960114394
0.002461414272314837
-0.007901754321769934
-0.003554109558226296
-0.003254129041409751
0.005335453732191457
-0.0036795819013802442
-0.007303508632048973
0.0029703995179083845
-0.0001550234958580342
-0.0016388087640070443
0.0008157891191371518
-0.012059879493831933
-0.015484716836942825
-0.009788752018815045
-0.0018341554857817526
0.0005394564483106925
-5.1143237577637625e-05
-0.003554109558226296
-0.0033467372961164467
-0.003254129041409751
-0.005484170573851339
-0.0036795819013802442
0.007131927323222061
-0.006813473772532599
-0.01533656400167742
-0.0033465612937297767
0.010241498876304801
-0.0071878954658519375
0.007131927323222061
-0.007901754321769934
0.010241498876304801
0.0009578108147663392
-0.010386366214579158
-0.0033260378800999014
-0.006370029202776539
-0.005964173538600626
-0.003632519812229205
-0.005964173538600626
-0.005484170573851339
-0.0038072901022912255
-0.009111569518970653
0.003040642302859448
-0.005379782519453811
-0.009111569518970653
0.0019349560977717241
-0.006972121763057408
-0.000734493610036861
-0.0013315321405528429
-0.007837477748134695
0.0009578108147663392
0.006460715198978026
-0.008273019710678222
0.0011726551546503213
0.003064873294092218
-0.000734493610036861
-0.01303127993694923
-0.000734493610036861
-0.00203293588408338
0.0029703995179083845
-0.003782701122562335
-0.006980337041645741
-0.00295304573629457
-0.0033465612937297767
-0.005964173538600626
-0.007619021546549378
-0.00671428411350977
-0.0012694151942947614
0.0009578108147663392
-0.006954496811125666
-0.0022186314574357937
0.009028584907460363
0.005205786585407831
-0.0005140225429348671
-0.0053228281050938485
-0.009887490755381876
0.003064873294092218
0.0005394564483106925
0.010241498876304801
-0.0032621193006493686
-0.016045557730121465
-0.00010281209670875594
-0.0033467372961164467
0.0009578108147663392
-0.004871266599614785
0.006381428673589469
-0.007846239619216933
-0.0027693997728467728
-0.00295304573629457
0.006381428673589469
0.010241498876304801
0.007798882034131518
-0.005547044420811458
-0.0018341554857817526
-0.002940909608535291
1.8335793998460513e-05
-0.0030952011549426396
0.00037919284842869295
-0.0012109437800980436
-0.009932756391397736
0.0006714985603559768
0.006460715198978026
0.0019914679955237483
0.003064873294092218
-0.00671428411350977
0.0042630328104204624
0.005446292500778175
-0.0013315321405528429
0.0011726551546503213
-0.0022592649902884246
-0.0012109437800980436
-0.0056181653808709256
0.003064873294092218
-0.011097066858130734
-0.0010621454057410805
0.0019803839316038067
-0.002546037153865365
-0.0036027213042745237
-0.005980704270188151
-0.005547044420811458
-0.01303127993694923
-0.009111569518970653
-0.005170649298566893
0.001583417432518407
0.003573098419164259
-0.00010281209670875594
-0.009196479575670637
-0.009788752018815045
-0.004336523644815801
-0.0056181653808709256
-0.01533656400167742
0.009028584907460363
-0.009932756391397736
-0.01787079849046001
-0.006980337041645741
-0.0042124554298825475
-0.0010255688714643151
-0.007740168059335712
0.004958415091734043
-0.0053228281050938485
-0.0073077348514522375
-0.007619021546549378
-0.0013498865697333614
0.0009578108147663392
0.003573098419164259
-0.0010255688714643151
-0.01456449541517945
-0.007922296959596153
-0.0019723082208277197
-0.002940909608535291
-0.0016388087640070443
-0.0022454843379405487
-0.0032621193006493686
-0.0012694151942947614
-0.0012694151942947614
0.009028584907460363
-0.00629472262767283
-0.009363202744673263
-0.005379782519453811
0.002351676596231622
-0.003554109558226296
-0.0022274751267026788
-0.011097066858130734
-0.006813473772532599
-0.0014637931051160716
-0.0022186314574357937
-0.0019785288835933294
-0.003782701122562335
-5.1143237577637625e-05
-0.0042124554298825475
-0.007128179074973107
0.0042630328104204624
-0.009932756391397736
-0.008273019710678222
0.0019803839316038067
0.007131927323222061
-0.0033467372961164467
-0.0036027213042745237
-0.01533656400167742
0.0004916462852667704
-0.005170649298566893
0.007798882034131518
0.002969294650274183
-0.003240039057824109
-0.00671428411350977
-0.0053228281050938485
-0.007619021546549378
0.001580687349737523
-0.0014637931051160716
-0.006972121763057408
0.004958415091734043
-0.006370029202776539
-0.0027693997728467728
-0.010386366214579158
-0.007619021546549378
0.005446292500778175
0.009028584907460363
0.0009578108147663392
-0.0027693997728467728
-0.010386366214579158
0.005335453732191457
0.0006714985603559768
-0.009111569518970653
-0.0013315321405528429
-0.0022592649902884246
-0.011187255500412416
-0.009363202744673263
-0.004083791856160815
0.006381428673589469
1.8335793998460513e-05
-0.0019553742668591404
-0.005170649298566893
-0.0020502857618652083
-0.004336523644815801
-0.005980704270188151
-0.0054617091991679455
-0.007922296959596153
0.002461414272314837
0.0042630328104204624
-0.0042124554298825475
-0.007619021546549378
-0.0019785288835933294
-0.005170649298566893
-0.001881012781657376
-0.0033467372961164467
-0.009932756391397736
-0.005170649298566893
0.0007250231616046719
-0.001881012781657376
-0.0005140225429348671
-0.015484716836942825
-0.005964173538600626
-0.003782701122562335
0.005335453732191457
-0.010386366214579158
0.0019349560977717241
0.002351676596231622
-0.001049492207205338
-0.00010281209670875594
0.002461414272314837
-0.006972121763057408
0.0009578108147663392
-0.007029531277805807
-0.0071878954658519375
0.001583417432518407
-0.002311886439994017
0.007131927323222061
-0.002546037153865365
-0.005484170573851339
0.005205786585407831
0.0004916462852667704
0.002461414272314837
-0.009329791025770605
0.005335453732191457
-0.01787079849046001
0.005446292500778175
-0.007837477748134695
-0.0032621193006493686
-0.005484170573851339
0.0004916462852667704
0.001580687349737523
-0.001049492207205338
0.007798882034131518
-0.00629472262767283
0.001583417432518407
-0.005170649298566893
-0.005170649298566893
0.002351676596231622
-0.0022454843379405487
-0.0016388087640070443
-0.002311886439994017
-0.0013498865697333614
-0.012059879493831933
0.0008157891191371518
0.003040642302859448
0.0071200967153253365
-0.0022967607875907237
0.0004916462852667704
0.005446292500778175
-0.004336523644815801
-0.0071878954658519375
1.8335793998460513e-05
-0.0019723082208277197
0.0008157891191371518
-0.004065766653309435
0.001583417432518407
-0.0019785288835933294
-0.0022274751267026788
-0.000734493610036861
-0.005170649298566893
0.0007250231616046719
-0.002311886439994017
-0.005170649298566893
-0.00010281209670875594
-0.0013498865697333614
-0.0012109437800980436
-0.0033260378800999014
0.002351676596231622
-0.007901754321769934
-0.007901754321769934
-0.0012694151942947614
-0.007303508632048973
-0.0019723082208277197
0.006381428673589469
-0.01787079849046001
-0.016045557730121465
-0.00664743714959695
0.0011726551546503213
0.006381428673589469
-0.0071878954658519375
0.0019349560977717241
0.010241498876304801
-0.006370029202776539
-0.0033465612937297767
-0.005547044420811458
0.002251581552281365
-0.0054617091991679455
-0.005547044420811458
-0.016045557730121465
-0.0013498865697333614
-0.003254129041409751
-0.0053228281050938485
-0.007740168059335712
0.001580687349737523
-0.0071878954658519375
-0.006954496811125666
0.0008157891191371518
-0.0056181653808709256
-0.004702709756539404
-0.0030902377680744283
-0.004065766653309435
-0.006980337041645741
-0.012059879493831933
0.001583417432518407
-0.0036795819013802442
-0.0056181653808709256
0.0006231663527913246
-0.0010621454057410805
0.0006231663527913246
-0.0071878954658519375
-0.0014637931051160716
-0.0019553742668591404
-0.0005140225429348671
0.0019803839316038067
-0.0022592649902884246
0.0008157891191371518
-0.001897180477524492
-0.0014637931051160716
-0.0030902377680744283
-0.007128179074973107
0.012666742005834482
-0.0036795819013802442
-0.016045557730121465
-5.1143237577637625e-05
0.0011726551546503213
-0.002940909608535291
-0.009196479575670637
0.005446292500778175
-0.007846239619216933
0.0006231663527913246
-0.003554109558226296
-0.007128179074973107
-0.002311886439994017
-0.00671428411350977
-0.007846239619216933
0.0005394564483106925
-0.01787079849046001
0.012666742005834482
-0.001049492207205338
-0.0042124554298825475
-0.009363202744673263
-0.00629472262767283
-0.005484170573851339
-0.0016388087640070443
-0.0022454843379405487
0.007798882034131518
0.0071200967153253365
0.0042630328104204624
-0.0054617091991679455
-0.009363202744673263
-0.006954496811125666
0.012666742005834482
-0.006370029202776539
0.0042630328104204624
1.8335793998460513e-05
0.0071200967153253365
-0.00629472262767283
-0.0022592649902884246
-0.00010281209670875594
-0.007619021546549378
-5.1143237577637625e-05
-0.009887490755381876
-0.004336523644815801
0.002969294650274183
0.007131927323222061
-0.0022186314574357937
0.002969294650274183
-0.004702709756539404
0.0019349560977717241
0.001583417432518407
-0.0033000719002275777
-0.0005140225429348671
0.004958415091734043
0.0019914679955237483
-0.00629472262767283
-0.007846239619216933
-0.005379782519453811
-0.0019785288835933294
-0.0012109437800980436
