0.0013473372022424885
-0.0004425157747107011
0.008832058081431105
-0.004342554655418088
-9.67851862144958e-05
-0.008182473588917568
0.000517729135631614
-0.004340652850621975
0.001796380288725542
-0.004330010637499207
0.000517729135631614
-0.0013705713552854002
-0.008182473588917568
-0.004342554655418088
0.0013399593394249607
-0.0011447325957499028
-0.0034241047908093823
-0.0013231692979493392
-0.003917204790316777
-0.0018820392605635292
-0.002478699623028608
-0.0033327167872411255
-0.004340652850621975
-0.003917204790316777
-0.0010121173107350855
-0.0013231692979493392
-0.004330010637499207
-0.004330010637499207
0.009000830408101445
-9.67851862144958e-05
-9.67851862144958e-05
-0.006948947161385621
0.00016441647484451315
-0.008182473588917568
-0.008182473588917568
0.0018558357544119068
0.0013399593394249607
-0.008182473588917568
-0.004342554655418088
0.00016441647484451315
-0.0011953587222835768
-0.0011953587222835768
-0.0033327167872411255
0.008832058081431105
0.00013197059756684982
0.0018558357544119068
-0.0004425157747107011
-0.004885340760730887
0.008832058081431105
-0.005383142375528202
-0.004342554655418088
0.00013197059756684982
-0.0070723661236245135
-0.0013231692979493392
-0.0010121173107350855
0.001796380288725542
0.003907731066484677
0.008832058081431105
-0.004340652850621975
-0.0013705713552854002
-0.004340652850621975
-0.005518953058064834
-0.008182473588917568
-0.0070723661236245135
0.001796380288725542
-0.0013231692979493392
-0.0075072176943538835
-0.004885340760730887
0.000517729135631614
0.00013197059756684982
-0.004342554655418088
-0.005383142375528202
-0.0034241047908093823
-0.0004425157747107011
-0.003917204790316777
-0.0013231692979493392
0.0013399593394249607
0.003907731066484677
-0.0013231692979493392
-0.002478699623028608
-0.004342554655418088
-0.00020233319747015849
0.00739552512990827
-0.0033327167872411255
-0.0075072176943538835
0.009000830408101445
-0.0033327167872411255
0.00739552512990827
-0.005518953058064834
-0.00020233319747015849
0.008832058081431105
0.008832058081431105
-0.004340652850621975
0.00016441647484451315
-0.004330010637499207
-0.002478699623028608
-0.006948947161385621
-0.0033327167872411255
0.0013399593394249607
-0.0011953587222835768
-0.0018820392605635292
0.00739552512990827
-0.005518953058064834
-0.0070723661236245135
-0.00020233319747015849
-0.002478699623028608
-0.006948947161385621
-0.0004425157747107011
-0.005518953058064834
-0.0010121173107350855
-0.0018820392605635292
-0.0004425157747107011
-0.004342554655418088
-0.004885340760730887
0.008832058081431105
-9.67851862144958e-05
-0.005518953058064834
-0.004340652850621975
0.001796380288725542
-9.67851862144958e-05
-0.005383142375528202
0.00739552512990827
0.008832058081431105
-0.0018820392605635292
0.009000830408101445
0.008832058081431105
0.00013197059756684982
-0.0013705713552854002
0.00739552512990827
-0.002636627384436055
-9.67851862144958e-05
-0.004340652850621975
0.00016441647484451315
-0.0070723661236245135
0.000517729135631614
-0.0018820392605635292
-0.004885340760730887
0.003907731066484677
-0.00020233319747015849
0.00016441647484451315
0.008832058081431105
0.00013197059756684982
-0.0075072176943538835
-0.0075072176943538835
0.00016441647484451315
-0.0010121173107350855
-0.008182473588917568
0.003907731066484677
-0.004885340760730887
-0.0013231692979493392
-0.002636627384436055
-0.005383142375528202
-0.0004425157747107011
-0.0011447325957499028
-0.0075072176943538835
-0.0070723661236245135
-0.005518953058064834
0.001796380288725542
0.00013197059756684982
-0.003917204790316777
-0.0013705713552854002
0.001796380288725542
-0.0070723661236245135
-0.0070723661236245135
-0.0011447325957499028
0.008832058081431105
-0.005383142375528202
0.00016441647484451315
-0.0033327167872411255
-0.0004425157747107011
-0.0034241047908093823
0.0018558357544119068
0.00739552512990827
-9.67851862144958e-05
-0.005518953058064834
-0.006948947161385621
-0.00020233319747015849
-0.006948947161385621
-0.0013231692979493392
0.000517729135631614
-0.004885340760730887
-0.0004425157747107011
0.00739552512990827
-0.0004425157747107011
-0.004342554655418088
-0.0034241047908093823
-0.00020233319747015849
-0.0075072176943538835
-0.00020233319747015849
0.003907731066484677
-0.0033327167872411255
-0.002636627384436055
-0.005383142375528202
0.009000830408101445
-0.0026350709016867537
0.00016441647484451315
0.000517729135631614
-0.0033327167872411255
-0.0004425157747107011
-0.002478699623028608
-0.0013705713552854002
-0.005518953058064834
-0.003917204790316777
-0.0033327167872411255
-0.00020233319747015849
-0.004885340760730887
-0.0013231692979493392
-9.67851862144958e-05
-0.0011447325957499028
-0.0033327167872411255
-0.0033327167872411255
0.00016441647484451315
0.0013473372022424885
0.009000830408101445
-0.004330010637499207
-0.0026350709016867537
-0.006948947161385621
0.0013473372022424885
-0.004342554655418088
-0.0013231692979493392
-0.0010121173107350855
-0.006948947161385621
-0.002478699623028608
-0.004885340760730887
-0.002636627384436055
0.003907731066484677
-0.005383142375528202
-0.0013231692979493392
-0.0018820392605635292
-0.004340652850621975
-0.0075072176943538835
0.00016441647484451315
0.000517729135631614
0.0013399593394249607
-0.0033327167872411255
0.003907731066484677
0.009000830408101445
-9.67851862144958e-05
-0.004340652850621975
-0.0010121173107350855
0.00739552512990827
0.0013399593394249607
-0.0013231692979493392
0.00013197059756684982
-0.00020233319747015849
-0.0011447325957499028
-0.005383142375528202
-0.00020233319747015849
-0.005518953058064834
-0.008182473588917568
-0.0034241047908093823
-0.004885340760730887
-0.0033327167872411255
-0.0013231692979493392
0.00013197059756684982
0.0013399593394249607
-0.004342554655418088
-9.67851862144958e-05
0.000517729135631614
-0.005518953058064834
-0.0026350709016867537
-0.0075072176943538835
-0.0075072176943538835
-0.008182473588917568
-0.005383142375528202
-0.0026350709016867537
-0.0033327167872411255
-9.67851862144958e-05
-0.0013231692979493392
0.000517729135631614
0.0018558357544119068
0.008832058081431105
-0.002478699623028608
0.0018558357544119068
-0.002478699623028608
-0.0011953587222835768
-0.002478699623028608
0.0013399593394249607
-0.0010121173107350855
-0.006948947161385621
-0.004885340760730887
-0.0034241047908093823
-0.0018820392605635292
-0.0011447325957499028
0.0013473372022424885
-0.0010121173107350855
0.0018558357544119068
-0.002478699623028608
-0.0013231692979493392
-0.0011953587222835768
-0.005383142375528202
-0.0013705713552854002
0.0018558357544119068
-0.005518953058064834
-0.0070723661236245135
-0.004885340760730887
-0.004340652850621975
0.00013197059756684982
0.00013197059756684982
-0.0010121173107350855
-0.0026350709016867537
0.003907731066484677
-0.0011953587222835768
0.008832058081431105
-0.005518953058064834
-0.0070723661236245135
0.00013197059756684982
-0.0070723661236245135
-0.0018820392605635292
-0.0013705713552854002
-0.004330010637499207
-0.003917204790316777
-0.005518953058064834
-0.00020233319747015849
-0.004885340760730887
0.000517729135631614
-0.0013705713552854002
-0.006948947161385621
-0.0033327167872411255
-0.002636627384436055
-0.0075072176943538835
-0.002478699623028608
-0.0010121173107350855
-0.0033327167872411255
0.0013473372022424885
0.000517729135631614
-9.67851862144958e-05
-0.006948947161385621
0.008832058081431105
0.009000830408101445
-0.0004425157747107011
-0.0070723661236245135
0.0018558357544119068
0.009000830408101445
-0.0010121173107350855
-0.0010121173107350855
0.0013399593394249607
-0.004330010637499207
-0.008182473588917568
-0.00020233319747015849
0.008832058081431105
-0.0010121173107350855
0.001796380288725542
0.000517729135631614
-0.0004425157747107011
-0.0034241047908093823
-0.0011953587222835768
-0.0034241047908093823
-0.005518953058064834
-0.003917204790316777
-0.004885340760730887
-0.0033327167872411255
-9.67851862144958e-05
0.000517729135631614
-0.004340652850621975
-0.002478699623028608
0.009000830408101445
0.000517729135631614
-0.006948947161385621
-0.0075072176943538835
-0.008182473588917568
-0.0013231692979493392
-0.0011953587222835768
-0.0013231692979493392
-0.002478699623028608
0.00739552512990827
0.001796380288725542
0.009000830408101445
0.00739552512990827
-0.0011953587222835768
-0.0070723661236245135
-0.0010121173107350855
0.0013399593394249607
-0.0018820392605635292
-0.0013705713552854002
0.009000830408101445
0.0013473372022424885
-0.0013231692979493392
0.003907731066484677
-0.0026350709016867537
-0.0013705713552854002
-0.005383142375528202
-0.004330010637499207
-0.0013705713552854002
-0.002478699623028608
-0.004342554655418088
0.0018558357544119068
-0.002478699623028608
-0.0018820392605635292
-0.0070723661236245135
-0.0033327167872411255
-0.0011447325957499028
-0.0011447325957499028
-9.67851862144958e-05
-0.0070723661236245135
0.00013197059756684982
0.001796380288725542
-0.004340652850621975
0.00013197059756684982
-0.004885340760730887
-0.0013705713552854002
-9.67851862144958e-05
-0.004342554655418088
-0.002478699623028608
0.008832058081431105
-0.0033327167872411255
-0.0018820392605635292
-0.008182473588917568
0.003907731066484677
-0.0004425157747107011
-0.0013231692979493392
-0.0004425157747107011
-0.0034241047908093823
0.00739552512990827
0.0013473372022424885
0.0013399593394249607
0.009000830408101445
-0.0018820392605635292
-0.0013231692979493392
-0.0011447325957499028
-0.0034241047908093823
-0.0070723661236245135
-0.002636627384436055
-0.002636627384436055
-0.006948947161385621
0.0018558357544119068
0.003907731066484677
0.001796380288725542
0.008832058081431105
-0.004342554655418088
-0.008182473588917568
-0.00020233319747015849
0.0018558357544119068
-0.002478699623028608
0.0013473372022424885
-0.008182473588917568
-0.00020233319747015849
-0.006948947161385621
-0.0018820392605635292
-0.0034241047908093823
-0.0010121173107350855
-0.00020233319747015849
-0.0011447325957499028
-0.00020233319747015849
0.0013473372022424885
0.000517729135631614
-0.0075072176943538835
-0.0034241047908093823
-0.004330010637499207
0.000517729135631614
-0.0026350709016867537
-0.004330010637499207
-0.004342554655418088
0.009000830408101445
-0.004885340760730887
-0.005383142375528202
-9.67851862144958e-05
-0.0013705713552854002
-0.004330010637499207
-0.0004425157747107011
-0.0018820392605635292
-0.0026350709016867537
-0.002636627384436055
-0.0070723661236245135
-0.0011447325957499028
-0.004342554655418088
0.001796380288725542
-9.67851862144958e-05
-0.0075072176943538835
0.0013473372022424885
-0.004330010637499207
-0.005518953058064834
0.00013197059756684982
0.008832058081431105
0.0013473372022424885
0.0013399593394249607
-0.0013705713552854002
-0.004885340760730887
-0.0011953587222835768
-0.004342554655418088
0.000517729135631614
-0.0013705713552854002
-0.008182473588917568
-0.0010121173107350855
0.000517729135631614
0.0013473372022424885
0.003907731066484677
0.0018558357544119068
0.008832058081431105
-0.002636627384436055
-0.004330010637499207
-0.005518953058064834
-0.0010121173107350855
-0.0018820392605635292
0.00013197059756684982
-0.0075072176943538835
-9.67851862144958e-05
-0.004340652850621975
0.0013473372022424885
-0.002478699623028608
0.008832058081431105
-0.005383142375528202
-0.0013231692979493392
0.00016441647484451315
-0.006948947161385621
0.00013197059756684982
-0.0011447325957499028
-0.0011447325957499028
0.001796380288725542
-0.0033327167872411255
-0.002478699623028608
0.00016441647484451315
0.000517729135631614
0.009000830408101445
0.0018558357544119068
-0.004885340760730887
0.003907731066484677
0.0018558357544119068
0.0018558357544119068
-0.0011447325957499028
-0.0004425157747107011
-0.0034241047908093823
-0.0033327167872411255
-0.005518953058064834
0.000517729135631614
-0.0033327167872411255
0.00739552512990827
0.00739552512990827
0.0013473372022424885
-0.0011953587222835768
-0.004330010637499207
-0.008182473588917568
-9.67851862144958e-05
-0.00020233319747015849
-0.004885340760730887
0.00739552512990827
-0.005518953058064834
0.0018558357544119068
-0.0075072176943538835
-0.003917204790316777
-0.004885340760730887
-9.67851862144958e-05
-0.0075072176943538835
-0.0034241047908093823
-0.0070723661236245135
-0.0026350709016867537
-0.002636627384436055
-0.002478699623028608
-0.004340652850621975
-0.0026350709016867537
0.000517729135631614
0.008832058081431105
-0.0011447325957499028
-0.005518953058064834
-0.0018820392605635292
-0.0018820392605635292
0.00013197059756684982
-0.004330010637499207
-0.005383142375528202
-0.004340652850621975
0.00013197059756684982
-0.008182473588917568
-0.0013231692979493392
0.00013197059756684982
-0.0004425157747107011
-0.0004425157747107011
-0.002636627384436055
-0.005383142375528202
0.0013399593394249607
0.008832058081431105
-0.005383142375528202
0.0013399593394249607
0.00013197059756684982
-0.0075072176943538835
0.008832058081431105
-0.005383142375528202
0.00016441647484451315
0.008832058081431105
-0.004342554655418088
-0.0013231692979493392
-9.67851862144958e-05
0.0013473372022424885
0.0013473372022424885
-0.004342554655418088
-9.67851862144958e-05
-0.002636627384436055
0.000517729135631614
0.00016441647484451315
-0.0033327167872411255
-0.0018820392605635292
-0.004885340760730887
0.003907731066484677
0.000517729135631614
0.009000830408101445
0.003907731066484677
-0.005518953058064834
-0.002478699623028608
0.00016441647484451315
-0.006948947161385621
-0.0011953587222835768
-0.004885340760730887
-0.002636627384436055
0.00016441647484451315
-0.006948947161385621
-0.005383142375528202
0.0018558357544119068
-0.005518953058064834
-0.005383142375528202
0.00739552512990827
0.009000830408101445
-0.0075072176943538835
0.009000830408101445
0.00739552512990827
-0.0011953587222835768
-0.004340652850621975
-0.0018820392605635292
-0.00020233319747015849
-0.0004425157747107011
-0.004885340760730887
-0.004330010637499207
-0.0070723661236245135
-0.004340652850621975
-0.0004425157747107011
0.008832058081431105
0.0013473372022424885
-0.0075072176943538835
-0.004340652850621975
-0.002636627384436055
-0.0026350709016867537
-0.0011447325957499028
0.001796380288725542
-0.004330010637499207
-0.002636627384436055
-0.0013231692979493392
-0.0013705713552854002
-0.006948947161385621
-0.004340652850621975
-0.0011953587222835768
-0.006948947161385621
0.0018558357544119068
-0.0013231692979493392
0.009000830408101445
-0.0018820392605635292
-0.0013705713552854002
-0.002478699623028608
-0.003917204790316777
-0.008182473588917568
0.00016441647484451315
-0.0026350709016867537
0.0013399593394249607
-0.004340652850621975
-0.0013705713552854002
0.0013399593394249607
-0.003917204790316777
-0.004342554655418088
-0.002636627384436055
-0.006948947161385621
0.0018558357544119068
0.000517729135631614
-0.008182473588917568
0.009000830408101445
-0.004885340760730887
-0.0034241047908093823
-0.0011447325957499028
-0.004885340760730887
0.0018558357544119068
-0.0013231692979493392
-0.0018820392605635292
-0.008182473588917568
0.0013473372022424885
-0.006948947161385621
0.0013473372022424885
-0.0018820392605635292
0.003907731066484677
-9.67851862144958e-05
-0.0075072176943538835
0.00013197059756684982
-0.0010121173107350855
-0.006948947161385621
0.009000830408101445
-0.0013231692979493392
0.009000830408101445
-0.006948947161385621
-0.0010121173107350855
-9.67851862144958e-05
0.00016441647484451315
0.0013399593394249607
-0.0033327167872411255
0.00739552512990827
-0.0075072176943538835
0.00013197059756684982
-0.004340652850621975
-0.0034241047908093823
-0.005518953058064834
0.0013399593394249607
-0.0013231692979493392
-0.0075072176943538835
-0.00020233319747015849
0.00013197059756684982
-0.00020233319747015849
-0.004342554655418088
-0.0018820392605635292
-0.004330010637499207
-0.0026350709016867537
-0.0013231692979493392
-0.005518953058064834
-0.005383142375528202
-0.008182473588917568
-0.004885340760730887
0.001796380288725542
0.000517729135631614
0.009000830408101445
-0.0004425157747107011
0.0013473372022424885
0.000517729135631614
-0.0011953587222835768
-0.005518953058064834
-0.003917204790316777
-0.0004425157747107011
0.00016441647484451315
0.0018558357544119068
-0.0026350709016867537
0.00016441647484451315
-0.004330010637499207
0.00013197059756684982
-0.0018820392605635292
0.0018558357544119068
0.009000830408101445
0.00013197059756684982
-0.0013231692979493392
0.00016441647484451315
-0.003917204790316777
-0.00020233319747015849
-0.0004425157747107011
0.009000830408101445
0.000517729135631614
-0.0033327167872411255
-0.0013705713552854002
-0.0070723661236245135
0.00016441647484451315
-0.0033327167872411255
0.00013197059756684982
-0.004885340760730887
-0.0018820392605635292
-0.004340652850621975
-0.00020233319747015849
0.009000830408101445
-0.0033327167872411255
0.00739552512990827
-0.004885340760730887
-0.004885340760730887
-0.005383142375528202
-0.0013231692979493392
-0.003917204790316777
-0.0010121173107350855
-0.0010121173107350855
0.003907731066484677
0.0013473372022424885
-0.0070723661236245135
-0.00020233319747015849
-0.0075072176943538835
0.001796380288725542
-0.0018820392605635292
-0.004330010637499207
-0.0010121173107350855
-0.0004425157747107011
-0.0011447325957499028
0.00016441647484451315
0.003907731066484677
-0.005518953058064834
-0.0018820392605635292
-0.00020233319747015849
0.00739552512990827
-9.67851862144958e-05
-0.0075072176943538835
-0.005518953058064834
0.0018558357544119068
-0.0011953587222835768
-0.004885340760730887
-0.0033327167872411255
0.00739552512990827
-0.005383142375528202
-0.003917204790316777
0.0013473372022424885
-0.0004425157747107011
-0.004342554655418088
-0.006948947161385621
-0.002478699623028608
0.0018558357544119068
-0.0026350709016867537
0.008832058081431105
-0.0034241047908093823
-0.0033327167872411255
0.001796380288725542
-0.002636627384436055
-0.0075072176943538835
-0.003917204790316777
0.0013473372022424885
-0.004885340760730887
-0.004330010637499207
-0.004340652850621975
0.008832058081431105
-0.0070723661236245135
-0.004340652850621975
-0.0011953587222835768
0.00013197059756684982
-0.0034241047908093823
0.0018558357544119068
-0.0070723661236245135
-0.003917204790316777
0.008832058081431105
-0.002636627384436055
0.00016441647484451315
0.008832058081431105
-0.0004425157747107011
-0.008182473588917568
-0.0013231692979493392
-0.0026350709016867537
-0.0013231692979493392
0.00739552512990827
0.00739552512990827
-0.006948947161385621
-0.0070723661236245135
-0.0010121173107350855
0.0013399593394249607
-0.0070723661236245135
0.009000830408101445
-0.0013231692979493392
-0.005518953058064834
-0.0026350709016867537
-0.002478699623028608
0.00013197059756684982
-0.002478699623028608
-9.67851862144958e-05
-0.004342554655418088
-0.006948947161385621
-0.0004425157747107011
-0.008182473588917568
-0.0026350709016867537
0.000517729135631614
0.00016441647484451315
0.000517729135631614
-0.0011953587222835768
-0.0018820392605635292
-0.0004425157747107011
0.00013197059756684982
-0.004342554655418088
-0.0034241047908093823
-0.005383142375528202
-0.005518953058064834
-0.0011953587222835768
0.0013473372022424885
0.00013197059756684982
-0.0011447325957499028
-0.003917204790316777
-0.008182473588917568
0.0013399593394249607
-0.006948947161385621
-0.0033327167872411255
-0.002478699623028608
-0.0011953587222835768
0.0013473372022424885
-0.004340652850621975
-0.0004425157747107011
-0.0010121173107350855
-0.0013231692979493392
-0.0010121173107350855
-0.0034241047908093823
-0.005383142375528202
-0.008182473588917568
-0.0010121173107350855
-0.002478699623028608
0.001796380288725542
-0.0011447325957499028
-0.005518953058064834
0.00016441647484451315
-0.0026350709016867537
0.009000830408101445
-0.005383142375528202
0.003907731066484677
-0.0011953587222835768
-0.0070723661236245135
-0.0013705713552854002
-0.00020233319747015849
-0.005383142375528202
-0.005383142375528202
-0.005518953058064834
0.0013399593394249607
-0.005383142375528202
-0.004885340760730887
-0.0033327167872411255
-0.005383142375528202
-0.00020233319747015849
-0.0026350709016867537
-0.0011953587222835768
0.0013399593394249607
-0.0010121173107350855
-0.002478699623028608
-0.0018820392605635292
-0.0034241047908093823
-0.0018820392605635292
0.003907731066484677
-0.0075072176943538835
-0.0070723661236245135
0.000517729135631614
-0.0010121173107350855
-0.002478699623028608
-0.005518953058064834
0.0013399593394249607
-0.0033327167872411255
-0.004885340760730887
-0.00020233319747015849
0.000517729135631614
-0.0018820392605635292
-0.0026350709016867537
-0.0004425157747107011
0.000517729135631614
-0.0018820392605635292
0.00739552512990827
-0.00020233319747015849
0.001796380288725542
0.008832058081431105
0.00013197059756684982
-0.0011447325957499028
0.000517729135631614
-0.0034241047908093823
0.0013399593394249607
-9.67851862144958e-05
-0.0013231692979493392
-0.0011953587222835768
0.003907731066484677
-0.0013705713552854002
-0.0070723661236245135
-0.004342554655418088
-0.0013705713552854002
-0.0033327167872411255
-0.0013705713552854002
-0.004885340760730887
-0.005518953058064834
-0.0010121173107350855
0.000517729135631614
-0.0026350709016867537
-0.0011447325957499028
-0.004342554655418088
-0.0033327167872411255
-0.0011953587222835768
-0.004342554655418088
-0.004330010637499207
-0.00020233319747015849
-0.0011447325957499028
-0.004340652850621975
-0.0013231692979493392
-9.67851862144958e-05
-0.0033327167872411255
0.00016441647484451315
-0.002636627384436055
-0.003917204790316777
-0.003917204790316777
-0.003917204790316777
-0.0013231692979493392
-0.004330010637499207
-0.005383142375528202
0.0013399593394249607
0.00013197059756684982
0.00013197059756684982
-0.0033327167872411255
-0.0013231692979493392
-0.0004425157747107011
0.0013399593394249607
0.00013197059756684982
-0.002636627384436055
-0.0011447325957499028
0.001796380288725542
-0.002478699623028608
-0.008182473588917568
-0.0010121173107350855
0.003907731066484677
-0.0010121173107350855
0.0018558357544119068
-0.0013231692979493392
-0.0033327167872411255
0.00013197059756684982
-0.0004425157747107011
0.003907731066484677
-0.0013231692979493392
-0.0033327167872411255
-0.0018820392605635292
-0.00020233319747015849
-0.0013231692979493392
-0.005518953058064834
-0.0013705713552854002
0.0018558357544119068
0.0013473372022424885
0.003907731066484677
-0.0004425157747107011
-0.0010121173107350855
-0.002478699623028608
-0.0013231692979493392
0.00016441647484451315
0.00016441647484451315
