-0.00917469215651851
-0.0176486052981828
-0.010494361768342073
-0.014852020836913947
-0.005800826568659154
-0.0176486052981828
-0.006745329514757185
-0.004726541763982421
-0.00261954310631212
-0.0007846662636108626
0.00045964024212789844
-0.0121505033559538
-0.0100413370893611
-0.009167642419820387
-0.007655359175146741
-0.010494361768342073
-0.0007846662636108626
-0.009971358455174143
-0.0038316436753697706
-0.0100413370893611
0.0031602351303113775
-0.019832901210105964
-0.012782885416975188
-0.02107401068000311
-0.009167642419820387
-0.004758440679158843
-0.007183457261053583
-0.004488070114127339
-0.010494361768342073
-0.002567345223117426
-0.02107401068000311
-0.007240543557602897
-0.009167642419820387
-0.002567345223117426
0.0030422643326468816
-0.006086678867553801
-0.014852020836913947
-0.004726541763982421
-0.005401477647233529
-0.002567345223117426
-0.018598565080386334
-0.012195287698135176
-0.0055042403233625786
-0.010494361768342073
-0.02187368607989361
-0.00556785714901288
-0.005219722522933361
-0.009971358455174143
0.00045964024212789844
-0.014000848923582434
-0.005401477647233529
-0.00556785714901288
-0.005219722522933361
-0.0025332889721606184
-0.02107401068000311
-0.02206175233877112
-0.004758440679158843
-0.007240543557602897
-0.00261954310631212
-0.003354250540964723
-0.006086678867553801
-0.009550391170927547
-0.010494361768342073
-0.007183457261053583
-0.0007846662636108626
-0.005219722522933361
-0.013221925077906973
-0.02187368607989361
-0.004488070114127339
-0.009490063118440754
0.0035158809229711542
-0.00234375597931631
-0.009971358455174143
0.00045964024212789844
-0.00912448052137404
-0.007655359175146741
0.0019629465877751312
-0.00261954310631212
-0.009167642419820387
-0.005314094099438309
0.00045964024212789844
-0.004726541763982421
-0.015374422833039572
-0.015760959786994454
0.0019629465877751312
-0.0055042403233625786
-0.010475383899087934
-0.00917469215651851
-0.0176486052981828
-0.005314094099438309
0.00045964024212789844
-0.004227202694393013
-0.006086678867553801
-0.004488070114127339
-0.013221925077906973
-0.009490063118440754
0.004001560071804434
-0.004227202694393013
-0.012782885416975188
-0.013100952583532756
-0.007655359175146741
-0.0121505033559538
-0.012782885416975188
-0.00556785714901288
-0.004488070114127339
-0.010339057498170675
-0.018598565080386334
-0.02187368607989361
-0.009855753109600518
-0.002784495823049583
-0.009550391170927547
-0.003354250540964723
-0.0032664865720465684
-0.0176486052981828
-0.010574664108303258
-0.010339057498170675
-0.005800826568659154
-0.004488070114127339
-0.012782885416975188
0.0007612755773480142
-0.010494361768342073
-0.015374422833039572
-0.013100952583532756
0.0031602351303113775
-0.010494361768342073
0.0015304554849908964
-0.009318077475831365
0.0031602351303113775
-0.004488070114127339
-0.018598565080386334
-0.009318077475831365
-0.00261954310631212
-0.010307893377109913
0.004001560071804434
-0.006024183363234328
0.0031602351303113775
-0.002784495823049583
-0.0176486052981828
-0.002567345223117426
-0.005410206157424235
-0.011255875351987174
-0.009490063118440754
-0.006745329514757185
-0.013221925077906973
-0.010475383899087934
-0.006024183363234328
-0.014852020836913947
-0.007655359175146741
-0.004488070114127339
-0.006745329514757185
-0.00261954310631212
-0.005484690835539581
0.0007612755773480142
-0.0025332889721606184
-0.014000848923582434
0.0030422643326468816
0.004001560071804434
-0.00234375597931631
0.00045964024212789844
-0.0032664865720465684
-0.02187368607989361
-0.009318077475831365
-0.0100413370893611
-0.0007846662636108626
-0.004227202694393013
-0.005219722522933361
-0.013100952583532756
0.004001560071804434
-0.010339057498170675
-0.00234375597931631
-0.007240543557602897
-0.006745329514757185
-0.014852020836913947
-0.002567345223117426
-0.004758440679158843
-0.013100952583532756
-0.006745329514757185
-0.00261954310631212
-0.010307893377109913
-0.02206175233877112
-0.002784495823049583
0.0019629465877751312
0.0019629465877751312
-0.014000848923582434
0.00045964024212789844
-0.004758440679158843
-0.0121505033559538
-0.009855753109600518
-0.00912448052137404
-0.0007846662636108626
-0.015553468147171706
-0.004758440679158843
-0.009167642419820387
-0.0038316436753697706
-0.015760959786994454
-0.010574664108303258
-0.01084366887673029
-0.013100952583532756
-0.006024183363234328
-0.005410206157424235
-0.009167642419820387
-0.02107401068000311
-0.0121505033559538
0.0007612755773480142
0.0030422643326468816
-0.0025332889721606184
-0.00234375597931631
0.004001560071804434
-0.009971358455174143
-0.02107401068000311
-0.006745329514757185
-0.010339057498170675
-0.00556785714901288
-0.005219722522933361
-0.009855753109600518
-0.013221925077906973
-0.002567345223117426
-0.006086678867553801
0.0015304554849908964
-0.0100413370893611
-0.0032664865720465684
-0.010475383899087934
-0.012195287698135176
-0.002784495823049583
-0.004758440679158843
-0.010307893377109913
-0.005314094099438309
-0.006745329514757185
-0.010574664108303258
-0.006086678867553801
-0.004726541763982421
-0.015374422833039572
0.0015304554849908964
-0.004227202694393013
-0.004726541763982421
-0.006086678867553801
-0.010339057498170675
-0.004227202694393013
-0.019832901210105964
-0.00912448052137404
-0.005314094099438309
-0.014000848923582434
-0.00556785714901288
-0.0100413370893611
0.0031602351303113775
-0.00234375597931631
0.0015304554849908964
-0.000972875846132258
-0.014000848923582434
-0.0032664865720465684
-0.009318077475831365
-0.02206175233877112
-0.005800826568659154
-0.005219722522933361
-0.0100413370893611
-0.011255875351987174
-0.007183457261053583
0.0015304554849908964
-0.014000848923582434
-0.018598565080386334
-0.006086678867553801
-0.019832901210105964
-0.007183457261053583
-0.009971358455174143
-0.006745329514757185
-0.00556785714901288
-0.00912448052137404
-0.02206175233877112
-0.00261954310631212
-0.02206175233877112
-0.02187368607989361
-0.01084366887673029
-0.00917469215651851
-0.013100952583532756
-0.012782885416975188
-0.018842591107661042
-0.005401477647233529
-0.018598565080386334
0.00045964024212789844
-0.02206175233877112
-0.006086678867553801
-0.02187368607989361
-0.009167642419820387
-0.005219722522933361
-0.0038316436753697706
-0.009971358455174143
-0.006024183363234328
-0.011255875351987174
-0.004488070114127339
-0.009318077475831365
-0.002567345223117426
-0.015553468147171706
-0.004227202694393013
-0.02206175233877112
-0.004488070114127339
-0.002784495823049583
-0.010494361768342073
0.0031602351303113775
-0.00556785714901288
-0.005800826568659154
-0.015760959786994454
-0.007240543557602897
-0.009167642419820387
0.0031602351303113775
-0.00917469215651851
-0.00917469215651851
-0.007240543557602897
-0.02107401068000311
-0.004758440679158843
-0.0032664865720465684
0.0030422643326468816
0.004001560071804434
-0.02107401068000311
-0.005314094099438309
-0.005800826568659154
-0.02206175233877112
-0.007183457261053583
-0.015760959786994454
-0.004758440679158843
-0.014000848923582434
-0.02107401068000311
-0.0055042403233625786
-0.00556785714901288
-0.0100413370893611
-0.0025332889721606184
-0.014852020836913947
-0.005484690835539581
0.00045964024212789844
-0.012195287698135176
0.004001560071804434
-0.009318077475831365
-0.003354250540964723
-0.010494361768342073
-0.009550391170927547
-0.015374422833039572
-0.007183457261053583
-0.009490063118440754
-0.010574664108303258
-0.009490063118440754
-0.009550391170927547
0.0035158809229711542
-0.0121505033559538
-0.02206175233877112
0.0015304554849908964
-0.005484690835539581
-0.010574664108303258
-0.015553468147171706
-0.015374422833039572
-0.010574664108303258
-0.00912448052137404
-0.013100952583532756
0.0007612755773480142
0.0007612755773480142
-0.0025332889721606184
-0.015760959786994454
-0.005219722522933361
-0.00912448052137404
-0.0032664865720465684
-0.007183457261053583
0.0030422643326468816
-0.0025332889721606184
-0.005410206157424235
0.0031602351303113775
-0.005410206157424235
0.0030422643326468816
-0.004726541763982421
-0.003354250540964723
-0.010494361768342073
-0.007655359175146741
0.0015304554849908964
-0.005484690835539581
-0.010475383899087934
-0.0176486052981828
0.0035158809229711542
-0.00917469215651851
-0.010307893377109913
0.0019629465877751312
-0.009490063118440754
-0.004758440679158843
-0.007240543557602897
-0.01084366887673029
-0.010339057498170675
-0.002784495823049583
-0.015374422833039572
-0.010339057498170675
-0.012782885416975188
-0.010574664108303258
-0.013100952583532756
-0.005314094099438309
-0.018842591107661042
-0.015760959786994454
-0.005410206157424235
-0.005484690835539581
-0.018842591107661042
-0.00912448052137404
-0.013221925077906973
-0.014852020836913947
-0.0025332889721606184
-0.005219722522933361
-0.005401477647233529
-0.0013098978664666263
-0.02107401068000311
-0.005314094099438309
-0.005314094099438309
-0.004488070114127339
-0.010475383899087934
-0.00261954310631212
0.0019629465877751312
-0.010475383899087934
-0.007655359175146741
-0.0007846662636108626
-0.015553468147171706
-0.007240543557602897
-0.018842591107661042
-0.0007846662636108626
-0.007655359175146741
-0.011255875351987174
-0.011255875351987174
-0.02206175233877112
0.0031602351303113775
-0.018842591107661042
-0.005800826568659154
-0.0013098978664666263
-0.015374422833039572
-0.00917469215651851
-0.0121505033559538
0.00045964024212789844
-0.005800826568659154
-0.0055042403233625786
0.0031602351303113775
-0.013221925077906973
-0.010494361768342073
-0.010307893377109913
-0.000972875846132258
0.0015304554849908964
-0.0121505033559538
-0.005314094099438309
-0.010475383899087934
-0.012195287698135176
-0.007183457261053583
-0.005484690835539581
-0.0100413370893611
-0.005800826568659154
-0.005314094099438309
0.0019629465877751312
-0.009167642419820387
-0.009318077475831365
-0.005410206157424235
-0.004488070114127339
-0.002784495823049583
-0.015553468147171706
-0.005800826568659154
-0.018842591107661042
-0.004227202694393013
0.004001560071804434
0.0007612755773480142
-0.013100952583532756
-0.007183457261053583
-0.004488070114127339
-0.015553468147171706
0.00045964024212789844
0.0019629465877751312
-0.0025332889721606184
-0.006745329514757185
0.00045964024212789844
-0.009855753109600518
-0.015553468147171706
-0.014000848923582434
-0.009971358455174143
-0.00556785714901288
-0.005410206157424235
-0.018598565080386334
0.0015304554849908964
-0.0176486052981828
-0.005410206157424235
-0.014852020836913947
-0.010494361768342073
-0.0176486052981828
-0.013221925077906973
0.0035158809229711542
-0.006745329514757185
-0.0055042403233625786
-0.00556785714901288
-0.005800826568659154
-0.0176486052981828
-0.004726541763982421
-0.009318077475831365
-0.0055042403233625786
-0.02107401068000311
-0.003354250540964723
-0.009167642419820387
-0.012195287698135176
0.0030422643326468816
-0.005314094099438309
-0.013100952583532756
-0.0055042403233625786
-0.0038316436753697706
-0.009971358455174143
0.004001560071804434
-0.005484690835539581
-0.011255875351987174
-0.005800826568659154
-0.0038316436753697706
-0.0007846662636108626
-0.0121505033559538
-0.000972875846132258
-0.007183457261053583
-0.011255875351987174
-0.006745329514757185
-0.01084366887673029
-0.010307893377109913
-0.002784495823049583
-0.006024183363234328
-0.015374422833039572
-0.009971358455174143
-0.004758440679158843
-0.018598565080386334
-0.010494361768342073
-0.005800826568659154
-0.009167642419820387
-0.0013098978664666263
-0.018598565080386334
-0.009167642419820387
-0.009490063118440754
-0.0032664865720465684
-0.010494361768342073
-0.000972875846132258
-0.007183457261053583
-0.00917469215651851
-0.005401477647233529
-0.009490063118440754
-0.013100952583532756
-0.0055042403233625786
-0.005800826568659154
-0.00912448052137404
-0.009855753109600518
-0.005484690835539581
-0.015553468147171706
-0.007240543557602897
-0.00556785714901288
-0.005401477647233529
-0.005410206157424235
-0.007183457261053583
-0.007183457261053583
-0.0032664865720465684
-0.00556785714901288
-0.005401477647233529
-0.007655359175146741
-0.0025332889721606184
-0.0121505033559538
-0.015374422833039572
-0.010475383899087934
-0.005314094099438309
0.00045964024212789844
-0.0176486052981828
-0.005410206157424235
-0.005800826568659154
-0.006086678867553801
-0.003354250540964723
0.0007612755773480142
-0.007655359175146741
-0.0007846662636108626
-0.0013098978664666263
-0.0007846662636108626
-0.00912448052137404
-0.010475383899087934
-0.009167642419820387
-0.002784495823049583
-0.00912448052137404
-0.002567345223117426
-0.010339057498170675
-0.010494361768342073
-0.0025332889721606184
-0.005219722522933361
-0.00912448052137404
-0.004726541763982421
-0.010574664108303258
0.0030422643326468816
-0.015374422833039572
0.0019629465877751312
-0.00234375597931631
-0.00261954310631212
-0.02206175233877112
-0.019832901210105964
-0.009550391170927547
-0.013100952583532756
-0.010494361768342073
-0.0176486052981828
-0.009490063118440754
-0.02107401068000311
-0.005314094099438309
-0.013221925077906973
-0.0121505033559538
-0.010339057498170675
0.004001560071804434
-0.009550391170927547
-0.009490063118440754
-0.010574664108303258
-0.00556785714901288
0.0007612755773480142
-0.018842591107661042
-0.005410206157424235
-0.019832901210105964
-0.02107401068000311
-0.015760959786994454
-0.006745329514757185
-0.02206175233877112
-0.01084366887673029
-0.0038316436753697706
-0.02187368607989361
-0.02187368607989361
-0.005219722522933361
-0.004758440679158843
-0.009855753109600518
-0.00917469215651851
-0.012782885416975188
-0.02187368607989361
-0.013100952583532756
-0.015553468147171706
-0.007240543557602897
-0.009167642419820387
-0.00917469215651851
-0.009855753109600518
-0.0100413370893611
-0.02206175233877112
-0.013221925077906973
-0.002784495823049583
-0.018598565080386334
-0.000972875846132258
-0.007183457261053583
-0.006024183363234328
-0.010494361768342073
-0.009550391170927547
-0.018598565080386334
-0.009490063118440754
0.0007612755773480142
-0.005410206157424235
-0.0013098978664666263
-0.000972875846132258
-0.0055042403233625786
-0.0038316436753697706
-0.0121505033559538
-0.0100413370893611
-0.005401477647233529
0.0035158809229711542
-0.013221925077906973
-0.009550391170927547
-0.005219722522933361
-0.013221925077906973
-0.00234375597931631
-0.018842591107661042
-0.009490063118440754
-0.010574664108303258
-0.015760959786994454
-0.007655359175146741
-0.005800826568659154
-0.018598565080386334
-0.005800826568659154
-0.012195287698135176
-0.02187368607989361
-0.0032664865720465684
0.00045964024212789844
-0.00556785714901288
-0.004488070114127339
-0.0032664865720465684
-0.004488070114127339
-0.0007846662636108626
-0.010494361768342073
-0.0025332889721606184
-0.002567345223117426
-0.004726541763982421
-0.0025332889721606184
-0.00912448052137404
-0.007655359175146741
-0.00917469215651851
-0.002567345223117426
0.0007612755773480142
0.00045964024212789844
-0.010339057498170675
-0.009855753109600518
-0.0100413370893611
-0.018842591107661042
-0.003354250540964723
-0.00912448052137404
-0.007655359175146741
-0.005484690835539581
-0.009167642419820387
-0.002567345223117426
-0.009318077475831365
-0.0038316436753697706
-0.009971358455174143
-0.013100952583532756
-0.005800826568659154
-0.004488070114127339
0.0019629465877751312
-0.010574664108303258
-0.012195287698135176
-0.013221925077906973
-0.00912448052137404
-0.007183457261053583
-0.019832901210105964
-0.003354250540964723
-0.010574664108303258
0.0019629465877751312
-0.0100413370893611
-0.009167642419820387
0.0035158809229711542
0.0030422643326468816
0.00045964024212789844
-0.005219722522933361
-0.02187368607989361
-0.006086678867553801
-0.006745329514757185
-0.0013098978664666263
0.0035158809229711542
-0.006024183363234328
-0.02187368607989361
0.0031602351303113775
0.0007612755773480142
-0.015760959786994454
-0.010574664108303258
-0.0013098978664666263
-0.004758440679158843
-0.00917469215651851
-0.01084366887673029
-0.003354250540964723
-0.014852020836913947
-0.02107401068000311
-0.010339057498170675
-0.0055042403233625786
-0.0032664865720465684
-0.004758440679158843
-0.015374422833039572
-0.009971358455174143
-0.006024183363234328
0.0030422643326468816
-0.000972875846132258
-0.009167642419820387
0.00045964024212789844
-0.002567345223117426
-0.004758440679158843
0.0031602351303113775
0.0030422643326468816
-0.00234375597931631
-0.015553468147171706
0.0015304554849908964
0.0035158809229711542
-0.00556785714901288
-0.0038316436753697706
-0.009318077475831365
-0.010475383899087934
-0.005410206157424235
0.0007612755773480142
0.0015304554849908964
0.0007612755773480142
-0.006086678867553801
-0.018842591107661042
-0.005401477647233529
0.0035158809229711542
-0.010494361768342073
0.0015304554849908964
-0.00234375597931631
-0.02206175233877112
-0.018842591107661042
-0.0176486052981828
-0.014852020836913947
-0.007655359175146741
-0.006745329514757185
-0.000972875846132258
-0.015374422833039572
0.0031602351303113775
-0.00261954310631212
-0.005314094099438309
-0.005401477647233529
-0.012782885416975188
-0.009318077475831365
-0.01084366887673029
-0.005219722522933361
0.004001560071804434
-0.005219722522933361
0.004001560071804434
-0.003354250540964723
-0.015553468147171706
-0.005314094099438309
-0.013221925077906973
0.0035158809229711542
-0.007183457261053583
-0.014852020836913947
-0.00917469215651851
-0.00912448052137404
-0.00234375597931631
-0.0013098978664666263
-0.010475383899087934
0.0030422643326468816
-0.0032664865720465684
-0.005410206157424235
0.0031602351303113775
-0.006745329514757185
-0.007240543557602897
-0.005219722522933361
0.0035158809229711542
0.004001560071804434
-0.0007846662636108626
-0.014000848923582434
-0.0013098978664666263
-0.010475383899087934
-0.013221925077906973
-0.007655359175146741
-0.00261954310631212
-0.004726541763982421
-0.014852020836913947
-0.0007846662636108626
-0.007655359175146741
-0.009167642419820387
-0.003354250540964723
-0.00912448052137404
-0.004227202694393013
-0.02107401068000311
-0.005800826568659154
-0.012782885416975188
-0.012782885416975188
-0.00912448052137404
-0.006745329514757185
-0.004758440679158843
-0.0038316436753697706
-0.015374422833039572
-0.004726541763982421
-0.003354250540964723
-0.005484690835539581
-0.011255875351987174
-0.009855753109600518
-0.0121505033559538
-0.005484690835539581
-0.0007846662636108626
-0.004227202694393013
-0.010339057498170675
-0.010339057498170675
-0.005401477647233529
-0.003354250540964723
0.0035158809229711542
-0.006745329514757185
-0.015760959786994454
-0.00261954310631212
-0.013221925077906973
-0.0038316436753697706
-0.010339057498170675
-0.010307893377109913
-0.004227202694393013
-0.02206175233877112
-0.0121505033559538
-0.0013098978664666263
-0.007183457261053583
0.0031602351303113775
-0.010339057498170675
-0.010339057498170675
-0.004726541763982421
-0.011255875351987174
-0.010494361768342073
-0.012195287698135176
-0.005314094099438309
-0.010307893377109913
-0.00917469215651851
-0.000972875846132258
-0.007240543557602897
-0.004227202694393013
-0.006086678867553801
-0.014000848923582434
-0.005219722522933361
-0.006024183363234328
-0.015760959786994454
0.00045964024212789844
-0.002567345223117426
-0.013221925077906973
-0.007183457261053583
-0.010574664108303258
-0.010307893377109913
0.0007612755773480142
-0.010574664108303258
-0.009550391170927547
0.004001560071804434
-0.005800826568659154
-0.018598565080386334
-0.005484690835539581
-0.009550391170927547
-0.012782885416975188
-0.006745329514757185
-0.007183457261053583
-0.004488070114127339
-0.013221925077906973
0.0007612755773480142
-0.006024183363234328
-0.004227202694393013
-0.003354250540964723
-0.004488070114127339
-0.005800826568659154
0.0007612755773480142
-0.004488070114127339
-0.0038316436753697706
-0.004488070114127339
-0.01084366887673029
-0.0025332889721606184
-0.007655359175146741
-0.011255875351987174
-0.00917469215651851
-0.005219722522933361
-0.009167642419820387
-0.007240543557602897
-0.009855753109600518
-0.00917469215651851
-0.003354250540964723
0.0015304554849908964
-0.006745329514757185
-0.0121505033559538
-0.0055042403233625786
-0.010475383899087934
-0.012195287698135176
0.00045964024212789844
-0.007240543557602897
-0.005314094099438309
-0.015374422833039572
-0.012195287698135176
-0.004227202694393013
-0.015760959786994454
0.004001560071804434
-0.004227202694393013
-0.010494361768342073
-0.007655359175146741
-0.015553468147171706
-0.01084366887673029
-0.009971358455174143
-0.018842591107661042
0.004001560071804434
-0.004227202694393013
-0.009855753109600518
-0.011255875351987174
-0.0025332889721606184
-0.007183457261053583
-0.0100413370893611
-0.015374422833039572
-0.002784495823049583
-0.004758440679158843
-0.009167642419820387
-0.02206175233877112
-0.013100952583532756
-0.006086678867553801
-0.00261954310631212
-0.006745329514757185
-0.0032664865720465684
-0.00234375597931631
-0.014000848923582434
-0.005401477647233529
-0.009490063118440754
0.0007612755773480142
0.004001560071804434
-0.0013098978664666263
0.004001560071804434
-0.00917469215651851
-0.00234375597931631
-0.0038316436753697706
-0.009855753109600518
-0.005401477647233529
0.0015304554849908964
-0.0121505033559538
-0.003354250540964723
-0.00556785714901288
-0.02107401068000311
-0.009490063118440754
-0.003354250540964723
-0.015553468147171706
-0.019832901210105964
-0.02206175233877112
-0.014000848923582434
-0.0032664865720465684
-0.01084366887673029
0.004001560071804434
-0.005800826568659154
-0.0038316436753697706
-0.00261954310631212
0.0007612755773480142
-0.0032664865720465684
-0.019832901210105964
-0.0007846662636108626
-0.007655359175146741
0.0030422643326468816
-0.004726541763982421
-0.02187368607989361
-0.011255875351987174
-0.007655359175146741
-0.01084366887673029
-0.004488070114127339
-0.00556785714901288
-0.010574664108303258
-0.0025332889721606184
-0.010339057498170675
-0.014852020836913947
-0.010574664108303258
-0.010339057498170675
-0.006086678867553801
0.004001560071804434
-0.009855753109600518
