-0.011145269142193832
0.001674616341027519
-0.00593573583680505
-0.007552108481165899
-0.009749694867665793
-0.0004961000157048342
-0.008224441116284766
-0.004374903649687615
-0.02096865389659922
0.0007469897593097634
-0.0067535689728680385
-0.013970502615730846
-0.013841169728805206
-0.01495856996227357
-0.006724822395146588
-0.008399661235512258
-0.0037396962907813264
-0.012354415220167192
-0.004579168421504391
-0.0042439623439997284
-0.002592226152843109
-0.005022084339448679
-0.00298367532288558
-0.006246961401333648
9.527842211555367e-05
-0.003867663414538517
-0.014417017236242726
-0.011411969249954107
-0.01604149434972763
-0.0018498393141243654
-0.014962825321172523
-0.006585777343609267
-0.011796846456223347
-0.010676979568687234
-0.002011879196311322
-0.008226149064278534
0.013193313153381783
-0.002011879196311322
-0.014986671032360883
0.0005742826575147002
-0.014712568769796534
-0.007867959915090825
0.003322610879912183
-0.010265238954855621
-0.01898128117091935
-0.010312051271550743
-0.014986671032360883
-0.02096865389659922
0.013193313153381783
-0.014395443702755265
-0.004434547271571518
-0.0247420648749256
-0.009097607022829825
-0.005202982276985785
0.004277048866870888
-0.015081226911321011
-0.004753802060600685
-0.008224441116284766
-0.0021759121618572606
-0.010696684525168764
0.0007469897593097634
-0.004960937801042927
-0.005793426891048135
-0.008399661235512258
-0.009749694867665793
-0.009544487567576853
-0.004434547271571518
0.001674616341027519
-0.006177322155098209
-0.006567675439000934
-0.0060891038164571105
-0.013686697590576339
-0.007867959915090825
-0.013844403220854489
-0.01604149434972763
-0.01673837226108562
-0.00662765172805179
-0.01898128117091935
-0.006240099503475042
-0.011145269142193832
0.003322610879912183
-0.007080797598722705
-0.0049845272599628905
0.002661930909951659
-0.006210588927138609
-0.006585777343609267
-0.019556026052432285
-0.008226149064278534
0.001674616341027519
-0.02096865389659922
-0.015904259207736905
-0.005756784442363288
-0.005022084339448679
0.0006340125572385663
-0.0004961000157048342
-0.009097607022829825
-0.004847786853896026
-0.008847635240929764
-0.004960937801042927
-0.012502158472743462
-0.009285762375677877
-0.010312051271550743
-0.005793426891048135
0.003558470599449011
-0.00662765172805179
-0.020060852351461086
-0.013844403220854489
-0.005361931756709709
-0.010696684525168764
-0.008224441116284766
-0.014712568769796534
-0.02096865389659922
-0.0020238425292309022
-0.0037007182967490953
-0.011411969249954107
-0.0021759121618572606
-0.020690922337829685
-0.010502330991329753
-0.008224441116284766
-0.008224441116284766
-0.006480076485905992
-0.012354415220167192
-0.009285762375677877
-0.0060891038164571105
-0.010502330991329753
-0.008226149064278534
-0.004407539204950809
0.0005742826575147002
-0.005504180522932131
-0.007378502907164765
0.004277048866870888
-0.00359069392844742
-0.003765996589336067
-0.01604149434972763
-0.011145269142193832
-0.005023930624441786
-0.006172004699551129
-0.013970502615730846
-0.001744599201190134
-0.010676979568687234
-0.012354415220167192
-0.004374903649687615
-0.013686697590576339
-0.01495856996227357
-0.011859928879953472
-0.013987113798756466
-0.013844403220854489
-0.006240099503475042
-0.010921540758888069
-0.020060852351461086
-0.004753802060600685
-0.006567675439000934
-0.003867663414538517
-0.004753802060600685
0.0006340125572385663
-0.013970502615730846
-0.01495856996227357
-0.004434547271571518
-0.01007366509385488
-0.007867959915090825
-0.008083483213412202
-0.0139992165916986
-0.007378502907164765
-0.00965337318550192
-0.007679229585717465
-0.0037007182967490953
-0.006724822395146588
-0.015904259207736905
-0.03078093749565192
-0.00944052213344731
-0.006724822395146588
-0.008847635240929764
-0.0060891038164571105
-0.02096865389659922
-0.027111902375084644
-0.0040049113737960435
-0.005022084339448679
-0.01432501780675606
0.002661930909951659
-0.004434547271571518
-0.006480076485905992
-0.012354415220167192
0.0006371330344518111
-0.006567675439000934
-0.007727394676467465
-0.002011879196311322
-0.0018498393141243654
-0.006724822395146588
-0.005202982276985785
-0.006210588927138609
-0.002592226152843109
-0.0067535689728680385
-0.007552108481165899
-0.001744599201190134
-0.013959103928486535
-0.012502158472743462
-0.002592226152843109
-0.02264339849294704
-0.005690512677147869
-0.011166530243884741
-0.0037007182967490953
-0.0200215136732993
-0.013686697590576339
-0.0040049113737960435
-0.015597217417194489
-0.0004451528527855235
-0.004579168421504391
-0.007176233503339894
-0.009285762375677877
9.527842211555367e-05
-0.007911443726393214
-0.012354415220167192
-0.013969994987544393
-0.006172004699551129
0.001674616341027519
-0.004847786853896026
-0.01673837226108562
-0.010312051271550743
-0.010628866440084418
-0.006182227658209076
-0.010242130109863487
-0.005793426891048135
-0.006567675439000934
-0.011859928879953472
-0.0025255521508147825
-0.0074580850854957005
-0.0037396962907813264
-0.011859928879953472
-0.00359069392844742
0.003322610879912183
-0.008437224836858548
-0.010242130109863487
-0.010628866440084418
-0.00359069392844742
-0.005690512677147869
-0.007911443726393214
-0.006394380241016321
-0.0018498393141243654
-0.007378502907164765
6.919636860725374e-05
-0.008931932749837425
-0.005361931756709709
0.004277048866870888
-0.006182227658209076
-0.004434547271571518
-0.0025255521508147825
0.003558470599449011
-0.008226149064278534
-0.002592226152843109
-0.010921540758888069
-0.006210588927138609
-0.00298367532288558
-0.014417017236242726
-0.004847786853896026
-0.004579168421504391
-0.005504180522932131
-0.013970502615730846
-0.013969994987544393
0.0005742826575147002
-0.012307772278516265
-0.015597217417194489
-0.004926433446215958
-0.012307772278516265
-0.015597217417194489
-0.002011879196311322
6.919636860725374e-05
-0.006177322155098209
0.003558470599449011
-0.020060852351461086
0.003558470599449011
-0.00028206180275658365
9.527842211555367e-05
-0.027111902375084644
-0.0017773216344455659
-0.004434547271571518
-0.010921540758888069
-0.013013487254565468
-0.015597217417194489
-0.0042439623439997284
-0.0049845272599628905
0.001674616341027519
-0.0040049113737960435
-0.03078093749565192
-0.007080797598722705
-0.006394380241016321
-0.003867663414538517
-0.013841169728805206
-0.0018498393141243654
-0.013013487254565468
-0.020060852351461086
-0.013959103928486535
-0.017514572542662414
-0.005361931756709709
-0.0049845272599628905
0.003322610879912183
-0.004579168421504391
-0.008226149064278534
-0.009304549727299756
-0.003765996589336067
-0.019799012715584128
-0.010921540758888069
-0.007378502907164765
-0.0042439623439997284
-0.0060891038164571105
-0.00028206180275658365
-0.01007366509385488
-0.008931932749837425
0.004277048866870888
-0.007378502907164765
-0.004847786853896026
-0.015081226911321011
-0.008083483213412202
-0.00965337318550192
-0.0025362018039699293
-0.008399661235512258
-0.014712568769796534
-0.004960937801042927
0.003090889878392103
-0.001744599201190134
-0.009097607022829825
-0.007679229585717465
-0.007080797598722705
0.0007469897593097634
-0.009285762375677877
0.004277048866870888
-0.005756784442363288
-0.00662765172805179
-0.00298367532288558
-0.008335441785154987
-0.010696684525168764
-0.008885025761787367
-0.009749694867665793
-0.0020238425292309022
-0.005361931756709709
0.003322610879912183
-0.0037396962907813264
0.003558470599449011
-0.0004451528527855235
-0.006182227658209076
-0.006422210339690349
-0.014395443702755265
-0.00593573583680505
-0.002592226152843109
-0.017514572542662414
-0.020690922337829685
-0.014395443702755265
-0.006182227658209076
-0.013970502615730846
-0.004753802060600685
-0.004434547271571518
-0.010676979568687234
0.004277048866870888
-0.005023930624441786
-0.004434547271571518
-0.027111902375084644
0.003558470599449011
-0.007080797598722705
-0.01495856996227357
-0.015597217417194489
-0.006182227658209076
-0.008847635240929764
-0.0176702291689337
-0.01432501780675606
-0.0025362018039699293
-0.01432501780675606
-0.0247420648749256
-0.006246961401333648
-0.009285762375677877
-0.006567675439000934
-0.0247420648749256
0.0006340125572385663
9.527842211555367e-05
-0.0200215136732993
-0.0017773216344455659
-0.0021759121618572606
-0.008224441116284766
-0.02096865389659922
-0.013970502615730846
-0.004753802060600685
-0.002457184610208418
-0.004926433446215958
-0.014712568769796534
-0.003867663414538517
-0.011859928879953472
-0.011411969249954107
-0.014712568769796534
-0.006567675439000934
-0.01007366509385488
-0.0067535689728680385
-0.005022084339448679
-0.002592226152843109
-0.006172004699551129
-0.008931932749837425
-0.010921540758888069
0.003558470599449011
-0.004926433446215958
-0.013841169728805206
-0.015904259207736905
-0.006585777343609267
-0.005023930624441786
-0.00298367532288558
-0.008501531422954551
0.003558470599449011
-0.014417017236242726
-0.010628866440084418
-0.00628241980346583
-0.013959103928486535
0.001674616341027519
-0.0037396962907813264
-0.004847786853896026
-0.010628866440084418
-0.009097607022829825
-0.020060852351461086
-0.004960937801042927
-0.005022084339448679
-0.0025362018039699293
-0.008885025761787367
-0.014395443702755265
-0.011796846456223347
-0.008083483213412202
-0.008885025761787367
-0.008064451218354893
-0.008350809987351462
-0.02096865389659922
-0.005361931756709709
-0.004753802060600685
-0.010242130109863487
-0.006210588927138609
0.0006340125572385663
-0.00593573583680505
-0.005504180522932131
-0.0074580850854957005
-0.005690512677147869
-0.01495856996227357
-0.009544487567576853
6.919636860725374e-05
-0.006567675439000934
-0.010312051271550743
-0.013844403220854489
-0.014712568769796534
-0.01495856996227357
-0.008885025761787367
-0.0021759121618572606
-0.011411969249954107
0.003558470599449011
-0.003867663414538517
6.919636860725374e-05
-0.0025255521508147825
-0.007867959915090825
-0.007727394676467465
-0.008885025761787367
-0.013969994987544393
-0.014712568769796534
6.919636860725374e-05
-0.009663366188841517
0.003090889878392103
-0.00965337318550192
-0.02264339849294704
-0.011411969249954107
-0.010921540758888069
-0.002457184610208418
-0.008335441785154987
0.0006371330344518111
-0.0060891038164571105
0.001674616341027519
-0.004374903649687615
-0.009304549727299756
-0.010921540758888069
-0.011757066075419218
-0.006172004699551129
-0.015081226911321011
-0.013970502615730846
-0.012354415220167192
-0.005793426891048135
-0.006422210339690349
-0.008399661235512258
-0.006567675439000934
9.527842211555367e-05
-0.004753802060600685
-0.005202982276985785
-0.008931932749837425
-0.007080797598722705
-0.008335441785154987
-0.00593573583680505
-0.004926433446215958
-0.013987113798756466
0.004277048866870888
-0.013969994987544393
-0.005690512677147869
-0.00028206180275658365
-0.010921540758888069
-0.011166530243884741
-0.0200215136732993
-0.012354415220167192
-0.004374903649687615
-0.010242130109863487
-0.006724822395146588
-0.005756784442363288
-0.010265238954855621
-0.0200215136732993
-0.010242130109863487
-0.010921540758888069
6.919636860725374e-05
-0.00298367532288558
0.003558470599449011
-0.004847786853896026
0.0005742826575147002
-0.007911443726393214
-0.0018498393141243654
-0.004579168421504391
-0.005690512677147869
-0.010921540758888069
-0.010921540758888069
-0.020690922337829685
-0.020060852351461086
-0.014395443702755265
0.004277048866870888
-0.004753802060600685
-0.00298367532288558
0.013193313153381783
-0.011859928879953472
-0.013844403220854489
-0.0049845272599628905
-0.010696684525168764
0.003322610879912183
-0.007867959915090825
-0.01007366509385488
-0.027111902375084644
-0.007727394676467465
-0.010312051271550743
-0.027111902375084644
-0.01007366509385488
-0.007867959915090825
-0.011145269142193832
-0.013844403220854489
-0.007176233503339894
-0.009544487567576853
-0.008224441116284766
-0.006394380241016321
-0.002457184610208418
0.0006371330344518111
-0.00944052213344731
-0.008931932749837425
-0.0040049113737960435
0.0006340125572385663
-0.010242130109863487
-0.013013487254565468
0.001674616341027519
-0.008083483213412202
-0.009749694867665793
-0.004374903649687615
-0.006724822395146588
-0.007552108481165899
-0.02264339849294704
-0.004960937801042927
-0.008224441116284766
-0.0139992165916986
-0.006210588927138609
-0.014962825321172523
-0.008226149064278534
-0.004753802060600685
-0.008350809987351462
-0.005690512677147869
-0.014395443702755265
-0.002011879196311322
-0.009097607022829825
0.004277048866870888
-0.01898128117091935
-0.010628866440084418
-0.013686697590576339
-0.014962825321172523
-0.0017773216344455659
-0.014712568769796534
-0.014395443702755265
-0.007552108481165899
-0.007679229585717465
-0.011411969249954107
-0.009749694867665793
-0.006240099503475042
-0.013013487254565468
-0.00944052213344731
-0.012354415220167192
-0.006177322155098209
-0.009749694867665793
-0.013686697590576339
-0.012354415220167192
-0.015904259207736905
-0.02096865389659922
-0.0004961000157048342
-0.008437224836858548
-0.0049845272599628905
-0.009749694867665793
-0.008501531422954551
0.001674616341027519
-0.011796846456223347
-0.011166530243884741
-0.004407539204950809
-0.008083483213412202
-0.001744599201190134
-0.008335441785154987
0.002661930909951659
-0.010242130109863487
-0.0037007182967490953
-0.0004961000157048342
-0.002457184610208418
-0.00359069392844742
-0.008224441116284766
0.013193313153381783
0.003558470599449011
-0.006210588927138609
-0.00662765172805179
-0.0200215136732993
-0.0139992165916986
-0.01495856996227357
-0.014986671032360883
-0.015904259207736905
-0.002011879196311322
-0.008224441116284766
-0.007867959915090825
0.003322610879912183
-0.015081226911321011
-0.008931932749837425
-0.007727394676467465
-0.011166530243884741
-0.020060852351461086
-0.004579168421504391
-0.014962825321172523
-0.00359069392844742
-0.005023930624441786
-0.0040049113737960435
-0.011411969249954107
-0.006172004699551129
-0.014986671032360883
0.001674616341027519
-0.006210588927138609
-0.020060852351461086
-0.005022084339448679
-0.0037396962907813264
9.527842211555367e-05
-0.0004451528527855235
-0.004753802060600685
-0.009544487567576853
-0.00662765172805179
6.919636860725374e-05
-0.015904259207736905
0.003558470599449011
-0.02096865389659922
-0.0017773216344455659
-0.007378502907164765
-0.0040049113737960435
-0.0025362018039699293
0.001674616341027519
-0.03078093749565192
-0.0060891038164571105
-0.012354415220167192
-0.015597217417194489
-0.013987113798756466
-0.006246961401333648
-0.008437224836858548
-0.01898128117091935
-0.007867959915090825
-0.013686697590576339
-0.010502330991329753
-0.003765996589336067
-0.0021759121618572606
-0.008437224836858548
-0.027111902375084644
-0.013959103928486535
-0.009304549727299756
-0.004407539204950809
-0.005023930624441786
-0.010312051271550743
-0.009663366188841517
-0.006240099503475042
-0.0176702291689337
-0.004847786853896026
-0.004926433446215958
-0.0004961000157048342
0.003558470599449011
-0.010921540758888069
-0.013970502615730846
-0.01898128117091935
-0.01604149434972763
-0.0017773216344455659
-0.0247420648749256
-0.006240099503475042
-0.015904259207736905
-0.03078093749565192
-0.01007366509385488
-0.012307772278516265
-0.004434547271571518
-0.014395443702755265
-0.004579168421504391
-0.0030618380107585038
-0.0020238425292309022
-0.004407539204950809
-0.017514572542662414
-0.013013487254565468
-0.011145269142193832
-0.019556026052432285
-0.006567675439000934
-0.012354415220167192
-0.009097607022829825
0.0006340125572385663
-0.020690922337829685
-0.007727394676467465
-0.008350809987351462
-0.019799012715584128
-0.007727394676467465
0.002661930909951659
-0.007911443726393214
-0.007080797598722705
-0.00662765172805179
-0.006177322155098209
-0.015904259207736905
-0.008885025761787367
-0.01495856996227357
-0.015081226911321011
0.0006340125572385663
-0.013013487254565468
-0.013970502615730846
-0.011757066075419218
-0.019556026052432285
-0.011796846456223347
-0.0017773216344455659
-0.0021759121618572606
-0.009749694867665793
-0.004847786853896026
-0.014712568769796534
-0.008885025761787367
-0.007378502907164765
-0.002011879196311322
-0.0004451528527855235
-0.004374903649687615
-0.006724822395146588
-0.00628241980346583
-0.0139992165916986
-0.002592226152843109
0.002661930909951659
-0.009663366188841517
-0.004960937801042927
-0.0025362018039699293
-0.0049845272599628905
-0.011757066075419218
-0.014417017236242726
-0.0200215136732993
-0.008335441785154987
-0.013844403220854489
-0.007080797598722705
-0.0040049113737960435
-0.01604149434972763
-0.013841169728805206
-0.0176702291689337
-0.006480076485905992
-0.008931932749837425
-0.013970502615730846
0.002661930909951659
-0.00944052213344731
-0.010628866440084418
-0.020060852351461086
-0.008501531422954551
-0.019556026052432285
-0.006724822395146588
-0.003867663414538517
-0.004847786853896026
0.0006340125572385663
-0.004374903649687615
-0.005202982276985785
-0.0025362018039699293
-0.002592226152843109
6.919636860725374e-05
-0.00298367532288558
-0.008083483213412202
-0.011145269142193832
-0.01604149434972763
-0.006182227658209076
-0.01495856996227357
6.919636860725374e-05
-0.010696684525168764
-0.008350809987351462
-0.0176702291689337
-0.03078093749565192
-0.013013487254565468
-0.01604149434972763
-0.010676979568687234
0.001674616341027519
-0.008224441116284766
-0.007552108481165899
-0.0037007182967490953
-0.006177322155098209
-0.010265238954855621
-0.009285762375677877
-0.017514572542662414
-0.0017773216344455659
-0.008437224836858548
-0.02096865389659922
-0.014712568769796534
-0.004847786853896026
-0.0074580850854957005
-0.017514572542662414
-0.02264339849294704
-0.008885025761787367
-0.001744599201190134
-0.005504180522932131
-0.013970502615730846
-0.011166530243884741
-0.012502158472743462
-0.008437224836858548
-0.008064451218354893
-0.005756784442363288
0.0007469897593097634
-0.006172004699551129
0.002661930909951659
-0.0200215136732993
-0.0042439623439997284
-0.005202982276985785
-0.00662765172805179
-0.007080797598722705
-0.012354415220167192
-0.003867663414538517
-0.013844403220854489
-0.004960937801042927
-0.00028206180275658365
-0.005793426891048135
-0.011796846456223347
-0.008885025761787367
-0.019556026052432285
-0.001744599201190134
-0.01007366509385488
-0.012502158472743462
-0.01673837226108562
-0.005793426891048135
-0.0049845272599628905
-0.010242130109863487
-0.012307772278516265
-0.015904259207736905
-0.01673837226108562
-0.01432501780675606
-0.02264339849294704
-0.012502158472743462
-0.006182227658209076
-0.008064451218354893
-0.013969994987544393
-0.009663366188841517
-0.0017773216344455659
-0.005202982276985785
-0.006567675439000934
-0.006422210339690349
-0.009544487567576853
-0.005022084339448679
-0.011796846456223347
-0.01495856996227357
-0.008885025761787367
-0.005202982276985785
-0.0030618380107585038
0.002661930909951659
-0.0037007182967490953
-0.00628241980346583
-0.0074580850854957005
-0.005756784442363288
-0.010312051271550743
-0.004407539204950809
-0.007727394676467465
-0.0021759121618572606
-0.006240099503475042
-0.005022084339448679
-0.0200215136732993
-0.009097607022829825
-0.011145269142193832
-0.009663366188841517
-0.005756784442363288
-0.01604149434972763
-0.004407539204950809
-0.007867959915090825
-0.020060852351461086
-0.013987113798756466
-0.00965337318550192
0.003090889878392103
-0.010265238954855621
-0.006585777343609267
-0.004753802060600685
-0.019556026052432285
0.003090889878392103
-0.003765996589336067
-0.008224441116284766
-0.011796846456223347
-0.008224441116284766
-0.014962825321172523
-0.0030618380107585038
-0.015597217417194489
-0.01495856996227357
-0.00965337318550192
-0.01898128117091935
-0.004926433446215958
-0.008226149064278534
-0.005793426891048135
-0.014712568769796534
-0.009663366188841517
-0.006172004699551129
-0.013969994987544393
-0.01495856996227357
-0.008335441785154987
-0.009028715864794451
-0.006394380241016321
-0.0247420648749256
-0.009028715864794451
-0.005361931756709709
-0.011166530243884741
0.002661930909951659
0.002661930909951659
-0.0176702291689337
-0.0067535689728680385
-0.007911443726393214
-0.0049845272599628905
-0.007727394676467465
-0.008501531422954551
0.0007469897593097634
-0.009097607022829825
-0.011859928879953472
-0.006724822395146588
-0.0025362018039699293
-0.004374903649687615
-0.017514572542662414
-0.009749694867665793
-0.006182227658209076
-0.0139992165916986
-0.006172004699551129
-0.009663366188841517
-0.010676979568687234
-0.010921540758888069
-0.004579168421504391
-0.015904259207736905
0.003322610879912183
-0.006182227658209076
0.0006340125572385663
-0.008399661235512258
-0.009285762375677877
9.527842211555367e-05
-0.00298367532288558
-0.006394380241016321
-0.007378502907164765
-0.0042439623439997284
-0.019556026052432285
-0.014417017236242726
-0.005504180522932131
-0.01007366509385488
-0.006585777343609267
-0.0049845272599628905
-0.0042439623439997284
-0.012307772278516265
-0.008335441785154987
-0.006182227658209076
-0.011757066075419218
-0.009749694867665793
-0.006172004699551129
-0.007727394676467465
-0.007911443726393214
-0.009304549727299756
-0.013987113798756466
-0.013844403220854489
-0.012502158472743462
-0.008885025761787367
-0.006182227658209076
-0.006240099503475042
-0.014417017236242726
-0.008226149064278534
0.003558470599449011
-0.03078093749565192
-0.0025362018039699293
-0.009544487567576853
-0.008335441785154987
-0.00965337318550192
-0.007727394676467465
-0.007080797598722705
-0.004960937801042927
-0.004374903649687615
-0.0074580850854957005
0.0006340125572385663
-0.00028206180275658365
-0.020060852351461086
-0.008847635240929764
-0.006724822395146588
-0.0020238425292309022
-0.005504180522932131
-0.011145269142193832
-0.004434547271571518
-0.008226149064278534
-0.00662765172805179
-0.007378502907164765
-0.03078093749565192
-0.002592226152843109
-0.015904259207736905
-0.008064451218354893
-0.02264339849294704
-0.011411969249954107
-0.013959103928486535
-0.03078093749565192
-0.010676979568687234
0.0006340125572385663
-0.020060852351461086
