0.0024023512767315145
0.006357167840205579
0.0024023512767315145
-0.005570557703032878
-0.002795032912362193
-0.003622635272080061
-0.0076157416165203735
0.005338684642800526
-0.0038647504142629826
-0.008653057525256887
0.0007874374937961002
0.0007874374937961002
-0.0007133597975182168
-0.0027578758700883763
0.0002507593934316543
0.008023094153494245
0.007561162196354549
4.469171601581307e-05
-0.002080091337385253
-0.006065024564157625
0.002291958002578921
-0.0007133597975182168
-0.008506015772829398
-0.0004594529511217975
-0.003622635272080061
-0.00564330041482233
-0.0013497008144707967
-0.0010757265286628914
0.002110994418281263
-0.00453365503949685
0.002925907363191854
-0.007880794590292768
0.006459224079211146
-0.0013982182550302267
0.002110994418281263
-0.000575505656349605
0.0015592078088528835
-0.0008807219758532054
-0.00047958303152871443
-0.008065254407002021
-0.0016742391850789315
0.002406645235427779
-0.0003429022807519553
0.0017283397596781843
0.004464828347187012
-0.0012042450456345958
-0.003651949680957296
-0.006065024564157625
-0.005570557703032878
0.004498783690577575
-0.00345797450915409
-0.002370911295650369
-0.0022851291138267548
-0.0016742391850789315
-0.007866072727838489
-0.007022180575561379
-0.003469801528571125
-0.002054942186784974
-0.00564330041482233
0.0025067008751319835
-0.00453365503949685
-0.018424621585971034
-0.0053527947127059924
0.0031423046841253617
-0.002501383178331807
-0.012713722286329273
0.004442879014635408
0.003943346999893154
-0.002227022839131469
-0.0031380433580923436
0.01479385956617255
-0.008219890691894254
-0.004290668837188622
0.005665985595269542
-0.008294833244654003
-0.0076157416165203735
0.006819003334072688
-0.008377039671182331
0.0010304810968596383
-0.0021368927860571903
-0.014468310919956904
-0.005446408914642075
-0.0007209196749605233
-0.004216891238125022
-0.008680481829910519
0.0017348216047884334
0.01479385956617255
0.002110994418281263
-0.0023576075644980822
-0.00499454916735008
-0.004254877079646795
-0.003721422410312704
-0.008680481829910519
-0.0007133597975182168
4.469171601581307e-05
0.007645212310556498
-0.002227022839131469
0.0024601699793486325
0.004812421234640121
0.005468378758201777
-0.014468310919956904
-0.0019342423622824604
-0.002054942186784974
-0.007880794590292768
-0.0014264835776454056
0.004491911745147455
0.010362266894324646
-0.003608804611557462
0.0018364967194059482
-0.0007209196749605233
-0.0042124709494456136
-0.00396673361100429
-0.0019342423622824604
-0.002501383178331807
-0.0011801804709119313
0.0015592078088528835
-0.0021911401596908346
0.006639554773456001
-0.009086779782690745
0.010362266894324646
-0.0022207063417600437
0.0015592078088528835
0.002291958002578921
0.002853740128309956
0.0017324430819197446
0.00035433346312761007
-0.008294833244654003
-0.0022207063417600437
0.007044369811390069
0.004464828347187012
-0.0023576075644980822
0.0024601699793486325
-0.0025684675451847754
-0.001540222594757738
0.0017381316977384458
-0.004779589127562575
0.006819003334072688
-0.0062175855219879
0.004149380977096377
-0.0007209196749605233
-0.0053527947127059924
0.014894109242832644
-0.0022207063417600437
-0.0023576075644980822
0.001903080605162575
-0.004868369694979565
-0.00442042655476962
-0.0013982182550302267
0.0036920979560137483
-0.004690246258868123
-0.0006432409480214481
0.0019466348951183946
-0.0023133724179892636
-0.004254877079646795
-0.0004121809822571804
0.0025067008751319835
0.0015214178287468417
0.0018364967194059482
-0.00960593899169826
-0.011499299993965213
-0.004868369694979565
0.0029249303769232258
-0.004737450745414693
-0.000842469422212448
0.006357167840205579
-0.0005064085902823976
-0.0015830598486148955
-0.003622635272080061
-0.004737450745414693
0.0017324430819197446
-0.0019342423622824604
-0.0007932693071700128
-3.435559976762153e-05
-0.005446408914642075
-0.004737450745414693
-0.0038810395875494516
-0.003721422410312704
0.0009215211785848276
-0.0004414663626024879
0.007561162196354549
-0.0013982182550302267
-0.0005064085902823976
0.002110994418281263
-0.00453365503949685
0.0005641794589106474
-0.0009794142565877435
0.010182132941644958
-0.004216891238125022
-0.002795032912362193
0.0021939112897635684
-0.0053527947127059924
-0.003439425771574137
-0.00516059587917447
-0.008506015772829398
0.002925907363191854
-0.0008865570757277144
0.0017381316977384458
0.010182132941644958
0.0038466121222140875
-0.001540222594757738
0.0015592078088528835
-0.008219890691894254
0.001802766506927842
0.0007874374937961002
0.005003032641345173
-0.004187467062498804
-0.004290668837188622
0.0018364967194059482
-0.011970494469913783
-0.00047958303152871443
-0.0004121809822571804
-0.008377039671182331
0.0018364967194059482
-0.0011801804709119313
-0.00580431881750709
-0.0016186427360730701
-0.0007932693071700128
0.003943346999893154
-0.0021911401596908346
-6.3528104530159955e-06
-0.0014264835776454056
-0.0039006795360221913
0.0017324430819197446
-0.008065254407002021
-0.0021911401596908346
0.00022171344041602107
-0.0009638260064776966
-0.009086779782690745
0.0010304810968596383
-0.0008807219758532054
-0.008065254407002021
0.005003032641345173
-0.004592132012629113
0.014120864978108395
0.0017324430819197446
-0.0006432409480214481
-0.004868369694979565
-0.010375865286598441
-0.004216891238125022
-0.007497073669237536
0.0019466348951183946
-0.0022851291138267548
-0.006065024564157625
-0.0023576075644980822
0.0009215211785848276
0.0005641794589106474
-0.006065024564157625
-0.008219890691894254
-0.007022180575561379
-0.003479095333326075
0.010182132941644958
-0.0013043035316891395
-0.0022207063417600437
-0.0039006795360221913
0.004646651811830364
-0.008051151229260046
-0.00396673361100429
0.0002507593934316543
-0.0022851291138267548
0.0031859986083822163
-0.0038810395875494516
-0.005050363978848404
-0.0021911401596908346
0.005665985595269542
-0.0004414663626024879
0.005312185633760097
-0.0037433068849294896
-0.004290668837188622
-0.01245488347742541
0.019941346858136023
0.002110994418281263
-0.002149131612212449
-0.006880626311207873
0.0019466348951183946
-0.009735248156062415
-0.004690246258868123
0.0017348216047884334
-0.018424621585971034
0.0098991658531954
-0.000575505656349605
0.0031859986083822163
0.0010304810968596383
-0.0004414663626024879
-0.002628113498446116
-0.0003429022807519553
-0.0034974845330526696
-0.0007209196749605233
0.001556507110861993
0.005665985595269542
0.010362266894324646
0.0009215211785848276
0.010489324696955047
-0.004779589127562575
-0.002573849719254343
0.005312185633760097
0.010362266894324646
-0.0004414663626024879
-0.0037433068849294896
-0.010331155407453416
-0.0006432409480214481
-0.0037433068849294896
0.01531303187073732
0.0013496841614690275
0.0021939112897635684
-0.0023133724179892636
-0.007022884998157292
-0.008294833244654003
-0.001470776800030396
0.01479385956617255
-0.0038647504142629826
-0.005050363978848404
0.0017283397596781843
-0.012713722286329273
0.0010304810968596383
0.0009215211785848276
-0.003637222343205069
-0.009086779782690745
-0.004779589127562575
-0.008680481829910519
0.001750695062993857
-0.002628113498446116
-0.0023576075644980822
-0.0038810395875494516
-0.0011801804709119313
-0.003651949680957296
-0.011499299993965213
-0.004809586045925286
-0.01357682128998374
0.0017348216047884334
-0.0005421286273143406
-0.0053527947127059924
0.004149380977096377
-0.0009638260064776966
0.010362266894324646
0.006533239271204638
-0.005570557703032878
0.01479385956617255
0.006819003334072688
-0.01712781790987187
-0.0009835669820779489
-0.00442042655476962
-0.0007209196749605233
-0.008568248373217107
-0.004737450745414693
-0.004809586045925286
-0.004187467062498804
0.0017283397596781843
0.00043556833961036257
-0.0064982807569297345
0.0017381316977384458
-0.0052318664433904935
0.0036920979560137483
-0.002227022839131469
0.0024023512767315145
-0.00396673361100429
-0.002501383178331807
0.01531303187073732
-0.0022207063417600437
-0.0071214959378095325
-0.0022207063417600437
0.0017034615129860851
-0.0007544981428940227
-0.01245488347742541
-0.0007209196749605233
0.004442879014635408
0.0036674897717051866
-0.0062175855219879
-0.0061229916571979015
-0.0021368927860571903
0.0017034615129860851
0.0029249303769232258
-0.0007133597975182168
0.0098991658531954
-0.0007209196749605233
0.004498783690577575
0.0038466121222140875
0.0019466348951183946
-0.000842469422212448
-0.011499299993965213
-0.004779589127562575
0.0029249303769232258
-0.0023294788552649295
-0.004187467062498804
0.007561162196354549
-0.00512391364905571
0.009537884318595577
0.014120864978108395
-0.0020802327982183673
-0.005050363978848404
-0.005446408914642075
-0.0017834539505251286
0.0017381316977384458
-0.0021368927860571903
0.001556507110861993
-0.0037433068849294896
-0.004216891238125022
0.006819003334072688
-0.01245488347742541
0.0005641794589106474
-0.009156990752866759
-0.010375865286598441
-0.0062175855219879
-0.0004121809822571804
-0.002227022839131469
-0.004216891238125022
-0.0017834539505251286
0.0036674897717051866
-0.004187467062498804
0.017240855340792057
-0.0013829890045295762
-0.0022851291138267548
0.008991578254654008
0.0031423046841253617
0.007653341581000845
-0.0010109852500955838
-0.0021911401596908346
-0.003622635272080061
0.008991578254654008
0.005003032641345173
-0.01357682128998374
0.0020244810984739675
0.0029249303769232258
0.014120864978108395
0.0024601699793486325
-0.00564330041482233
-0.00564330041482233
-0.008051151229260046
0.006357167840205579
-0.0038810395875494516
0.0002507593934316543
-0.0071214959378095325
-0.0028539821241826157
-0.0012042450456345958
0.004812421234640121
-0.0013982182550302267
-0.007497073669237536
-0.009086779782690745
0.0005641794589106474
-0.003479095333326075
0.004646651811830364
-0.003622635272080061
0.010489324696955047
0.0031423046841253617
0.014894109242832644
0.007771344005506882
-0.002370911295650369
-0.008506015772829398
-0.003469801528571125
0.0038466121222140875
-0.00453365503949685
0.004812421234640121
-0.0019700990891028704
0.010362266894324646
-0.002795032912362193
0.0024601699793486325
-0.0008865570757277144
0.0037761688360948326
-0.003651949680957296
-0.008680481829910519
-0.002089584601265448
-0.001470776800030396
-0.003469801528571125
0.0017381316977384458
0.002925907363191854
-0.008051151229260046
-0.0034974845330526696
0.0005641794589106474
-0.0028539821241826157
0.0010304810968596383
-0.001540222594757738
0.001802766506927842
-0.007497073669237536
-0.0031380433580923436
0.0002507593934316543
0.0011701553383812464
-0.009156990752866759
0.0015214178287468417
-0.0021911401596908346
-0.0003394387492693118
-0.0009638260064776966
-0.0009638260064776966
-0.002628113498446116
0.002853740128309956
-0.0061229916571979015
0.006533239271204638
0.0015214178287468417
-0.0006432409480214481
0.0007874374937961002
-0.008294833244654003
-0.005446408914642075
0.005003032641345173
-0.002227022839131469
-0.0053527947127059924
-0.0042124709494456136
0.017240855340792057
-0.008377039671182331
-0.0012042450456345958
-0.01357682128998374
0.001903080605162575
0.0007874374937961002
-6.3528104530159955e-06
0.007561162196354549
-0.000842469422212448
-0.0021911401596908346
0.0036674897717051866
0.00043556833961036257
-0.004254877079646795
0.008023094153494245
0.0031859986083822163
0.010489324696955047
0.0009854446075876606
0.008023094153494245
-0.0053527947127059924
0.0024023512767315145
-0.002573849719254343
-0.000575505656349605
-0.004809586045925286
0.0018364967194059482
-0.0064982807569297345
-0.00564330041482233
-0.0031380433580923436
-0.0005064085902823976
0.006459224079211146
0.007771344005506882
-0.010331155407453416
-0.004779589127562575
-0.00516059587917447
-0.00499454916735008
-0.00499454916735008
-0.0006432409480214481
-0.00564330041482233
0.007653341581000845
-3.435559976762153e-05
-0.008065254407002021
0.005338684642800526
0.007044369811390069
-0.0027578758700883763
-3.435559976762153e-05
-0.002988831029524855
0.007561162196354549
-0.00516059587917447
-0.0004594529511217975
0.00041844327626535055
-0.007880794590292768
0.010417113954209904
0.0031859986083822163
-0.002080091337385253
-0.002227022839131469
-0.0038810395875494516
0.002110994418281263
-0.0010109852500955838
-0.004592132012629113
-0.0028539821241826157
-0.0013043035316891395
-0.0013982182550302267
-0.004779589127562575
-0.0023294788552649295
-0.008653057525256887
-0.0011801804709119313
0.0038466121222140875
0.004491911745147455
-0.004060311557895478
0.0018364967194059482
0.0024601699793486325
0.004491911745147455
-0.001595751032075794
0.005338684642800526
0.000768949888541605
0.0011701553383812464
-0.003530088986560109
-0.003622635272080061
-0.0004414663626024879
-0.00564330041482233
0.0020244810984739675
0.005468378758201777
0.0020244810984739675
-0.014468310919956904
-0.0007544981428940227
-0.0021368927860571903
-0.009086779782690745
0.0017283397596781843
-0.011970494469913783
-0.0028539821241826157
0.010489324696955047
-0.0007932693071700128
-0.008568248373217107
-0.0003394387492693118
-0.0053527947127059924
-0.0023294788552649295
0.0009854446075876606
-0.004868369694979565
-0.008653057525256887
-0.0023133724179892636
-0.002795032912362193
0.004149380977096377
0.005665985595269542
-0.010375865286598441
-0.008568248373217107
0.01479385956617255
-0.00037805953295386456
0.006922763031604905
-0.0052318664433904935
-0.0004121809822571804
-0.002054942186784974
-0.002054942186784974
-0.0019700990891028704
-0.0005064085902823976
-0.0061229916571979015
0.0015592078088528835
-0.00499454916735008
0.0002507593934316543
-0.0004121809822571804
0.010182132941644958
-0.000575505656349605
-0.007866072727838489
-0.007866072727838489
-0.0076157416165203735
-0.002628113498446116
-0.0053527947127059924
-0.0010757265286628914
0.011153913354229647
-0.0009638260064776966
0.02398514274991282
0.000768949888541605
-0.004290668837188622
0.005468378758201777
-0.0003394387492693118
-0.0006432409480214481
0.0021939112897635684
0.006819003334072688
0.006819003334072688
-0.008680481829910519
-0.004936723938807062
-0.007880794590292768
0.010417113954209904
0.004442879014635408
-0.004592132012629113
0.007561162196354549
-0.010375865286598441
-0.0009835669820779489
-0.007497073669237536
0.014120864978108395
-0.00442042655476962
-0.008065254407002021
-0.003651949680957296
-0.003469801528571125
-0.003651949680957296
-6.3528104530159955e-06
0.006533239271204638
-0.0013982182550302267
0.0036674897717051866
-0.0004121809822571804
-0.003651949680957296
-0.005570557703032878
0.001903080605162575
-0.004290668837188622
0.007645212310556498
-0.0004414663626024879
-0.012713722286329273
-0.0076157416165203735
0.005468378758201777
0.011153913354229647
-0.009735248156062415
0.00043556833961036257
0.0017283397596781843
0.009859303138477323
0.001903080605162575
0.0018364967194059482
0.0005641794589106474
0.0020244810984739675
0.007645212310556498
-0.0020802327982183673
-0.002988831029524855
0.00043556833961036257
0.004464828347187012
-0.0039006795360221913
0.001750695062993857
0.007645212310556498
-0.0022851291138267548
-0.0004414663626024879
-0.007022884998157292
0.0017324430819197446
-0.0038810395875494516
-0.012713722286329273
-0.0020802327982183673
0.005468378758201777
-0.0003429022807519553
0.0018758895158381798
-0.0014264835776454056
0.004812421234640121
-0.007497073669237536
0.007771344005506882
-0.010375865286598441
-0.00047958303152871443
-0.0013982182550302267
-0.0021368927860571903
0.007044369811390069
-0.0061229916571979015
0.0015214178287468417
-0.005050363978848404
0.0019466348951183946
-0.014468310919956904
-0.0053527947127059924
-0.007880794590292768
-0.0012042450456345958
-0.00442042655476962
0.014120864978108395
0.007771344005506882
-0.004737450745414693
-0.003439425771574137
-0.010331155407453416
0.006819003334072688
0.0017324430819197446
-0.011970494469913783
0.0017381316977384458
0.006533239271204638
-0.0023294788552649295
0.00035433346312761007
0.0098991658531954
-0.0007932693071700128
-0.0004121809822571804
0.008991578254654008
-0.0011801804709119313
-0.0013043035316891395
0.0017324430819197446
-0.00512391364905571
-0.004737450745414693
0.004812421234640121
0.00041844327626535055
-0.001470776800030396
0.0010304810968596383
-0.003651949680957296
-0.0016186427360730701
-0.004254877079646795
-0.001595751032075794
-0.000575505656349605
0.017240855340792057
-0.006065024564157625
0.006639554773456001
0.006922763031604905
-0.002054942186784974
-0.007880794590292768
-0.007497073669237536
-0.001470776800030396
0.0002507593934316543
-0.008377039671182331
-0.0022851291138267548
0.008023094153494245
0.005338684642800526
-0.0019700990891028704
-0.01712781790987187
0.006357167840205579
-0.004936723938807062
0.0017381316977384458
-0.0016186427360730701
-0.004809586045925286
-0.00551558808303985
0.0015592078088528835
-0.004936723938807062
-0.006314806907019724
-0.007497073669237536
-0.0009638260064776966
-0.002573849719254343
-0.008377039671182331
0.0005641794589106474
-0.01245488347742541
-0.004254877079646795
0.0036674897717051866
-0.0028539821241826157
-0.0004414663626024879
0.006627334636421609
0.004812421234640121
-0.008065254407002021
-0.002573849719254343
-0.002080091337385253
-0.002047614736305768
-0.004809586045925286
0.008991578254654008
-0.002795032912362193
0.010417113954209904
0.0011701553383812464
-0.0014264835776454056
0.0038466121222140875
0.00035433346312761007
-0.007022884998157292
-0.00580431881750709
0.0077522669463179665
0.001556507110861993
-0.009156990752866759
0.010362266894324646
-0.0017834539505251286
0.002110994418281263
0.0025067008751319835
-0.00580431881750709
-0.003479095333326075
0.0031859986083822163
-0.004187467062498804
0.014894109242832644
0.005665985595269542
-0.008506015772829398
-0.003469801528571125
-0.008653057525256887
0.00041844327626535055
0.001903080605162575
0.0007874374937961002
0.0020244810984739675
-0.0038647504142629826
-0.0061229916571979015
0.0031859986083822163
-0.0027578758700883763
0.00035433346312761007
-0.0021911401596908346
0.014120864978108395
-0.00516059587917447
0.0015592078088528835
0.006533239271204638
0.0018758895158381798
0.0017034615129860851
-0.003608804611557462
-0.0020802327982183673
-0.003622635272080061
-0.0052318664433904935
-0.008294833244654003
-0.00960593899169826
0.0017381316977384458
-0.0010757265286628914
-0.002089584601265448
-0.008377039671182331
-0.004868369694979565
-0.00453365503949685
-0.0052318664433904935
0.006533239271204638
-0.0019342423622824604
0.019941346858136023
-0.0016186427360730701
-0.004216891238125022
0.014120864978108395
-0.008377039671182331
-0.0009638260064776966
-0.0023576075644980822
0.0021939112897635684
-0.001470776800030396
-0.003721422410312704
0.0036920979560137483
0.00043556833961036257
-0.004290668837188622
-0.002573849719254343
-0.01712781790987187
-0.0009794142565877435
0.010182132941644958
-0.006880626311207873
-0.00453365503949685
-0.0031380433580923436
-0.0022851291138267548
0.00043556833961036257
-0.0009835669820779489
-0.004592132012629113
-0.0004594529511217975
-0.0013829890045295762
-0.0003429022807519553
0.008023094153494245
-0.0009794142565877435
-0.00551558808303985
-0.004809586045925286
0.0037761688360948326
0.01479385956617255
0.0038466121222140875
0.01531303187073732
-0.0052318664433904935
-0.002370911295650369
-0.002047614736305768
0.002291958002578921
-0.010375865286598441
-0.00453365503949685
0.010182132941644958
-0.00442042655476962
0.0038466121222140875
-0.0017834539505251286
-0.004060311557895478
-0.0023133724179892636
-0.008065254407002021
-0.0012042450456345958
0.007645212310556498
-0.002988831029524855
-0.008680481829910519
0.002925907363191854
-0.001540222594757738
-0.00453365503949685
0.0017324430819197446
0.0020244810984739675
-0.01245488347742541
-0.0042124709494456136
0.0036674897717051866
-0.0028539821241826157
0.0017283397596781843
-0.0009794142565877435
-0.0052318664433904935
-0.0015830598486148955
-0.0022851291138267548
-0.0016186427360730701
-0.002227022839131469
-0.0061229916571979015
-0.0009794142565877435
-0.014468310919956904
-0.001540222594757738
-0.001540222594757738
0.0037761688360948326
0.0077522669463179665
0.006459224079211146
-0.00499454916735008
-0.004463904282389724
-0.011970494469913783
-0.0022207063417600437
-0.001540222594757738
-0.008051151229260046
-0.0009638260064776966
-0.009735248156062415
-0.004868369694979565
-0.004290668837188622
-0.0013829890045295762
0.0017381316977384458
-0.0006432409480214481
-0.0005421286273143406
-0.0017834539505251286
0.009537884318595577
-0.00499454916735008
-0.0007133597975182168
-0.004737450745414693
0.0015214178287468417
-0.0007544981428940227
-0.00512391364905571
-0.002795032912362193
-0.004690246258868123
-0.007022180575561379
0.010182132941644958
0.0036674897717051866
-0.007880794590292768
-0.0011801804709119313
0.010362266894324646
0.019941346858136023
-0.0016742391850789315
0.0036674897717051866
0.0017283397596781843
0.02398514274991282
0.00022171344041602107
-0.0017834539505251286
0.002110994418281263
-0.003651949680957296
-0.008506015772829398
-0.0003429022807519553
-0.0023576075644980822
0.0017324430819197446
0.00022171344041602107
0.004498783690577575
-0.0013982182550302267
-0.008506015772829398
0.009537884318595577
-0.0005421286273143406
-0.009156990752866759
0.0017324430819197446
-0.0019342423622824604
-0.003469801528571125
-0.0062175855219879
-0.0007932693071700128
-0.0061229916571979015
-0.003479095333326075
0.0009215211785848276
0.006922763031604905
-0.0021368927860571903
-0.004737450745414693
0.006819003334072688
0.009537884318595577
-0.0020802327982183673
-0.0023576075644980822
-0.00551558808303985
-0.000842469422212448
-0.0038647504142629826
-0.00580431881750709
-0.002573849719254343
0.0098991658531954
0.0018758895158381798
-0.0076157416165203735
0.009859303138477323
0.0031423046841253617
0.0015592078088528835
-0.0013497008144707967
-0.004060311557895478
-0.00442042655476962
0.005003032641345173
-0.001470776800030396
0.019941346858136023
-0.004216891238125022
0.0037761688360948326
-0.002573849719254343
-0.003439425771574137
-0.009735248156062415
-6.3528104530159955e-06
-0.008219890691894254
-0.00564330041482233
-0.002795032912362193
