-0.0067965499222236055
-0.02333481015894058
-0.00572066932050919
-0.00386209652468339
-0.002745774750133563
-0.008336561109594886
-0.016383725787622302
-0.00779842223669271
-0.0015088664251676446
-0.0011941045350456797
-0.007472563245132764
-0.010840067612752023
-0.003562199288857031
-0.00327477580770861
-0.003862403862158316
-0.00795709792735801
-0.003862403862158316
-0.0057748551164668845
0.00017470030871312802
-0.003562199288857031
0.01592197243125643
0.0005840915920474703
-0.006255491370316116
-0.0067455914876171
-0.009082562103777659
0.00030874675444865875
-0.0126060012946067
-0.0056025199133122126
-0.007891556353761164
-0.009419391132347311
-0.0060309809152265595
-0.004355671339613796
-0.006803386046509526
0.008803385969128748
-0.0051020516145348985
0.02026480151967715
-0.007134358981664282
-0.010236427370606264
-0.005043928631587419
-0.016511173627774975
-0.014409677768762688
-0.010445144110082053
-0.01177882492722859
-0.0016129733327553695
0.01592197243125643
-0.005043928631587419
-0.01122993936152213
-0.011704330197345863
-0.0050499687130919355
-0.003287229653493819
0.002615513217056926
-0.008302568537744632
-0.00327477580770861
-0.006853062138212281
-0.005877251821042615
-0.00457113879617341
-0.009564094694115628
-0.014643768823694918
-0.009351965199148079
0.005915233083432277
-0.0018732274249458106
-0.006362270876462067
-0.0051020516145348985
0.006246532761158477
-0.002700581759248362
-0.008196074677908888
0.002615513217056926
-0.011300946668123557
-0.003679400881260028
-0.003383433753488669
-0.0126060012946067
-0.0051020516145348985
-0.007817862558490428
-0.007376893110441592
-0.0075747298906684276
-0.0036438781799578417
0.006246532761158477
-0.006255491370316116
0.0002211703769369833
-0.0031792347307432957
-0.011300946668123557
-0.005170161591145403
-0.004060692391478135
-0.002700581759248362
-0.0011941045350456797
-0.004355671339613796
-0.006938901301157229
-0.006550463815076103
-0.001674703263512433
-0.002745774750133563
-0.01964663088067025
-0.005030597577106617
-0.007824031017990486
-0.0037398685676788327
-0.00529699843768454
-0.016511173627774975
-0.012432289836619648
-0.006938901301157229
-0.014643768823694918
-0.00889727344560417
-0.004129078135120264
-0.009351965199148079
-0.0057748551164668845
-0.002745774750133563
0.0033624154869439232
-0.002884912245804205
-0.007262852041263398
-0.007376893110441592
-0.012432289836619648
-0.007539889661802718
-0.009406067749339553
-0.0026824828693452394
-0.0024468404769102635
-0.016511173627774975
-0.012476740123142835
-0.014620249123391002
-0.0126060012946067
0.0032385292733988166
-0.006938901301157229
-0.001116444462178719
-0.014643768823694918
-0.009417140258873346
-0.006998708969622004
-0.004129078135120264
-0.01177882492722859
-0.00795709792735801
-0.009564094694115628
-0.007262852041263398
-0.0024468404769102635
-0.005877251821042615
0.0006353732516851913
-0.0036836160064158364
-0.012476740123142835
-0.0036438781799578417
-0.009226199482938941
-0.01079017776988168
-0.006243763064155145
-0.005859392398369462
-0.009226199482938941
-0.0036836160064158364
-0.010253310886896318
0.006246532761158477
-0.01122993936152213
-0.008302568537744632
-0.002884912245804205
-0.0050499687130919355
0.01592197243125643
-0.010840067612752023
-0.0037398685676788327
-0.002700581759248362
-0.005846259891008437
-0.01177882492722859
-0.009301062511060929
-0.007539889661802718
0.00030874675444865875
-0.004461910944076418
-0.007817862558490428
-0.004487595577933015
-0.006853062138212281
-0.006938901301157229
0.0002211703769369833
-0.005170161591145403
-0.00457113879617341
-0.011911111911049781
-0.013450193950893662
-0.0003823330098287102
0.008803385969128748
0.008803385969128748
-0.006853062138212281
-0.001116444462178719
-0.009351965199148079
-0.00457113879617341
-0.013316913309127047
0.006246532761158477
-0.009417140258873346
-0.014620249123391002
-0.0026824828693452394
0.0009611239576491094
-0.009406067749339553
-0.007891556353761164
0.00686335737915664
-0.010840067612752023
-0.002745774750133563
-0.003679400881260028
-0.0006793533762227399
-0.012476740123142835
-0.004311048643017066
-0.011704330197345863
-0.01205093852522944
-0.011300946668123557
-0.005034141572375276
-0.003862403862158316
0.002615513217056926
-0.007376893110441592
-0.014643768823694918
-0.014488452899986497
-0.014308355694758117
-0.004487595577933015
-0.006362270876462067
-0.014488452899986497
-0.0050499687130919355
-0.007539889661802718
-0.0050499687130919355
-0.0033556978212590707
-0.010253310886896318
-0.005846259891008437
-0.002209667621162414
-0.006938901301157229
-0.010840067612752023
-0.001116444462178719
-0.004355671339613796
-0.010706233149732515
-0.012432289836619648
-0.009417140258873346
-0.009417140258873346
0.0005840915920474703
-0.004311048643017066
-0.01964663088067025
-0.00572066932050919
-0.005030597577106617
-0.009406067749339553
-0.0057068621298840055
-0.01079017776988168
-0.007366342542280998
-0.007824031017990486
-0.012432289836619648
-0.004810841251151662
-0.002745774750133563
-0.013450193950893662
0.0015889109542911008
0.002615513217056926
-0.012476740123142835
-0.0026824828693452394
-0.008486996758397708
0.00030874675444865875
0.005329255413150971
-0.002700581759248362
-0.005859392398369462
-0.0006145089712730561
0.0005840915920474703
0.006246532761158477
-0.008486996758397708
-0.009406067749339553
-0.005664119469179575
0.01592197243125643
-0.0057068621298840055
-0.005637142708889755
-0.01205093852522944
-0.006550463815076103
-0.01964663088067025
-0.005883785119328661
-0.004487595577933015
-0.003976035202187428
-0.016511173627774975
-0.00327477580770861
-0.009226199482938941
-0.0006793533762227399
0.00017470030871312802
-0.002745774750133563
-0.006255491370316116
-0.006362270876462067
-0.004788300108977206
-0.007817862558490428
0.0032208378952916397
-0.0026824828693452394
0.0031223005194558028
-0.00779842223669271
-0.005883785119328661
-0.014620249123391002
-0.010236427370606264
-0.00779842223669271
-0.008196074677908888
-0.00795709792735801
-0.009351965199148079
-0.001674703263512433
-0.009564094694115628
-0.0019751795216780706
-0.016383725787622302
-0.008302568537744632
0.0032208378952916397
-0.00319426553129619
0.0006353732516851913
-0.006803386046509526
-0.0026824828693452394
-0.007099259977567001
-0.01503445436480239
-0.010706233149732515
-0.013316913309127047
0.00030874675444865875
-0.0057748551164668845
-0.004355671339613796
-0.001116444462178719
-0.0037147782561453395
0.0032385292733988166
-0.007366342542280998
-0.0008153542501337003
-0.006372395450491795
0.0005840915920474703
-0.002806724160154562
-0.003383433753488669
-0.012432289836619648
-0.005859392398369462
-0.011753595036451426
-0.001674703263512433
-0.010253310886896318
0.005915233083432277
-0.011704330197345863
-0.0036438781799578417
0.008803385969128748
0.006246532761158477
-0.011704330197345863
-0.00319426553129619
-0.001169367822587729
-0.0036438781799578417
-0.004608788795471859
-0.002745774750133563
-0.003287229653493819
-0.0056025199133122126
-0.009419391132347311
-0.0057748551164668845
-0.009417140258873346
-0.0037147782561453395
-0.008302568537744632
-0.00529699843768454
0.0005840915920474703
-0.007262852041263398
-0.004129078135120264
-0.010706233149732515
-0.010236427370606264
-0.0126060012946067
-0.004487595577933015
0.005915233083432277
-0.00572066932050919
0.006246532761158477
0.0021574957658293393
-0.01122993936152213
-0.00889727344560417
0.0006353732516851913
-0.006853062138212281
-0.009567583788135586
-0.010840067612752023
-0.010236427370606264
-0.01064178096021538
-0.0056299498024202106
-0.009567583788135586
-0.004060692391478135
0.0021574957658293393
-0.002209667621162414
-0.003287229653493819
-0.0057748551164668845
0.005329255413150971
-0.012476740123142835
-0.0008153542501337003
0.006246532761158477
-0.0011941045350456797
-0.003383433753488669
-0.01079017776988168
-0.005987934134549418
-0.001674703263512433
-0.007134358981664282
-0.007539889661802718
-0.01122993936152213
-0.009419391132347311
-0.006938901301157229
-0.009406067749339553
-0.006392811277862325
0.0021574957658293393
-0.003562199288857031
-0.00529699843768454
-0.009301062511060929
0.002615513217056926
0.01592197243125643
-0.0067455914876171
-0.002745774750133563
-0.001169367822587729
-0.005987934134549418
0.0033624154869439232
-0.00529699843768454
-0.003383433753488669
-0.002700581759248362
-0.005664119469179575
0.0002211703769369833
-0.015203782414739698
-0.008486996758397708
-0.009301062511060929
0.0002211703769369833
-0.004060692391478135
-0.0011941045350456797
-0.019804682039525755
-0.0037147782561453395
-0.011730075021284467
-0.005043928631587419
-0.002806724160154562
-0.02333481015894058
-0.011704330197345863
-0.0019751795216780706
-0.005030597577106617
-0.014488452899986497
0.0005840915920474703
-0.005987934134549418
-0.010253310886896318
0.005915233083432277
-0.014620249123391002
-0.009301062511060929
-0.009564094694115628
-0.00751052255676611
-0.01177882492722859
-0.0056025199133122126
-0.012432289836619648
-0.006998708969622004
-0.0031792347307432957
-0.008196074677908888
0.02026480151967715
-0.006998708969622004
-0.006336999181343144
0.00030874675444865875
0.005329255413150971
-0.006362270876462067
-0.016383725787622302
-0.0056025199133122126
0.005915233083432277
-0.004060692391478135
-0.011911111911049781
-0.007262852041263398
-0.004355671339613796
-0.0067455914876171
0.005915233083432277
-0.00529699843768454
-0.006803386046509526
-0.013656346131080778
-0.01064178096021538
-0.00751052255676611
-0.0056299498024202106
-0.004311048643017066
0.0032208378952916397
-0.002806724160154562
-0.009419391132347311
-0.005987934134549418
-0.002806724160154562
-0.004060692391478135
0.00030874675444865875
0.0009611239576491094
-0.01079017776988168
-0.014488452899986497
-0.004311048643017066
-0.0033556978212590707
-0.011704330197345863
0.0002211703769369833
-0.004487595577933015
-0.00216846853155187
-0.005859392398369462
-0.010840067612752023
-0.0057748551164668845
-0.004311048643017066
-0.00795709792735801
-0.01079017776988168
-0.010253310886896318
-0.0016129733327553695
-0.00457113879617341
-0.014620249123391002
-0.0006145089712730561
-0.0024468404769102635
0.01592197243125643
-0.0003823330098287102
-0.0126060012946067
-0.014620249123391002
0.005329255413150971
-0.00386209652468339
-0.003976035202187428
-0.012432289836619648
-0.014643768823694918
0.0033624154869439232
-0.009406067749339553
-0.00319426553129619
0.001403971820043612
-0.01122993936152213
-0.011704330197345863
0.0005840915920474703
0.0021574957658293393
0.0005840915920474703
-0.0036438781799578417
-0.004487595577933015
-0.004853650072790532
-0.01064178096021538
-0.005883785119328661
-0.011128295184503792
-0.0015088664251676446
-0.014643768823694918
-0.004311048643017066
-0.00327477580770861
0.00686335737915664
-0.009567583788135586
-0.010706233149732515
-0.001169367822587729
-0.014488452899986497
-0.0060309809152265595
-0.005859392398369462
-0.0037147782561453395
0.002615513217056926
-0.0067965499222236055
-0.007891556353761164
-0.003562199288857031
0.0005840915920474703
-0.0006793533762227399
-0.006550463815076103
0.001403971820043612
-0.004060692391478135
-0.0026824828693452394
0.0005840915920474703
-0.010840067612752023
0.00030874675444865875
-0.006255491370316116
-0.007376893110441592
-0.010840067612752023
-0.0037398685676788327
-0.014308355694758117
-0.013450193950893662
-0.0057068621298840055
-0.0033556978212590707
-0.01964663088067025
-0.006803386046509526
-0.005664119469179575
-0.004810841251151662
-0.006392811277862325
-0.01205093852522944
-0.008486996758397708
-0.005846259891008437
-0.006938901301157229
-0.014620249123391002
-0.0057068621298840055
-0.010706233149732515
-0.00779842223669271
-0.006336999181343144
-0.00529699843768454
-0.004788300108977206
-0.00751052255676611
-0.0018732274249458106
-0.011300946668123557
-0.006998708969622004
-0.0036836160064158364
-0.013316913309127047
-0.01064178096021538
-0.004060692391478135
-0.006392811277862325
-0.012432289836619648
-0.011911111911049781
-0.005043928631587419
-0.010236427370606264
-0.0026824828693452394
0.0032208378952916397
-0.00572066932050919
0.001403971820043612
-0.02333481015894058
-0.006336999181343144
-0.002700581759248362
-0.013316913309127047
-0.01964663088067025
-0.003287229653493819
-0.010236427370606264
-0.002884912245804205
-0.01177882492722859
-0.005883785119328661
-0.009419391132347311
-0.0031792347307432957
0.0031223005194558028
-0.0033556978212590707
-0.012476740123142835
-0.0037147782561453395
-0.007817862558490428
0.01592197243125643
-0.0031792347307432957
-0.005987934134549418
-0.007134358981664282
0.00030874675444865875
-0.0057748551164668845
0.0006353732516851913
-0.005043928631587419
-0.008336561109594886
-0.004311048643017066
-0.006998708969622004
-0.006998708969622004
-0.008486996758397708
-0.00327477580770861
-0.006998708969622004
-0.0126060012946067
0.006246532761158477
-0.007472563245132764
-0.01205093852522944
-0.008486996758397708
-0.0003823330098287102
-0.003383433753488669
-0.01964663088067025
-0.009082562103777659
-0.01503445436480239
-0.0037398685676788327
-0.006255491370316116
-0.005859392398369462
-0.0011941045350456797
-0.009419391132347311
-0.00889727344560417
-0.011128295184503792
-0.0008153542501337003
-0.004461910944076418
-0.0060309809152265595
-0.0060309809152265595
-0.011704330197345863
0.0032385292733988166
-0.007891556353761164
-0.00216846853155187
-0.0033556978212590707
0.001403971820043612
-0.005877251821042615
-0.002271417376872815
-0.005877251821042615
-0.004060692391478135
-0.01503445436480239
-0.0056025199133122126
-0.011911111911049781
-0.010445144110082053
-0.006336999181343144
-0.001116444462178719
-0.006336999181343144
-0.0067965499222236055
0.00030874675444865875
-0.0024468404769102635
-0.004677299224627169
-0.003562199288857031
-0.011911111911049781
-0.002271417376872815
-0.006853062138212281
-0.011704330197345863
-0.006938901301157229
-0.004853650072790532
0.02026480151967715
-0.0015088664251676446
-0.0033556978212590707
-0.016383725787622302
-0.005010165671013892
-0.0075747298906684276
-0.004665399236253884
-0.00889727344560417
-0.009419391132347311
-0.009082562103777659
-0.006550463815076103
-0.005170161591145403
-0.013450193950893662
-0.004788300108977206
-0.005010165671013892
-0.007376893110441592
0.002615513217056926
-0.01177882492722859
0.0033624154869439232
-0.009226199482938941
-0.012474945458576645
0.005329255413150971
-0.004129078135120264
-0.014308355694758117
-0.004461910944076418
0.0015889109542911008
0.0002211703769369833
-0.00795709792735801
0.00017470030871312802
-0.005010165671013892
-0.004665399236253884
0.0002211703769369833
-0.012432289836619648
-0.004311048643017066
-0.004677299224627169
-0.003562199288857031
-0.0031792347307432957
0.005915233083432277
0.005329255413150971
-0.006336999181343144
-0.003383433753488669
-0.007824031017990486
-0.00751052255676611
-0.005043928631587419
-0.005846259891008437
0.00686335737915664
-0.005637142708889755
0.0031223005194558028
-0.004311048643017066
-0.002209667621162414
-0.003679400881260028
-0.0003823330098287102
-0.014620249123391002
-0.01177882492722859
0.02026480151967715
-0.007262852041263398
-0.006550463815076103
-0.012474945458576645
-0.006255491370316116
-0.002745774750133563
-0.002884912245804205
0.0031223005194558028
-0.0051020516145348985
-0.005846259891008437
0.0015889109542911008
-0.0060309809152265595
-0.0016129733327553695
-0.007817862558490428
-0.005637142708889755
-0.0006793533762227399
-0.009406067749339553
0.00686335737915664
-0.014643768823694918
-0.0008153542501337003
-0.00457113879617341
-0.006362270876462067
-0.009082562103777659
-0.00795709792735801
0.002615513217056926
-0.002745774750133563
-0.004788300108977206
-0.0006793533762227399
-0.0006145089712730561
0.001403971820043612
-0.004788300108977206
-0.01503445436480239
-0.001116444462178719
0.00030874675444865875
-0.00529699843768454
-0.01177882492722859
-0.00779842223669271
-0.0033556978212590707
-0.009301062511060929
-0.0056299498024202106
-0.014308355694758117
-0.006362270876462067
-0.007706834538815708
-0.009351965199148079
-0.010236427370606264
0.0032208378952916397
-0.005170161591145403
-0.003562199288857031
-0.004355671339613796
-0.009417140258873346
-0.0003823330098287102
-0.0026824828693452394
-0.009564094694115628
-0.008196074677908888
-0.001116444462178719
-0.006803386046509526
-0.019804682039525755
-0.01079017776988168
-0.014488452899986497
-0.013656346131080778
-0.011753595036451426
-0.014620249123391002
-0.0036438781799578417
-0.00386209652468339
-0.003679400881260028
-0.006938901301157229
-0.0018732274249458106
-0.010840067612752023
-0.0050499687130919355
-0.00779842223669271
0.0006353732516851913
-0.006362270876462067
-0.010445144110082053
-0.002209667621162414
-0.005877251821042615
-0.004665399236253884
-0.016383725787622302
-0.012432289836619648
0.00030874675444865875
-0.0018732274249458106
-0.009082562103777659
0.006246532761158477
-0.002271417376872815
0.00017470030871312802
0.006246532761158477
-0.012432289836619648
-0.0050499687130919355
-0.004487595577933015
-0.002271417376872815
-0.013656346131080778
-0.011704330197345863
-0.011911111911049781
-0.012432289836619648
-0.008302568537744632
-0.002271417376872815
-0.006550463815076103
-0.009419391132347311
-0.005034141572375276
-0.013316913309127047
-0.012476740123142835
-0.01205093852522944
-0.006362270876462067
-0.00529699843768454
0.005329255413150971
-0.007539889661802718
0.0021574957658293393
-0.008196074677908888
-0.004665399236253884
-0.00457113879617341
-0.009564094694115628
0.0032208378952916397
-0.004608788795471859
-0.00889727344560417
-0.013316913309127047
-0.009301062511060929
-0.009567583788135586
-0.0011941045350456797
-0.007824031017990486
0.008803385969128748
-0.008486996758397708
-0.00751052255676611
-0.003976035202187428
-0.011753595036451426
-0.013316913309127047
0.01592197243125643
0.00686335737915664
-0.00751052255676611
-0.013656346131080778
-0.00386209652468339
-0.012432289836619648
-0.00327477580770861
-0.007262852041263398
-0.0011941045350456797
-0.001674703263512433
-0.0067455914876171
-0.0024468404769102635
-0.0036438781799578417
-0.002884912245804205
-0.006550463815076103
-0.009082562103777659
0.008803385969128748
-0.0036438781799578417
-0.007706834538815708
-0.00751052255676611
-0.008486996758397708
-0.0036836160064158364
-0.003679400881260028
-0.0003823330098287102
-0.0050499687130919355
-0.014643768823694918
-0.001674703263512433
-0.013316913309127047
-0.011730075021284467
-0.007824031017990486
-0.014620249123391002
-0.007099259977567001
-0.006336999181343144
-0.004608788795471859
-0.014620249123391002
-0.0037398685676788327
-0.007376893110441592
0.005329255413150971
-0.011704330197345863
-0.01964663088067025
-0.013316913309127047
-0.004461910944076418
-0.0018732274249458106
-0.006803386046509526
-0.0036836160064158364
-0.004487595577933015
-0.00327477580770861
-0.008196074677908888
-0.00529699843768454
-0.005170161591145403
0.0033624154869439232
-0.003562199288857031
-0.0057068621298840055
-0.0056299498024202106
-0.004810841251151662
-0.013656346131080778
-0.01122993936152213
-0.0036836160064158364
-0.015203782414739698
-0.012476740123142835
-0.014308355694758117
-0.004788300108977206
-0.009082562103777659
-0.005637142708889755
-0.019804682039525755
0.0032208378952916397
-0.003562199288857031
-0.011300946668123557
-0.009419391132347311
-0.010706233149732515
-0.00319426553129619
-0.002806724160154562
-0.0126060012946067
-0.005170161591145403
-0.005987934134549418
-0.014308355694758117
-0.013450193950893662
-0.004355671339613796
-0.016511173627774975
-0.005987934134549418
-0.00457113879617341
-0.012432289836619648
-0.003287229653493819
-0.003976035202187428
-0.0067965499222236055
-0.016511173627774975
-0.013450193950893662
0.0032385292733988166
0.00030874675444865875
-0.00319426553129619
-0.00889727344560417
-0.0033556978212590707
-0.003976035202187428
-0.0019751795216780706
-0.00457113879617341
-0.01177882492722859
-0.0006793533762227399
-0.005170161591145403
-0.007104276180105868
-0.007539889661802718
-0.003562199288857031
-0.014488452899986497
-0.0067455914876171
-0.0036836160064158364
-0.009351965199148079
-0.0019751795216780706
-0.003679400881260028
-0.007099259977567001
-0.002700581759248362
-0.005877251821042615
-0.0037147782561453395
-0.01079017776988168
-0.0057068621298840055
-0.005877251821042615
-0.0003823330098287102
-0.002700581759248362
-0.004461910944076418
-0.009351965199148079
-0.00572066932050919
-0.0036836160064158364
-0.0036438781799578417
-0.00319426553129619
-0.00216846853155187
-0.0075747298906684276
-0.002884912245804205
-0.008302568537744632
-0.0036836160064158364
-0.005030597577106617
-0.006372395450491795
-0.005170161591145403
-0.0036438781799578417
-0.004355671339613796
0.0033624154869439232
-0.005846259891008437
-0.005883785119328661
-0.00327477580770861
-0.013316913309127047
-0.00572066932050919
-0.003862403862158316
-0.004608788795471859
-0.00889727344560417
-0.002745774750133563
-0.00889727344560417
-0.002884912245804205
-0.012476740123142835
0.0005840915920474703
-0.00327477580770861
-0.007134358981664282
-0.0050499687130919355
-0.003287229653493819
-0.0006793533762227399
0.0032208378952916397
0.0009611239576491094
-0.0060309809152265595
-0.019804682039525755
-0.0067455914876171
-0.013656346131080778
-0.010236427370606264
-0.0015088664251676446
-0.008302568537744632
0.005915233083432277
-0.009417140258873346
-0.006372395450491795
-0.00327477580770861
-0.007706834538815708
-0.0015088664251676446
-0.0026824828693452394
-0.009419391132347311
-0.003383433753488669
-0.0056299498024202106
-0.006998708969622004
-0.005010165671013892
0.00686335737915664
-0.0056299498024202106
-0.0051020516145348985
-0.014409677768762688
-0.0003823330098287102
-0.0031792347307432957
-0.0057068621298840055
-0.007706834538815708
-0.001674703263512433
0.0009611239576491094
-0.007472563245132764
-0.007539889661802718
-0.009419391132347311
-0.00751052255676611
-0.009301062511060929
-0.004355671339613796
-0.006336999181343144
