-0.003183300089344094
-0.02154823832997215
-0.0013973948652527578
-0.005369639644340959
-0.009166772841885034
-0.008787945036271144
-0.01067312971081124
-0.004912409535964431
0.0009388433082304173
0.007979553002762813
-0.0019174789313621094
-0.004518722362368075
-0.01067312971081124
-0.002673966582681408
-0.005427266459418712
0.0014379419743296617
-0.006208942735453011
0.009945491021569733
-0.0002390786666500411
-0.005240953650427304
0.007979553002762813
-0.0016039503873956534
-0.009575441766196716
-0.00769302118589202
-0.004912409535964431
-0.004276099180552754
0.0024362227664232426
-0.020170299903328973
-0.007429772927966832
0.0014751222968408053
-0.00037354851610410425
-0.004459549164400559
0.00331613662782407
0.00011724193828192486
0.0034532421164075746
-0.004403977678112326
-0.004518722362368075
-0.010185600462360968
-0.0013117175497768807
-0.00731145487525638
-0.005369639644340959
-0.003077235225839691
-0.00023523660159856648
0.024723236829268202
0.0024761340311831455
0.00798181296508137
0.0035501664745174587
0.009185485501989022
-0.006994065348249801
-0.0021068941128499527
0.0040735287809375775
0.007926828523186142
0.0020586413176567004
-0.0018683157666089904
0.0018454601919903062
-0.006807600369899362
-0.0043705447345019416
-0.0007555288619734798
-0.004276099180552754
-0.006556938849599213
-0.008860050244742228
-0.005089289319641638
0.0022401758499466045
-0.010455638542311399
-0.005240953650427304
-0.003560960858356867
0.0034050134785050174
0.007926828523186142
-0.0007555288619734798
-0.014738942836346313
0.0018996573414214349
-0.012491980792572088
-0.007773241690976386
-0.012588918785362712
0.0020586413176567004
-0.007124127133309897
-0.0016039503873956534
-0.004423023027795681
-0.014150105948191173
0.004183522417156634
0.0014751222968408053
-0.000861127805866226
-0.00769302118589202
-0.00769302118589202
0.0032247568325066227
-0.005474234664010677
-0.008077333953194071
-0.0031102098278122077
-0.0027637062321405944
-0.0045984964681537715
0.01720177250846143
-0.005678362518063093
-0.02154823832997215
-0.004025045951322524
-0.0027521310906860777
-0.004269781291494066
-0.005527363734984798
0.0042419854134422555
-0.005988315780331163
-0.002203489856015982
0.0016988899059476406
0.0020908758571158907
-0.006556938849599213
-0.002557021904104654
-0.0016518745862532445
-0.01200284283821758
0.004517887472562851
0.0034050134785050174
-0.002557021904104654
-0.0029404175423316634
-0.004403977678112326
-0.019686071846227268
-0.00407886538386884
-0.013506332153680554
0.005433594395308505
-0.003590317400777003
-0.006853676251146141
-0.0003470313126760646
0.0040735287809375775
-0.0012201004901241466
-0.0044734681361166
0.005433594395308505
-0.0053421941388870344
-0.005089289319641638
0.0034532421164075746
0.005518300529529987
-0.0025593546263034373
0.0040735287809375775
0.0020908758571158907
-0.009361039892575689
-0.002203489856015982
-0.007124127133309897
-0.0017488328299251534
0.0005619256510079617
-0.009054089337289238
-0.004276099180552754
-0.004313667780217217
0.003638591588561191
-0.007062727576079665
-0.013506332153680554
0.0009388433082304173
-0.004403977678112326
-0.0045984964681537715
-0.0004190249754138633
-0.014738942836346313
-0.0032249879975458193
-0.004614040340065302
0.008099091814368204
0.006739551225453168
-0.0016518745862532445
0.0040735287809375775
-0.003092155588465175
-0.0029404175423316634
0.009185485501989022
-0.006807600369899362
-0.00475035636359086
-0.013506332153680554
-0.014695860502713917
0.011296858019124436
-0.013807554775208808
0.00011724193828192486
-0.000861127805866226
-0.005164557973032548
0.0006157864351539296
-0.0029404175423316634
0.00798181296508137
-0.004465120578006022
0.001080169563801127
-0.007759128968364062
0.010169000189438664
-0.003560960858356867
-0.004844721486194366
-0.0024158488100676683
-0.0062684469985432815
-0.0010805548569642286
-0.0025593546263034373
0.010169000189438664
-0.003222493559735349
0.008099091814368204
0.009945491021569733
0.008159642293415835
-0.00475035636359086
-0.0016039503873956534
-0.0025593546263034373
-0.005164557973032548
-0.0024158488100676683
-0.009166772841885034
0.006305458547515144
-0.007062727576079665
0.006739551225453168
0.001320256958158818
-0.003077235225839691
0.0013749088178866855
-0.0003191397832719679
0.001080169563801127
-0.0017607161273795852
-0.01427535739269548
-0.014105630694837834
-0.012588918785362712
0.0008011370213504512
-0.0045984964681537715
-6.689019181671208e-05
-0.002203489856015982
-0.006964291645435671
0.0007272259859196056
0.0038093294104595095
0.011296858019124436
-0.009813909014666156
0.011296858019124436
0.011589698732367669
0.0032247568325066227
-0.004562887322848834
-0.005988315780331163
-0.009361039892575689
0.004866948166922808
-0.004459549164400559
0.005360600239554204
-0.0023120847343303125
0.0017385173819411683
-0.0017607161273795852
-0.009361039892575689
0.0032247568325066227
-0.0007989730578200522
0.008344175485050006
-0.00646186003430502
0.0018454601919903062
-0.00418769943270505
0.007979553002762813
-0.006964291645435671
-0.001162101459338556
-0.00731145487525638
-0.0013117175497768807
-0.013506332153680554
-6.689019181671208e-05
0.001320256958158818
-0.00023523660159856648
-0.0013117175497768807
0.0038093294104595095
0.0032247568325066227
-0.011464937658844031
-0.0031102098278122077
0.006924016057486801
0.006739551225453168
-0.004844721486194366
-0.004025045951322524
0.000757476677829406
0.008289461790342565
0.008344175485050006
0.0016988899059476406
-0.0029404175423316634
-0.00010628091805931506
-0.003935709821150519
-0.005240953650427304
-0.00646186003430502
-0.020170299903328973
-0.01427535739269548
0.0003244636391884162
-0.0028910004899202206
0.0008011370213504512
0.007668190017565211
-0.0017607161273795852
-0.00418769943270505
0.0006157864351539296
0.024723236829268202
0.009185485501989022
0.0035501664745174587
-0.0021068941128499527
0.00040693934749651235
-0.006168425295429249
0.0024761340311831455
-0.0017488328299251534
0.0035618650228975315
-0.014150105948191173
-0.003963607038414539
-0.014738942836346313
0.007926828523186142
0.00851898639355829
-0.0069363354375452544
0.0012697738629099324
-0.006392079226924453
0.00011724193828192486
-0.0030446379095146565
0.009014477900467575
-0.0010962202994487119
-0.002673966582681408
0.0024362227664232426
-0.004844721486194366
-0.004025045951322524
-0.0029404175423316634
-0.014105630694837834
0.0009388433082304173
0.001175509415313699
-0.0019174789313621094
-0.00422993233308717
0.00851898639355829
-0.010194672270088256
-0.0004190249754138633
-0.00017603238276686268
-0.014150105948191173
-0.005982333189426542
-0.010455638542311399
0.0008855779685033469
0.0014379419743296617
0.0008011370213504512
-0.0069363354375452544
-0.0009274331235051395
-0.0004367764710408346
-0.00731145487525638
0.0013749088178866855
-0.003183300089344094
-0.014105630694837834
-0.002557021904104654
0.0042419854134422555
-0.007062727576079665
0.003638591588561191
-0.0017607161273795852
0.00040693934749651235
-0.000861127805866226
-0.00407886538386884
0.0040735287809375775
-0.003222493559735349
0.0020586413176567004
-0.0018683157666089904
0.010169000189438664
0.0017385173819411683
-0.002963314015613471
0.004831268654388517
-0.00010628091805931506
0.0020586413176567004
-0.0004367764710408346
-0.011544849793474822
-0.0002390786666500411
-0.005164557973032548
-0.006964291645435671
-0.0004367764710408346
-0.002224610862258365
-0.0033996284093025853
-0.004269781291494066
-0.002568105604788772
0.0008011370213504512
-0.006853676251146141
0.0034050134785050174
-0.014105630694837834
0.0018996573414214349
0.001656501873775501
-0.003077235225839691
0.001080169563801127
-0.003935709821150519
0.0015012867915939832
-0.01427535739269548
-0.005157858314739548
0.0018996573414214349
-0.02154823832997215
-0.00418769943270505
-0.0031102098278122077
-0.00554786809002975
-0.008077333953194071
-0.005157858314739548
0.0034532421164075746
-0.0057459495301709716
0.0017385173819411683
-0.008741161410036185
0.001566158003720001
0.008159642293415835
-0.004403977678112326
0.0018454601919903062
0.011612991318220415
0.0013749088178866855
0.006700843383532252
0.001175509415313699
-0.0016802474064501016
0.003638591588561191
-0.02154823832997215
0.008344175485050006
0.006700843383532252
0.013559555836321152
-0.005240953650427304
0.0006157864351539296
-0.006354430386298966
-0.013506332153680554
0.001031052413736964
0.013559555836321152
0.0007272259859196056
0.009185485501989022
0.0003244636391884162
-0.00475035636359086
0.019920709388356016
-0.001162101459338556
-0.0013117175497768807
-0.00416239724269629
-0.002203489856015982
0.005360600239554204
-0.0036700827411556844
0.000757476677829406
-0.005164557973032548
0.0024008901042255676
0.0001250758299467002
-0.002203489856015982
-0.0024158488100676683
0.009468793545865035
-0.001380078665052731
0.010169000189438664
-0.00731145487525638
0.004831268654388517
-0.002224610862258365
-0.0016802474064501016
-0.004313667780217217
-0.00475035636359086
0.01723309883414165
0.00851898639355829
0.00878001654581235
0.0040735287809375775
0.00878001654581235
0.004517887472562851
-0.0009274331235051395
0.0018996573414214349
-0.0021068941128499527
-0.009054089337289238
0.008289461790342565
-0.008077333953194071
0.0011481483699987704
-0.0045984964681537715
-0.011464937658844031
-0.0017488328299251534
0.0011481483699987704
-0.001162101459338556
-0.007124127133309897
-0.0021068941128499527
-0.0009538960363944509
0.006305458547515144
-0.007773241690976386
-0.005428157113229465
-0.009361039892575689
0.001566158003720001
-0.0027637062321405944
-0.005157858314739548
0.004852837870995969
-0.003560960858356867
-0.009054089337289238
-0.0024158488100676683
-0.0001452045163090383
0.011296858019124436
0.0005619256510079617
0.001782855912111749
0.0032247568325066227
-0.006208942735453011
-0.00731145487525638
-0.006994065348249801
-0.007528851346129855
0.0017385173819411683
0.004303201279597267
0.010233774116624673
0.0034532421164075746
-0.0004726700305315082
-0.006130057828447369
-0.001162101459338556
0.0020908758571158907
-0.006964291645435671
-0.004403977678112326
-0.00646186003430502
0.0024761340311831455
-0.013506332153680554
-0.005982333189426542
0.0022401758499466045
-0.005678362518063093
-0.006141358659546908
0.009185485501989022
-0.0016518745862532445
-0.009575441766196716
0.024723236829268202
-0.0013117175497768807
-0.013506332153680554
-0.00023523660159856648
0.0034532421164075746
0.002041514550147446
0.011296858019124436
-0.000861127805866226
-0.004518722362368075
0.006305458547515144
-0.0009538960363944509
-0.0013117175497768807
-0.004562887322848834
0.0006157864351539296
0.0014379419743296617
-0.014105630694837834
-0.005164557973032548
-0.006130057828447369
-0.0013117175497768807
0.006924016057486801
0.0035618650228975315
-0.006208942735453011
0.0034532421164075746
0.0005619256510079617
0.0017629005140719382
0.0038093294104595095
-0.008741161410036185
-0.00646186003430502
0.010233774116624673
-0.009054089337289238
0.005937464862105389
-0.006807600369899362
0.001175509415313699
0.004852837870995969
-0.019686071846227268
0.0014751222968408053
0.006305458547515144
0.00331613662782407
0.006246659723230334
-0.007429772927966832
0.00040693934749651235
0.00331613662782407
-0.0044734681361166
-0.004376415939882943
-0.0004726700305315082
0.007979553002762813
0.0003244636391884162
-0.002568105604788772
0.0034532421164075746
0.007668190017565211
0.006924016057486801
-0.005732119516622962
-0.003935709821150519
0.0035501664745174587
0.003638591588561191
0.007668190017565211
-0.0029404175423316634
0.00331613662782407
-0.003183300089344094
0.0017629005140719382
-0.0009538960363944509
-0.005157858314739548
-0.00037354851610410425
0.0037386521273059946
-0.002673966582681408
-0.0010805548569642286
-0.003590317400777003
-0.006130057828447369
0.0024761340311831455
-0.0009274331235051395
0.0034050134785050174
0.006246659723230334
-0.002297542928289545
0.00798181296508137
-0.003560960858356867
0.010233774116624673
-0.0062684469985432815
0.01723309883414165
-0.0013973948652527578
-0.003935709821150519
-0.0044734681361166
-0.009813909014666156
0.0025947874619553107
0.0020908758571158907
-0.012491980792572088
-0.00554786809002975
-0.004313667780217217
-0.006312438182326263
0.006305458547515144
-0.009166772841885034
0.00798181296508137
-0.002557021904104654
-0.00725152150147842
-0.0043705447345019416
0.006700843383532252
0.0014751222968408053
-0.019686071846227268
-0.003590317400777003
-0.005094629346131992
-0.007759128968364062
0.000757476677829406
-0.015370100127171594
0.0009388433082304173
-0.004912409535964431
0.006305458547515144
-0.008596620967942255
0.0034532421164075746
0.0035618650228975315
-0.0012201004901241466
-0.006208942735453011
0.0024362227664232426
0.0022401758499466045
-0.004518722362368075
-0.006691648835894699
-0.00725152150147842
0.0003244636391884162
0.005518300529529987
-0.004276099180552754
-0.00010628091805931506
0.008099091814368204
0.003118839749529338
0.0025947874619553107
0.0034532421164075746
-0.020904057075976173
-0.004518722362368075
-0.005094629346131992
-0.007759128968364062
-0.013506332153680554
-0.0080517666487331
-0.008860050244742228
-0.0041411073728959006
0.007926828523186142
-0.004614040340065302
-0.014738942836346313
0.004866948166922808
-0.009361039892575689
0.005518300529529987
-0.0025373288802477824
-0.02154823832997215
-0.0057459495301709716
-0.004423023027795681
-0.0030446379095146565
-0.002673966582681408
-0.015370100127171594
-0.005732119516622962
-0.007773241690976386
-0.0004190249754138633
-0.0012201004901241466
0.007926828523186142
-0.013807554775208808
0.0034050134785050174
0.008289461790342565
0.008159642293415835
-0.0053421941388870344
-0.00023523660159856648
-0.004276099180552754
0.0024362227664232426
-0.00407886538386884
-0.003560960858356867
0.001175509415313699
0.001566158003720001
-0.009054089337289238
-0.00037354851610410425
-0.006208942735453011
-0.007759128968364062
-6.689019181671208e-05
0.0008855779685033469
-0.006556938849599213
-0.0069363354375452544
-0.020904057075976173
-0.0010805548569642286
0.005518300529529987
0.001175509415313699
0.006739551225453168
0.004866948166922808
0.004183522417156634
-0.0001395746133189505
0.002041514550147446
-0.0003191397832719679
0.004303201279597267
-0.007124127133309897
0.006246659723230334
-0.008596620967942255
-0.008603814799985843
-0.0053421941388870344
-0.001358060621572653
-0.005982333189426542
-0.005867306294137373
-0.012491980792572088
-0.006994065348249801
-0.0023120847343303125
-0.0002390786666500411
-0.002297542928289545
-0.004376415939882943
-0.006807600369899362
-0.0004367764710408346
0.0015790802424079605
-0.006130057828447369
-0.0031102098278122077
-0.0017607161273795852
0.0012697738629099324
-0.006556938849599213
-0.008481788684885591
-0.00422993233308717
0.0035501664745174587
-0.0056060765090372635
-0.0025593546263034373
0.001080169563801127
-0.004614040340065302
-0.008741161410036185
-0.0031102098278122077
-0.0053421941388870344
-0.002557021904104654
-0.003557836078394514
0.00798181296508137
-0.0013117175497768807
-0.020170299903328973
-0.006691648835894699
0.006924016057486801
-0.004025045951322524
-0.004302166777382429
-0.0019174789313621094
0.004517887472562851
-0.0018683157666089904
0.0022312099592165743
-0.004269781291494066
-0.005988315780331163
-0.0048504322399878265
0.000757476677829406
0.01723309883414165
-0.01427535739269548
-0.010194672270088256
-0.011544849793474822
0.0020908758571158907
-0.008787945036271144
0.0024008901042255676
-0.0025373288802477824
-0.003092155588465175
-0.005988315780331163
0.00878001654581235
-0.006156846004053794
-0.007062727576079665
-0.013506332153680554
0.0018454601919903062
-6.689019181671208e-05
0.0040735287809375775
0.00040693934749651235
0.009468793545865035
-0.006691648835894699
-0.007255217110027455
0.005360600239554204
0.0022401758499466045
0.0038093294104595095
0.0012697738629099324
0.001031052413736964
0.0034532421164075746
-0.0005847860898576118
0.011435462952293111
-0.006807600369899362
-0.0016802474064501016
0.0040735287809375775
0.010233774116624673
-0.0025593546263034373
-0.00010628091805931506
0.0017385173819411683
-0.0044734681361166
-0.0018521662589688556
0.010233774116624673
-0.00731145487525638
-0.0007555288619734798
-0.004025045951322524
-0.008603814799985843
-0.0007555288619734798
-0.007124127133309897
0.00331613662782407
-0.0069363354375452544
-0.0018521662589688556
-0.00037354851610410425
-0.005157858314739548
0.0015012867915939832
-0.00416239724269629
-0.01067312971081124
-0.015370100127171594
-0.0053421941388870344
-0.0012201004901241466
-0.004518722362368075
0.006924016057486801
-0.005982333189426542
-0.004844721486194366
0.0018996573414214349
-0.004383665506282257
-0.0004190249754138633
0.0024008901042255676
0.0008855779685033469
-0.007124127133309897
-0.004844721486194366
0.0016988899059476406
-0.007255217110027455
-0.00010628091805931506
0.005433594395308505
0.00878001654581235
-0.020904057075976173
-0.006312438182326263
-0.006807600369899362
0.0018996573414214349
-0.020904057075976173
-0.0023120847343303125
0.0022312099592165743
-0.004518722362368075
-0.0017488328299251534
-0.0016518745862532445
-0.004562887322848834
-0.007528851346129855
-0.008741161410036185
0.0024008901042255676
0.0005619256510079617
-0.014695860502713917
-0.006168425295429249
-0.010194672270088256
-0.019686071846227268
-0.008481788684885591
0.00040693934749651235
-0.009054089337289238
-0.014738942836346313
0.011589698732367669
-0.00037354851610410425
-0.014150105948191173
-0.0053421941388870344
0.006246659723230334
-0.004025045951322524
-0.00407886538386884
-0.006156846004053794
-0.003767150368100525
0.0022312099592165743
-0.0032249879975458193
0.001175509415313699
-0.004383665506282257
-0.0053421941388870344
-0.004459549164400559
0.0014379419743296617
0.001566158003720001
0.0005619256510079617
0.006305458547515144
-0.0004367764710408346
0.0001250758299467002
-0.0007989730578200522
0.006739551225453168
0.0025947874619553107
-0.006994065348249801
-0.0001452045163090383
-0.014150105948191173
-0.0021068941128499527
-0.0069363354375452544
-0.0032017179443645724
-0.004614040340065302
-0.007429772927966832
-0.004518722362368075
0.017326573192614412
-0.007528851346129855
0.005937464862105389
-0.0016802474064501016
-0.002203489856015982
0.009945491021569733
-0.008787945036271144
0.0038093294104595095
-0.008787945036271144
0.004303201279597267
-0.005427266459418712
-0.005427266459418712
-0.0001452045163090383
-0.020170299903328973
0.011612991318220415
-0.0044734681361166
-0.007429772927966832
0.004866948166922808
0.011296858019124436
-0.008741161410036185
0.004852837870995969
0.0008855779685033469
-0.002963314015613471
-0.0010962202994487119
-0.00422993233308717
-0.0010805548569642286
-0.002297542928289545
-0.0036700827411556844
-0.007255217110027455
-0.002568105604788772
0.0025947874619553107
-0.00731145487525638
0.0040735287809375775
-0.010455638542311399
-0.003222493559735349
-0.01067312971081124
0.0008855779685033469
-0.00037354851610410425
-0.019686071846227268
0.004517887472562851
-0.003560960858356867
-0.004025045951322524
-0.005428157113229465
-0.0048504322399878265
-0.005867306294137373
0.001080169563801127
-0.006994065348249801
-0.002557021904104654
-0.004383665506282257
-0.001380078665052731
0.014526601312969333
-0.004614040340065302
-0.0024158488100676683
-0.0009538960363944509
0.0007272259859196056
-0.009054089337289238
0.007668190017565211
0.001080169563801127
-0.009166772841885034
-0.005732119516622962
-0.01427535739269548
-0.011464937658844031
0.000757476677829406
0.0016988899059476406
-0.019686071846227268
-0.004025045951322524
-0.004518722362368075
-0.006208942735453011
-0.0080517666487331
-0.014150105948191173
-0.0057459495301709716
-0.014105630694837834
-0.004302166777382429
-0.0004726700305315082
0.001656501873775501
-0.009054089337289238
-0.0009538960363944509
-0.0023120847343303125
-0.003963607038414539
0.005433594395308505
-0.007062727576079665
0.007926828523186142
0.00040693934749651235
0.0024008901042255676
-0.009361039892575689
-0.0041411073728959006
-0.0031102098278122077
-0.0001395746133189505
0.003118839749529338
0.000757476677829406
0.000757476677829406
-0.0024158488100676683
-0.00407886538386884
-0.0004726700305315082
0.0018454601919903062
-0.012491980792572088
-0.0028910004899202206
-0.007062727576079665
-0.0032249879975458193
-0.005094629346131992
-0.004313667780217217
-0.019686071846227268
-0.00475035636359086
0.005518300529529987
-0.006994065348249801
-0.0003191397832719679
-0.011544849793474822
0.006739551225453168
-0.005089289319641638
-0.005240953650427304
-0.00023523660159856648
-0.005732119516622962
0.011589698732367669
0.011589698732367669
-0.005089289319641638
-0.005732119516622962
-0.006208942735453011
-0.0028910004899202206
0.00798181296508137
-0.020170299903328973
-0.005427266459418712
-0.0004367764710408346
-0.0031102098278122077
-0.0023120847343303125
0.005937464862105389
-0.006156846004053794
-0.005428157113229465
-0.00731145487525638
-0.0010805548569642286
0.006305458547515144
0.0007272259859196056
-0.008596620967942255
-0.012491980792572088
-0.0015787649638032478
-0.006392079226924453
0.00878001654581235
-0.00017603238276686268
0.004852837870995969
0.0005619256510079617
-0.003925400646380986
0.004852837870995969
-0.007528851346129855
0.000757476677829406
-0.000861127805866226
-0.003935709821150519
-0.0013117175497768807
-0.009361039892575689
0.00011724193828192486
-0.0013973948652527578
-0.0002390786666500411
-0.009361039892575689
-0.0013117175497768807
0.004831268654388517
-0.004025045951322524
0.011296858019124436
0.01723309883414165
-0.004313667780217217
-0.0056060765090372635
0.001656501873775501
-0.0021068941128499527
0.0009388433082304173
-0.009813909014666156
-0.00407886538386884
-0.0002390786666500411
-0.005678362518063093
0.0015012867915939832
-0.004403977678112326
-0.004313667780217217
-0.009813909014666156
-0.019686071846227268
0.011612991318220415
-0.0024158488100676683
-0.0032249879975458193
-0.008481788684885591
