-0.019594476442361536
-0.02000600927216857
-0.04480665136549182
-0.06631716083625151
-0.023724492827878255
-0.015981109494820737
-0.01146790113940364
-0.04090998966280723
-0.0393495080013495
-0.007811492325556539
-0.014615601376917984
-0.025259729973686577
-0.038206875550203565
-0.0037745865401503952
-0.023411747869053652
-0.02356192666259892
-0.009052381422351943
-0.045180177550356616
-0.024285527444422514
-0.020467475465838984
-0.022169100078783803
-0.020516283408217928
-0.023294825545924963
-0.013346838082394402
-0.028005459262797138
-0.01962811204797164
-0.019594476442361536
-0.015981109494820737
-0.02194010192086958
-0.012102587128160095
-0.030895491654547875
-0.04084626693467589
-0.03761336025767351
-0.03617512676061486
-0.022108532180818194
0.00020726006238158093
-0.012102587128160095
-0.029852134203861708
-0.015280360891880604
-0.02803864715095055
-0.016922694288687576
-0.02065147713966707
-0.002056230830497532
-0.05452690882151373
-0.007006075484586626
-0.015280360891880604
-0.010861138042791511
-0.016671660675951324
-0.0151524077772946
-0.029852134203861708
-0.08152870179966853
-0.020516283408217928
-0.022765287064522046
-0.045007862476920485
-0.042802123189842715
0.00020726006238158093
-0.028400980313761957
-0.011300937831327903
-0.010638318249898665
-0.042959179017148096
-0.03761336025767351
-0.028400980313761957
-0.011414223760461516
-0.0002783374238179022
-0.046727827582906084
-0.05370766260480514
-0.0063488357774324124
-0.046727827582906084
-0.029852134203861708
-0.02803864715095055
-0.0334526319598403
-0.011871192031098723
-0.00046994366831344377
-0.01146790113940364
-0.007811492325556539
-0.02065147713966707
-0.0064093635121114465
-0.024246451817674305
-0.002056230830497532
-0.050285191035719844
-0.028314231591966266
-0.003131384766203719
-0.05269259098970332
-0.04001536317250406
-0.019594476442361536
-0.013023418629304355
-0.010750252063998924
-0.02000600927216857
-0.042959179017148096
-0.028676402906694633
-0.03093993698204278
-0.01905680543523806
-0.03413249934752555
-0.023411747869053652
-0.028282257842126603
-0.016922694288687576
-0.016706292713981757
-0.06486000415204152
-0.05166486552467798
-0.01905680543523806
-0.024285527444422514
-0.026063352909191834
-0.020516283408217928
-0.026523407189448758
-0.02819122785391067
-0.02626138817813378
-0.08152870179966853
-0.03617512676061486
-0.006145353233819518
-0.04915197619115999
-0.028005459262797138
-0.02710147968543722
-0.02626138817813378
-0.01786374701036814
-0.02774238226779187
-0.04480665136549182
-0.037739425029658547
-0.02710147968543722
-0.010861138042791511
-0.042272949775247835
-0.07853481136071805
-0.022108532180818194
-0.009052381422351943
-0.028676402906694633
-0.010861138042791511
-0.050285191035719844
-0.047801935067275876
-0.016671660675951324
-0.025259729973686577
-0.009052381422351943
-0.025259729973686577
-0.02017564444324295
-0.011300937831327903
-0.0063488357774324124
-0.04090998966280723
-0.02457856570867607
-0.010750252063998924
-0.05452690882151373
-0.028000191363917654
-0.03542329084670223
-0.007634715001638877
-0.04843539518597035
-0.033119227534679274
-0.025259729973686577
-0.007811492325556539
-0.042272949775247835
-0.023724492827878255
-0.05267537453782
-0.02626138817813378
-0.01814665320926605
-0.033119227534679274
-0.0028225340371390018
-0.015938649761748396
-0.01814665320926605
-0.01146790113940364
-0.033344855613451074
-0.013346838082394402
-0.023411747869053652
-0.014052978705787896
-0.010638318249898665
-0.028282257842126603
-0.03510890932865898
0.00020726006238158093
-0.02000600927216857
-0.000526220187145016
-0.056122658184124666
-0.05370766260480514
-0.029992953998354138
-0.04090998966280723
-0.01814665320926605
-0.0334526319598403
-0.028755699395443354
-0.03734533039032137
-0.015938649761748396
-0.014178909635403417
-0.02819122785391067
-0.02457856570867607
-0.024726669727287796
-0.02065147713966707
-0.023411747869053652
-0.03566731865391251
-0.06631716083625151
-0.0065806226141477435
-0.016671660675951324
-0.020467475465838984
-0.042959179017148096
-0.03107453378149938
-0.012543861692100103
-0.01296569701109541
-0.024668198739025753
-0.029992953998354138
-0.06647198093030458
-0.03018331712598224
-0.028400980313761957
-0.000526220187145016
-0.05896522856605064
-0.06486000415204152
-0.012633587352305705
-0.010750252063998924
-0.02710147968543722
-0.012655887296657327
-0.00046994366831344377
-0.05370766260480514
-0.02710147968543722
-0.042272949775247835
-0.07025632875092287
-0.05166486552467798
-0.03596048841361868
-0.033353161924848246
-0.020516283408217928
-0.046727827582906084
-0.06647198093030458
-0.03393323105636957
-0.022056124798476323
-0.03018331712598224
-0.0334526319598403
-0.000526220187145016
-0.03761336025767351
-0.025259729973686577
-0.022169100078783803
-0.01146790113940364
-0.06631716083625151
-0.03413249934752555
-0.02194010192086958
-0.025259729973686577
-0.024668198739025753
-0.04127862797761309
-0.03413249934752555
-0.01905680543523806
-0.015848825380653096
-0.05235438738145831
-0.0065806226141477435
-0.01962811204797164
-0.08152870179966853
-0.01962811204797164
-0.0334526319598403
-0.030895491654547875
-0.019726205485706215
-0.015280360891880604
-0.03440765238900047
-0.02696238428312451
-0.015280360891880604
-0.02356192666259892
-0.03734533039032137
-0.033119227534679274
-0.047801935067275876
-0.028755699395443354
-0.0063488357774324124
-0.01905680543523806
-0.015938649761748396
-0.022721315029955856
-0.029287478028943457
-0.016706292713981757
-0.033119227534679274
-0.024285527444422514
-0.033119227534679274
-0.024246451817674305
-0.042802123189842715
-0.012633587352305705
-0.02819122785391067
-0.027022589912388102
-0.02803864715095055
-0.06631716083625151
-0.01962811204797164
-0.02065147713966707
-0.01814665320926605
-0.0166105297723587
-0.029992953998354138
-0.015981109494820737
-0.01905680543523806
-0.03749489126066867
-0.0028225340371390018
-0.0384183302975203
-0.04434540682533413
-0.043641323799962585
-0.013911190455697518
-0.02017564444324295
-0.016706292713981757
-0.020516283408217928
-0.03413249934752555
-0.007006075484586626
-0.04843539518597035
-0.047801935067275876
-0.023411747869053652
-0.03171660868365283
-0.03393323105636957
-0.01905680543523806
-0.020097000708530714
-0.0215208178557161
-0.028676402906694633
0.0005540190832360267
-0.02803864715095055
-0.029992953998354138
-0.0215208178557161
-0.03413249934752555
-0.022108532180818194
-0.0151524077772946
-0.047801935067275876
-0.033353161924848246
-0.028282257842126603
-0.02626138817813378
-0.045180177550356616
-0.0491429515481891
-0.013023418629304355
-0.022765287064522046
-0.03510890932865898
-0.015938649761748396
-0.0505595393253067
-0.016706292713981757
-0.01814665320926605
-0.03956622043702752
-0.024726669727287796
-0.028755699395443354
-0.029287478028943457
-0.010861138042791511
-0.006145353233819518
-0.013023418629304355
-0.013346838082394402
-0.016706292713981757
-0.029899543123663278
-0.032362866923454144
-0.007634715001638877
-0.05267537453782
-0.038206875550203565
-0.0037745865401503952
-0.015981109494820737
-0.0151524077772946
-0.045007862476920485
-0.024285527444422514
-0.015280360891880604
-0.035720808020006725
-0.016922694288687576
-0.03954360892241347
-0.023411747869053652
-0.011300937831327903
-0.03596048841361868
-0.050285191035719844
-0.0393495080013495
-0.013346838082394402
-0.01146790113940364
-0.0384183302975203
-0.022765287064522046
-0.042959179017148096
-0.03566731865391251
-0.027022589912388102
-0.011871192031098723
-0.04324022389897484
-0.028000191363917654
-0.032676387263499355
-0.013911190455697518
-0.02457856570867607
-0.02065147713966707
-0.03093993698204278
-0.047801935067275876
-0.01905680543523806
-0.02774238226779187
-0.03171660868365283
-0.03954360892241347
-0.04324022389897484
-0.023724492827878255
-0.0002783374238179022
-0.026575494867631395
-0.028282257842126603
-0.00046994366831344377
-0.04239226347576784
-0.007006075484586626
-0.012102587128160095
-0.0166105297723587
-0.0166105297723587
-0.0384183302975203
-0.014052978705787896
-0.028005459262797138
-0.042959179017148096
-0.02696238428312451
-0.026668845050170545
-0.06647198093030458
-0.03107453378149938
-0.047801935067275876
0.00020726006238158093
-0.029899543123663278
-0.022169100078783803
-0.04090998966280723
-0.0028225340371390018
-0.05415467582346455
-0.029992953998354138
-0.02819122785391067
-0.046727827582906084
-0.011871192031098723
-0.011648341506487404
-0.03956622043702752
-0.022765287064522046
-0.022721315029955856
-0.007634715001638877
-0.025259729973686577
-0.03393323105636957
-0.038206875550203565
-0.01146790113940364
-0.04488525939931519
-0.035720808020006725
-0.010861138042791511
-0.022108532180818194
-0.02000600927216857
-0.014615601376917984
-0.01814665320926605
-0.013911190455697518
-0.02065147713966707
-0.03617512676061486
-0.04090998966280723
-0.024246451817674305
-0.03734533039032137
-0.032676387263499355
-0.0065806226141477435
0.0005540190832360267
-0.015848825380653096
-0.030895491654547875
-0.02065147713966707
-0.024726669727287796
-0.0384183302975203
-0.04480665136549182
-0.01905680543523806
0.0005540190832360267
-0.015848825380653096
-0.0393495080013495
-0.028400980313761957
-0.03510890932865898
-0.015280360891880604
-0.028755699395443354
-0.006145353233819518
-0.030589262954319574
-0.028005459262797138
-0.04860639170434905
-0.0215208178557161
-0.02626138817813378
-0.0064093635121114465
-0.035720808020006725
-0.023294825545924963
-0.050285191035719844
-0.029992953998354138
-0.039541728825612216
-0.0037745865401503952
-0.04001536317250406
-0.0002783374238179022
-0.026063352909191834
-0.01296569701109541
-0.03956622043702752
-0.011871192031098723
-0.02065147713966707
-0.05415467582346455
-0.035720808020006725
-0.07853481136071805
-0.03393323105636957
-0.022765287064522046
-0.035720808020006725
-0.05269259098970332
-0.07853481136071805
-0.043641323799962585
-0.05166486552467798
-0.01962811204797164
-0.02819122785391067
-0.028400980313761957
-0.015848825380653096
-0.02356192666259892
-0.026668845050170545
-0.04127862797761309
-0.010638318249898665
-0.023411747869053652
-0.05452690882151373
-0.01296569701109541
-0.047801935067275876
-0.03734533039032137
-0.01905680543523806
-0.019306041520850126
-0.02194010192086958
-0.016922694288687576
-0.0393495080013495
-0.03964774690562104
-0.025259729973686577
-0.05267537453782
-0.0334526319598403
-0.047801935067275876
-0.04434540682533413
-0.04488525939931519
-0.01296569701109541
-0.02151963532439561
-0.028400980313761957
-0.03566731865391251
-0.024726669727287796
-0.0063488357774324124
-0.007006075484586626
-0.0334526319598403
-0.04488525939931519
-0.03617512676061486
-0.010638318249898665
-0.042959179017148096
-0.022108532180818194
-0.014052978705787896
-0.016922694288687576
-0.035720808020006725
-0.035720808020006725
-0.026668845050170545
-0.04239226347576784
-0.00046994366831344377
-0.03964774690562104
-0.03093993698204278
-0.042272949775247835
-0.05370766260480514
-0.03440765238900047
-0.007811492325556539
-0.003131384766203719
-0.04488525939931519
-0.024726669727287796
-0.050285191035719844
-0.02194010192086958
-0.02626138817813378
-0.026575494867631395
-0.05370766260480514
-0.037739425029658547
-0.016922694288687576
-0.05415467582346455
0.00020726006238158093
-0.033119227534679274
-0.035720808020006725
-0.05269259098970332
-0.03964774690562104
-0.035720808020006725
-0.023411747869053652
-0.022056124798476323
-0.03093993698204278
-0.013023418629304355
-0.05235438738145831
-0.026668845050170545
-0.024668198739025753
-0.024668198739025753
-0.07025632875092287
-0.0166105297723587
-0.06486000415204152
-0.026575494867631395
-0.0215208178557161
-0.012543861692100103
-0.04127862797761309
-0.03566731865391251
-0.002056230830497532
-0.03171660868365283
-0.04843539518597035
-0.03795111036548545
-0.029287478028943457
-0.0215208178557161
-0.02194010192086958
-0.02356192666259892
-0.03413249934752555
-0.019594476442361536
-0.0065806226141477435
-0.06631716083625151
-0.0151524077772946
-0.011414223760461516
-0.04001536317250406
-0.0151524077772946
-0.04843539518597035
-0.03093993698204278
-0.03018331712598224
-0.013911190455697518
-0.028000191363917654
-0.03617512676061486
-0.03171660868365283
-0.02194010192086958
-0.03749489126066867
-0.05370766260480514
-0.013346838082394402
-0.025748271743946453
-0.026523407189448758
-0.037739425029658547
-0.027022589912388102
-0.042272949775247835
-0.016922694288687576
-0.000526220187145016
-0.013346838082394402
0.0027546420180655654
-0.032362866923454144
0.0027546420180655654
-0.02194010192086958
-0.04090998966280723
-0.0064093635121114465
-0.047801935067275876
-0.043641323799962585
-0.007634715001638877
-0.006145353233819518
-0.05370766260480514
-0.033344855613451074
-0.04090998966280723
-0.026523407189448758
-0.011648341506487404
-0.039541728825612216
-0.04915197619115999
-0.000526220187145016
-0.030895491654547875
-0.04843539518597035
-0.046727827582906084
-0.03171660868365283
-0.029287478028943457
-0.028282257842126603
-0.022056124798476323
-0.02774238226779187
-0.030895491654547875
-0.024246451817674305
-0.011300937831327903
-0.024726669727287796
-0.012543861692100103
-0.026063352909191834
-0.028676402906694633
0.0027546420180655654
-0.06647198093030458
-0.011648341506487404
-0.03964774690562104
-0.045007862476920485
-0.01814665320926605
-0.028676402906694633
-0.020516283408217928
-0.03566731865391251
-0.04915197619115999
-0.010638318249898665
-0.011871192031098723
-0.028005459262797138
-0.014052978705787896
-0.0334526319598403
-0.00046994366831344377
-0.015981109494820737
-0.04239226347576784
-0.022108532180818194
-0.007811492325556539
-0.03956622043702752
-0.02774238226779187
-0.04001536317250406
-0.028005459262797138
-0.029992953998354138
-0.03749489126066867
-0.04915197619115999
-0.0065806226141477435
-0.03956622043702752
-0.02626138817813378
-0.007811492325556539
-0.014052978705787896
-0.006145353233819518
-0.023411747869053652
-0.02065147713966707
-0.046727827582906084
-0.02017564444324295
-0.050285191035719844
-0.02000600927216857
-0.025259729973686577
-0.0028225340371390018
-0.02000600927216857
-0.025748271743946453
-0.02356192666259892
-0.016922694288687576
-0.025354635019787217
-0.043641323799962585
-0.032676387263499355
-0.0505595393253067
-0.014052978705787896
-0.05896522856605064
-0.022056124798476323
-0.028676402906694633
-0.02696238428312451
-0.05415467582346455
-0.013023418629304355
-0.0384183302975203
-0.05267537453782
-0.03413249934752555
-0.02017564444324295
-0.019726205485706215
-0.0166105297723587
-0.033353161924848246
-0.01146790113940364
-0.02803864715095055
-0.042959179017148096
-0.039541728825612216
-0.045180177550356616
-0.03964774690562104
-0.03566731865391251
-0.02000600927216857
-0.006145353233819518
-0.06631716083625151
-0.020097000708530714
-0.0151524077772946
-0.042959179017148096
-0.024726669727287796
-0.028314231591966266
-0.022169100078783803
-0.033344855613451074
-0.028755699395443354
-0.03018331712598224
-0.016671660675951324
-0.02457856570867607
-0.04480665136549182
-0.06647198093030458
-0.0334526319598403
-0.020097000708530714
-0.03954360892241347
-0.015280360891880604
-0.03393323105636957
-0.030895491654547875
-0.07025632875092287
-0.028314231591966266
-0.03220684581535288
-0.014052978705787896
-0.04239226347576784
-0.050285191035719844
-0.0491429515481891
-0.014052978705787896
-0.045007862476920485
-0.02626138817813378
-0.024668198739025753
-0.025259729973686577
-0.045007862476920485
-0.0505595393253067
-0.04001536317250406
-0.03107453378149938
-0.028282257842126603
-0.014052978705787896
-0.047801935067275876
-0.037739425029658547
-0.030589262954319574
-0.015280360891880604
-0.026668845050170545
-0.02065147713966707
-0.00046994366831344377
-0.027022589912388102
-0.05235438738145831
-0.03734533039032137
-0.029852134203861708
-0.03393323105636957
-0.015981109494820737
-0.012655887296657327
-0.0064093635121114465
-0.014615601376917984
-0.0063488357774324124
-0.03413249934752555
-0.05235438738145831
-0.04480665136549182
-0.0065806226141477435
-0.026575494867631395
-0.02017564444324295
-0.05370766260480514
0.00020726006238158093
-0.0215208178557161
-0.024285527444422514
-0.050285191035719844
-0.04480665136549182
-0.04084626693467589
-0.025551260751857246
-0.02194010192086958
-0.012633587352305705
-0.047801935067275876
-0.056122658184124666
-0.04860639170434905
-0.014052978705787896
-0.03956622043702752
-0.028314231591966266
-0.042802123189842715
-0.04324022389897484
-0.013023418629304355
-0.029899543123663278
-0.03413249934752555
-0.06647198093030458
-0.01146790113940364
-0.000526220187145016
-0.02626138817813378
-0.050285191035719844
-0.07025632875092287
-0.015848825380653096
-0.056122658184124666
-0.0028225340371390018
-0.026575494867631395
-0.0166105297723587
-0.05415467582346455
-0.025748271743946453
-0.006145353233819518
-0.03171660868365283
-0.042959179017148096
-0.028314231591966266
-0.03954360892241347
-0.05267537453782
-0.028400980313761957
-0.03749489126066867
-0.020516283408217928
-0.03393323105636957
-0.0064093635121114465
-0.0505595393253067
-0.042272949775247835
-0.04239226347576784
-0.030589262954319574
-0.012543861692100103
-0.014178909635403417
-0.012655887296657327
-0.015938649761748396
-0.020467475465838984
-0.02696238428312451
-0.05415467582346455
-0.015938649761748396
-0.026668845050170545
-0.009052381422351943
-0.028005459262797138
-0.03510890932865898
-0.029899543123663278
-0.03749489126066867
-0.07025632875092287
-0.0215208178557161
-0.02000600927216857
-0.02151963532439561
-0.0037745865401503952
-0.045007862476920485
-0.05166486552467798
-0.050285191035719844
-0.045007862476920485
-0.0064093635121114465
-0.028005459262797138
-0.01905680543523806
-0.019306041520850126
-0.04434540682533413
-0.05370766260480514
0.00020726006238158093
-0.03566731865391251
-0.015280360891880604
-0.010861138042791511
-0.025259729973686577
-0.01814665320926605
-0.06647198093030458
-0.01786374701036814
-0.06647198093030458
-0.013346838082394402
-0.05235438738145831
-0.03093993698204278
-0.010750252063998924
-0.02065147713966707
-0.0064093635121114465
-0.014178909635403417
-0.045007862476920485
-0.013911190455697518
-0.022721315029955856
-0.04324022389897484
-0.0037745865401503952
-0.05166486552467798
-0.02065147713966707
-0.0151524077772946
-0.022765287064522046
-0.019306041520850126
-0.03761336025767351
-0.032676387263499355
-0.05452690882151373
-0.04843539518597035
-0.015938649761748396
-0.0002783374238179022
-0.013911190455697518
-0.028000191363917654
-0.01905680543523806
-0.03440765238900047
-0.030589262954319574
-0.03734533039032137
-0.014178909635403417
-0.05370766260480514
-0.025259729973686577
-0.043641323799962585
0.00020726006238158093
-0.015280360891880604
-0.02902254466275983
-0.04001536317250406
-0.05415467582346455
-0.05415467582346455
-0.024668198739025753
-0.026575494867631395
-0.04860639170434905
-0.025748271743946453
-0.02000600927216857
-0.03393323105636957
-0.03749489126066867
-0.013346838082394402
-0.014052978705787896
-0.0393495080013495
-0.01814665320926605
-0.0151524077772946
-0.02659139359550587
-0.01905680543523806
-0.02356192666259892
-0.045180177550356616
-0.026575494867631395
-0.04915197619115999
-0.05166486552467798
-0.016706292713981757
-0.038206875550203565
-0.0334526319598403
-0.025551260751857246
0.0005540190832360267
-0.033119227534679274
-0.045180177550356616
-0.026063352909191834
-0.013023418629304355
-0.0384183302975203
-0.04915197619115999
-0.04239226347576784
-0.010750252063998924
-0.02902254466275983
-0.01146790113940364
-0.045180177550356616
-0.050285191035719844
-0.014052978705787896
-0.05370766260480514
-0.01905680543523806
-0.03510890932865898
-0.025354635019787217
-0.0065806226141477435
-0.022721315029955856
-0.015981109494820737
-0.0384183302975203
-0.02902254466275983
-0.042802123189842715
-0.08152870179966853
-0.0505595393253067
-0.020467475465838984
-0.022108532180818194
-0.03749489126066867
-0.02000600927216857
-0.03542329084670223
-0.02017564444324295
-0.04090998966280723
-0.022056124798476323
-0.014052978705787896
-0.02356192666259892
-0.023724492827878255
-0.00046994366831344377
-0.029992953998354138
-0.01905680543523806
-0.01296569701109541
-0.028400980313761957
-0.04915197619115999
-0.0505595393253067
-0.012543861692100103
-0.050285191035719844
-0.06486000415204152
-0.007811492325556539
-0.002056230830497532
-0.028005459262797138
-0.007811492325556539
-0.014178909635403417
-0.012543861692100103
-0.03220684581535288
-0.045180177550356616
-0.04090998966280723
-0.012543861692100103
-0.0505595393253067
-0.05896522856605064
-0.03761336025767351
-0.07853481136071805
-0.009052381422351943
-0.014178909635403417
-0.06486000415204152
-0.042959179017148096
-0.042802123189842715
-0.03734533039032137
-0.04915197619115999
-0.03749489126066867
-0.03440765238900047
-0.007006075484586626
-0.011871192031098723
-0.042802123189842715
-0.03171660868365283
-0.05267537453782
-0.02151963532439561
-0.014615601376917984
-0.006145353233819518
-0.01146790113940364
-0.02819122785391067
-0.014615601376917984
-0.05415467582346455
-0.0215208178557161
-0.016922694288687576
-0.042272949775247835
-0.019306041520850126
-0.013911190455697518
-0.032362866923454144
-0.020097000708530714
-0.0334526319598403
-0.0002783374238179022
-0.028676402906694633
-0.02626138817813378
-0.042272949775247835
-0.02356192666259892
-0.033344855613451074
-0.03795111036548545
-0.042272949775247835
-0.016671660675951324
-0.05415467582346455
-0.0037745865401503952
-0.013346838082394402
-0.028005459262797138
-0.05166486552467798
0.00020726006238158093
-0.028400980313761957
-0.026668845050170545
-0.05166486552467798
-0.028676402906694633
