-0.03170305379893487
-0.0221279348113207
-0.070067107588692
-0.02920567547534486
-0.03170305379893487
-0.005301888336305297
0.061356685035156906
-0.057212344552161426
0.08241660540222093
0.09176865433132005
-0.03170305379893487
-0.008562154720152627
-0.06711407844569739
0.08241660540222093
-0.04495559012583701
0.008365715826415685
-0.004262412087814414
0.00030415304309707017
-0.044474625780489205
-0.01899311968318326
-0.02920567547534486
0.005229578223372013
-0.057212344552161426
-0.04240528166498841
-0.03667251214723693
-0.053124692243237036
-0.057212344552161426
-0.02920567547534486
-0.070067107588692
0.02110305059094605
-0.027307813800906015
0.007417083190708078
-0.005301888336305297
-0.008562154720152627
-0.0825077906746911
0.0060961750431919055
-0.057212344552161426
0.1434940842050301
0.00030415304309707017
-0.008562154720152627
-0.034683656578510025
-0.01899311968318326
-0.03325439751697139
0.10424156095540359
-0.027307813800906015
-0.009623749294234148
0.08241660540222093
-0.0825077906746911
-0.04240528166498841
-0.03325439751697139
-0.02920567547534486
-0.053124692243237036
-0.044474625780489205
-0.03585986184440312
-0.0221279348113207
-0.02920567547534486
-0.034683656578510025
-0.004735728574203913
0.1434940842050301
-0.04240528166498841
-0.009623749294234148
0.007417083190708078
0.08241660540222093
0.11469039892780553
-0.070067107588692
-0.0181381286592181
-0.05204561736479893
0.00030415304309707017
-0.004735728574203913
0.08241660540222093
0.008365715826415685
-0.005301888336305297
0.03338566344504534
-0.057212344552161426
0.008365715826415685
-0.04240528166498841
-0.00966703530668615
-0.008562154720152627
-0.04240528166498841
-0.02309302119920996
-0.057212344552161426
0.008365715826415685
-0.01899311968318326
0.0060961750431919055
-0.044474625780489205
-0.004735728574203913
-0.008562154720152627
-0.0825077906746911
-0.005301888336305297
0.00030415304309707017
-0.01899311968318326
0.008365715826415685
-0.00966703530668615
0.09176865433132005
0.11469039892780553
0.03338566344504534
-0.0825077906746911
-0.044474625780489205
0.007417083190708078
-0.02309302119920996
0.061356685035156906
-0.027307813800906015
-0.009623749294234148
-0.03170305379893487
-0.05204561736479893
-0.01899311968318326
-0.0181381286592181
0.016772212651460203
-0.05204561736479893
0.1434940842050301
0.08241660540222093
-0.004262412087814414
-0.070067107588692
-0.06711407844569739
-0.008562154720152627
0.005229578223372013
-0.034683656578510025
0.11637035913887783
-0.057212344552161426
0.04617399662066797
-0.02920567547534486
-0.004262412087814414
-0.070067107588692
0.013773451160521526
-0.005301888336305297
-0.03170305379893487
-0.009623749294234148
-0.034683656578510025
0.00030415304309707017
-0.0181381286592181
-0.0181381286592181
-0.04495559012583701
-0.03325439751697139
0.04617399662066797
-0.009623749294234148
-0.0181381286592181
-0.02309302119920996
0.02110305059094605
0.007417083190708078
-0.044474625780489205
-0.027307813800906015
-0.0718105592265354
0.013773451160521526
0.008365715826415685
-0.005301888336305297
0.1434940842050301
-0.005301888336305297
0.04617399662066797
-0.004262412087814414
-0.02309302119920996
-0.0825077906746911
0.10424156095540359
0.008365715826415685
0.11469039892780553
-0.053124692243237036
-0.004262412087814414
0.11637035913887783
0.11469039892780553
0.016772212651460203
0.09176865433132005
-0.008562154720152627
-0.02920567547534486
0.0060961750431919055
-0.06711407844569739
-0.06711407844569739
0.08241660540222093
-0.03325439751697139
-0.05204561736479893
-0.004262412087814414
0.02110305059094605
0.11637035913887783
0.03338566344504534
-0.027307813800906015
-0.0181381286592181
-0.008562154720152627
-0.053124692243237036
-0.044474625780489205
-0.004735728574203913
-0.0221279348113207
-0.009623749294234148
0.04617399662066797
-0.04240528166498841
0.09176865433132005
-0.0825077906746911
-0.01899311968318326
-0.0221279348113207
0.1434940842050301
-0.057212344552161426
0.1434940842050301
0.11469039892780553
0.1434940842050301
0.11637035913887783
0.11469039892780553
0.11469039892780553
-0.02309302119920996
0.09176865433132005
-0.004735728574203913
0.00030415304309707017
-0.02920567547534486
0.013773451160521526
-0.00966703530668615
0.0060961750431919055
0.005229578223372013
-0.034683656578510025
0.03338566344504534
0.061356685035156906
-0.00966703530668615
0.09176865433132005
-0.04495559012583701
0.02110305059094605
0.061356685035156906
0.09176865433132005
-0.053124692243237036
-0.004735728574203913
0.1434940842050301
-0.03325439751697139
-0.0181381286592181
-0.027307813800906015
0.016772212651460203
0.03338566344504534
0.008365715826415685
-0.004735728574203913
-0.03667251214723693
-0.04240528166498841
-0.027307813800906015
-0.008562154720152627
0.061356685035156906
-0.04240528166498841
0.016772212651460203
0.10424156095540359
-0.004735728574203913
-0.070067107588692
0.005229578223372013
-0.004735728574203913
-0.005301888336305297
-0.0221279348113207
-0.04240528166498841
-0.004735728574203913
0.007417083190708078
-0.02920567547534486
-0.0221279348113207
0.08241660540222093
0.10424156095540359
0.08241660540222093
0.016772212651460203
0.008365715826415685
-0.0825077906746911
0.08241660540222093
0.005229578223372013
-0.06711407844569739
-0.03325439751697139
-0.05204561736479893
-0.009623749294234148
-0.03170305379893487
0.061356685035156906
-0.0825077906746911
-0.004262412087814414
-0.044474625780489205
-0.03325439751697139
0.00030415304309707017
0.10424156095540359
-0.070067107588692
0.008365715826415685
-0.04240528166498841
-0.03325439751697139
0.09176865433132005
0.10424156095540359
0.008365715826415685
-0.0181381286592181
-0.06711407844569739
-0.04240528166498841
-0.027307813800906015
-0.057212344552161426
-0.03667251214723693
-0.053124692243237036
-0.057212344552161426
0.02110305059094605
-0.03667251214723693
0.11469039892780553
-0.0181381286592181
-0.03170305379893487
0.11637035913887783
-0.02309302119920996
0.00030415304309707017
0.11637035913887783
-0.004262412087814414
0.061356685035156906
-0.02920567547534486
-0.0181381286592181
-0.070067107588692
-0.004262412087814414
-0.027307813800906015
-0.03325439751697139
0.007417083190708078
0.08241660540222093
0.09176865433132005
-0.03585986184440312
-0.05204561736479893
0.08241660540222093
-0.0181381286592181
-0.034683656578510025
0.061356685035156906
-0.0221279348113207
0.10424156095540359
-0.057212344552161426
-0.005301888336305297
0.11469039892780553
0.03338566344504534
0.10424156095540359
0.061356685035156906
-0.0221279348113207
-0.03585986184440312
-0.03667251214723693
0.11469039892780553
-0.0221279348113207
0.10424156095540359
-0.04240528166498841
-0.01899311968318326
-0.044474625780489205
-0.027307813800906015
-0.04240528166498841
0.1434940842050301
-0.008562154720152627
-0.034683656578510025
0.1434940842050301
-0.01899311968318326
-0.009623749294234148
-0.02309302119920996
-0.057212344552161426
-0.0825077906746911
-0.044474625780489205
-0.02920567547534486
-0.004262412087814414
0.11637035913887783
0.08241660540222093
-0.03325439751697139
0.04617399662066797
0.08241660540222093
-0.03170305379893487
-0.03325439751697139
-0.004735728574203913
-0.02309302119920996
-0.053124692243237036
-0.027307813800906015
0.1434940842050301
0.1434940842050301
-0.02309302119920996
-0.02309302119920996
-0.0718105592265354
-0.00966703530668615
0.11637035913887783
-0.03325439751697139
-0.06711407844569739
0.00030415304309707017
0.03338566344504534
-0.004735728574203913
-0.0825077906746911
-0.053124692243237036
-0.0825077906746911
0.04617399662066797
-0.03325439751697139
-0.03325439751697139
-0.00966703530668615
0.10424156095540359
0.061356685035156906
0.013773451160521526
-0.005301888336305297
0.11469039892780553
-0.004262412087814414
-0.00966703530668615
0.1434940842050301
-0.02920567547534486
0.007417083190708078
-0.0181381286592181
-0.005301888336305297
-0.004735728574203913
0.04617399662066797
0.09176865433132005
0.09176865433132005
0.0060961750431919055
-0.05204561736479893
0.02110305059094605
-0.05204561736479893
-0.027307813800906015
-0.03325439751697139
-0.06711407844569739
-0.044474625780489205
-0.06711407844569739
-0.0181381286592181
-0.03585986184440312
-0.04495559012583701
-0.01899311968318326
-0.004735728574203913
-0.02920567547534486
-0.01899311968318326
-0.02920567547534486
-0.004735728574203913
0.11469039892780553
-0.03325439751697139
-0.0181381286592181
-0.01899311968318326
-0.03325439751697139
-0.02309302119920996
0.008365715826415685
0.02110305059094605
-0.06711407844569739
-0.044474625780489205
-0.03170305379893487
0.04617399662066797
-0.027307813800906015
-0.04240528166498841
-0.04240528166498841
0.02110305059094605
0.00030415304309707017
-0.057212344552161426
0.09176865433132005
0.005229578223372013
0.00030415304309707017
0.04617399662066797
-0.02309302119920996
0.016772212651460203
0.08241660540222093
-0.070067107588692
0.02110305059094605
-0.02920567547534486
0.008365715826415685
-0.03170305379893487
-0.008562154720152627
0.008365715826415685
-0.04495559012583701
-0.009623749294234148
-0.005301888336305297
0.02110305059094605
-0.008562154720152627
-0.0718105592265354
-0.03170305379893487
0.016772212651460203
-0.03585986184440312
-0.005301888336305297
-0.0181381286592181
-0.009623749294234148
0.005229578223372013
-0.034683656578510025
0.008365715826415685
0.09176865433132005
-0.070067107588692
0.013773451160521526
0.09176865433132005
-0.01899311968318326
-0.0825077906746911
0.03338566344504534
-0.05204561736479893
0.005229578223372013
-0.004735728574203913
-0.02920567547534486
-0.053124692243237036
-0.06711407844569739
-0.004735728574203913
0.02110305059094605
-0.02309302119920996
0.007417083190708078
-0.04495559012583701
-0.005301888336305297
-0.01899311968318326
-0.070067107588692
-0.057212344552161426
-0.03667251214723693
-0.027307813800906015
-0.04240528166498841
-0.04495559012583701
0.09176865433132005
-0.06711407844569739
-0.004262412087814414
0.007417083190708078
0.005229578223372013
0.007417083190708078
-0.03667251214723693
-0.005301888336305297
-0.06711407844569739
0.08241660540222093
-0.005301888336305297
0.09176865433132005
-0.0221279348113207
0.02110305059094605
-0.034683656578510025
-0.03585986184440312
-0.06711407844569739
-0.053124692243237036
-0.03170305379893487
0.03338566344504534
-0.044474625780489205
-0.03170305379893487
0.09176865433132005
-0.0181381286592181
0.061356685035156906
0.061356685035156906
0.1434940842050301
-0.0221279348113207
0.04617399662066797
0.09176865433132005
-0.004262412087814414
0.005229578223372013
0.02110305059094605
-0.0825077906746911
-0.004735728574203913
-0.01899311968318326
-0.04495559012583701
-0.0718105592265354
-0.0718105592265354
0.08241660540222093
0.008365715826415685
-0.0181381286592181
0.008365715826415685
-0.05204561736479893
-0.02920567547534486
0.10424156095540359
-0.03170305379893487
-0.00966703530668615
0.11637035913887783
0.03338566344504534
-0.027307813800906015
-0.004735728574203913
-0.02309302119920996
-0.02309302119920996
-0.02920567547534486
-0.053124692243237036
-0.02920567547534486
-0.004735728574203913
-0.004735728574203913
-0.02309302119920996
-0.034683656578510025
-0.0221279348113207
0.04617399662066797
-0.057212344552161426
0.00030415304309707017
-0.070067107588692
-0.0221279348113207
-0.005301888336305297
0.11637035913887783
-0.01899311968318326
-0.04240528166498841
0.013773451160521526
-0.0718105592265354
0.013773451160521526
-0.02920567547534486
0.005229578223372013
-0.0181381286592181
0.1434940842050301
-0.009623749294234148
-0.00966703530668615
-0.057212344552161426
-0.03667251214723693
0.005229578223372013
0.09176865433132005
0.061356685035156906
-0.00966703530668615
-0.02920567547534486
-0.070067107588692
-0.009623749294234148
-0.0718105592265354
-0.009623749294234148
0.08241660540222093
-0.01899311968318326
-0.0718105592265354
0.08241660540222093
0.061356685035156906
0.08241660540222093
0.0060961750431919055
0.1434940842050301
0.061356685035156906
-0.0221279348113207
-0.02309302119920996
0.02110305059094605
-0.03170305379893487
-0.0181381286592181
-0.04240528166498841
-0.0181381286592181
-0.06711407844569739
0.11637035913887783
-0.004735728574203913
0.008365715826415685
0.04617399662066797
0.016772212651460203
-0.034683656578510025
-0.03585986184440312
0.008365715826415685
-0.02309302119920996
-0.06711407844569739
-0.0718105592265354
-0.04240528166498841
0.013773451160521526
-0.0221279348113207
-0.070067107588692
-0.04495559012583701
-0.06711407844569739
-0.02309302119920996
-0.0718105592265354
0.016772212651460203
0.10424156095540359
0.061356685035156906
-0.04240528166498841
0.09176865433132005
0.008365715826415685
-0.06711407844569739
0.016772212651460203
-0.0718105592265354
0.00030415304309707017
-0.0718105592265354
0.02110305059094605
-0.03585986184440312
-0.053124692243237036
0.10424156095540359
0.11469039892780553
-0.044474625780489205
-0.00966703530668615
-0.0221279348113207
0.00030415304309707017
0.03338566344504534
0.10424156095540359
-0.0718105592265354
0.11469039892780553
0.005229578223372013
0.04617399662066797
-0.04240528166498841
-0.03667251214723693
-0.0221279348113207
-0.00966703530668615
0.11469039892780553
-0.00966703530668615
0.016772212651460203
-0.053124692243237036
-0.03325439751697139
-0.0718105592265354
0.061356685035156906
-0.03585986184440312
-0.0718105592265354
-0.0181381286592181
-0.009623749294234148
-0.053124692243237036
0.02110305059094605
-0.053124692243237036
0.02110305059094605
0.08241660540222093
0.08241660540222093
-0.02309302119920996
0.007417083190708078
0.03338566344504534
0.013773451160521526
-0.03667251214723693
-0.01899311968318326
-0.05204561736479893
-0.03170305379893487
-0.070067107588692
0.0060961750431919055
-0.04495559012583701
-0.044474625780489205
0.09176865433132005
0.0060961750431919055
0.04617399662066797
-0.01899311968318326
0.04617399662066797
-0.03325439751697139
-0.027307813800906015
-0.004262412087814414
0.02110305059094605
0.1434940842050301
-0.00966703530668615
-0.005301888336305297
-0.04240528166498841
0.02110305059094605
-0.044474625780489205
-0.053124692243237036
-0.05204561736479893
-0.0825077906746911
0.10424156095540359
0.10424156095540359
-0.04495559012583701
0.04617399662066797
0.04617399662066797
0.11469039892780553
0.008365715826415685
-0.008562154720152627
-0.0221279348113207
-0.0221279348113207
-0.03325439751697139
0.013773451160521526
0.10424156095540359
0.016772212651460203
0.016772212651460203
-0.057212344552161426
0.008365715826415685
-0.0825077906746911
-0.008562154720152627
0.04617399662066797
-0.03170305379893487
-0.0718105592265354
0.013773451160521526
-0.06711407844569739
0.0060961750431919055
0.10424156095540359
-0.070067107588692
0.11469039892780553
-0.053124692243237036
-0.03170305379893487
0.02110305059094605
-0.004262412087814414
-0.0181381286592181
0.11637035913887783
0.005229578223372013
-0.057212344552161426
-0.02309302119920996
-0.044474625780489205
0.1434940842050301
-0.04495559012583701
0.04617399662066797
-0.027307813800906015
-0.009623749294234148
0.007417083190708078
-0.02309302119920996
-0.00966703530668615
-0.009623749294234148
-0.05204561736479893
-0.03667251214723693
-0.034683656578510025
-0.004262412087814414
-0.03585986184440312
-0.008562154720152627
-0.027307813800906015
-0.070067107588692
0.005229578223372013
-0.04240528166498841
0.09176865433132005
-0.005301888336305297
-0.03170305379893487
-0.06711407844569739
-0.02309302119920996
-0.005301888336305297
-0.0718105592265354
0.11637035913887783
-0.06711407844569739
0.008365715826415685
0.00030415304309707017
-0.03170305379893487
-0.044474625780489205
0.005229578223372013
0.007417083190708078
-0.00966703530668615
-0.005301888336305297
-0.0181381286592181
0.04617399662066797
0.005229578223372013
-0.027307813800906015
0.005229578223372013
-0.04240528166498841
-0.03585986184440312
0.00030415304309707017
-0.06711407844569739
-0.04240528166498841
0.008365715826415685
0.02110305059094605
-0.009623749294234148
-0.070067107588692
-0.0181381286592181
-0.02920567547534486
0.1434940842050301
-0.05204561736479893
0.005229578223372013
0.09176865433132005
-0.008562154720152627
0.016772212651460203
-0.04495559012583701
0.0060961750431919055
0.03338566344504534
-0.06711407844569739
0.11469039892780553
0.0060961750431919055
-0.009623749294234148
0.005229578223372013
0.11469039892780553
0.02110305059094605
0.03338566344504534
0.008365715826415685
-0.03325439751697139
-0.05204561736479893
-0.057212344552161426
-0.0825077906746911
-0.0718105592265354
-0.06711407844569739
0.007417083190708078
-0.044474625780489205
-0.057212344552161426
0.11469039892780553
0.013773451160521526
0.09176865433132005
-0.03585986184440312
-0.070067107588692
-0.03325439751697139
0.09176865433132005
-0.070067107588692
-0.004262412087814414
-0.02920567547534486
0.02110305059094605
0.10424156095540359
0.09176865433132005
-0.005301888336305297
-0.034683656578510025
-0.044474625780489205
0.00030415304309707017
0.08241660540222093
-0.03325439751697139
0.1434940842050301
-0.02920567547534486
-0.034683656578510025
-0.02309302119920996
-0.02920567547534486
-0.005301888336305297
-0.01899311968318326
-0.02309302119920996
-0.034683656578510025
0.016772212651460203
-0.06711407844569739
0.005229578223372013
-0.04240528166498841
-0.06711407844569739
-0.008562154720152627
-0.04240528166498841
0.08241660540222093
-0.008562154720152627
-0.02920567547534486
-0.00966703530668615
-0.03585986184440312
-0.03667251214723693
-0.027307813800906015
-0.06711407844569739
-0.06711407844569739
-0.0221279348113207
0.02110305059094605
-0.044474625780489205
-0.02920567547534486
-0.009623749294234148
0.013773451160521526
-0.053124692243237036
0.11637035913887783
0.11637035913887783
-0.01899311968318326
-0.03325439751697139
-0.005301888336305297
-0.03585986184440312
-0.00966703530668615
0.013773451160521526
-0.0181381286592181
-0.03325439751697139
-0.044474625780489205
-0.053124692243237036
-0.02920567547534486
-0.027307813800906015
-0.03667251214723693
-0.05204561736479893
0.11469039892780553
0.11637035913887783
0.11469039892780553
-0.053124692243237036
0.013773451160521526
-0.01899311968318326
0.005229578223372013
-0.02920567547534486
0.008365715826415685
0.1434940842050301
0.00030415304309707017
0.04617399662066797
0.10424156095540359
-0.06711407844569739
-0.03667251214723693
0.10424156095540359
0.11637035913887783
-0.06711407844569739
0.005229578223372013
-0.034683656578510025
-0.01899311968318326
0.02110305059094605
-0.03170305379893487
-0.03325439751697139
-0.034683656578510025
0.11637035913887783
-0.057212344552161426
-0.04240528166498841
0.005229578223372013
-0.02309302119920996
-0.03667251214723693
-0.027307813800906015
0.09176865433132005
-0.03667251214723693
0.007417083190708078
-0.008562154720152627
-0.070067107588692
-0.04495559012583701
0.09176865433132005
-0.034683656578510025
-0.005301888336305297
0.008365715826415685
-0.0221279348113207
-0.0221279348113207
0.04617399662066797
-0.027307813800906015
-0.01899311968318326
0.013773451160521526
-0.03585986184440312
0.09176865433132005
-0.03585986184440312
0.10424156095540359
0.008365715826415685
-0.0221279348113207
-0.05204561736479893
-0.03585986184440312
0.007417083190708078
-0.02920567547534486
-0.03667251214723693
0.02110305059094605
-0.0181381286592181
0.007417083190708078
0.02110305059094605
-0.05204561736479893
-0.005301888336305297
-0.057212344552161426
-0.03170305379893487
0.04617399662066797
-0.01899311968318326
-0.009623749294234148
-0.008562154720152627
-0.009623749294234148
0.005229578223372013
-0.03170305379893487
-0.008562154720152627
0.013773451160521526
-0.03170305379893487
-0.005301888336305297
-0.004735728574203913
-0.03585986184440312
0.08241660540222093
-0.009623749294234148
0.11469039892780553
-0.053124692243237036
-0.070067107588692
-0.00966703530668615
0.03338566344504534
0.08241660540222093
-0.034683656578510025
-0.034683656578510025
0.061356685035156906
-0.004735728574203913
-0.053124692243237036
-0.034683656578510025
0.008365715826415685
-0.053124692243237036
-0.053124692243237036
0.008365715826415685
0.061356685035156906
-0.02920567547534486
0.013773451160521526
-0.008562154720152627
-0.05204561736479893
-0.0825077906746911
-0.01899311968318326
-0.009623749294234148
-0.02920567547534486
0.02110305059094605
-0.03667251214723693
-0.0825077906746911
-0.04240528166498841
0.03338566344504534
-0.01899311968318326
-0.044474625780489205
-0.057212344552161426
-0.05204561736479893
-0.009623749294234148
-0.0825077906746911
-0.004735728574203913
-0.00966703530668615
-0.0221279348113207
0.11637035913887783
0.008365715826415685
-0.0718105592265354
0.11469039892780553
0.0060961750431919055
-0.053124692243237036
0.02110305059094605
0.10424156095540359
0.016772212651460203
-0.00966703530668615
-0.004735728574203913
0.08241660540222093
-0.03667251214723693
0.11637035913887783
-0.008562154720152627
0.007417083190708078
-0.01899311968318326
0.04617399662066797
0.008365715826415685
-0.06711407844569739
-0.034683656578510025
