0.0023822158162210972
-0.05179546942746951
-0.042309595869017454
-0.010533065787584566
-0.029657384892508194
-0.09607948271663536
-0.05210287102890808
-0.020266610787354408
0.02307188024191952
0.07708137249151005
0.024523947484298793
-0.010664399523703271
0.04070313532321528
0.013448429494048847
-0.04281010900391245
0.02742975191431021
-0.047849302167017806
0.004571084907379772
0.03144407983208029
-0.041612051275315205
-0.0926657039076801
0.022556624283064652
-0.1050222067478312
0.017797894085038148
-0.048942728311451196
-0.12952554766547936
-0.0033682164720016004
0.029832281347260407
0.023950030184223235
0.05455534831070893
0.07026329244609707
-0.08156505765590263
-0.0323293856344308
-0.03423132861462435
-0.24987067302659843
-0.07843396280406469
-0.050670650840266715
-0.007070522012413973
-0.05292104417363524
-0.21281476885635436
-0.12974378855121546
0.0011666160304570313
-0.02893632577676514
-0.04281010900391245
0.008702192361326713
-0.06676258479199584
-0.07604915903047098
-0.08313431659302294
-0.1178631765602146
-0.10198823611154872
0.0023931329548698608
-0.187972453327379
-0.025373101621488797
-0.0024034590599510425
-0.010664399523703271
-0.21281476885635436
-0.04292741619894721
-0.03646691794240989
-0.039661028678836724
0.0175775176350282
-0.0823964118110082
-0.03646691794240989
-0.05211137613602323
0.02388879261418536
-0.15132909139216352
-0.11313948317373317
-0.02050990920065353
-0.05305081801281216
0.03161144288206668
-0.039792868652163964
0.09614524203965219
0.11650043455457909
-0.043695868965045695
0.09966059266810959
-0.05292104417363524
-0.09189522184361001
0.052208191772929166
0.02026960143405722
-0.0357112821820441
-0.05210287102890808
-0.010664399523703271
0.06346650820044429
-0.02002770072058506
-0.057414402157277694
-4.02159961364256e-06
0.044389900726052034
0.002019128219280336
0.09966059266810959
-0.050670650840266715
-0.020266610787354408
0.0569681167502639
0.13671311290994415
-0.050670650840266715
-0.00897148968716851
-0.10198823611154872
-0.09523668164873879
0.044843796875884426
0.1577601506569145
0.017348620730633913
0.03090385136125453
-0.08313431659302294
0.0011666160304570313
0.016687341372697496
-0.0364001281164908
-0.08797608933061468
-0.010664399523703271
-0.05211137613602323
-0.09561345941588424
-0.043695868965045695
-0.035163612407652894
0.09966059266810959
-0.06275415700558246
-0.04281010900391245
0.04025236490927114
-0.01734552680226195
6.551893649319929e-06
-0.07993059093212054
-0.06391402154507428
-0.057414402157277694
0.03813999203898627
-0.12205794437683967
0.014440264552772785
-0.047413367937739676
0.11650043455457909
-0.018045321614142473
-0.0926657039076801
-0.036679004299169135
-0.013252736215215626
0.008702192361326713
-0.11638703200958739
-0.034963391597306784
-0.04281010900391245
-0.03506207189793864
-0.09139425719427953
0.002779547154749627
0.013758815983586999
0.023576356482223844
-0.03792654623881498
-0.003362243291681254
6.551893649319929e-06
-0.007070522012413973
-0.06676258479199584
0.0196604508229506
-0.08156505765590263
0.07026329244609707
-0.050670650840266715
-0.014618159959273
-0.06421864187301736
-0.03516994585282387
-0.025761718180245172
0.08524700733793439
0.0023931329548698608
-0.09103166752248779
0.0718447785415632
-0.08797262336246285
-0.014618159959273
0.02742975191431021
0.09614524203965219
-0.020739261871559167
-0.05794291920280892
0.0841072436592907
0.0011666160304570313
0.02307188024191952
-0.09189522184361001
-0.06774167093094852
-0.10198823611154872
-0.0823964118110082
-0.11596971976605211
-0.09189522184361001
-0.0024034590599510425
-0.07744091807707555
-0.13846762736631357
-0.13229568573035172
-0.05292104417363524
-0.09143586910444244
-0.05210287102890808
-0.042309595869017454
-0.020442089922554595
-0.013252736215215626
-0.017895789991700856
-0.040836076153045964
-0.035443462725362265
-0.01884243061660685
0.03405117550688323
-0.0364001281164908
-0.08484344228963646
0.044389900726052034
-0.014618159959273
-0.014437361713098508
0.015572661889591005
-4.02159961364256e-06
-0.03243319843559655
-0.011338376693721024
-0.14437730065590862
0.05566941161841576
0.009272931483017523
-0.025041616006937335
-0.13750651314583695
-0.21281476885635436
0.008362320313688046
-0.018045321614142473
-0.1178631765602146
-0.03657884545081131
-0.057414402157277694
0.14621370168178252
-0.014618159959273
-0.09205482252956766
-0.040986825164176614
-0.020739261871559167
-0.043695868965045695
0.06346650820044429
-0.05015206516525389
0.0569681167502639
-0.09561345941588424
0.052208191772929166
-0.053346749209767445
0.08524700733793439
-0.10198823611154872
-0.046697524864100795
0.009272931483017523
0.001068626059424997
-0.11976291248825888
0.056337102717405114
-0.06409060194373144
-0.03730478940590872
-0.02050990920065353
0.056337102717405114
0.03144407983208029
-0.10472875147104684
0.002019128219280336
-0.11596971976605211
0.03813999203898627
-0.12952554766547936
0.05566941161841576
-0.12974378855121546
-0.21281476885635436
0.03144407983208029
-0.02632289415656271
0.008170064671005926
-0.05794291920280892
-0.025041616006937335
0.026516389549511486
-0.06774167093094852
-0.003362243291681254
-0.03792654623881498
-0.040986825164176614
0.026873387841925087
0.0531022250140775
-0.15132909139216352
0.02307188024191952
-0.020266610787354408
-0.08797262336246285
-0.012716290273674893
-0.04292741619894721
-0.05365817206781286
-0.040836076153045964
-0.15191203157101893
-0.023332986857606545
-0.03506207189793864
0.09614524203965219
-0.14437730065590862
0.035303563163490946
-0.13229568573035172
0.02307188024191952
-0.0921647957910237
0.03813999203898627
-0.034963391597306784
-0.11246657360472978
0.02388879261418536
-0.009590860277075338
6.551893649319929e-06
-0.04398568922841613
0.03182806414199321
0.07708137249151005
-0.05305081801281216
0.009604587658029334
-0.10472875147104684
-0.047413367937739676
-0.036679004299169135
-0.05365817206781286
-0.07843396280406469
0.044389900726052034
-0.06848214084418604
-0.0823964118110082
0.0002031803708709988
-0.042309595869017454
-0.07440760520670259
-0.026793011595545486
-0.011244217371426248
-0.003362243291681254
-0.0700214131631999
-0.06774167093094852
-0.03243319843559655
0.02307188024191952
-0.09103166752248779
-0.09766200600678003
0.02307188024191952
0.06711719151551274
-0.03516994585282387
-0.1178631765602146
0.03090385136125453
0.002349311353103477
0.06711719151551274
-0.02632289415656271
0.022556624283064652
-0.09189522184361001
-0.10743780576770562
-0.035443462725362265
-0.01812777204770306
-0.05257863099254474
-0.05978730250169955
-0.0487203044396675
0.03161144288206668
-0.020266610787354408
-0.14437730065590862
-0.03646691794240989
0.1577601506569145
-0.12974378855121546
0.021349848924672843
0.026180300360990682
-0.02516075163701453
-0.09205482252956766
0.017797894085038148
0.05322616596255149
-0.05936217250960591
-0.03516994585282387
-0.03255188113148401
0.022954254961684115
-0.187972453327379
-0.03255188113148401
-0.0921647957910237
0.03405117550688323
-0.12290665959332192
-0.08303589541245644
-0.0027178451981074367
-0.08797262336246285
0.044389900726052034
-0.004584242539111327
0.023576356482223844
-0.09561345941588424
-0.047810439685668525
-0.02893632577676514
0.02290638803118005
-0.13229568573035172
0.0196604508229506
-0.03672948817922981
-0.025041616006937335
0.03813999203898627
-0.05015206516525389
-0.07015717560334102
0.008702192361326713
-0.0723097322621926
-0.05978730250169955
-0.053346749209767445
-0.06421864187301736
-0.08797608933061468
-0.1050222067478312
0.01733300626670346
-0.02390278098214875
0.08393857685537397
0.11650043455457909
-0.19547820460115362
-0.08917813620145455
-0.0823964118110082
-0.050670650840266715
-0.0323293856344308
-0.056389360684493316
-0.014437361713098508
0.09614524203965219
0.06711719151551274
0.017797894085038148
-0.0024034590599510425
-0.004738403300533671
-0.15191203157101893
-0.01884243061660685
-0.003362243291681254
-0.0024034590599510425
0.002019128219280336
-0.0022460338698532924
-0.22505696405034878
-0.0700214131631999
0.023576356482223844
-0.040836076153045964
-0.0487203044396675
0.08524700733793439
0.008702192361326713
0.008362320313688046
-0.06421864187301736
-0.11020657238716533
-0.08899651160779293
-0.0487203044396675
-0.05179546942746951
-0.07993059093212054
-0.0364001281164908
-0.04794525429276962
-0.061823142049487516
-0.046697524864100795
-0.06275415700558246
-0.13229568573035172
0.05566941161841576
-0.03672948817922981
-0.05257863099254474
-0.06403841751418524
-0.14437730065590862
-0.187972453327379
-0.08006821126324336
-0.10743780576770562
-0.014414904415644523
-0.1030396647823118
-0.00663687353243961
-0.07440760520670259
0.022954254961684115
-0.017895789991700856
-0.15132909139216352
-0.050670650840266715
-0.05211137613602323
-0.19547820460115362
0.035303563163490946
-0.12187129504673462
0.008702192361326713
-0.07744091807707555
-0.046697524864100795
0.03813999203898627
-0.03255188113148401
0.027973854424734462
0.13671311290994415
-0.018036600819771657
0.09648825687900385
-0.09523668164873879
-0.1350300236309587
0.022126879713736173
-0.09561345941588424
0.03161144288206668
-0.00663687353243961
-0.21281476885635436
-0.03423132861462435
-0.05292104417363524
-0.01812777204770306
0.04507614432853139
0.044843796875884426
0.022556624283064652
-0.05292104417363524
-0.09189522184361001
0.02290638803118005
0.024523947484298793
-0.01884243061660685
-0.04804059999930131
0.06346650820044429
-0.014758934470907223
-0.03516994585282387
0.052208191772929166
-0.08922999548174274
-0.004584242539111327
-0.187972453327379
-0.10472875147104684
-0.029657384892508194
-0.03255188113148401
-0.24987067302659843
-0.06403841751418524
-0.03657884545081131
-0.1030396647823118
0.012192930428769745
-0.03243319843559655
-0.025761718180245172
0.03873501712683314
-0.013252736215215626
0.006450087676726553
0.13671311290994415
-0.11596971976605211
0.024523947484298793
0.026873387841925087
-0.07440760520670259
0.03144407983208029
-0.004736017319405448
-0.041612051275315205
-0.05015206516525389
-0.020266610787354408
0.014440264552772785
0.017348620730633913
-0.08303589541245644
-0.03792654623881498
-0.07015717560334102
-0.05211137613602323
0.023890934625723968
-0.06852166440044474
-0.035163612407652894
-0.04281010900391245
0.02307188024191952
0.03813999203898627
0.05455534831070893
-0.05257863099254474
0.012192930428769745
-0.03423132861462435
-0.12205794437683967
-0.029657384892508194
0.006835890365286064
0.05322616596255149
-0.03506207189793864
0.044389900726052034
-0.014437361713098508
-0.00840833931976077
-0.10472875147104684
0.03182806414199321
-0.21281476885635436
0.056337102717405114
0.027973854424734462
-0.012716290273674893
-0.04281010900391245
0.03405117550688323
-0.09523668164873879
-0.0926657039076801
-0.06421864187301736
-0.10198823611154872
-0.04292741619894721
-0.05365817206781286
-0.01756862657376505
-0.0824173635438558
-0.08797608933061468
-0.05257863099254474
0.013758815983586999
0.03873501712683314
0.12235255749993006
-0.03646691794240989
-0.02390278098214875
0.0718447785415632
-0.01756862657376505
0.023890934625723968
-0.007070522012413973
0.026180300360990682
0.013898515299112858
0.006450087676726553
-0.004736017319405448
-0.036679004299169135
-4.02159961364256e-06
-0.03255188113148401
0.0002031803708709988
0.013898515299112858
-0.034963391597306784
0.015572661889591005
-0.03646691794240989
-0.0033682164720016004
-0.035163612407652894
-0.061823142049487516
0.04507614432853139
0.03813999203898627
-0.05917303930145298
-0.09523668164873879
-0.1178631765602146
0.04507614432853139
-0.0364001281164908
0.017348620730633913
0.0023822158162210972
0.06346650820044429
0.0196604508229506
-0.13750651314583695
0.0023931329548698608
-0.10198823611154872
0.0056554867405267445
0.01504941813746928
0.02388879261418536
0.044843796875884426
-0.020746517597692478
-0.12925668097107595
0.009604587658029334
-0.011244217371426248
-0.24987067302659843
0.023890934625723968
-0.060698734261594174
-0.05076307361525148
0.03813999203898627
0.13926814841320415
0.07026329244609707
-0.014618159959273
0.01504941813746928
-0.060944636983885574
-0.04292741619894721
-0.004736017319405448
0.004571084907379772
-0.060944636983885574
-0.06275415700558246
-0.08484344228963646
-0.0364001281164908
0.0569681167502639
-0.07604915903047098
-0.040986825164176614
-0.09139425719427953
-0.018115392967011246
-0.03672948817922981
-0.042309595869017454
-0.08899651160779293
0.02290638803118005
-0.05936217250960591
0.03405117550688323
-0.1505769257220378
-0.05076307361525148
-0.1350300236309587
0.14621370168178252
0.0023822158162210972
-0.014758934470907223
-0.05917303930145298
-0.018045321614142473
-0.13229568573035172
-0.03243319843559655
-0.03730478940590872
-0.12187129504673462
-0.08797262336246285
-0.05365817206781286
-0.0027178451981074367
-0.06848214084418604
0.01504941813746928
-0.004736017319405448
-0.0824173635438558
0.04025236490927114
-0.014437361713098508
-0.08450162494298785
-0.025373101621488797
-0.026793011595545486
0.013448429494048847
-0.08006821126324336
0.09614524203965219
-0.01756862657376505
-0.09205482252956766
-0.11976291248825888
-0.03516994585282387
-0.08313431659302294
-0.07744091807707555
0.09614524203965219
-0.07744091807707555
-0.06848214084418604
0.01504941813746928
-0.05305081801281216
0.01504941813746928
6.551893649319929e-06
-0.08922999548174274
-0.04794525429276962
-0.07604915903047098
-0.05179546942746951
-0.05179546942746951
-0.004738403300533671
0.14621370168178252
-0.08313431659302294
-0.05292104417363524
-0.0700214131631999
-0.03423132861462435
-0.02516075163701453
-0.10472875147104684
0.022062826732891845
-0.1030396647823118
-0.05292104417363524
-0.08899651160779293
0.009272931483017523
-0.0723097322621926
0.008702192361326713
-0.023332986857606545
0.009604587658029334
-0.19547820460115362
-0.0024034590599510425
0.013448429494048847
-0.018045321614142473
-0.08899651160779293
-0.02893632577676514
-0.013487051195478888
-0.01756862657376505
-0.01756862657376505
0.016687341372697496
-0.06848214084418604
0.11650043455457909
-0.08303589541245644
-0.05076307361525148
-0.10743780576770562
0.001068626059424997
-0.08156505765590263
0.023950030184223235
-0.08899651160779293
-0.03646691794240989
0.0056554867405267445
0.022126879713736173
0.026180300360990682
0.08393857685537397
-0.13750651314583695
-0.02893632577676514
-0.014414904415644523
-0.12290665959332192
0.023703822754162947
-0.09561345941588424
-0.09650927878219097
-0.031223166695317855
0.008362320313688046
-0.048942728311451196
0.023576356482223844
-0.06409060194373144
0.0718447785415632
-0.12187129504673462
-0.03423132861462435
-0.1030396647823118
0.044389900726052034
-0.0022460338698532924
0.02742975191431021
-0.06409060194373144
-0.017895789991700856
-0.020266610787354408
-0.039661028678836724
0.01733300626670346
-0.1505769257220378
-0.07744209033709656
-0.003362243291681254
-0.048942728311451196
-0.09139425719427953
0.023890934625723968
-0.10198823611154872
-0.0027178451981074367
-0.13229568573035172
-0.014437361713098508
0.13671311290994415
-0.11313948317373317
-0.09189522184361001
0.03405117550688323
-0.060698734261594174
-0.09205482252956766
0.02742975191431021
-0.04398568922841613
0.009604587658029334
-0.10198823611154872
-0.018036600819771657
-0.031223166695317855
-0.048942728311451196
-0.061823142049487516
-0.24987067302659843
-0.03516994585282387
-0.09205482252956766
-0.0027178451981074367
-0.0024034590599510425
-0.014618159959273
-0.13750651314583695
0.03813999203898627
0.0718447785415632
-0.011338376693721024
0.02388879261418536
-0.036679004299169135
0.001068626059424997
-0.036679004299169135
-0.013487051195478888
0.0569681167502639
-0.06848214084418604
-0.09376481766391608
0.022126879713736173
-0.11915090742647956
-0.0027178451981074367
-0.08917813620145455
-0.09103166752248779
0.07026329244609707
-0.08922999548174274
-0.09523668164873879
0.06604662270759636
-0.013252736215215626
0.03161144288206668
-0.04303507631050862
-0.10743780576770562
-0.1404151321553917
-0.12952554766547936
0.027973854424734462
-0.01884243061660685
-0.04303507631050862
-0.0921647957910237
0.035303563163490946
0.14621370168178252
-0.05365817206781286
0.052208191772929166
-0.08450162494298785
-0.07015717560334102
-0.018045321614142473
-0.13750651314583695
0.008702192361326713
-0.09607948271663536
-0.05365817206781286
-0.19547820460115362
0.08524700733793439
-0.12290665959332192
-0.018045321614142473
0.0196604508229506
-0.22505696405034878
-0.06421864187301736
-0.047849302167017806
-0.05978730250169955
-0.07843396280406469
0.1577601506569145
0.01733300626670346
-0.09607948271663536
-0.041612051275315205
0.03144407983208029
0.0175775176350282
-0.009590860277075338
-0.039792868652163964
-0.0926657039076801
0.04025236490927114
-0.0027178451981074367
0.026873387841925087
-0.03516994585282387
-0.05179546942746951
0.001068626059424997
-0.025761718180245172
-0.01734552680226195
0.036655907040265626
-0.08797608933061468
-0.056389360684493316
-0.0926657039076801
0.022556624283064652
0.03090385136125453
-0.06391402154507428
0.03144407983208029
-0.0824173635438558
-0.014437361713098508
-0.05211137613602323
-0.04794525429276962
-0.07744209033709656
-0.03672948817922981
0.0175775176350282
0.03182806414199321
0.13671311290994415
-0.0323293856344308
0.0056554867405267445
-4.02159961364256e-06
-0.11020657238716533
0.022556624283064652
-0.04794525429276962
-0.061823142049487516
0.03161144288206668
0.09614524203965219
-0.09103166752248779
0.008362320313688046
-0.02050990920065353
0.013758815983586999
0.14621370168178252
-0.07440760520670259
0.02388879261418536
0.0002031803708709988
-0.07843396280406469
-0.11638703200958739
-0.11976291248825888
-0.050670650840266715
-0.05257863099254474
-0.08006821126324336
-0.047810439685668525
-0.007295248202750134
-0.0027178451981074367
-0.009590860277075338
-0.06852166440044474
-0.018333571237269065
-0.11020657238716533
0.0531022250140775
0.008362320313688046
0.11650043455457909
-0.03516994585282387
0.02388879261418536
-0.0364001281164908
-0.047810439685668525
0.09648825687900385
0.027973854424734462
-0.013487051195478888
-0.13750651314583695
-0.05365817206781286
-0.12205794437683967
-0.05936217250960591
0.0023822158162210972
0.013898515299112858
0.0175775176350282
0.04025236490927114
0.0023931329548698608
-0.039661028678836724
-0.053346749209767445
-0.187972453327379
-0.07604915903047098
-0.040986825164176614
-0.09561345941588424
-0.05794291920280892
-0.10198823611154872
0.03873501712683314
-0.018036600819771657
-0.004738403300533671
-0.05292104417363524
-0.036679004299169135
-0.03669097078340668
-0.04804059999930131
0.0056554867405267445
0.09510273957884723
-0.06421864187301736
0.09614524203965219
-0.060698734261594174
0.013758815983586999
-0.07015717560334102
-0.07744091807707555
-0.014758934470907223
-0.03255188113148401
0.01733300626670346
0.029832281347260407
0.01733300626670346
-0.08303589541245644
0.17039340378799364
0.013448429494048847
0.0002031803708709988
-0.047413367937739676
0.03813999203898627
0.0056554867405267445
-0.13846762736631357
0.05566941161841576
0.015572661889591005
-0.007070522012413973
-0.06852166440044474
0.03813999203898627
-0.03792654623881498
-0.056389360684493316
-0.11915090742647956
-0.15191203157101893
-0.02516075163701453
0.015572661889591005
-0.06391402154507428
-0.0033682164720016004
-0.13846762736631357
-0.11313948317373317
-0.04398568922841613
0.09614524203965219
0.013758815983586999
0.08393857685537397
0.009604587658029334
0.07026329244609707
0.02307188024191952
-0.1050222067478312
-0.08313431659302294
-0.007295248202750134
0.04429188628766338
-0.010533065787584566
0.0175775176350282
-0.0027178451981074367
-0.06421864187301736
0.0531022250140775
0.03182806414199321
0.052208191772929166
-0.08313431659302294
-0.048942728311451196
-0.0893625639492971
-0.00663687353243961
-0.043695868965045695
-0.06421864187301736
-0.13229568573035172
-0.11638703200958739
0.04507614432853139
0.052208191772929166
-0.011244217371426248
0.06604662270759636
-0.048942728311451196
0.13926814841320415
-0.047413367937739676
-0.007192874402131441
-0.08006821126324336
0.02388879261418536
-0.0926657039076801
-0.07843396280406469
-0.02893632577676514
-0.058433366120153436
-0.042309595869017454
0.05566941161841576
-0.09376481766391608
-0.08006821126324336
-0.061823142049487516
-0.007070522012413973
-0.007192874402131441
-0.15132909139216352
-0.01734552680226195
-0.018036600819771657
-0.036679004299169135
0.03161144288206668
-0.03646691794240989
-0.0926657039076801
0.0569681167502639
0.05322616596255149
-0.04050045936079873
0.044843796875884426
-0.048942728311451196
-0.039661028678836724
0.022556624283064652
-0.0823964118110082
-0.09205482252956766
-0.025761718180245172
-0.047849302167017806
0.09966059266810959
-0.039792868652163964
0.052208191772929166
-0.040836076153045964
-0.060944636983885574
0.05566941161841576
-0.13846762736631357
-0.15132909139216352
-0.0033682164720016004
-0.048942728311451196
-0.018036600819771657
-0.0024034590599510425
-0.0700214131631999
-0.21281476885635436
-0.15132909139216352
-0.03423132861462435
