0.007651825317930572
0.0682194523914826
0.03966325695044721
0.01956865191167141
-0.005138070072745202
0.050704109298948925
0.043781820438671896
-0.007064372934294255
-0.007064372934294255
0.06939112495592453
-0.043358061516238104
0.007651825317930572
0.050704109298948925
-0.007064372934294255
0.07154524001318492
0.00848258611053706
0.04567349858664097
-0.0039217880897567505
0.03966325695044721
0.11133247318645408
0.01956865191167141
0.06992753046647965
0.01956865191167141
0.007651825317930572
0.05741945464391781
0.11133247318645408
0.042085118237835895
0.04002168276022701
0.06898821771201923
0.042085118237835895
0.05426002913837258
0.06635157269931764
0.033949092684854874
0.04283836896785444
0.04283836896785444
0.09448172851753216
-0.043358061516238104
-0.0179704995222461
0.07154524001318492
0.06898821771201923
0.16012728893786868
0.04567349858664097
-0.007064372934294255
0.06635157269931764
0.04002168276022701
0.00848258611053706
0.061560176180844105
0.036353955302921806
0.050704109298948925
0.007651825317930572
-0.01923321437972608
0.09991582425616893
0.036353955302921806
0.06992753046647965
0.045207956600361664
0.06992753046647965
0.042085118237835895
0.06992753046647965
0.06898821771201923
0.042085118237835895
0.042085118237835895
0.061560176180844105
0.043781820438671896
0.03966325695044721
0.020335127129295923
0.033949092684854874
0.04937419500123851
0.16012728893786868
0.01271846491941148
0.020335127129295923
0.06939112495592453
0.07154524001318492
0.01271846491941148
0.04002168276022701
0.061560176180844105
0.06992753046647965
-0.043358061516238104
-0.007064372934294255
0.04567349858664097
0.05426002913837258
0.16012728893786868
0.11133247318645408
0.061560176180844105
-0.01923321437972608
0.04567349858664097
0.06635157269931764
0.01271846491941148
-0.01923321437972608
0.05426002913837258
0.05741945464391781
0.061560176180844105
0.0682194523914826
0.04937419500123851
0.061560176180844105
0.01956865191167141
0.036353955302921806
-0.01923321437972608
0.061560176180844105
0.036353955302921806
0.09448172851753216
0.05741945464391781
0.09448172851753216
0.05426002913837258
0.11133247318645408
0.09448172851753216
0.04937419500123851
0.04283836896785444
-0.043358061516238104
-0.0179704995222461
0.050704109298948925
-0.005138070072745202
0.01271846491941148
0.00848258611053706
-0.043358061516238104
0.043781820438671896
0.05741945464391781
0.0682194523914826
0.11133247318645408
-0.01923321437972608
-0.043358061516238104
0.05741945464391781
0.11133247318645408
-0.007064372934294255
0.04283836896785444
-0.01923321437972608
0.04567349858664097
0.045207956600361664
0.04002168276022701
0.045207956600361664
0.07154524001318492
0.042085118237835895
-0.007064372934294255
-0.005138070072745202
0.06898821771201923
0.043781820438671896
0.06898821771201923
0.01271846491941148
-0.007064372934294255
0.0682194523914826
0.04567349858664097
-0.043358061516238104
0.09448172851753216
-0.0179704995222461
0.09448172851753216
-0.007064372934294255
0.01271846491941148
0.036353955302921806
0.05741945464391781
0.045207956600361664
0.01956865191167141
0.042085118237835895
0.16012728893786868
0.05741945464391781
0.01271846491941148
0.036353955302921806
0.042085118237835895
0.036353955302921806
0.05741945464391781
-0.01923321437972608
0.09991582425616893
0.00848258611053706
0.04567349858664097
-0.01923321437972608
0.06992753046647965
0.06635157269931764
0.06992753046647965
0.09991582425616893
0.050704109298948925
0.045207956600361664
0.00848258611053706
0.06898821771201923
0.09448172851753216
-0.043358061516238104
0.007651825317930572
0.09448172851753216
-0.005138070072745202
-0.043358061516238104
0.061560176180844105
0.04002168276022701
0.04567349858664097
0.06992753046647965
0.06992753046647965
-0.0039217880897567505
0.020335127129295923
0.06898821771201923
-0.043358061516238104
0.04283836896785444
0.043781820438671896
0.16012728893786868
0.061560176180844105
0.04002168276022701
0.007651825317930572
-0.043358061516238104
-0.043358061516238104
0.020335127129295923
0.05741945464391781
0.01271846491941148
0.03966325695044721
0.01956865191167141
0.042085118237835895
0.020335127129295923
0.06992753046647965
-0.007064372934294255
0.01956865191167141
0.061560176180844105
0.007651825317930572
0.033949092684854874
-0.0179704995222461
0.07154524001318492
-0.0179704995222461
0.04567349858664097
-0.043358061516238104
0.04283836896785444
0.00848258611053706
0.04283836896785444
-0.007064372934294255
0.06939112495592453
0.09991582425616893
0.061560176180844105
0.09991582425616893
0.061560176180844105
0.042085118237835895
-0.043358061516238104
-0.007064372934294255
0.09991582425616893
-0.043358061516238104
0.11133247318645408
0.07154524001318492
0.04283836896785444
0.00848258611053706
-0.005138070072745202
0.007651825317930572
0.04567349858664097
-0.01923321437972608
-0.01923321437972608
0.07154524001318492
0.043781820438671896
0.045207956600361664
0.04937419500123851
0.043781820438671896
0.007651825317930572
0.05426002913837258
0.09448172851753216
0.0682194523914826
0.07154524001318492
0.11133247318645408
-0.005138070072745202
0.06635157269931764
0.11133247318645408
0.06939112495592453
0.050704109298948925
0.01956865191167141
0.07154524001318492
0.06635157269931764
-0.0039217880897567505
-0.005138070072745202
0.05426002913837258
0.01956865191167141
-0.007064372934294255
0.050704109298948925
0.04937419500123851
0.11133247318645408
0.0682194523914826
0.03966325695044721
0.09991582425616893
0.16012728893786868
-0.0179704995222461
0.04937419500123851
0.061560176180844105
0.04002168276022701
0.04283836896785444
0.061560176180844105
0.07154524001318492
0.06939112495592453
0.01956865191167141
0.09991582425616893
0.0682194523914826
0.045207956600361664
0.04567349858664097
-0.01923321437972608
0.06939112495592453
0.04283836896785444
0.04937419500123851
0.01956865191167141
0.04283836896785444
0.09448172851753216
0.01956865191167141
0.036353955302921806
0.07154524001318492
0.04283836896785444
0.04002168276022701
-0.005138070072745202
0.16012728893786868
0.00848258611053706
-0.005138070072745202
-0.007064372934294255
0.01271846491941148
0.01271846491941148
0.06992753046647965
0.036353955302921806
0.007651825317930572
0.04937419500123851
0.07154524001318492
0.061560176180844105
0.09991582425616893
0.06939112495592453
-0.0039217880897567505
-0.0039217880897567505
0.09448172851753216
0.11133247318645408
-0.007064372934294255
0.11133247318645408
-0.0179704995222461
0.05741945464391781
-0.005138070072745202
0.020335127129295923
0.06898821771201923
0.16012728893786868
0.04567349858664097
0.061560176180844105
0.04002168276022701
0.061560176180844105
0.061560176180844105
0.036353955302921806
0.007651825317930572
0.045207956600361664
0.043781820438671896
0.0682194523914826
0.036353955302921806
0.01956865191167141
0.06898821771201923
0.09991582425616893
-0.01923321437972608
0.03966325695044721
-0.0039217880897567505
0.03966325695044721
0.04937419500123851
-0.007064372934294255
0.06992753046647965
0.050704109298948925
0.020335127129295923
0.045207956600361664
0.04937419500123851
0.01271846491941148
0.020335127129295923
0.0682194523914826
0.050704109298948925
-0.0039217880897567505
0.050704109298948925
0.09448172851753216
0.09991582425616893
-0.0039217880897567505
0.09448172851753216
0.01271846491941148
0.09448172851753216
0.033949092684854874
0.06992753046647965
0.01271846491941148
0.036353955302921806
0.07154524001318492
-0.005138070072745202
-0.007064372934294255
-0.01923321437972608
-0.007064372934294255
0.04283836896785444
0.06898821771201923
0.061560176180844105
0.11133247318645408
0.007651825317930572
0.05426002913837258
0.11133247318645408
0.04283836896785444
-0.0039217880897567505
-0.01923321437972608
0.03966325695044721
0.036353955302921806
0.0682194523914826
0.06939112495592453
0.04283836896785444
-0.0039217880897567505
0.05426002913837258
0.05741945464391781
0.01271846491941148
-0.01923321437972608
0.11133247318645408
0.04283836896785444
0.05426002913837258
-0.0039217880897567505
0.043781820438671896
-0.0039217880897567505
0.07154524001318492
0.04002168276022701
0.05741945464391781
0.042085118237835895
0.00848258611053706
0.020335127129295923
0.036353955302921806
0.043781820438671896
0.16012728893786868
0.05741945464391781
-0.0039217880897567505
0.042085118237835895
0.04937419500123851
0.007651825317930572
-0.01923321437972608
0.036353955302921806
0.020335127129295923
0.042085118237835895
0.020335127129295923
0.05426002913837258
0.04002168276022701
-0.043358061516238104
-0.0039217880897567505
0.01271846491941148
-0.0039217880897567505
-0.007064372934294255
0.050704109298948925
0.04002168276022701
0.07154524001318492
0.04002168276022701
0.07154524001318492
0.09448172851753216
0.09448172851753216
0.16012728893786868
0.03966325695044721
0.09991582425616893
-0.0179704995222461
-0.005138070072745202
0.0682194523914826
0.033949092684854874
0.06939112495592453
0.00848258611053706
0.033949092684854874
0.007651825317930572
0.09991582425616893
0.007651825317930572
-0.043358061516238104
0.04567349858664097
0.07154524001318492
0.06992753046647965
0.020335127129295923
0.01956865191167141
-0.01923321437972608
0.07154524001318492
0.00848258611053706
0.04002168276022701
-0.0179704995222461
0.05741945464391781
0.05741945464391781
0.06939112495592453
0.007651825317930572
0.007651825317930572
0.042085118237835895
0.11133247318645408
0.06635157269931764
0.036353955302921806
0.036353955302921806
-0.043358061516238104
0.03966325695044721
0.05741945464391781
0.05426002913837258
0.05426002913837258
0.045207956600361664
0.11133247318645408
0.06635157269931764
0.007651825317930572
-0.005138070072745202
-0.0039217880897567505
0.03966325695044721
0.04283836896785444
0.033949092684854874
0.05741945464391781
0.0682194523914826
0.042085118237835895
0.04002168276022701
-0.005138070072745202
0.07154524001318492
-0.007064372934294255
0.06898821771201923
0.04937419500123851
0.045207956600361664
0.00848258611053706
0.06992753046647965
0.06939112495592453
0.007651825317930572
0.04567349858664097
0.050704109298948925
0.020335127129295923
0.050704109298948925
-0.0179704995222461
0.06635157269931764
0.04567349858664097
0.0682194523914826
0.04937419500123851
-0.01923321437972608
0.01956865191167141
-0.005138070072745202
0.04283836896785444
0.01956865191167141
-0.0039217880897567505
0.06898821771201923
0.04283836896785444
0.11133247318645408
0.043781820438671896
-0.005138070072745202
0.00848258611053706
0.04937419500123851
0.020335127129295923
0.01956865191167141
-0.007064372934294255
0.007651825317930572
0.04937419500123851
0.04567349858664097
0.04937419500123851
-0.01923321437972608
0.043781820438671896
0.04283836896785444
-0.01923321437972608
0.11133247318645408
0.07154524001318492
0.050704109298948925
0.0682194523914826
-0.007064372934294255
0.06992753046647965
-0.0179704995222461
0.04937419500123851
0.06635157269931764
0.05426002913837258
0.06939112495592453
0.033949092684854874
0.16012728893786868
0.04283836896785444
0.042085118237835895
0.033949092684854874
0.050704109298948925
0.04937419500123851
0.042085118237835895
0.07154524001318492
0.16012728893786868
0.11133247318645408
-0.043358061516238104
-0.0179704995222461
0.045207956600361664
-0.0039217880897567505
0.04283836896785444
0.00848258611053706
0.045207956600361664
0.042085118237835895
0.03966325695044721
0.0682194523914826
-0.043358061516238104
0.0682194523914826
0.07154524001318492
0.05741945464391781
0.01956865191167141
0.00848258611053706
0.043781820438671896
0.09448172851753216
-0.043358061516238104
0.06992753046647965
0.01956865191167141
0.09991582425616893
0.05426002913837258
0.04283836896785444
0.04937419500123851
-0.01923321437972608
0.04283836896785444
0.06635157269931764
-0.01923321437972608
0.09448172851753216
0.06635157269931764
0.020335127129295923
0.04567349858664097
0.04283836896785444
0.04283836896785444
0.036353955302921806
0.07154524001318492
0.00848258611053706
0.050704109298948925
0.03966325695044721
0.04002168276022701
0.06898821771201923
0.06898821771201923
0.09991582425616893
-0.043358061516238104
0.01956865191167141
0.020335127129295923
0.03966325695044721
-0.007064372934294255
-0.043358061516238104
0.00848258611053706
0.04002168276022701
0.04567349858664097
-0.0179704995222461
0.042085118237835895
0.06898821771201923
0.042085118237835895
0.04002168276022701
0.03966325695044721
0.09991582425616893
0.04937419500123851
0.11133247318645408
0.06992753046647965
0.043781820438671896
0.007651825317930572
0.05741945464391781
0.04283836896785444
0.05741945464391781
0.06898821771201923
0.04283836896785444
0.04937419500123851
0.09991582425616893
0.07154524001318492
-0.005138070072745202
-0.043358061516238104
0.06898821771201923
0.045207956600361664
-0.01923321437972608
0.04937419500123851
0.04567349858664097
0.06635157269931764
0.0682194523914826
0.06939112495592453
0.01956865191167141
0.11133247318645408
0.036353955302921806
0.036353955302921806
0.007651825317930572
0.04567349858664097
0.09991582425616893
0.03966325695044721
0.05741945464391781
0.11133247318645408
0.036353955302921806
-0.0179704995222461
0.07154524001318492
-0.007064372934294255
0.07154524001318492
-0.0179704995222461
0.01956865191167141
0.045207956600361664
-0.005138070072745202
0.007651825317930572
0.09991582425616893
0.050704109298948925
0.06635157269931764
0.050704109298948925
0.04937419500123851
-0.005138070072745202
0.06635157269931764
0.03966325695044721
-0.005138070072745202
0.01956865191167141
0.061560176180844105
0.09448172851753216
0.050704109298948925
0.042085118237835895
0.04002168276022701
0.0682194523914826
0.020335127129295923
0.16012728893786868
0.09448172851753216
0.01271846491941148
0.061560176180844105
0.04002168276022701
0.11133247318645408
0.04002168276022701
0.04002168276022701
0.11133247318645408
0.01271846491941148
0.03966325695044721
0.06635157269931764
-0.0179704995222461
0.09991582425616893
0.050704109298948925
0.07154524001318492
-0.01923321437972608
0.16012728893786868
0.09991582425616893
0.00848258611053706
0.045207956600361664
-0.0179704995222461
0.050704109298948925
0.061560176180844105
0.020335127129295923
0.036353955302921806
0.06898821771201923
0.11133247318645408
-0.0039217880897567505
0.042085118237835895
0.033949092684854874
0.04002168276022701
0.07154524001318492
0.05741945464391781
0.05426002913837258
0.020335127129295923
0.061560176180844105
0.09448172851753216
0.06898821771201923
0.06635157269931764
0.09991582425616893
0.007651825317930572
0.11133247318645408
0.04283836896785444
0.09448172851753216
0.07154524001318492
0.036353955302921806
0.061560176180844105
0.09991582425616893
0.04937419500123851
-0.0179704995222461
0.06939112495592453
0.09448172851753216
0.043781820438671896
0.061560176180844105
-0.043358061516238104
0.07154524001318492
0.04937419500123851
0.0682194523914826
0.01271846491941148
0.05426002913837258
0.04937419500123851
0.04283836896785444
0.06992753046647965
0.042085118237835895
0.04567349858664097
0.061560176180844105
0.045207956600361664
0.06939112495592453
0.04567349858664097
0.01956865191167141
0.05426002913837258
0.04002168276022701
0.11133247318645408
0.061560176180844105
0.007651825317930572
-0.0179704995222461
-0.005138070072745202
0.05426002913837258
0.050704109298948925
0.04283836896785444
0.01271846491941148
0.0682194523914826
0.00848258611053706
-0.007064372934294255
0.045207956600361664
0.061560176180844105
0.036353955302921806
0.04937419500123851
0.0682194523914826
-0.0179704995222461
0.04937419500123851
0.16012728893786868
0.043781820438671896
0.033949092684854874
0.01956865191167141
0.043781820438671896
-0.0179704995222461
0.05426002913837258
-0.005138070072745202
-0.0179704995222461
0.042085118237835895
0.09448172851753216
0.16012728893786868
0.06898821771201923
0.04937419500123851
0.007651825317930572
-0.01923321437972608
0.020335127129295923
0.04283836896785444
0.06939112495592453
0.05741945464391781
0.11133247318645408
-0.007064372934294255
0.0682194523914826
0.01271846491941148
-0.007064372934294255
0.09991582425616893
0.05426002913837258
0.05741945464391781
-0.0179704995222461
0.06635157269931764
0.045207956600361664
-0.01923321437972608
0.05741945464391781
0.03966325695044721
0.033949092684854874
0.09448172851753216
0.05741945464391781
-0.043358061516238104
0.06635157269931764
0.050704109298948925
0.11133247318645408
0.01956865191167141
0.07154524001318492
0.04002168276022701
0.036353955302921806
0.07154524001318492
0.06635157269931764
0.036353955302921806
-0.043358061516238104
0.0682194523914826
0.05426002913837258
0.04567349858664097
0.06635157269931764
0.05426002913837258
0.03966325695044721
0.0682194523914826
0.06939112495592453
0.007651825317930572
0.04283836896785444
0.05426002913837258
0.01271846491941148
-0.0039217880897567505
0.033949092684854874
0.06635157269931764
0.06939112495592453
0.045207956600361664
0.06898821771201923
0.01271846491941148
0.00848258611053706
0.033949092684854874
0.06992753046647965
0.05741945464391781
0.06939112495592453
0.01271846491941148
0.03966325695044721
-0.043358061516238104
0.09991582425616893
0.033949092684854874
0.042085118237835895
0.09991582425616893
0.01271846491941148
0.04283836896785444
0.042085118237835895
0.04567349858664097
0.045207956600361664
0.04937419500123851
0.00848258611053706
0.050704109298948925
0.04002168276022701
0.06939112495592453
0.06939112495592453
0.042085118237835895
0.04002168276022701
0.020335127129295923
0.06898821771201923
-0.0179704995222461
0.06992753046647965
-0.005138070072745202
0.05741945464391781
0.01271846491941148
0.007651825317930572
0.06635157269931764
0.020335127129295923
0.04002168276022701
0.043781820438671896
0.04937419500123851
-0.0039217880897567505
0.00848258611053706
-0.01923321437972608
0.045207956600361664
0.09991582425616893
0.061560176180844105
0.045207956600361664
0.0682194523914826
0.07154524001318492
0.07154524001318492
0.061560176180844105
-0.0179704995222461
0.06939112495592453
-0.01923321437972608
0.16012728893786868
0.042085118237835895
0.04567349858664097
0.042085118237835895
0.033949092684854874
-0.0039217880897567505
0.050704109298948925
0.06635157269931764
0.11133247318645408
0.061560176180844105
0.043781820438671896
0.036353955302921806
-0.043358061516238104
0.09448172851753216
0.05426002913837258
0.007651825317930572
0.0682194523914826
0.06939112495592453
0.06898821771201923
0.11133247318645408
0.16012728893786868
0.061560176180844105
0.007651825317930572
0.007651825317930572
0.01271846491941148
0.06939112495592453
0.01271846491941148
0.01271846491941148
0.09991582425616893
0.04283836896785444
0.043781820438671896
-0.0039217880897567505
-0.007064372934294255
0.05741945464391781
0.16012728893786868
0.04002168276022701
0.04567349858664097
0.04567349858664097
0.036353955302921806
0.033949092684854874
0.06635157269931764
0.03966325695044721
0.05426002913837258
0.061560176180844105
-0.005138070072745202
-0.0039217880897567505
0.036353955302921806
0.04937419500123851
0.020335127129295923
0.01956865191167141
0.05741945464391781
0.01271846491941148
0.04283836896785444
0.033949092684854874
-0.0039217880897567505
0.05426002913837258
-0.0179704995222461
0.04002168276022701
0.04002168276022701
0.01271846491941148
-0.043358061516238104
0.16012728893786868
-0.043358061516238104
0.036353955302921806
0.09991582425616893
-0.01923321437972608
0.04567349858664097
0.11133247318645408
0.042085118237835895
0.05426002913837258
0.16012728893786868
0.04937419500123851
-0.005138070072745202
-0.043358061516238104
0.11133247318645408
0.01956865191167141
0.09991582425616893
0.04002168276022701
0.05741945464391781
0.05426002913837258
0.01271846491941148
0.16012728893786868
0.050704109298948925
-0.007064372934294255
-0.0039217880897567505
-0.0039217880897567505
-0.043358061516238104
0.04937419500123851
0.033949092684854874
0.04567349858664097
0.04567349858664097
-0.0039217880897567505
0.04283836896785444
0.050704109298948925
0.04567349858664097
-0.043358061516238104
0.04567349858664097
0.06898821771201923
-0.0039217880897567505
0.06635157269931764
-0.01923321437972608
0.07154524001318492
0.00848258611053706
0.03966325695044721
0.0682194523914826
-0.01923321437972608
0.09991582425616893
0.04937419500123851
0.07154524001318492
0.11133247318645408
0.036353955302921806
-0.0039217880897567505
0.06939112495592453
0.06635157269931764
0.06898821771201923
0.16012728893786868
0.16012728893786868
0.01271846491941148
0.09448172851753216
0.036353955302921806
0.020335127129295923
0.0682194523914826
0.033949092684854874
-0.0039217880897567505
0.11133247318645408
0.06939112495592453
0.033949092684854874
0.043781820438671896
