0.007196524512759744
-0.004421200574645155
0.03497574793223341
-0.0046192200048832885
0.002823496606496815
-0.010671693324483082
-0.010719721809654196
0.01270505841430237
-0.010671693324483082
0.01270505841430237
-0.010719721809654196
-0.004421200574645155
-0.03296881023378117
-0.010671693324483082
-0.004421200574645155
-0.06492977660570386
-0.0046192200048832885
0.002648309780082843
-0.0024376320484724625
0.03497574793223341
-0.008475772136890282
0.010940193795902518
0.007196524512759744
-0.009427811029973057
-0.009427811029973057
-0.0024376320484724625
-0.0024376320484724625
0.006409191190590773
0.002648309780082843
0.002648309780082843
-0.010719721809654196
-0.0024376320484724625
-0.03296881023378117
-0.001889056042359102
0.006409191190590773
-0.004421200574645155
0.010940193795902518
-0.06492977660570386
-0.023528750660757575
-0.039970893089226064
0.01270505841430237
-0.0024376320484724625
0.01270505841430237
-0.0046192200048832885
-0.008475772136890282
-0.023528750660757575
-0.0046192200048832885
0.002823496606496815
-0.005222857684660034
0.002823496606496815
-0.0024376320484724625
0.010940193795902518
0.010940193795902518
-0.029486188160802885
-0.005096506824627534
-0.008475772136890282
-0.023528750660757575
-0.0046192200048832885
-0.005222857684660034
0.002823496606496815
-0.03296881023378117
-0.009427811029973057
-0.0046192200048832885
0.04066735111993788
-0.0024376320484724625
-0.010719721809654196
0.01270505841430237
-0.001889056042359102
0.04066735111993788
-0.010719721809654196
-0.010671693324483082
-0.005096506824627534
-0.021467671708412864
0.03497574793223341
-0.03296881023378117
-0.010719721809654196
0.01270505841430237
-0.039970893089226064
-0.010719721809654196
-0.0024376320484724625
-0.06492977660570386
-0.021467671708412864
0.002823496606496815
-0.010671693324483082
0.01270505841430237
0.002648309780082843
0.007196524512759744
0.007196524512759744
-0.009427811029973057
0.002823496606496815
-0.010719721809654196
0.006409191190590773
-0.021467671708412864
-0.03296881023378117
-0.010671693324483082
-0.021467671708412864
0.007196524512759744
-0.039970893089226064
-0.023528750660757575
-0.010719721809654196
-0.0024376320484724625
-0.009427811029973057
-0.0046192200048832885
-0.039970893089226064
-0.008475772136890282
-0.021467671708412864
0.03497574793223341
-0.008475772136890282
-0.010719721809654196
0.010940193795902518
-0.06492977660570386
-0.008475772136890282
0.010940193795902518
-0.010719721809654196
0.006409191190590773
-0.03296881023378117
-0.0024376320484724625
-0.0024376320484724625
-0.005096506824627534
-0.023528750660757575
-0.010719721809654196
0.002823496606496815
-0.010671693324483082
0.010940193795902518
0.002823496606496815
0.04066735111993788
-0.005096506824627534
-0.005096506824627534
-0.039970893089226064
-0.0046192200048832885
-0.008475772136890282
-0.0024376320484724625
-0.0046192200048832885
0.010940193795902518
0.002823496606496815
0.03497574793223341
0.01270505841430237
-0.029486188160802885
-0.008475772136890282
-0.001889056042359102
-0.005222857684660034
-0.021467671708412864
0.007196524512759744
-0.010719721809654196
-0.06492977660570386
-0.06492977660570386
0.01270505841430237
-0.039970893089226064
-0.001889056042359102
0.01270505841430237
-0.010719721809654196
-0.010719721809654196
-0.06492977660570386
-0.009427811029973057
-0.03296881023378117
0.010940193795902518
0.002648309780082843
-0.029486188160802885
0.006409191190590773
-0.008475772136890282
0.01270505841430237
-0.03296881023378117
-0.005222857684660034
-0.010671693324483082
-0.009427811029973057
0.04066735111993788
-0.005096506824627534
0.04066735111993788
0.01270505841430237
-0.03296881023378117
-0.06492977660570386
0.010940193795902518
-0.005222857684660034
-0.001889056042359102
0.002648309780082843
0.007196524512759744
-0.03296881023378117
-0.010719721809654196
0.002648309780082843
-0.001889056042359102
-0.008475772136890282
0.01270505841430237
0.01270505841430237
0.010940193795902518
-0.005222857684660034
-0.005096506824627534
-0.005222857684660034
-0.039970893089226064
-0.023528750660757575
-0.010671693324483082
-0.0024376320484724625
-0.005096506824627534
-0.039970893089226064
-0.039970893089226064
0.04066735111993788
-0.06492977660570386
0.04066735111993788
-0.06492977660570386
-0.010671693324483082
-0.0024376320484724625
-0.008475772136890282
-0.009427811029973057
-0.023528750660757575
-0.005222857684660034
-0.010719721809654196
-0.0046192200048832885
0.010940193795902518
-0.023528750660757575
-0.009427811029973057
0.002648309780082843
-0.0046192200048832885
0.002823496606496815
-0.0046192200048832885
-0.010671693324483082
-0.06492977660570386
-0.010671693324483082
-0.008475772136890282
-0.03296881023378117
-0.005096506824627534
-0.009427811029973057
0.04066735111993788
-0.008475772136890282
0.01270505841430237
-0.001889056042359102
-0.010671693324483082
0.002823496606496815
-0.06492977660570386
-0.005096506824627534
-0.023528750660757575
-0.029486188160802885
-0.004421200574645155
-0.009427811029973057
-0.010719721809654196
-0.0046192200048832885
-0.023528750660757575
-0.005096506824627534
0.006409191190590773
-0.005096506824627534
-0.0024376320484724625
-0.0046192200048832885
-0.039970893089226064
-0.029486188160802885
-0.001889056042359102
0.03497574793223341
-0.001889056042359102
0.006409191190590773
-0.021467671708412864
-0.029486188160802885
-0.005096506824627534
-0.001889056042359102
-0.010671693324483082
-0.03296881023378117
-0.008475772136890282
0.010940193795902518
-0.009427811029973057
0.007196524512759744
-0.001889056042359102
-0.001889056042359102
-0.023528750660757575
0.010940193795902518
-0.039970893089226064
-0.004421200574645155
-0.005096506824627534
-0.0046192200048832885
-0.005096506824627534
0.04066735111993788
-0.005222857684660034
-0.039970893089226064
-0.0024376320484724625
-0.039970893089226064
-0.0024376320484724625
-0.039970893089226064
-0.039970893089226064
-0.004421200574645155
-0.06492977660570386
-0.021467671708412864
-0.021467671708412864
0.04066735111993788
0.007196524512759744
-0.010671693324483082
-0.029486188160802885
0.03497574793223341
-0.008475772136890282
0.01270505841430237
0.002823496606496815
0.03497574793223341
-0.010719721809654196
0.010940193795902518
-0.010671693324483082
0.010940193795902518
-0.010671693324483082
-0.004421200574645155
0.04066735111993788
0.007196524512759744
0.002648309780082843
0.006409191190590773
-0.0024376320484724625
-0.06492977660570386
-0.001889056042359102
-0.009427811029973057
-0.0024376320484724625
0.03497574793223341
-0.039970893089226064
-0.029486188160802885
0.03497574793223341
-0.005096506824627534
-0.029486188160802885
-0.029486188160802885
0.002823496606496815
0.010940193795902518
0.010940193795902518
-0.0046192200048832885
-0.004421200574645155
0.04066735111993788
-0.029486188160802885
-0.023528750660757575
-0.023528750660757575
0.002648309780082843
-0.0046192200048832885
-0.008475772136890282
-0.004421200574645155
-0.005096506824627534
-0.001889056042359102
-0.004421200574645155
0.010940193795902518
-0.008475772136890282
-0.005096506824627534
0.04066735111993788
-0.023528750660757575
-0.029486188160802885
0.01270505841430237
-0.039970893089226064
-0.03296881023378117
-0.03296881023378117
-0.008475772136890282
-0.0024376320484724625
0.006409191190590773
-0.0024376320484724625
-0.005222857684660034
0.010940193795902518
-0.03296881023378117
0.002648309780082843
-0.06492977660570386
0.03497574793223341
-0.06492977660570386
-0.004421200574645155
0.002823496606496815
0.010940193795902518
0.007196524512759744
-0.005222857684660034
-0.021467671708412864
-0.06492977660570386
0.002823496606496815
-0.001889056042359102
-0.005222857684660034
-0.001889056042359102
0.03497574793223341
0.007196524512759744
-0.004421200574645155
-0.009427811029973057
0.006409191190590773
-0.0046192200048832885
-0.0024376320484724625
0.007196524512759744
0.01270505841430237
-0.03296881023378117
-0.009427811029973057
-0.010719721809654196
-0.008475772136890282
-0.06492977660570386
-0.005096506824627534
-0.005222857684660034
-0.0046192200048832885
-0.010671693324483082
0.002648309780082843
0.006409191190590773
-0.008475772136890282
0.03497574793223341
-0.0024376320484724625
-0.03296881023378117
-0.021467671708412864
-0.010671693324483082
-0.001889056042359102
0.010940193795902518
-0.0024376320484724625
-0.03296881023378117
0.007196524512759744
-0.03296881023378117
-0.009427811029973057
-0.0046192200048832885
0.006409191190590773
-0.009427811029973057
-0.0046192200048832885
-0.0024376320484724625
-0.005222857684660034
0.01270505841430237
0.01270505841430237
-0.06492977660570386
0.03497574793223341
-0.03296881023378117
-0.008475772136890282
0.002823496606496815
-0.001889056042359102
-0.010719721809654196
-0.008475772136890282
-0.010671693324483082
-0.023528750660757575
0.002823496606496815
-0.021467671708412864
-0.005222857684660034
-0.03296881023378117
0.010940193795902518
-0.0024376320484724625
-0.021467671708412864
-0.008475772136890282
-0.004421200574645155
-0.0046192200048832885
-0.004421200574645155
0.03497574793223341
0.002648309780082843
-0.005096506824627534
-0.005096506824627534
-0.021467671708412864
0.03497574793223341
0.002648309780082843
0.04066735111993788
0.04066735111993788
-0.010719721809654196
0.010940193795902518
-0.0046192200048832885
-0.029486188160802885
0.01270505841430237
-0.023528750660757575
-0.004421200574645155
-0.008475772136890282
-0.010719721809654196
-0.0024376320484724625
0.01270505841430237
0.006409191190590773
0.01270505841430237
-0.0024376320484724625
-0.029486188160802885
-0.010719721809654196
-0.001889056042359102
-0.023528750660757575
-0.009427811029973057
-0.0024376320484724625
0.03497574793223341
-0.03296881023378117
0.006409191190590773
-0.029486188160802885
-0.039970893089226064
-0.0024376320484724625
-0.03296881023378117
-0.004421200574645155
-0.06492977660570386
-0.010671693324483082
0.01270505841430237
-0.009427811029973057
-0.06492977660570386
0.01270505841430237
-0.029486188160802885
-0.010671693324483082
-0.06492977660570386
-0.004421200574645155
-0.009427811029973057
-0.023528750660757575
-0.010671693324483082
-0.03296881023378117
-0.009427811029973057
-0.009427811029973057
-0.039970893089226064
-0.001889056042359102
-0.010671693324483082
0.002823496606496815
0.01270505841430237
-0.001889056042359102
-0.0046192200048832885
0.007196524512759744
0.007196524512759744
-0.03296881023378117
-0.029486188160802885
-0.0024376320484724625
0.03497574793223341
0.01270505841430237
-0.005222857684660034
0.04066735111993788
-0.039970893089226064
-0.005222857684660034
-0.005222857684660034
-0.010671693324483082
0.002648309780082843
-0.004421200574645155
-0.0046192200048832885
-0.001889056042359102
0.04066735111993788
-0.03296881023378117
-0.010671693324483082
-0.004421200574645155
-0.03296881023378117
0.03497574793223341
-0.039970893089226064
0.01270505841430237
0.007196524512759744
0.007196524512759744
0.03497574793223341
-0.005222857684660034
-0.039970893089226064
0.04066735111993788
-0.010671693324483082
0.010940193795902518
-0.03296881023378117
0.01270505841430237
-0.0046192200048832885
-0.001889056042359102
-0.06492977660570386
0.006409191190590773
0.010940193795902518
-0.029486188160802885
-0.001889056042359102
0.007196524512759744
-0.029486188160802885
-0.005222857684660034
-0.03296881023378117
-0.009427811029973057
-0.010671693324483082
-0.0024376320484724625
-0.008475772136890282
-0.004421200574645155
-0.009427811029973057
0.04066735111993788
-0.005222857684660034
0.002648309780082843
-0.009427811029973057
-0.03296881023378117
-0.004421200574645155
-0.06492977660570386
0.007196524512759744
0.007196524512759744
-0.010719721809654196
0.007196524512759744
-0.021467671708412864
0.010940193795902518
0.01270505841430237
-0.010671693324483082
0.002823496606496815
-0.010719721809654196
-0.009427811029973057
-0.0046192200048832885
0.010940193795902518
0.010940193795902518
0.007196524512759744
-0.010671693324483082
0.04066735111993788
-0.0046192200048832885
-0.010719721809654196
-0.0046192200048832885
-0.029486188160802885
-0.0046192200048832885
0.03497574793223341
-0.004421200574645155
-0.0046192200048832885
0.002648309780082843
-0.021467671708412864
0.010940193795902518
0.002648309780082843
0.01270505841430237
0.007196524512759744
-0.0024376320484724625
0.002648309780082843
-0.021467671708412864
-0.0024376320484724625
-0.023528750660757575
0.03497574793223341
0.002648309780082843
-0.008475772136890282
0.010940193795902518
-0.004421200574645155
-0.010671693324483082
-0.008475772136890282
-0.008475772136890282
-0.005222857684660034
0.04066735111993788
-0.005222857684660034
-0.03296881023378117
-0.008475772136890282
0.04066735111993788
-0.0024376320484724625
-0.008475772136890282
-0.010719721809654196
-0.0046192200048832885
-0.039970893089226064
-0.03296881023378117
-0.005222857684660034
0.002648309780082843
-0.039970893089226064
0.01270505841430237
-0.001889056042359102
-0.021467671708412864
-0.029486188160802885
-0.039970893089226064
0.002823496606496815
-0.009427811029973057
-0.0024376320484724625
-0.009427811029973057
-0.010719721809654196
-0.039970893089226064
-0.009427811029973057
-0.0046192200048832885
-0.039970893089226064
-0.039970893089226064
-0.0046192200048832885
0.01270505841430237
0.04066735111993788
-0.004421200574645155
-0.029486188160802885
0.03497574793223341
-0.005096506824627534
-0.010671693324483082
-0.005222857684660034
0.04066735111993788
0.01270505841430237
-0.0024376320484724625
-0.0024376320484724625
0.007196524512759744
-0.005096506824627534
-0.009427811029973057
-0.021467671708412864
-0.010671693324483082
-0.023528750660757575
0.03497574793223341
0.002648309780082843
0.002648309780082843
0.03497574793223341
-0.005222857684660034
-0.005096506824627534
-0.010719721809654196
-0.001889056042359102
-0.005222857684660034
-0.0046192200048832885
-0.004421200574645155
-0.005096506824627534
-0.010671693324483082
0.002823496606496815
-0.039970893089226064
-0.0024376320484724625
-0.029486188160802885
-0.029486188160802885
-0.023528750660757575
-0.001889056042359102
0.010940193795902518
0.010940193795902518
-0.010719721809654196
-0.039970893089226064
0.007196524512759744
-0.005222857684660034
-0.021467671708412864
-0.008475772136890282
-0.010671693324483082
0.010940193795902518
-0.0046192200048832885
-0.004421200574645155
-0.009427811029973057
-0.039970893089226064
-0.0024376320484724625
-0.03296881023378117
-0.0024376320484724625
-0.010719721809654196
-0.010671693324483082
0.007196524512759744
-0.010671693324483082
-0.03296881023378117
0.04066735111993788
0.03497574793223341
0.002823496606496815
-0.039970893089226064
-0.06492977660570386
0.006409191190590773
-0.010719721809654196
-0.004421200574645155
0.007196524512759744
-0.008475772136890282
-0.0024376320484724625
-0.03296881023378117
0.01270505841430237
-0.023528750660757575
0.04066735111993788
-0.001889056042359102
-0.03296881023378117
-0.06492977660570386
0.007196524512759744
-0.010719721809654196
0.01270505841430237
0.01270505841430237
0.002648309780082843
-0.008475772136890282
-0.029486188160802885
-0.029486188160802885
0.002823496606496815
-0.001889056042359102
0.007196524512759744
-0.005096506824627534
-0.023528750660757575
-0.010671693324483082
-0.0024376320484724625
-0.039970893089226064
-0.021467671708412864
-0.0046192200048832885
-0.010719721809654196
0.010940193795902518
-0.008475772136890282
0.006409191190590773
0.002648309780082843
0.03497574793223341
-0.008475772136890282
-0.023528750660757575
-0.005222857684660034
-0.010671693324483082
-0.001889056042359102
0.01270505841430237
0.03497574793223341
0.002648309780082843
-0.010719721809654196
-0.03296881023378117
0.01270505841430237
0.03497574793223341
-0.03296881023378117
-0.03296881023378117
-0.021467671708412864
0.006409191190590773
0.01270505841430237
0.006409191190590773
-0.004421200574645155
-0.0024376320484724625
-0.009427811029973057
0.03497574793223341
-0.023528750660757575
-0.008475772136890282
0.03497574793223341
-0.005096506824627534
-0.039970893089226064
-0.029486188160802885
-0.023528750660757575
-0.004421200574645155
-0.021467671708412864
-0.010719721809654196
-0.005222857684660034
-0.03296881023378117
0.010940193795902518
-0.009427811029973057
-0.001889056042359102
-0.0024376320484724625
-0.029486188160802885
-0.010719721809654196
0.002823496606496815
-0.029486188160802885
-0.0046192200048832885
-0.008475772136890282
-0.03296881023378117
0.01270505841430237
0.04066735111993788
-0.010671693324483082
0.010940193795902518
-0.010671693324483082
-0.023528750660757575
-0.029486188160802885
0.03497574793223341
0.01270505841430237
-0.06492977660570386
0.002648309780082843
-0.004421200574645155
-0.009427811029973057
-0.029486188160802885
0.04066735111993788
-0.010671693324483082
-0.03296881023378117
-0.039970893089226064
-0.029486188160802885
-0.004421200574645155
0.010940193795902518
-0.0046192200048832885
-0.005222857684660034
-0.0046192200048832885
0.04066735111993788
-0.0024376320484724625
-0.039970893089226064
-0.0024376320484724625
0.04066735111993788
-0.010719721809654196
-0.029486188160802885
-0.0024376320484724625
-0.004421200574645155
0.01270505841430237
-0.0024376320484724625
-0.010671693324483082
-0.023528750660757575
-0.021467671708412864
-0.023528750660757575
-0.03296881023378117
0.007196524512759744
-0.023528750660757575
-0.06492977660570386
0.04066735111993788
0.01270505841430237
0.002823496606496815
0.010940193795902518
-0.023528750660757575
0.007196524512759744
-0.005096506824627534
0.002823496606496815
-0.023528750660757575
-0.005096506824627534
0.002648309780082843
-0.008475772136890282
-0.005222857684660034
0.03497574793223341
-0.023528750660757575
-0.06492977660570386
-0.029486188160802885
0.002823496606496815
-0.023528750660757575
0.04066735111993788
-0.004421200574645155
-0.010719721809654196
-0.010671693324483082
-0.008475772136890282
-0.010671693324483082
-0.021467671708412864
-0.021467671708412864
0.010940193795902518
0.002648309780082843
0.007196524512759744
0.007196524512759744
0.002648309780082843
-0.03296881023378117
0.03497574793223341
-0.0046192200048832885
-0.06492977660570386
-0.005222857684660034
-0.039970893089226064
-0.0024376320484724625
0.002823496606496815
0.04066735111993788
-0.03296881023378117
0.002823496606496815
-0.0046192200048832885
-0.039970893089226064
-0.001889056042359102
-0.005222857684660034
0.03497574793223341
-0.029486188160802885
-0.06492977660570386
-0.06492977660570386
-0.009427811029973057
-0.001889056042359102
0.01270505841430237
-0.008475772136890282
-0.010671693324483082
-0.029486188160802885
-0.06492977660570386
-0.023528750660757575
0.010940193795902518
-0.03296881023378117
-0.001889056042359102
-0.039970893089226064
0.006409191190590773
-0.010671693324483082
-0.03296881023378117
-0.005096506824627534
0.03497574793223341
-0.008475772136890282
-0.009427811029973057
0.002823496606496815
0.01270505841430237
0.002648309780082843
-0.010671693324483082
0.010940193795902518
-0.010719721809654196
0.002648309780082843
0.01270505841430237
0.006409191190590773
-0.0024376320484724625
-0.0024376320484724625
-0.010719721809654196
0.03497574793223341
0.002823496606496815
-0.009427811029973057
-0.021467671708412864
0.006409191190590773
0.007196524512759744
-0.06492977660570386
-0.004421200574645155
-0.005096506824627534
-0.005222857684660034
-0.03296881023378117
-0.0046192200048832885
-0.0046192200048832885
-0.06492977660570386
-0.008475772136890282
-0.010719721809654196
0.006409191190590773
-0.004421200574645155
-0.021467671708412864
-0.039970893089226064
-0.023528750660757575
0.04066735111993788
0.010940193795902518
0.01270505841430237
0.002823496606496815
0.002648309780082843
-0.005222857684660034
-0.0046192200048832885
0.04066735111993788
-0.021467671708412864
-0.010719721809654196
-0.0046192200048832885
0.010940193795902518
0.010940193795902518
0.006409191190590773
0.002823496606496815
-0.010671693324483082
0.006409191190590773
-0.005096506824627534
-0.009427811029973057
-0.0046192200048832885
-0.029486188160802885
-0.021467671708412864
-0.039970893089226064
-0.009427811029973057
-0.029486188160802885
-0.03296881023378117
-0.023528750660757575
-0.008475772136890282
0.007196524512759744
0.007196524512759744
-0.005096506824627534
0.04066735111993788
-0.023528750660757575
-0.008475772136890282
-0.010719721809654196
-0.008475772136890282
0.007196524512759744
-0.0046192200048832885
-0.03296881023378117
-0.010719721809654196
-0.06492977660570386
-0.005096506824627534
-0.001889056042359102
-0.005096506824627534
-0.03296881023378117
-0.001889056042359102
-0.029486188160802885
-0.010719721809654196
-0.03296881023378117
-0.021467671708412864
-0.03296881023378117
0.007196524512759744
-0.0046192200048832885
-0.005096506824627534
-0.001889056042359102
-0.023528750660757575
0.03497574793223341
-0.039970893089226064
-0.001889056042359102
-0.039970893089226064
0.01270505841430237
-0.004421200574645155
-0.021467671708412864
-0.029486188160802885
-0.004421200574645155
-0.010671693324483082
-0.009427811029973057
0.007196524512759744
-0.0046192200048832885
0.002648309780082843
-0.023528750660757575
-0.021467671708412864
-0.023528750660757575
-0.009427811029973057
-0.009427811029973057
-0.03296881023378117
-0.008475772136890282
-0.001889056042359102
-0.001889056042359102
-0.004421200574645155
0.04066735111993788
-0.0046192200048832885
0.010940193795902518
-0.023528750660757575
-0.0046192200048832885
-0.010671693324483082
0.007196524512759744
0.04066735111993788
-0.029486188160802885
-0.039970893089226064
-0.005096506824627534
-0.029486188160802885
-0.023528750660757575
-0.010719721809654196
-0.021467671708412864
