-0.007312614259597806
0.007250508442318678
0.06722535393210728
-0.0337700161685962
0.06722535393210728
0.02902058774148439
-0.014635625952441354
-0.028438454904158136
0.02053269401216338
-0.028438454904158136
0.04944243705025616
0.01607069566726995
-0.028023838312069754
0.02225762288009487
-0.028023838312069754
0.02225762288009487
0.00997683227227836
-0.014635625952441354
0.04944243705025616
-0.028023838312069754
-0.014635625952441354
0.06091011270739347
-0.0337700161685962
-0.028438454904158136
0.02053269401216338
0.019573710717183945
-0.007312614259597806
0.02902058774148439
0.013034400885213735
0.013034400885213735
-0.0337700161685962
0.011310022065210111
0.04608054255882841
-0.0015979874055894478
0.011310022065210111
-0.007312614259597806
0.007323264035453665
-0.019455417232815967
0.043472409053438306
-0.0337700161685962
0.06091011270739347
0.019573710717183945
0.06965124076325166
0.06091011270739347
0.01607069566726995
0.14097160278266266
-0.0337700161685962
0.06965124076325166
-0.0008682300491649035
0.019573710717183945
0.007323264035453665
0.14097160278266266
0.04944243705025616
-0.0015979874055894478
0.06091011270739347
0.043472409053438306
-0.007977157822120431
-0.028023838312069754
0.0025972597328477063
0.06722535393210728
-0.0015979874055894478
0.02225762288009487
-0.002326399331381958
-0.028438454904158136
0.02225762288009487
-0.0337700161685962
0.01607069566726995
0.14097160278266266
-0.028023838312069754
0.043472409053438306
0.04608054255882841
0.02902058774148439
0.013034400885213735
0.01607069566726995
-0.028438454904158136
-0.0015979874055894478
0.14097160278266266
-0.028438454904158136
-0.019455417232815967
0.14097160278266266
0.04208821115580774
-0.0337700161685962
-0.028438454904158136
-0.002326399331381958
0.019573710717183945
0.0025972597328477063
0.02053269401216338
0.019573710717183945
0.04944243705025616
-0.0034694061897454793
-0.0034694061897454793
0.007086542172535028
0.04208821115580774
-0.007312614259597806
-0.0015979874055894478
-0.0337700161685962
0.02225762288009487
-0.028023838312069754
0.01607069566726995
-0.0008682300491649035
-0.0008682300491649035
-0.019455417232815967
0.06091011270739347
0.04944243705025616
0.06091011270739347
0.06722535393210728
0.01769520581781886
0.019573710717183945
-0.008741657373151064
0.031375039761734086
0.0025972597328477063
0.02902058774148439
0.02225762288009487
-0.002326399331381958
0.02225762288009487
0.02225762288009487
0.04208821115580774
-0.007312614259597806
0.04608054255882841
0.011310022065210111
0.043472409053438306
0.04208821115580774
0.14097160278266266
0.031375039761734086
-0.028023838312069754
0.013034400885213735
-0.007977157822120431
-0.0008682300491649035
-0.007977157822120431
-0.0015979874055894478
0.04944243705025616
0.007086542172535028
-0.008741657373151064
0.04608054255882841
-0.0015979874055894478
-0.0034694061897454793
-0.008741657373151064
0.043472409053438306
-0.0008682300491649035
-0.019455417232815967
-0.028023838312069754
-0.0008682300491649035
-0.019455417232815967
-0.0034694061897454793
-0.019455417232815967
0.007250508442318678
0.007086542172535028
-0.0034694061897454793
0.04208821115580774
-0.0337700161685962
0.019573710717183945
0.04944243705025616
0.013034400885213735
0.04944243705025616
-0.028438454904158136
0.031375039761734086
0.02225762288009487
0.06091011270739347
-0.007312614259597806
0.007323264035453665
0.06091011270739347
-0.028438454904158136
-0.0008682300491649035
0.013034400885213735
-0.007977157822120431
0.04208821115580774
0.043472409053438306
0.01607069566726995
-0.028438454904158136
-0.0008682300491649035
0.007323264035453665
0.01769520581781886
-0.0034694061897454793
0.013034400885213735
0.06091011270739347
-0.028438454904158136
0.007323264035453665
-0.0008682300491649035
0.011310022065210111
-0.0008682300491649035
-0.0337700161685962
-0.002326399331381958
0.01769520581781886
0.00997683227227836
0.02053269401216338
-0.008741657373151064
0.04208821115580774
0.011310022065210111
0.0025972597328477063
0.01769520581781886
-0.0008682300491649035
0.00997683227227836
-0.0015979874055894478
-0.007312614259597806
0.013034400885213735
0.04208821115580774
-0.008741657373151064
0.00997683227227836
-0.008741657373151064
0.007323264035453665
-0.002326399331381958
-0.014635625952441354
-0.0008682300491649035
-0.0034694061897454793
-0.0008682300491649035
0.04944243705025616
-0.002326399331381958
-0.0337700161685962
-0.002326399331381958
-0.0337700161685962
-0.019455417232815967
-0.019455417232815967
0.0025972597328477063
-0.007977157822120431
-0.028023838312069754
0.06722535393210728
0.019573710717183945
0.043472409053438306
0.007250508442318678
0.01607069566726995
0.02053269401216338
0.007250508442318678
-0.007312614259597806
-0.028023838312069754
-0.007312614259597806
-0.014635625952441354
0.02902058774148439
-0.0337700161685962
0.007086542172535028
-0.008741657373151064
0.14097160278266266
0.013034400885213735
-0.0337700161685962
0.02053269401216338
-0.002326399331381958
0.06722535393210728
0.01769520581781886
0.01769520581781886
0.01607069566726995
-0.007312614259597806
-0.007312614259597806
0.00997683227227836
0.06091011270739347
0.06965124076325166
0.04208821115580774
0.04208821115580774
-0.014635625952441354
-0.007977157822120431
0.01769520581781886
0.007323264035453665
0.007323264035453665
0.04608054255882841
0.06091011270739347
0.06965124076325166
-0.007312614259597806
0.019573710717183945
-0.0008682300491649035
-0.007977157822120431
-0.028438454904158136
0.007250508442318678
0.01769520581781886
0.043472409053438306
0.00997683227227836
-0.002326399331381958
0.019573710717183945
-0.0337700161685962
0.04944243705025616
0.031375039761734086
-0.0015979874055894478
0.04608054255882841
0.02053269401216338
0.007086542172535028
0.01607069566726995
-0.007312614259597806
0.02902058774148439
-0.008741657373151064
0.06722535393210728
0.06965124076325166
0.02902058774148439
0.043472409053438306
-0.0015979874055894478
0.013034400885213735
0.14097160278266266
0.019573710717183945
-0.028438454904158136
0.14097160278266266
-0.0008682300491649035
0.031375039761734086
-0.028438454904158136
0.06091011270739347
0.011310022065210111
0.019573710717183945
0.02053269401216338
-0.0015979874055894478
-0.008741657373151064
0.14097160278266266
0.04944243705025616
-0.007312614259597806
-0.0015979874055894478
0.02902058774148439
-0.0015979874055894478
0.013034400885213735
0.011310022065210111
-0.028438454904158136
0.013034400885213735
0.06091011270739347
-0.0337700161685962
0.043472409053438306
0.04944243705025616
0.007086542172535028
0.06722535393210728
-0.0015979874055894478
0.06965124076325166
0.007323264035453665
0.01607069566726995
0.007250508442318678
0.0025972597328477063
-0.028438454904158136
0.00997683227227836
0.007250508442318678
-0.0015979874055894478
0.00997683227227836
-0.0337700161685962
0.0025972597328477063
0.06091011270739347
-0.014635625952441354
0.06722535393210728
0.04608054255882841
-0.0008682300491649035
-0.028438454904158136
0.02053269401216338
0.04608054255882841
0.00997683227227836
-0.007977157822120431
0.043472409053438306
-0.014635625952441354
0.043472409053438306
-0.0337700161685962
0.01769520581781886
0.14097160278266266
0.02053269401216338
0.011310022065210111
-0.019455417232815967
-0.014635625952441354
0.007086542172535028
0.14097160278266266
-0.028023838312069754
0.007323264035453665
-0.028438454904158136
-0.0015979874055894478
0.013034400885213735
-0.028438454904158136
0.06965124076325166
0.013034400885213735
-0.019455417232815967
0.06965124076325166
-0.008741657373151064
0.02902058774148439
-0.028438454904158136
-0.028438454904158136
0.04208821115580774
-0.0337700161685962
0.02053269401216338
-0.007977157822120431
-0.002326399331381958
0.031375039761734086
0.031375039761734086
-0.028023838312069754
-0.014635625952441354
0.14097160278266266
-0.008741657373151064
-0.007977157822120431
0.04944243705025616
-0.014635625952441354
0.02053269401216338
-0.002326399331381958
0.02902058774148439
0.06722535393210728
0.00997683227227836
0.031375039761734086
0.00997683227227836
-0.002326399331381958
-0.007977157822120431
-0.028023838312069754
-0.0015979874055894478
0.06091011270739347
0.007086542172535028
0.011310022065210111
-0.007312614259597806
0.01769520581781886
-0.028438454904158136
0.01769520581781886
0.031375039761734086
-0.028438454904158136
-0.0015979874055894478
-0.028023838312069754
-0.0337700161685962
0.019573710717183945
-0.014635625952441354
0.031375039761734086
0.04608054255882841
0.013034400885213735
-0.0015979874055894478
0.02902058774148439
0.06965124076325166
0.043472409053438306
0.01607069566726995
0.14097160278266266
0.06091011270739347
0.04208821115580774
0.04208821115580774
-0.007312614259597806
0.02902058774148439
-0.028023838312069754
-0.007977157822120431
0.01769520581781886
0.06091011270739347
0.04208821115580774
0.06722535393210728
-0.0337700161685962
0.04944243705025616
-0.0337700161685962
0.06722535393210728
0.14097160278266266
0.04608054255882841
0.019573710717183945
-0.007312614259597806
-0.028023838312069754
0.06965124076325166
-0.0015979874055894478
0.019573710717183945
0.06965124076325166
-0.007977157822120431
0.019573710717183945
0.14097160278266266
0.02225762288009487
-0.019455417232815967
0.00997683227227836
-0.002326399331381958
0.043472409053438306
-0.008741657373151064
0.0025972597328477063
-0.019455417232815967
-0.0034694061897454793
0.02225762288009487
-0.002326399331381958
0.06091011270739347
-0.002326399331381958
-0.002326399331381958
0.06091011270739347
-0.0034694061897454793
-0.007977157822120431
0.06965124076325166
0.06722535393210728
-0.028023838312069754
-0.0337700161685962
0.013034400885213735
0.0025972597328477063
-0.028023838312069754
0.02053269401216338
0.04608054255882841
0.06722535393210728
0.02225762288009487
-0.008741657373151064
0.04208821115580774
0.031375039761734086
0.06091011270739347
-0.0008682300491649035
0.00997683227227836
0.007250508442318678
-0.002326399331381958
-0.0337700161685962
0.01769520581781886
0.007323264035453665
-0.008741657373151064
0.02225762288009487
-0.019455417232815967
0.031375039761734086
0.06965124076325166
-0.028023838312069754
-0.007312614259597806
0.06091011270739347
-0.028438454904158136
-0.019455417232815967
-0.0337700161685962
0.04208821115580774
0.02225762288009487
-0.028023838312069754
-0.0015979874055894478
0.06722535393210728
0.01607069566726995
-0.019455417232815967
0.011310022065210111
0.02225762288009487
-0.014635625952441354
-0.0337700161685962
-0.0015979874055894478
0.043472409053438306
-0.0034694061897454793
0.007323264035453665
-0.0015979874055894478
-0.028438454904158136
0.007086542172535028
0.00997683227227836
0.02902058774148439
0.02225762288009487
0.04608054255882841
0.01607069566726995
0.02902058774148439
0.14097160278266266
0.007323264035453665
-0.002326399331381958
0.06091011270739347
0.02225762288009487
-0.007312614259597806
0.06722535393210728
0.019573710717183945
0.007323264035453665
-0.028438454904158136
-0.0034694061897454793
0.043472409053438306
0.02053269401216338
0.04944243705025616
0.04608054255882841
0.02225762288009487
0.04208821115580774
-0.0015979874055894478
0.043472409053438306
0.06722535393210728
-0.0015979874055894478
0.0025972597328477063
0.011310022065210111
0.007250508442318678
0.14097160278266266
0.011310022065210111
0.06722535393210728
0.007323264035453665
0.019573710717183945
0.06722535393210728
0.00997683227227836
-0.019455417232815967
0.0025972597328477063
0.031375039761734086
-0.0015979874055894478
-0.007312614259597806
0.013034400885213735
-0.008741657373151064
-0.028438454904158136
0.01607069566726995
0.01769520581781886
0.06091011270739347
0.04944243705025616
0.043472409053438306
-0.0034694061897454793
0.04944243705025616
-0.028023838312069754
0.007323264035453665
0.01769520581781886
0.06722535393210728
0.06965124076325166
0.04608054255882841
0.013034400885213735
0.01769520581781886
-0.007977157822120431
0.007250508442318678
-0.019455417232815967
0.01769520581781886
-0.014635625952441354
0.06965124076325166
0.06091011270739347
0.14097160278266266
-0.0337700161685962
-0.002326399331381958
0.04208821115580774
-0.0337700161685962
0.06965124076325166
0.04208821115580774
-0.014635625952441354
0.043472409053438306
0.007323264035453665
0.02902058774148439
0.06965124076325166
0.007323264035453665
-0.007977157822120431
0.043472409053438306
0.01607069566726995
-0.007312614259597806
-0.028438454904158136
0.007323264035453665
-0.0034694061897454793
-0.0008682300491649035
0.007250508442318678
0.06965124076325166
0.01607069566726995
0.04608054255882841
0.031375039761734086
-0.0034694061897454793
0.02053269401216338
0.007250508442318678
0.007086542172535028
0.01769520581781886
0.01607069566726995
-0.0034694061897454793
-0.007977157822120431
-0.014635625952441354
-0.028023838312069754
0.007250508442318678
0.00997683227227836
-0.028023838312069754
-0.0034694061897454793
-0.028438454904158136
0.00997683227227836
0.02902058774148439
0.04608054255882841
-0.0015979874055894478
0.02053269401216338
-0.002326399331381958
0.01607069566726995
0.01607069566726995
0.00997683227227836
-0.002326399331381958
-0.008741657373151064
0.031375039761734086
0.06722535393210728
0.007086542172535028
0.019573710717183945
0.01769520581781886
-0.0034694061897454793
-0.007312614259597806
0.06965124076325166
-0.008741657373151064
-0.002326399331381958
0.011310022065210111
-0.0015979874055894478
-0.0008682300491649035
0.02053269401216338
0.013034400885213735
0.04608054255882841
-0.028023838312069754
0.02225762288009487
0.04608054255882841
0.043472409053438306
-0.0337700161685962
-0.0337700161685962
0.02225762288009487
0.06722535393210728
0.01607069566726995
0.013034400885213735
0.0025972597328477063
0.00997683227227836
0.02902058774148439
0.00997683227227836
0.007250508442318678
-0.0008682300491649035
0.06965124076325166
0.06091011270739347
0.02225762288009487
0.011310022065210111
0.04208821115580774
-0.014635625952441354
-0.019455417232815967
0.007323264035453665
-0.007312614259597806
0.043472409053438306
0.01607069566726995
0.031375039761734086
0.06091011270739347
0.0025972597328477063
0.02225762288009487
-0.007312614259597806
-0.007312614259597806
-0.0034694061897454793
0.01607069566726995
-0.0034694061897454793
-0.0034694061897454793
-0.028023838312069754
-0.028438454904158136
0.011310022065210111
-0.0008682300491649035
0.04944243705025616
0.01769520581781886
0.0025972597328477063
-0.002326399331381958
0.02902058774148439
0.02902058774148439
0.04208821115580774
0.007250508442318678
0.06965124076325166
-0.007977157822120431
0.007323264035453665
0.02225762288009487
0.019573710717183945
-0.0008682300491649035
0.04208821115580774
-0.0015979874055894478
-0.008741657373151064
0.14097160278266266
0.01769520581781886
-0.0034694061897454793
-0.028438454904158136
0.007250508442318678
-0.0008682300491649035
0.007323264035453665
0.06722535393210728
-0.002326399331381958
-0.002326399331381958
-0.0034694061897454793
-0.014635625952441354
0.0025972597328477063
-0.014635625952441354
0.04208821115580774
-0.028023838312069754
0.013034400885213735
0.02902058774148439
0.06091011270739347
0.00997683227227836
0.007323264035453665
0.0025972597328477063
-0.0015979874055894478
0.019573710717183945
-0.014635625952441354
0.06091011270739347
0.14097160278266266
-0.028023838312069754
-0.002326399331381958
0.01769520581781886
0.007323264035453665
-0.0034694061897454793
0.0025972597328477063
0.04944243705025616
-0.0008682300491649035
-0.0008682300491649035
-0.014635625952441354
-0.0015979874055894478
0.007250508442318678
0.02902058774148439
0.02902058774148439
-0.0008682300491649035
-0.028438454904158136
0.02902058774148439
-0.014635625952441354
0.02902058774148439
0.031375039761734086
-0.0008682300491649035
0.06965124076325166
0.013034400885213735
-0.0337700161685962
0.02053269401216338
-0.007977157822120431
0.043472409053438306
0.013034400885213735
-0.028023838312069754
-0.0015979874055894478
-0.0337700161685962
0.06091011270739347
0.04208821115580774
-0.0008682300491649035
0.01607069566726995
0.06965124076325166
0.031375039761734086
0.0025972597328477063
0.0025972597328477063
-0.0034694061897454793
-0.019455417232815967
0.04208821115580774
-0.008741657373151064
0.043472409053438306
0.007250508442318678
-0.0008682300491649035
0.06091011270739347
0.01607069566726995
0.007250508442318678
0.011310022065210111
0.01769520581781886
0.019573710717183945
-0.028023838312069754
-0.0034694061897454793
0.02225762288009487
-0.0034694061897454793
0.04208821115580774
0.04944243705025616
0.06722535393210728
0.14097160278266266
0.007323264035453665
0.06091011270739347
0.06722535393210728
-0.002326399331381958
0.04944243705025616
-0.007312614259597806
0.043472409053438306
0.02902058774148439
-0.008741657373151064
0.14097160278266266
0.01607069566726995
0.02053269401216338
-0.0015979874055894478
-0.014635625952441354
0.06965124076325166
0.01607069566726995
0.007250508442318678
0.043472409053438306
-0.028023838312069754
-0.0015979874055894478
0.007086542172535028
0.007086542172535028
0.011310022065210111
0.00997683227227836
-0.007977157822120431
0.011310022065210111
-0.008741657373151064
0.031375039761734086
0.011310022065210111
0.00997683227227836
0.02053269401216338
0.02902058774148439
-0.007977157822120431
0.031375039761734086
0.06091011270739347
0.019573710717183945
0.14097160278266266
-0.0015979874055894478
0.013034400885213735
-0.0337700161685962
0.01769520581781886
0.01769520581781886
0.00997683227227836
0.04944243705025616
0.02225762288009487
0.00997683227227836
-0.028023838312069754
0.02902058774148439
0.02902058774148439
0.011310022065210111
0.06965124076325166
-0.0008682300491649035
0.06722535393210728
0.007250508442318678
0.01607069566726995
0.06965124076325166
-0.008741657373151064
-0.019455417232815967
0.019573710717183945
0.019573710717183945
0.0025972597328477063
-0.007312614259597806
-0.002326399331381958
0.14097160278266266
0.02053269401216338
-0.028023838312069754
0.007086542172535028
-0.028438454904158136
0.013034400885213735
0.007250508442318678
-0.028438454904158136
-0.0337700161685962
0.013034400885213735
0.04944243705025616
0.007086542172535028
-0.0008682300491649035
-0.0015979874055894478
0.013034400885213735
0.04608054255882841
0.06965124076325166
0.00997683227227836
0.007323264035453665
0.007323264035453665
-0.0337700161685962
0.06965124076325166
0.019573710717183945
0.04608054255882841
0.019573710717183945
0.06722535393210728
-0.002326399331381958
0.01607069566726995
-0.008741657373151064
0.043472409053438306
0.04208821115580774
0.01607069566726995
-0.0015979874055894478
0.04944243705025616
0.0025972597328477063
0.02225762288009487
-0.019455417232815967
0.01607069566726995
0.01769520581781886
0.02902058774148439
-0.028438454904158136
-0.0008682300491649035
0.14097160278266266
0.06091011270739347
0.14097160278266266
-0.008741657373151064
0.06091011270739347
-0.0034694061897454793
-0.028023838312069754
-0.0034694061897454793
0.013034400885213735
0.04608054255882841
-0.028023838312069754
-0.019455417232815967
-0.0034694061897454793
0.06091011270739347
0.04608054255882841
-0.0337700161685962
-0.019455417232815967
-0.019455417232815967
-0.002326399331381958
0.011310022065210111
0.019573710717183945
0.043472409053438306
0.04208821115580774
0.007086542172535028
-0.019455417232815967
0.04208821115580774
0.02902058774148439
-0.028438454904158136
0.00997683227227836
0.04208821115580774
0.013034400885213735
0.01769520581781886
-0.008741657373151064
0.007086542172535028
0.04608054255882841
-0.008741657373151064
0.06965124076325166
0.04944243705025616
-0.0034694061897454793
0.02053269401216338
0.013034400885213735
0.06091011270739347
-0.0337700161685962
-0.0008682300491649035
-0.0008682300491649035
0.031375039761734086
0.02225762288009487
-0.0015979874055894478
0.007323264035453665
0.02225762288009487
0.007323264035453665
-0.0015979874055894478
0.14097160278266266
0.013034400885213735
0.02053269401216338
-0.028438454904158136
0.02053269401216338
-0.0015979874055894478
-0.028438454904158136
0.06965124076325166
-0.008741657373151064
0.14097160278266266
-0.0015979874055894478
-0.007312614259597806
-0.002326399331381958
-0.007312614259597806
0.01607069566726995
-0.0015979874055894478
0.01607069566726995
-0.007977157822120431
0.031375039761734086
-0.0008682300491649035
0.011310022065210111
0.043472409053438306
0.02902058774148439
0.007086542172535028
0.0025972597328477063
0.0025972597328477063
0.0025972597328477063
0.01769520581781886
0.031375039761734086
0.02225762288009487
-0.028438454904158136
-0.028438454904158136
0.06965124076325166
-0.0015979874055894478
-0.0008682300491649035
0.0025972597328477063
0.04208821115580774
0.013034400885213735
-0.0008682300491649035
-0.007312614259597806
0.013034400885213735
-0.008741657373151064
-0.028438454904158136
0.013034400885213735
-0.0008682300491649035
-0.007312614259597806
0.04944243705025616
-0.007312614259597806
-0.019455417232815967
-0.0008682300491649035
0.02225762288009487
0.14097160278266266
0.043472409053438306
0.06722535393210728
-0.028438454904158136
0.06965124076325166
0.06965124076325166
-0.028438454904158136
0.0025972597328477063
-0.0008682300491649035
