-0.08014377252218123
-0.07111698133634722
-0.07255104598577981
-0.06978557653811353
-0.04209010801919191
-0.05536058820292255
-0.21406029273755298
-0.13040862827886354
-0.10310833724964663
-0.014715873402393406
-0.01613722271110268
-0.11424154600236076
-0.12772708044613407
-0.014503947919691985
-0.022860422831047465
-0.10188475811757042
-0.14834039454850534
-0.05798035633578308
-0.06487862478564145
-0.06978557653811353
-0.12705997668643768
-0.10188475811757042
-0.07349955728232467
-0.11514519093173745
-0.08014377252218123
-0.04448600127791156
-0.07067120171620188
-0.14045739510836686
-0.06034785188087311
-0.07158956796047576
-0.028603853156620042
-0.13854929452907105
-0.1309015468280013
-0.14045739510836686
-0.07487495705051081
-0.08079983642930756
8.069581061342655e-05
-0.01613722271110268
-0.018335382221927828
-0.04013599797091254
-0.059015862613189946
-0.05536058820292255
-0.10195351545730598
-0.03398689461732182
-0.09789148139319143
-0.11424154600236076
-0.022833754742912923
-0.07365405047251289
-0.03398689461732182
-0.06199604655256041
-0.09565967001797136
-0.13106305030537527
0.032565755651722345
-0.05650719110562126
-0.06199604655256041
-0.14517845644941643
-0.09304975548118509
-0.0342755908327329
-0.05650719110562126
-0.08524430802226349
-0.08014377252218123
-0.10218201423270049
-0.03288393177271573
-0.10188475811757042
-0.04483317656670186
-0.04820003088242087
-0.15804571897707667
-0.07255176619229449
-0.04699923116399311
-0.027466251697272216
-0.10218201423270049
-0.022860422831047465
-0.06639603756263728
-0.040301151659110274
-0.06034785188087311
-0.08366576161415189
0.0004597273375066038
-0.058424648446907035
-0.08014377252218123
-0.022833754742912923
-0.09437431558420285
-0.06786941804663879
-0.05072172578865052
-0.1683467111951543
-0.009684862420274968
-0.07749346412540833
-0.12810767686293453
-0.10188475811757042
-0.08942985209591482
-0.11514519093173745
-0.06978557653811353
-0.08738173400524135
-0.07255104598577981
-0.06430327591250996
-0.15645086351410367
-0.04820003088242087
-0.07365405047251289
0.0004597273375066038
-0.11514519093173745
0.017289032342410127
-0.022833754742912923
-0.07181498495187935
-0.10027598856115605
-0.023733299708181835
-0.0655289967283298
-0.157995174700481
-0.027466251697272216
-0.052400504785312184
-0.05491386396488996
-0.022860422831047465
-0.07487495705051081
-0.014503947919691985
-0.010357586253558999
-0.08524430802226349
-0.13106305030537527
-0.16338549565339464
-0.04820003088242087
-0.05198387580885289
-0.12193156319452635
-0.025683513187024744
-0.06414337259204105
-0.06199604655256041
-0.10310833724964663
-0.08324713304489212
-0.10779025090219088
-0.07501334864099825
-0.12299762532070559
-0.0030224956185140126
-0.06487862478564145
-0.12810767686293453
-0.10779025090219088
-0.03398689461732182
-0.08818840612328573
-0.06395784354011046
-0.08324713304489212
-0.09565967001797136
-0.014503947919691985
-0.12772708044613407
-0.054068996712943
-0.07111698133634722
-0.10310833724964663
-0.01696332118769226
-0.06372419513896688
-0.05536058820292255
-0.053533604365317074
-0.01696332118769226
-0.023634940119371183
-0.06978557653811353
-0.059015862613189946
-0.09789148139319143
-0.06786941804663879
-0.059015862613189946
-0.08324713304489212
-0.07501334864099825
-0.0342755908327329
-0.12195285306450163
-0.08366576161415189
-0.07365405047251289
0.017289032342410127
-0.0030224956185140126
-0.05976929361528576
-0.07255176619229449
-0.06487862478564145
-0.05346124924379832
-0.09144684572546732
-0.04699923116399311
-0.0770245733379279
-0.11372407262367708
-0.08660281757763273
-0.11452176996658636
-0.08738173400524135
-0.053533604365317074
-0.20754438025540983
-0.1309015468280013
-0.03288393177271573
-0.028603853156620042
-0.0655289967283298
-0.06034785188087311
-0.12299762532070559
-0.139769641230374
0.032565755651722345
-0.05772134270960824
-0.03288393177271573
-0.05491386396488996
-0.014503947919691985
-0.009684862420274968
-0.040301151659110274
-0.07158956796047576
-0.09565967001797136
-0.06414337259204105
-0.07749346412540833
-0.0220691323473437
-0.13106305030537527
-0.08536933823190467
-0.07158956796047576
-0.04013599797091254
-0.07255104598577981
-0.13854929452907105
-0.08536933823190467
-0.03398689461732182
-0.046857758401654695
-0.05072172578865052
-0.06199604655256041
-0.027466251697272216
-0.20754438025540983
-0.03398689461732182
-0.05346124924379832
-0.09807227917955465
-0.08818840612328573
-0.07181498495187935
-0.027466251697272216
-0.07181498495187935
-0.09437431558420285
-0.06372419513896688
-0.06786941804663879
0.0004597273375066038
0.02484777736448755
-0.11452176996658636
-0.04483317656670186
-0.0919833067267058
-0.05864123248067326
-0.06504315786290511
-0.04448600127791156
-0.07181498495187935
0.017289032342410127
-0.046857758401654695
-0.15645086351410367
-0.15804571897707667
-0.07158956796047576
-0.010453549091162867
-0.04448600127791156
-0.02786942952183771
-0.047146239885298515
-0.010453549091162867
-0.07365405047251289
-0.0740406595540305
-0.08524430802226349
-0.0655289967283298
-0.07565452569431062
-0.05536058820292255
-0.06034785188087311
-0.05650719110562126
-0.10310833724964663
-0.08738173400524135
-0.014715873402393406
-0.13040862827886354
-0.09789148139319143
-0.15317310888338734
0.0004597273375066038
-0.010453549091162867
-0.0342755908327329
-0.12705997668643768
-0.050583983049540863
-0.047146239885298515
-0.14517845644941643
-0.040301151659110274
0.02484777736448755
-0.04209010801919191
-0.0030224956185140126
-0.0655289967283298
-0.11424154600236076
-0.06430327591250996
-0.03489711814741631
-0.08818840612328573
-0.022860422831047465
-0.053533604365317074
-0.02419207981211583
-0.14545752068935294
0.015558929348766489
-0.04942435687153355
-0.15317310888338734
-0.018335382221927828
-0.08525430655329073
-0.01696332118769226
-0.014715873402393406
-0.10329020460192448
0.032565755651722345
-0.07067120171620188
-0.11452176996658636
-0.08536933823190467
-0.08079983642930756
-0.08366576161415189
-0.09789148139319143
-0.08536933823190467
-0.046857758401654695
-0.05772134270960824
-0.05322944983929775
-0.10218201423270049
-0.014503947919691985
-0.059015862613189946
-0.018335382221927828
-0.09213382981343185
-0.018506362923901228
-0.08525430655329073
-0.0342755908327329
-0.014715873402393406
-0.07181498495187935
-0.07487495705051081
-0.07365405047251289
-0.06430327591250996
-0.028603853156620042
-0.05198387580885289
-0.07181498495187935
-0.04942435687153355
-0.13517041909515695
-0.028603853156620042
-0.03288393177271573
-0.06639603756263728
-0.06797931109501762
-0.03489711814741631
-0.16338549565339464
-0.09565967001797136
-0.16338549565339464
-0.0342755908327329
-0.12193156319452635
-0.08480075035753022
-0.10779025090219088
-0.08963518681223902
-0.21406029273755298
-0.10779025090219088
-0.157995174700481
-0.050583983049540863
-0.04448600127791156
-0.09807227917955465
-0.12705997668643768
-0.06786941804663879
-0.03288393177271573
-0.047146239885298515
-0.14834039454850534
-0.05278070021420853
-0.139769641230374
-0.04448600127791156
-0.05491386396488996
-0.04448600127791156
-0.07255176619229449
-0.07111698133634722
-0.07067120171620188
-0.040301151659110274
-0.11110530485667929
-0.07501334864099825
-0.06430327591250996
-0.16338549565339464
-0.0030224956185140126
-0.010453549091162867
-0.09419251462714583
-0.15317310888338734
-0.04820003088242087
-0.03288393177271573
-0.09727400955410105
-0.02786942952183771
-0.1683467111951543
-0.14045739510836686
-0.12507327002987528
-0.058424648446907035
-0.09437431558420285
-0.139769641230374
-0.014503947919691985
-0.028603853156620042
-0.12810767686293453
-0.06504315786290511
-0.09807227917955465
-0.0655289967283298
-0.02295745145101875
-0.09213382981343185
-0.03288393177271573
-0.01613722271110268
-0.08014377252218123
-0.20754438025540983
-0.14811624194790632
-0.07501334864099825
-0.15317310888338734
-0.08014377252218123
-0.028603853156620042
-0.06199604655256041
-0.06395784354011046
-0.09807227917955465
-0.10218201423270049
-0.06034785188087311
-0.07158956796047576
-0.052400504785312184
-0.09304975548118509
-0.08660281757763273
-0.12772708044613407
-0.05650719110562126
-0.047146239885298515
-0.051614880784225416
-0.139769641230374
-0.010453549091162867
-0.08942985209591482
-0.04209010801919191
-0.12705997668643768
-0.05278070021420853
-0.03398689461732182
-0.07749346412540833
-0.08660281757763273
-0.08524430802226349
-0.139769641230374
0.012094295827539969
-0.10188475811757042
-0.05864123248067326
-0.15804571897707667
-0.10027598856115605
-0.023733299708181835
-0.04820003088242087
-0.06395784354011046
-0.054068996712943
-0.05491386396488996
-0.10779025090219088
-0.05598482050026886
-0.12299762532070559
-0.1496850194303266
-0.0655289967283298
-0.06372419513896688
-0.05322944983929775
-0.05346124924379832
-0.11514519093173745
-0.08524430802226349
-0.07365405047251289
-0.1683467111951543
-0.12772708044613407
-0.053533604365317074
-0.11424154600236076
-0.11110530485667929
-0.12195285306450163
-0.03837798642525843
-0.04483317656670186
0.01884174475068283
-0.058424648446907035
0.02484777736448755
-0.0030224956185140126
-0.1309015468280013
-0.09807227917955465
-0.03288393177271573
-0.02295745145101875
-0.1496850194303266
-0.03837798642525843
-0.15645086351410367
-0.06978557653811353
-0.04193663094415643
-0.06034785188087311
-0.08366576161415189
-0.07563638038396756
-0.12810767686293453
-0.09419251462714583
-0.09419251462714583
-0.1683467111951543
-0.07565452569431062
-0.13106305030537527
-0.053533604365317074
-0.21406029273755298
-0.02433799156695964
-0.018335382221927828
-0.02419207981211583
-0.09807227917955465
-0.10310833724964663
0.012094295827539969
-0.07487495705051081
0.0004597273375066038
-0.02786942952183771
-0.07349955728232467
-0.15317310888338734
-0.040301151659110274
-0.059015862613189946
-0.12195285306450163
0.034503327415983456
-0.08942985209591482
-0.12772708044613407
-0.14834039454850534
-0.05864123248067326
-0.07181498495187935
-0.09213382981343185
-0.10027598856115605
-0.07365405047251289
-0.07089025097958693
-0.05598482050026886
-0.03398689461732182
-0.06199604655256041
-0.08738173400524135
-0.022833754742912923
-0.010453549091162867
-0.058424648446907035
-0.0030224956185140126
-0.06414337259204105
0.0004597273375066038
-0.07255176619229449
-0.050583983049540863
0.01884174475068283
-0.03489711814741631
-0.14811624194790632
-0.06639603756263728
-0.12193156319452635
-0.0030224956185140126
-0.04209010801919191
-0.1683467111951543
-0.07255104598577981
-0.03288393177271573
-0.14811624194790632
-0.06639603756263728
-0.11514519093173745
-0.01696332118769226
-0.05650719110562126
-0.10779025090219088
-0.12705997668643768
-0.07749346412540833
8.069581061342655e-05
-0.13106305030537527
-0.10670407627346049
-0.08014377252218123
-0.07158956796047576
-0.05976929361528576
-0.05598482050026886
-0.010357586253558999
-0.05346124924379832
-0.15317310888338734
-0.023733299708181835
-0.11372407262367708
-0.06978557653811353
0.015558929348766489
-0.08942985209591482
-0.12195285306450163
-0.0030224956185140126
-0.07349955728232467
-0.05598482050026886
-0.05072172578865052
-0.09213382981343185
-0.12772708044613407
-0.05598482050026886
-0.0770245733379279
-0.05072172578865052
-0.12507327002987528
-0.05772134270960824
-0.16338549565339464
-0.040301151659110274
-0.01696332118769226
-0.06639603756263728
-0.157995174700481
-0.02433799156695964
-0.13517041909515695
-0.05536058820292255
-0.0655289967283298
0.015558929348766489
-0.09807227917955465
-0.050583983049540863
-0.03288393177271573
-0.10195351545730598
-0.05198387580885289
-0.12299762532070559
-0.11514519093173745
-0.09619245208385663
-0.07181498495187935
-0.15804571897707667
-0.0342755908327329
-0.09807227917955465
-0.14045739510836686
-0.07089025097958693
0.015558929348766489
-0.04582350831658735
-0.01696332118769226
-0.11424154600236076
-0.04209010801919191
-0.06786941804663879
-0.12810767686293453
-0.0342755908327329
-0.07089025097958693
-0.06414337259204105
-0.05536058820292255
-0.053533604365317074
-0.06199604655256041
-0.07565452569431062
-0.12299762532070559
-0.05598482050026886
-0.05598482050026886
-0.02433799156695964
-0.07563638038396756
-0.08366576161415189
-0.09619245208385663
-0.1309015468280013
-0.046857758401654695
-0.09789148139319143
-0.08963518681223902
0.017289032342410127
-0.04699923116399311
-0.07089025097958693
-0.04209010801919191
-0.05346124924379832
-0.05198387580885289
-0.07158956796047576
-0.04193663094415643
-0.09789148139319143
-0.13854929452907105
-0.12299762532070559
-0.07349955728232467
-0.10310833724964663
-0.04448600127791156
-0.05598482050026886
-0.0770245733379279
-0.09619245208385663
-0.05598482050026886
-0.0655289967283298
-0.018506362923901228
-0.1309015468280013
-0.08660281757763273
-0.06797931109501762
-0.02433799156695964
-0.04942435687153355
-0.04942435687153355
-0.09419251462714583
0.032565755651722345
-0.04193663094415643
-0.08014377252218123
-0.14545752068935294
-0.13517041909515695
-0.11424154600236076
-0.06487862478564145
-0.02295745145101875
-0.06504315786290511
-0.11345444155233311
-0.05278070021420853
-0.08014377252218123
-0.05198387580885289
-0.157995174700481
-0.028603853156620042
-0.03489711814741631
-0.06430327591250996
-0.06395784354011046
-0.023634940119371183
-0.11372407262367708
-0.06395784354011046
-0.06504315786290511
-0.1309015468280013
-0.08525430655329073
-0.058424648446907035
-0.04483317656670186
-0.06414337259204105
-0.02295745145101875
-0.05198387580885289
-0.09727400955410105
-0.09789148139319143
-0.08524430802226349
-0.15180457541868345
-0.009684862420274968
-0.13854929452907105
-0.11110530485667929
-0.046857758401654695
-0.12299762532070559
-0.014715873402393406
-0.08524430802226349
-0.06249722049751052
-0.10188475811757042
-0.06249722049751052
-0.05198387580885289
0.0004597273375066038
-0.05976929361528576
-0.09807227917955465
-0.12507327002987528
-0.05864123248067326
-0.07749346412540833
-0.09789148139319143
-0.0740406595540305
0.0004597273375066038
-0.009684862420274968
0.034503327415983456
-0.0220691323473437
-0.014715873402393406
-0.12193156319452635
-0.06504315786290511
-0.059015862613189946
-0.02295745145101875
-0.05278070021420853
-0.06034785188087311
-0.018506362923901228
-0.12193156319452635
-0.07255176619229449
-0.06372419513896688
-0.04209010801919191
-0.14545752068935294
-0.20754438025540983
-0.06249722049751052
-0.018335382221927828
0.034503327415983456
-0.09619245208385663
-0.054068996712943
-0.010453549091162867
-0.20754438025540983
-0.014503947919691985
-0.11424154600236076
-0.0220691323473437
-0.05536058820292255
-0.12195285306450163
-0.13106305030537527
-0.07565452569431062
-0.0342755908327329
-0.08366576161415189
-0.04820003088242087
-0.07563638038396756
-0.06199604655256041
0.017289032342410127
-0.08942985209591482
-0.11372407262367708
-0.13106305030537527
-0.15317310888338734
-0.09727400955410105
-0.0220691323473437
-0.03489711814741631
-0.08942985209591482
-0.07158956796047576
0.017289032342410127
-0.07565452569431062
-0.07749346412540833
-0.0655289967283298
-0.0030224956185140126
-0.059015862613189946
-0.09437431558420285
-0.05346124924379832
-0.08738173400524135
-0.07181498495187935
-0.02786942952183771
-0.08738173400524135
-0.15180457541868345
-0.157995174700481
-0.12299762532070559
-0.055403863933059
-0.12507327002987528
0.01884174475068283
-0.051614880784225416
-0.07565452569431062
-0.10329020460192448
-0.018506362923901228
-0.20754438025540983
-0.21406029273755298
-0.07349955728232467
-0.08660281757763273
-0.1683467111951543
-0.15804571897707667
-0.028603853156620042
-0.09437431558420285
-0.08480075035753022
-0.09419251462714583
-0.10218201423270049
-0.07365405047251289
-0.07501334864099825
-0.053533604365317074
-0.052400504785312184
-0.09619245208385663
-0.11424154600236076
-0.08738173400524135
-0.07749346412540833
-0.06430327591250996
-0.01613722271110268
-0.06395784354011046
-0.053533604365317074
-0.04209010801919191
-0.09144684572546732
-0.07487495705051081
-0.0740406595540305
-0.12705997668643768
-0.08525430655329073
-0.08818840612328573
0.02484777736448755
-0.07255104598577981
-0.018335382221927828
-0.0342755908327329
-0.01613722271110268
-0.1496850194303266
-0.10779025090219088
-0.09213382981343185
-0.12193156319452635
-0.09144684572546732
-0.15902438824914494
-0.07565452569431062
-0.07563638038396756
-0.05346124924379832
-0.09304975548118509
-0.07565452569431062
-0.054068996712943
-0.07158956796047576
-0.04942435687153355
-0.07181498495187935
-0.054068996712943
-0.051614880784225416
-0.11372407262367708
-0.02419207981211583
-0.06034785188087311
-0.07565452569431062
-0.09807227917955465
-0.13854929452907105
8.069581061342655e-05
-0.10779025090219088
-0.02433799156695964
-0.0030224956185140126
-0.08366576161415189
-0.11110530485667929
-0.06797931109501762
-0.050583983049540863
-0.08324713304489212
-0.09213382981343185
-0.04820003088242087
-0.08079983642930756
-0.05976929361528576
-0.022833754742912923
-0.06786941804663879
-0.028603853156620042
-0.06797931109501762
-0.07255104598577981
-0.03489711814741631
-0.04193663094415643
-0.09437431558420285
-0.09789148139319143
-0.10310833724964663
-0.08014377252218123
-0.05491386396488996
-0.05346124924379832
-0.07255104598577981
-0.025683513187024744
-0.062122890184194375
-0.05198387580885289
-0.07067120171620188
-0.09807227917955465
-0.13040862827886354
-0.10670407627346049
-0.07565452569431062
-0.08942985209591482
-0.09144684572546732
-0.07111698133634722
-0.03837798642525843
-0.08660281757763273
0.012094295827539969
-0.028603853156620042
-0.018335382221927828
-0.07365405047251289
-0.014715873402393406
-0.07158956796047576
-0.05346124924379832
-0.06639603756263728
-0.13040862827886354
-0.02786942952183771
-0.04193663094415643
-0.09419251462714583
-0.07349955728232467
-0.15180457541868345
-0.07749346412540833
-0.02295745145101875
-0.053533604365317074
-0.09144684572546732
-0.1496850194303266
-0.15804571897707667
-0.01696332118769226
-0.09727400955410105
-0.014503947919691985
-0.09213382981343185
-0.05976929361528576
-0.051614880784225416
-0.046857758401654695
-0.07563638038396756
8.069581061342655e-05
-0.14545752068935294
-0.14517845644941643
-0.08079983642930756
-0.047146239885298515
-0.022860422831047465
-0.21406029273755298
-0.07349955728232467
-0.047146239885298515
-0.02433799156695964
-0.027466251697272216
-0.13106305030537527
-0.05650719110562126
0.012094295827539969
-0.09727400955410105
-0.08014377252218123
-0.08738173400524135
-0.04582350831658735
-0.023733299708181835
-0.054068996712943
-0.05772134270960824
-0.05346124924379832
-0.054068996712943
-0.05976929361528576
-0.13106305030537527
-0.03288393177271573
-0.10195351545730598
-0.14045739510836686
-0.09789148139319143
-0.10310833724964663
-0.11424154600236076
-0.10779025090219088
-0.03398689461732182
-0.07181498495187935
-0.010453549091162867
-0.018335382221927828
-0.04013599797091254
-0.018335382221927828
-0.08524430802226349
-0.06797931109501762
-0.1309015468280013
-0.11452176996658636
-0.0030224956185140126
-0.05976929361528576
-0.14517845644941643
-0.054068996712943
-0.058424648446907035
-0.14834039454850534
-0.03837798642525843
-0.023733299708181835
-0.05772134270960824
-0.0030224956185140126
-0.06395784354011046
-0.12772708044613407
-0.10195351545730598
0.01884174475068283
-0.06504315786290511
-0.047146239885298515
-0.06978557653811353
-0.058424648446907035
-0.04483317656670186
-0.03288393177271573
-0.08963518681223902
8.069581061342655e-05
-0.050583983049540863
-0.14517845644941643
-0.09789148139319143
-0.07181498495187935
-0.12507327002987528
-0.10310833724964663
-0.10779025090219088
-0.06285304151327403
-0.11372407262367708
-0.07349955728232467
-0.07349955728232467
-0.04942435687153355
-0.04193663094415643
-0.10670407627346049
-0.15180457541868345
-0.08738173400524135
-0.09213382981343185
-0.09727400955410105
-0.08524430802226349
-0.07565452569431062
-0.11514519093173745
-0.010453549091162867
-0.06395784354011046
-0.05798035633578308
-0.03288393177271573
-0.157995174700481
-0.052400504785312184
-0.04193663094415643
-0.0220691323473437
-0.05772134270960824
-0.139769641230374
-0.10027598856115605
-0.0342755908327329
-0.062122890184194375
-0.14811624194790632
-0.04448600127791156
-0.052400504785312184
-0.08660281757763273
-0.1683467111951543
-0.0220691323473437
-0.07563638038396756
-0.11452176996658636
-0.06285304151327403
-0.07365405047251289
-0.052400504785312184
-0.05346124924379832
-0.07565452569431062
-0.09789148139319143
-0.03288393177271573
-0.05650719110562126
-0.055403863933059
-0.03489711814741631
-0.14834039454850534
-0.04820003088242087
-0.1683467111951543
-0.06285304151327403
-0.07111698133634722
-0.09565967001797136
-0.051614880784225416
-0.022860422831047465
-0.06199604655256041
-0.09727400955410105
-0.08738173400524135
-0.0919833067267058
-0.09437431558420285
0.0004597273375066038
-0.018506362923901228
-0.07565452569431062
-0.157995174700481
-0.15645086351410367
-0.08366576161415189
-0.15317310888338734
-0.03288393177271573
0.015558929348766489
-0.01696332118769226
-0.0220691323473437
-0.051614880784225416
-0.14545752068935294
-0.05346124924379832
0.032565755651722345
0.017289032342410127
-0.06487862478564145
