-0.04511794936120467
-0.04606553872039601
-0.10317112750116274
-0.1527009059512412
-0.05462766352431659
-0.03679786449227982
-0.02640581821152024
-0.09419873235212047
-0.09060559054055727
-0.017986625782863846
-0.033653665855634576
-0.05816267769046561
-0.0879745820917774
-0.008691306699566264
-0.053907541644218036
-0.0542533410955192
-0.02084387851920382
-0.10403120332627538
-0.05591949346902506
-0.0471281038988622
-0.051046239366500726
-0.04724048833940368
-0.05363831804594367
-0.030732230407126575
-0.0644849530209687
-0.045195398205276294
-0.04511794936120467
-0.03679786449227982
-0.050518951621764306
-0.027867236707963053
-0.07113949852448391
-0.09405200534824028
-0.0866079626267337
-0.08329630761616172
-0.05090677662753109
0.0004772339300128629
-0.027867236707963053
-0.0687370792118696
-0.03518433120521346
-0.06456137095749873
-0.038965943602427465
-0.04755178341010472
-0.004734646458058401
-0.12555284741946302
-0.016132084971200205
-0.03518433120521346
-0.02500869455028225
-0.03838791734790055
-0.03488970827096559
-0.0687370792118696
-0.18772677341507354
-0.04724048833940368
-0.05241901063249864
-0.10363443320688312
-0.09855553080542659
0.0004772339300128629
-0.06539567389688566
-0.02602137098726808
-0.024495633016743196
-0.09891716521214781
-0.0866079626267337
-0.06539567389688566
-0.026282221478937128
-0.0006408956029054376
-0.10759479922039551
-0.12366646329337802
-0.014618734618983102
-0.10759479922039551
-0.0687370792118696
-0.06456137095749873
-0.07702753167214445
-0.027334429806877638
-0.0010820852852054513
-0.02640581821152024
-0.017986625782863846
-0.04755178341010472
-0.014758104878567784
-0.0558295185133752
-0.004734646458058401
-0.11578593127720632
-0.06519592758324261
-0.007210279883089336
-0.12132917452412319
-0.09213877873175073
-0.04511794936120467
-0.02998752959565714
-0.024753370148492382
-0.04606553872039601
-0.09891716521214781
-0.06602985785364615
-0.07124183767302687
-0.04387991611526704
-0.0785929841842413
-0.053907541644218036
-0.06512230530349462
-0.038965943602427465
-0.03846766056240943
-0.14934567869202267
-0.11896274918866549
-0.04387991611526704
-0.05591949346902506
-0.060013087882148104
-0.04724048833940368
-0.0610724020098358
-0.06491270100961323
-0.06046908094030091
-0.18772677341507354
-0.08329630761616172
-0.014150198747375546
-0.11317660766896322
-0.0644849530209687
-0.06240346312176868
-0.06046908094030091
-0.04113279757109062
-0.06387919585395992
-0.10317112750116274
-0.08689823749145809
-0.06240346312176868
-0.02500869455028225
-0.09733706398937163
-0.18083308592028877
-0.05090677662753109
-0.02084387851920382
-0.06602985785364615
-0.02500869455028225
-0.11578593127720632
-0.11006802310217875
-0.03838791734790055
-0.05816267769046561
-0.02084387851920382
-0.05816267769046561
-0.04645613813655935
-0.02602137098726808
-0.014618734618983102
-0.09419873235212047
-0.05659423900797216
-0.024753370148492382
-0.12555284741946302
-0.0644728232355374
-0.08156514144840897
-0.017579580952031666
-0.11152661892849088
-0.07625983961283041
-0.05816267769046561
-0.017986625782863846
-0.09733706398937163
-0.05462766352431659
-0.12128953217866249
-0.06046908094030091
-0.041784213167388555
-0.07625983961283041
-0.006499124798384549
-0.036700097343854945
-0.041784213167388555
-0.02640581821152024
-0.07677936746357124
-0.030732230407126575
-0.053907541644218036
-0.03235817928010996
-0.024495633016743196
-0.06512230530349462
-0.08084125125144974
0.0004772339300128629
-0.04606553872039601
-0.001211666758552621
-0.12922719611396571
-0.12366646329337802
-0.0690613287714664
-0.09419873235212047
-0.041784213167388555
-0.07702753167214445
-0.06621244476656576
-0.08599080104969144
-0.036700097343854945
-0.032648145961389555
-0.06491270100961323
-0.05659423900797216
-0.056935261113440015
-0.04755178341010472
-0.053907541644218036
-0.08212703623956737
-0.1527009059512412
-0.015152443533956077
-0.03838791734790055
-0.0471281038988622
-0.09891716521214781
-0.07155175825702034
-0.02888330894080876
-0.02985462065802574
-0.056800626687495186
-0.0690613287714664
-0.15305739239190377
-0.06949965607139859
-0.06539567389688566
-0.001211666758552621
-0.13577245630117485
-0.14934567869202267
-0.029089909908457227
-0.024753370148492382
-0.06240346312176868
-0.02914125742789588
-0.0010820852852054513
-0.12366646329337802
-0.06240346312176868
-0.09733706398937163
-0.16177117527036394
-0.11896274918866549
-0.0828020845579835
-0.07679849345237214
-0.04724048833940368
-0.10759479922039551
-0.15305739239190377
-0.07813415198751918
-0.05078610417018787
-0.06949965607139859
-0.07702753167214445
-0.001211666758552621
-0.0866079626267337
-0.05816267769046561
-0.051046239366500726
-0.02640581821152024
-0.1527009059512412
-0.0785929841842413
-0.050518951621764306
-0.05816267769046561
-0.056800626687495186
-0.09504755344049885
-0.0785929841842413
-0.04387991611526704
-0.036493269062957495
-0.12055043193738142
-0.015152443533956077
-0.045195398205276294
-0.18772677341507354
-0.045195398205276294
-0.07702753167214445
-0.07113949852448391
-0.045421266692724505
-0.03518433120521346
-0.07922654747583342
-0.06208318412189946
-0.03518433120521346
-0.0542533410955192
-0.08599080104969144
-0.07625983961283041
-0.11006802310217875
-0.06621244476656576
-0.014618734618983102
-0.04387991611526704
-0.036700097343854945
-0.052317761281197916
-0.06743691032083582
-0.03846766056240943
-0.07625983961283041
-0.05591949346902506
-0.07625983961283041
-0.0558295185133752
-0.09855553080542659
-0.029089909908457227
-0.06491270100961323
-0.062221812706356135
-0.06456137095749873
-0.1527009059512412
-0.045195398205276294
-0.04755178341010472
-0.041784213167388555
-0.03824715824056691
-0.0690613287714664
-0.03679786449227982
-0.04387991611526704
-0.08633517768024838
-0.006499124798384549
-0.08846147464079172
-0.10210907269877072
-0.10048786162032007
-0.032031699769090094
-0.04645613813655935
-0.03846766056240943
-0.04724048833940368
-0.0785929841842413
-0.016132084971200205
-0.11152661892849088
-0.11006802310217875
-0.053907541644218036
-0.07303019035530449
-0.07813415198751918
-0.04387991611526704
-0.04627505424535361
-0.049553514383611955
-0.06602985785364615
0.0012756760822935215
-0.06456137095749873
-0.0690613287714664
-0.049553514383611955
-0.0785929841842413
-0.05090677662753109
-0.03488970827096559
-0.11006802310217875
-0.07679849345237214
-0.06512230530349462
-0.06046908094030091
-0.10403120332627538
-0.11315582766058888
-0.02998752959565714
-0.05241901063249864
-0.08084125125144974
-0.036700097343854945
-0.11641764155909747
-0.03846766056240943
-0.041784213167388555
-0.09110458936441589
-0.056935261113440015
-0.06621244476656576
-0.06743691032083582
-0.02500869455028225
-0.014150198747375546
-0.02998752959565714
-0.030732230407126575
-0.03846766056240943
-0.06884624228387969
-0.0745182549444956
-0.017579580952031666
-0.12128953217866249
-0.0879745820917774
-0.008691306699566264
-0.03679786449227982
-0.03488970827096559
-0.10363443320688312
-0.05591949346902506
-0.03518433120521346
-0.08225020005656959
-0.038965943602427465
-0.09105252442793559
-0.053907541644218036
-0.02602137098726808
-0.0828020845579835
-0.11578593127720632
-0.09060559054055727
-0.030732230407126575
-0.02640581821152024
-0.08846147464079172
-0.05241901063249864
-0.09891716521214781
-0.08212703623956737
-0.062221812706356135
-0.027334429806877638
-0.09956429496750431
-0.0644728232355374
-0.0752401622058341
-0.032031699769090094
-0.05659423900797216
-0.04755178341010472
-0.07124183767302687
-0.11006802310217875
-0.04387991611526704
-0.06387919585395992
-0.07303019035530449
-0.09105252442793559
-0.09956429496750431
-0.05462766352431659
-0.0006408956029054376
-0.06119233832114779
-0.06512230530349462
-0.0010820852852054513
-0.09761179393757899
-0.016132084971200205
-0.027867236707963053
-0.03824715824056691
-0.03824715824056691
-0.08846147464079172
-0.03235817928010996
-0.0644849530209687
-0.09891716521214781
-0.06208318412189946
-0.06140728505989076
-0.15305739239190377
-0.07155175825702034
-0.11006802310217875
0.0004772339300128629
-0.06884624228387969
-0.051046239366500726
-0.09419873235212047
-0.006499124798384549
-0.12469574926703447
-0.0690613287714664
-0.06491270100961323
-0.10759479922039551
-0.027334429806877638
-0.026821297510941682
-0.09110458936441589
-0.05241901063249864
-0.052317761281197916
-0.017579580952031666
-0.05816267769046561
-0.07813415198751918
-0.0879745820917774
-0.02640581821152024
-0.10335212918803403
-0.08225020005656959
-0.02500869455028225
-0.05090677662753109
-0.04606553872039601
-0.033653665855634576
-0.041784213167388555
-0.032031699769090094
-0.04755178341010472
-0.08329630761616172
-0.09419873235212047
-0.0558295185133752
-0.08599080104969144
-0.0752401622058341
-0.015152443533956077
0.0012756760822935215
-0.036493269062957495
-0.07113949852448391
-0.04755178341010472
-0.056935261113440015
-0.08846147464079172
-0.10317112750116274
-0.04387991611526704
0.0012756760822935215
-0.036493269062957495
-0.09060559054055727
-0.06539567389688566
-0.08084125125144974
-0.03518433120521346
-0.06621244476656576
-0.014150198747375546
-0.07043438088429126
-0.0644849530209687
-0.11192035296266359
-0.049553514383611955
-0.06046908094030091
-0.014758104878567784
-0.08225020005656959
-0.05363831804594367
-0.11578593127720632
-0.0690613287714664
-0.09104819534506764
-0.008691306699566264
-0.09213877873175073
-0.0006408956029054376
-0.060013087882148104
-0.02985462065802574
-0.09110458936441589
-0.027334429806877638
-0.04755178341010472
-0.12469574926703447
-0.08225020005656959
-0.18083308592028877
-0.07813415198751918
-0.05241901063249864
-0.08225020005656959
-0.12132917452412319
-0.18083308592028877
-0.10048786162032007
-0.11896274918866549
-0.045195398205276294
-0.06491270100961323
-0.06539567389688566
-0.036493269062957495
-0.0542533410955192
-0.06140728505989076
-0.09504755344049885
-0.024495633016743196
-0.053907541644218036
-0.12555284741946302
-0.02985462065802574
-0.11006802310217875
-0.08599080104969144
-0.04387991611526704
-0.044453803410633604
-0.050518951621764306
-0.038965943602427465
-0.09060559054055727
-0.09129231099568379
-0.05816267769046561
-0.12128953217866249
-0.07702753167214445
-0.11006802310217875
-0.10210907269877072
-0.10335212918803403
-0.02985462065802574
-0.04955079150462141
-0.06539567389688566
-0.08212703623956737
-0.056935261113440015
-0.014618734618983102
-0.016132084971200205
-0.07702753167214445
-0.10335212918803403
-0.08329630761616172
-0.024495633016743196
-0.09891716521214781
-0.05090677662753109
-0.03235817928010996
-0.038965943602427465
-0.08225020005656959
-0.08225020005656959
-0.06140728505989076
-0.09761179393757899
-0.0010820852852054513
-0.09129231099568379
-0.07124183767302687
-0.09733706398937163
-0.12366646329337802
-0.07922654747583342
-0.017986625782863846
-0.007210279883089336
-0.10335212918803403
-0.056935261113440015
-0.11578593127720632
-0.050518951621764306
-0.06046908094030091
-0.06119233832114779
-0.12366646329337802
-0.08689823749145809
-0.038965943602427465
-0.12469574926703447
0.0004772339300128629
-0.07625983961283041
-0.08225020005656959
-0.12132917452412319
-0.09129231099568379
-0.08225020005656959
-0.053907541644218036
-0.05078610417018787
-0.07124183767302687
-0.02998752959565714
-0.12055043193738142
-0.06140728505989076
-0.056800626687495186
-0.056800626687495186
-0.16177117527036394
-0.03824715824056691
-0.14934567869202267
-0.06119233832114779
-0.049553514383611955
-0.02888330894080876
-0.09504755344049885
-0.08212703623956737
-0.004734646458058401
-0.07303019035530449
-0.11152661892849088
-0.08738566099013857
-0.06743691032083582
-0.049553514383611955
-0.050518951621764306
-0.0542533410955192
-0.0785929841842413
-0.04511794936120467
-0.015152443533956077
-0.1527009059512412
-0.03488970827096559
-0.026282221478937128
-0.09213877873175073
-0.03488970827096559
-0.11152661892849088
-0.07124183767302687
-0.06949965607139859
-0.032031699769090094
-0.0644728232355374
-0.08329630761616172
-0.07303019035530449
-0.050518951621764306
-0.08633517768024838
-0.12366646329337802
-0.030732230407126575
-0.05928758668797091
-0.0610724020098358
-0.08689823749145809
-0.062221812706356135
-0.09733706398937163
-0.038965943602427465
-0.001211666758552621
-0.030732230407126575
0.0063427976473328165
-0.0745182549444956
0.0063427976473328165
-0.050518951621764306
-0.09419873235212047
-0.014758104878567784
-0.11006802310217875
-0.10048786162032007
-0.017579580952031666
-0.014150198747375546
-0.12366646329337802
-0.07677936746357124
-0.09419873235212047
-0.0610724020098358
-0.026821297510941682
-0.09104819534506764
-0.11317660766896322
-0.001211666758552621
-0.07113949852448391
-0.11152661892849088
-0.10759479922039551
-0.07303019035530449
-0.06743691032083582
-0.06512230530349462
-0.05078610417018787
-0.06387919585395992
-0.07113949852448391
-0.0558295185133752
-0.02602137098726808
-0.056935261113440015
-0.02888330894080876
-0.060013087882148104
-0.06602985785364615
0.0063427976473328165
-0.15305739239190377
-0.026821297510941682
-0.09129231099568379
-0.10363443320688312
-0.041784213167388555
-0.06602985785364615
-0.04724048833940368
-0.08212703623956737
-0.11317660766896322
-0.024495633016743196
-0.027334429806877638
-0.0644849530209687
-0.03235817928010996
-0.07702753167214445
-0.0010820852852054513
-0.03679786449227982
-0.09761179393757899
-0.05090677662753109
-0.017986625782863846
-0.09110458936441589
-0.06387919585395992
-0.09213877873175073
-0.0644849530209687
-0.0690613287714664
-0.08633517768024838
-0.11317660766896322
-0.015152443533956077
-0.09110458936441589
-0.06046908094030091
-0.017986625782863846
-0.03235817928010996
-0.014150198747375546
-0.053907541644218036
-0.04755178341010472
-0.10759479922039551
-0.04645613813655935
-0.11578593127720632
-0.04606553872039601
-0.05816267769046561
-0.006499124798384549
-0.04606553872039601
-0.05928758668797091
-0.0542533410955192
-0.038965943602427465
-0.05838120463486684
-0.10048786162032007
-0.0752401622058341
-0.11641764155909747
-0.03235817928010996
-0.13577245630117485
-0.05078610417018787
-0.06602985785364615
-0.06208318412189946
-0.12469574926703447
-0.02998752959565714
-0.08846147464079172
-0.12128953217866249
-0.0785929841842413
-0.04645613813655935
-0.045421266692724505
-0.03824715824056691
-0.07679849345237214
-0.02640581821152024
-0.06456137095749873
-0.09891716521214781
-0.09104819534506764
-0.10403120332627538
-0.09129231099568379
-0.08212703623956737
-0.04606553872039601
-0.014150198747375546
-0.1527009059512412
-0.04627505424535361
-0.03488970827096559
-0.09891716521214781
-0.056935261113440015
-0.06519592758324261
-0.051046239366500726
-0.07677936746357124
-0.06621244476656576
-0.06949965607139859
-0.03838791734790055
-0.05659423900797216
-0.10317112750116274
-0.15305739239190377
-0.07702753167214445
-0.04627505424535361
-0.09105252442793559
-0.03518433120521346
-0.07813415198751918
-0.07113949852448391
-0.16177117527036394
-0.06519592758324261
-0.07415900306678916
-0.03235817928010996
-0.09761179393757899
-0.11578593127720632
-0.11315582766058888
-0.03235817928010996
-0.10363443320688312
-0.06046908094030091
-0.056800626687495186
-0.05816267769046561
-0.10363443320688312
-0.11641764155909747
-0.09213877873175073
-0.07155175825702034
-0.06512230530349462
-0.03235817928010996
-0.11006802310217875
-0.08689823749145809
-0.07043438088429126
-0.03518433120521346
-0.06140728505989076
-0.04755178341010472
-0.0010820852852054513
-0.062221812706356135
-0.12055043193738142
-0.08599080104969144
-0.0687370792118696
-0.07813415198751918
-0.03679786449227982
-0.02914125742789588
-0.014758104878567784
-0.033653665855634576
-0.014618734618983102
-0.0785929841842413
-0.12055043193738142
-0.10317112750116274
-0.015152443533956077
-0.06119233832114779
-0.04645613813655935
-0.12366646329337802
0.0004772339300128629
-0.049553514383611955
-0.05591949346902506
-0.11578593127720632
-0.10317112750116274
-0.09405200534824028
-0.0588339521144303
-0.050518951621764306
-0.029089909908457227
-0.11006802310217875
-0.12922719611396571
-0.11192035296266359
-0.03235817928010996
-0.09110458936441589
-0.06519592758324261
-0.09855553080542659
-0.09956429496750431
-0.02998752959565714
-0.06884624228387969
-0.0785929841842413
-0.15305739239190377
-0.02640581821152024
-0.001211666758552621
-0.06046908094030091
-0.11578593127720632
-0.16177117527036394
-0.036493269062957495
-0.12922719611396571
-0.006499124798384549
-0.06119233832114779
-0.03824715824056691
-0.12469574926703447
-0.05928758668797091
-0.014150198747375546
-0.07303019035530449
-0.09891716521214781
-0.06519592758324261
-0.09105252442793559
-0.12128953217866249
-0.06539567389688566
-0.08633517768024838
-0.04724048833940368
-0.07813415198751918
-0.014758104878567784
-0.11641764155909747
-0.09733706398937163
-0.09761179393757899
-0.07043438088429126
-0.02888330894080876
-0.032648145961389555
-0.02914125742789588
-0.036700097343854945
-0.0471281038988622
-0.06208318412189946
-0.12469574926703447
-0.036700097343854945
-0.06140728505989076
-0.02084387851920382
-0.0644849530209687
-0.08084125125144974
-0.06884624228387969
-0.08633517768024838
-0.16177117527036394
-0.049553514383611955
-0.04606553872039601
-0.04955079150462141
-0.008691306699566264
-0.10363443320688312
-0.11896274918866549
-0.11578593127720632
-0.10363443320688312
-0.014758104878567784
-0.0644849530209687
-0.04387991611526704
-0.044453803410633604
-0.10210907269877072
-0.12366646329337802
0.0004772339300128629
-0.08212703623956737
-0.03518433120521346
-0.02500869455028225
-0.05816267769046561
-0.041784213167388555
-0.15305739239190377
-0.04113279757109062
-0.15305739239190377
-0.030732230407126575
-0.12055043193738142
-0.07124183767302687
-0.024753370148492382
-0.04755178341010472
-0.014758104878567784
-0.032648145961389555
-0.10363443320688312
-0.032031699769090094
-0.052317761281197916
-0.09956429496750431
-0.008691306699566264
-0.11896274918866549
-0.04755178341010472
-0.03488970827096559
-0.05241901063249864
-0.044453803410633604
-0.0866079626267337
-0.0752401622058341
-0.12555284741946302
-0.11152661892849088
-0.036700097343854945
-0.0006408956029054376
-0.032031699769090094
-0.0644728232355374
-0.04387991611526704
-0.07922654747583342
-0.07043438088429126
-0.08599080104969144
-0.032648145961389555
-0.12366646329337802
-0.05816267769046561
-0.10048786162032007
0.0004772339300128629
-0.03518433120521346
-0.06682687870122467
-0.09213877873175073
-0.12469574926703447
-0.12469574926703447
-0.056800626687495186
-0.06119233832114779
-0.11192035296266359
-0.05928758668797091
-0.04606553872039601
-0.07813415198751918
-0.08633517768024838
-0.030732230407126575
-0.03235817928010996
-0.09060559054055727
-0.041784213167388555
-0.03488970827096559
-0.06122894649494916
-0.04387991611526704
-0.0542533410955192
-0.10403120332627538
-0.06119233832114779
-0.11317660766896322
-0.11896274918866549
-0.03846766056240943
-0.0879745820917774
-0.07702753167214445
-0.0588339521144303
0.0012756760822935215
-0.07625983961283041
-0.10403120332627538
-0.060013087882148104
-0.02998752959565714
-0.08846147464079172
-0.11317660766896322
-0.09761179393757899
-0.024753370148492382
-0.06682687870122467
-0.02640581821152024
-0.10403120332627538
-0.11578593127720632
-0.03235817928010996
-0.12366646329337802
-0.04387991611526704
-0.08084125125144974
-0.05838120463486684
-0.015152443533956077
-0.052317761281197916
-0.03679786449227982
-0.08846147464079172
-0.06682687870122467
-0.09855553080542659
-0.18772677341507354
-0.11641764155909747
-0.0471281038988622
-0.05090677662753109
-0.08633517768024838
-0.04606553872039601
-0.08156514144840897
-0.04645613813655935
-0.09419873235212047
-0.05078610417018787
-0.03235817928010996
-0.0542533410955192
-0.05462766352431659
-0.0010820852852054513
-0.0690613287714664
-0.04387991611526704
-0.02985462065802574
-0.06539567389688566
-0.11317660766896322
-0.11641764155909747
-0.02888330894080876
-0.11578593127720632
-0.14934567869202267
-0.017986625782863846
-0.004734646458058401
-0.0644849530209687
-0.017986625782863846
-0.032648145961389555
-0.02888330894080876
-0.07415900306678916
-0.10403120332627538
-0.09419873235212047
-0.02888330894080876
-0.11641764155909747
-0.13577245630117485
-0.0866079626267337
-0.18083308592028877
-0.02084387851920382
-0.032648145961389555
-0.14934567869202267
-0.09891716521214781
-0.09855553080542659
-0.08599080104969144
-0.11317660766896322
-0.08633517768024838
-0.07922654747583342
-0.016132084971200205
-0.027334429806877638
-0.09855553080542659
-0.07303019035530449
-0.12128953217866249
-0.04955079150462141
-0.033653665855634576
-0.014150198747375546
-0.02640581821152024
-0.06491270100961323
-0.033653665855634576
-0.12469574926703447
-0.049553514383611955
-0.038965943602427465
-0.09733706398937163
-0.044453803410633604
-0.032031699769090094
-0.0745182549444956
-0.04627505424535361
-0.07702753167214445
-0.0006408956029054376
-0.06602985785364615
-0.06046908094030091
-0.09733706398937163
-0.0542533410955192
-0.07677936746357124
-0.08738566099013857
-0.09733706398937163
-0.03838791734790055
-0.12469574926703447
-0.008691306699566264
-0.030732230407126575
-0.0644849530209687
-0.11896274918866549
0.0004772339300128629
-0.06539567389688566
-0.06140728505989076
-0.11896274918866549
-0.06602985785364615
