-0.01247280832932897
0.041170394929275315
-0.024987687028490663
-0.07032676213330301
0.002717634809928407
-0.028240823904134224
-0.01662578999474988
0.03134408585420534
0.017106876525984544
-0.044150499881701534
-0.009524513867283323
0.008152881158205942
-0.022098498820508666
-0.007396471805348759
-0.010151345995547704
-0.004457017889113334
-0.002783315891181823
-0.008776376553670294
0.008063886269236075
0.0016117943584549937
-0.004457017889113334
-0.042432011730536005
-0.008851406360482032
-0.07762326948391224
-0.011276973719225553
-0.031173543387026173
-0.042432011730536005
0.00606049018052874
-0.014477377554209614
0.009823200652445862
-0.031173543387026173
0.0035206869764040465
-0.0006527401220085145
-0.02452698227290895
-0.03787524410660701
-0.010089705808596226
-0.02937777924080012
-0.05396324861020204
-0.02401960156857346
0.010004464974050989
-0.01415564025904736
-0.0037526015641680104
-0.02452698227290895
-0.013148765051742402
-0.01675291653344749
-0.014632960269520425
-0.003332884708989627
0.007267379999648908
-0.06571685256390283
-0.010947480715154246
-0.0006527401220085145
0.008063886269236075
-0.009572291377973175
-0.03561000880141864
0.01675565938250925
-0.016552295248523443
-0.009722401654563489
-0.01356583886573922
-0.026736715906246145
-0.010089705808596226
-0.059681924343920646
-0.0007476729983538507
-0.031066452201422207
0.00015602575045508556
-0.03282703311178081
0.004150578681606151
-0.03578561279447398
-0.05396324861020204
0.0016117943584549937
-0.06571685256390283
-0.0007476729983538507
-0.006662893037213603
0.008063886269236075
-0.007634501484172156
-0.008707804651067757
-0.010488149227989855
-0.020724019229302337
-0.0415773647266468
-0.0037526015641680104
-0.01311199692075079
-0.027757566548921815
-0.013148765051742402
-0.028240823904134224
-0.018271134553362448
-0.05048983518015182
0.0035206869764040465
-0.07762326948391224
-0.014021851839549274
-0.05396324861020204
-0.028807907262524246
-0.015096659208670472
-0.027946735165151903
-0.024170883051198296
-0.010379147732612377
-0.042432011730536005
-0.006945717520956674
-0.015096659208670472
-0.02896998629514515
0.017161710642146968
-0.0330390362477394
-0.003840734038688164
-0.041636724041662874
-0.02407969669687866
-0.026736715906246145
0.017161710642146968
-0.004457017889113334
-0.04797810352372312
-0.022426715035231054
-0.02896998629514515
-0.008851406360482032
-0.018271134553362448
-0.01589397907704939
-0.0015564551147705943
-0.0010204332645040197
-0.006945717520956674
-0.023287626380905504
-0.012558116877488142
-0.022098498820508666
-0.013035379794083224
-0.023287626380905504
0.007184902382226232
-0.031066452201422207
0.008152881158205942
-0.002783315891181823
-0.03561000880141864
0.008152881158205942
-0.02896998629514515
-0.0330390362477394
0.009823200652445862
-0.003561582395437587
0.007267379999648908
0.0016117943584549937
-0.006662893037213603
-0.041636724041662874
-0.004580873563882449
0.010004464974050989
-0.02407969669687866
-0.009267047315169518
-0.013335951001369153
-0.01415564025904736
-0.025357822344412195
-0.0016291126503165227
0.005792352764694481
0.02191121185896189
0.00015602575045508556
-0.013035379794083224
0.008150855919638822
-0.07032676213330301
-0.03787524410660701
0.041170394929275315
-0.020724019229302337
-0.003332884708989627
-0.003840734038688164
0.001124765386948822
-0.011276973719225553
-0.02304080614668055
-0.03787524410660701
-0.027757566548921815
-0.018271134553362448
-0.009722401654563489
-0.014632960269520425
-0.01247280832932897
-0.008851406360482032
-0.010379147732612377
-0.01356583886573922
-0.04625972063741892
-0.07762326948391224
-0.005556242233164115
-0.01247280832932897
-0.009524513867283323
-0.010151345995547704
-0.03282703311178081
-0.024987687028490663
-0.005556242233164115
-0.004457017889113334
-0.004312474998436545
0.01675565938250925
-0.042432011730536005
-0.0037526015641680104
0.008150855919638822
-0.004457017889113334
-0.009267047315169518
-0.00952657319744208
-0.04797810352372312
-0.007634501484172156
-0.0037526015641680104
-0.007634501484172156
-0.009572291377973175
-0.012558116877488142
-0.03561000880141864
-0.06571685256390283
-0.005491636338949006
0.02191121185896189
-0.02937777924080012
-0.008210465481832655
0.0009722859778129011
-0.011352531715892436
-0.016209832946732936
-0.007634501484172156
-0.006662893037213603
-0.004312474998436545
-0.03578561279447398
-0.02401960156857346
-0.01247280832932897
-0.0028907453340934358
-0.016209832946732936
-0.015284168022691572
-0.006995235126050859
-0.0028907453340934358
0.0016117943584549937
-0.03441728869180402
0.0035206869764040465
-0.020724019229302337
-0.03220007756700228
-0.022098498820508666
-0.003332884708989627
-0.031173543387026173
-0.006945717520956674
0.00015602575045508556
-0.014263427889249142
-0.016384935464740378
-0.002783315891181823
0.0009085753280301785
-0.06571685256390283
-0.0028907453340934358
0.009823200652445862
-0.008376948290657108
-0.020233904062367664
-0.006995235126050859
0.00606049018052874
-0.014632960269520425
-0.005491636338949006
-0.029823117298285365
-0.041636724041662874
-0.020724019229302337
-0.008776376553670294
0.004150578681606151
-0.020177397058761176
-0.04797810352372312
-0.013148765051742402
-0.013035379794083224
-0.007180319677757353
-0.03194831096403906
-0.01775439617333122
-0.016070655974070744
0.0009085753280301785
-0.044150499881701534
-0.015046075961415453
-0.023287626380905504
-0.014263427889249142
-0.011269754897853387
-0.011276973719225553
-0.004060218478397462
0.02191121185896189
-0.005556242233164115
-0.01662578999474988
0.007267379999648908
-0.002783315891181823
-0.005556242233164115
-0.004312474998436545
-0.02304080614668055
-0.003801403756069751
-0.02452698227290895
-0.018271134553362448
0.008152881158205942
-0.044150499881701534
-0.02931767637593128
-0.023718663098413535
-0.015046075961415453
0.009823200652445862
-0.014263427889249142
-0.007634501484172156
-0.028240823904134224
0.0016117943584549937
0.004150578681606151
0.041170394929275315
-0.028807907262524246
-0.007634501484172156
-0.016070655974070744
-0.037246107996723864
0.041170394929275315
-0.03787524410660701
-0.01675291653344749
-0.01073875629913419
-0.020177397058761176
-0.014021851839549274
-0.008851406360482032
-0.014021851839549274
0.009823200652445862
-0.027946735165151903
-0.012163435111520888
0.017161710642146968
-0.04401699300841604
-0.014017840943111969
0.017161710642146968
-0.0415773647266468
-0.020233904062367664
-0.016209832946732936
-0.00952657319744208
-0.008376948290657108
-0.03561000880141864
-0.03787524410660701
-0.006995235126050859
-0.025949758564386485
-0.0011698276090123295
0.001124765386948822
-0.016209832946732936
-0.027757566548921815
-0.016209832946732936
0.010004464974050989
-0.0010204332645040197
-0.004060218478397462
-0.014632960269520425
-0.020806611590698524
-0.0330390362477394
0.004150578681606151
-0.014021851839549274
-0.041636724041662874
-0.0028907453340934358
-0.018420979478016672
0.0009085753280301785
-0.05396324861020204
-0.03787524410660701
-0.018566678629046856
-0.015284168022691572
-0.016552295248523443
0.002717634809928407
-0.011721411273396709
-0.010947480715154246
-0.009572291377973175
0.001124765386948822
-0.018271134553362448
0.041170394929275315
-0.026736715906246145
-0.011352531715892436
-0.00952657319744208
-0.020724019229302337
-0.029637868876643388
-0.02931767637593128
-0.03787524410660701
0.017106876525984544
-0.0006527401220085145
0.008150855919638822
-0.019871978065044524
-0.0330390362477394
0.0009085753280301785
-0.0006527401220085145
0.041170394929275315
-0.042432011730536005
-0.022426715035231054
-0.00952657319744208
-0.02452698227290895
-0.003332884708989627
-0.01247280832932897
-0.01311199692075079
-0.014477377554209614
0.005792352764694481
-0.01589397907704939
-0.031173543387026173
-0.006995235126050859
0.019444443318827456
0.001124765386948822
-0.0028907453340934358
-0.059681924343920646
-0.029823117298285365
-0.008376948290657108
-0.0011698276090123295
-0.004457017889113334
-0.01356583886573922
0.005792352764694481
0.0035206869764040465
0.001124765386948822
-0.02439390256800951
-0.010089705808596226
0.0009722859778129011
-0.02401960156857346
-0.008707804651067757
-0.010488149227989855
-0.05396324861020204
-0.022426715035231054
-0.0015564551147705943
-0.027757566548921815
0.017161710642146968
-0.0005055239197393854
-0.003840734038688164
-0.03918442578118307
-0.020724019229302337
-0.012558116877488142
-0.003801403756069751
-0.009267047315169518
-0.0007476729983538507
0.0035206869764040465
0.0016117943584549937
-0.016552295248523443
-0.01589397907704939
-0.013035379794083224
-0.008776376553670294
-0.020806611590698524
-0.003561582395437587
-0.03869520542916836
-0.02937777924080012
-0.019749851424525972
-0.010947480715154246
-0.005491636338949006
-0.041636724041662874
-0.07032676213330301
-0.00952657319744208
-0.03787524410660701
-0.010151345995547704
-0.029637868876643388
-0.03918442578118307
-0.03869520542916836
-0.03578561279447398
-0.031066452201422207
-0.024189404400795676
-0.003332884708989627
0.007267379999648908
-0.005596085098189851
-0.026736715906246145
-0.015096659208670472
-0.018420979478016672
-0.018420979478016672
-0.016552295248523443
-0.03220007756700228
-0.07762326948391224
-0.013035379794083224
-0.014017840943111969
-0.03142812124751865
-0.044150499881701534
-0.007180319677757353
-0.00952657319744208
-0.006945717520956674
-0.02439390256800951
-0.028240823904134224
-0.06571685256390283
-0.015284168022691572
-0.010584311438302298
0.0009085753280301785
-0.014632960269520425
0.008152881158205942
-0.003561582395437587
-0.03950722227587071
-0.059681924343920646
-0.01589397907704939
-0.025949758564386485
0.0009722859778129011
-0.007634501484172156
-0.02931767637593128
-0.008707804651067757
0.0016117943584549937
-0.023463593911010994
-0.0005055239197393854
-0.004457017889113334
-0.042432011730536005
0.00015602575045508556
0.008063886269236075
-0.0028907453340934358
-0.010947480715154246
-0.041636724041662874
-0.010379147732612377
-0.06571685256390283
0.010004464974050989
-0.020233904062367664
-0.019749851424525972
-0.020177397058761176
-0.019871978065044524
-0.01675291653344749
-0.027946735165151903
-0.041636724041662874
-0.029823117298285365
-0.016552295248523443
-0.03282703311178081
-0.03787524410660701
-0.019871978065044524
-0.01675291653344749
-0.0007476729983538507
-0.023287626380905504
-0.031173543387026173
0.017161710642146968
-0.008376948290657108
-0.01356583886573922
0.03134408585420534
-0.07762326948391224
-0.003935409092136428
-0.0006527401220085145
-0.01247280832932897
-0.004580873563882449
-0.0005055239197393854
-0.05048983518015182
-0.009267047315169518
0.0009085753280301785
-0.010488149227989855
-0.0016291126503165227
-0.031066452201422207
-0.01775439617333122
-0.059681924343920646
-0.003561582395437587
-0.041636724041662874
-0.010584311438302298
-0.0005055239197393854
0.01675565938250925
-0.02931767637593128
-0.01589397907704939
-0.0005055239197393854
-0.025357822344412195
0.01675565938250925
-0.011721411273396709
-0.02304080614668055
-0.014021851839549274
-0.014632960269520425
-0.023287626380905504
-0.01675291653344749
-0.0415773647266468
-0.03142812124751865
-0.037246107996723864
-0.022098498820508666
-0.020724019229302337
-0.01775439617333122
-0.00952657319744208
-0.020233904062367664
-0.03787524410660701
-0.007396471805348759
-0.028807907262524246
-0.003840734038688164
-0.0007476729983538507
-0.0036935505255372633
-0.007634501484172156
-0.02401960156857346
0.009823200652445862
-0.00952657319744208
0.002717634809928407
-0.023463593911010994
-0.01775439617333122
-0.009800370902410555
-0.023287626380905504
-0.008776376553670294
-0.029823117298285365
-0.03561000880141864
-0.026736715906246145
0.009823200652445862
-0.023463593911010994
-0.010379147732612377
-0.022098498820508666
-0.013035379794083224
-0.042432011730536005
-0.03220007756700228
-0.003840734038688164
-0.0005055239197393854
-0.0005055239197393854
-0.03142812124751865
-0.005596085098189851
0.007267379999648908
-0.0036935505255372633
-0.07032676213330301
-0.004312474998436545
-0.002783315891181823
-0.04401699300841604
-0.006662893037213603
-0.01415564025904736
-0.023463593911010994
-0.029823117298285365
-0.009267047315169518
-0.028807907262524246
-0.01247280832932897
-0.024189404400795676
-0.002783315891181823
-0.024987687028490663
-0.003840734038688164
-0.010584311438302298
-0.006945717520956674
-0.016209832946732936
-0.0005055239197393854
-0.025357822344412195
-0.0036935505255372633
-0.0005055239197393854
-0.020724019229302337
-0.023718663098413535
-0.07032676213330301
0.005792352764694481
-0.01073875629913419
-0.03142812124751865
-0.016070655974070744
-0.016070655974070744
-0.018420979478016672
-0.011276973719225553
-0.024189404400795676
-0.0006527401220085145
-0.03194831096403906
-0.037246107996723864
-0.008776376553670294
-0.02407969669687866
-0.029637868876643388
-0.011352531715892436
-0.02662840701344452
-0.0011698276090123295
-0.0006527401220085145
-0.028807907262524246
-0.0415773647266468
0.041170394929275315
-0.020177397058761176
0.004150578681606151
-0.022426715035231054
0.007184902382226232
-0.0016291126503165227
-0.022426715035231054
-0.011352531715892436
-0.07032676213330301
-0.015046075961415453
-0.010947480715154246
-0.02937777924080012
-0.010379147732612377
-0.029637868876643388
-0.028807907262524246
-0.018566678629046856
-0.002783315891181823
0.0035206869764040465
-0.015172805323289221
-0.009722401654563489
-0.024987687028490663
-0.020806611590698524
-0.004312474998436545
-0.003840734038688164
-0.014263427889249142
0.0035206869764040465
-0.02956746112087766
-0.010089705808596226
-0.02956746112087766
-0.028807907262524246
-0.06571685256390283
-0.004580873563882449
-0.00952657319744208
-0.011721411273396709
0.0009722859778129011
-0.01356583886573922
-0.002783315891181823
-0.03441728869180402
-0.06571685256390283
-0.009722401654563489
-0.03950722227587071
-0.04625972063741892
-0.014263427889249142
-0.027946735165151903
-0.011352531715892436
0.008152881158205942
-0.029637868876643388
-0.0011698276090123295
-0.003332884708989627
-0.023718663098413535
-0.010151345995547704
-0.027946735165151903
0.010004464974050989
-0.012558116877488142
-0.029823117298285365
-0.03194831096403906
0.008150855919638822
-0.02956746112087766
-0.044150499881701534
-0.03950722227587071
-0.0036935505255372633
-0.0015564551147705943
-0.0028907453340934358
0.008150855919638822
-0.018271134553362448
-0.008776376553670294
-0.04625972063741892
-0.022098498820508666
-0.003561582395437587
-0.07762326948391224
-0.03220007756700228
0.009823200652445862
0.007267379999648908
-0.05396324861020204
-0.005596085098189851
-0.042432011730536005
-0.006662893037213603
-0.059681924343920646
-0.010151345995547704
-0.0016291126503165227
-0.07762326948391224
0.0009085753280301785
-0.018566678629046856
-0.04625972063741892
-0.020177397058761176
-0.059681924343920646
-0.01247280832932897
-0.006662893037213603
-0.03220007756700228
-0.01356583886573922
-0.020724019229302337
-0.041636724041662874
0.008152881158205942
-0.009572291377973175
-0.009267047315169518
0.00015602575045508556
-0.007634501484172156
-0.015284168022691572
0.00015602575045508556
-0.015172805323289221
-0.0415773647266468
-0.003840734038688164
-0.025607127486208286
-0.011721411273396709
-0.019749851424525972
0.019444443318827456
-0.03220007756700228
-0.011269754897853387
-0.023718663098413535
0.008150855919638822
-0.014017840943111969
-0.010584311438302298
0.005792352764694481
-0.016552295248523443
-0.02401960156857346
0.041170394929275315
-0.009572291377973175
-0.012163435111520888
-0.018420979478016672
-0.02452698227290895
0.0016117943584549937
-0.0330390362477394
-0.013035379794083224
-0.01311199692075079
-0.0036935505255372633
-0.008776376553670294
0.00015602575045508556
-0.01356583886573922
0.004150578681606151
0.017106876525984544
-0.022426715035231054
-0.013035379794083224
-0.029823117298285365
-0.013335951001369153
-0.028240823904134224
-0.03441728869180402
-0.008376948290657108
-0.015046075961415453
-0.04797810352372312
-0.005491636338949006
-0.03282703311178081
-0.044150499881701534
0.009823200652445862
0.017106876525984544
-0.03918442578118307
0.017161710642146968
-0.02931767637593128
-0.027946735165151903
-0.013335951001369153
-0.0204113881183386
-0.03220007756700228
-0.005596085098189851
-0.009267047315169518
-0.014477377554209614
-0.03220007756700228
-0.0015564551147705943
-0.01247280832932897
-0.016070655974070744
-0.007634501484172156
-0.0015564551147705943
0.019444443318827456
-0.0016291126503165227
-0.007180319677757353
-0.003332884708989627
-0.03220007756700228
-0.00952657319744208
-0.024987687028490663
0.03134408585420534
0.017161710642146968
-0.03142812124751865
-0.041636724041662874
0.007267379999648908
-0.020806611590698524
-0.01073875629913419
-0.020233904062367664
-0.02896998629514515
-0.02931767637593128
-0.05396324861020204
-0.01662578999474988
-0.004580873563882449
0.008063886269236075
-0.03561000880141864
0.041170394929275315
-0.01073875629913419
-0.03282703311178081
-0.020177397058761176
-0.024189404400795676
-0.009572291377973175
-0.002783315891181823
-0.006945717520956674
-0.0006527401220085145
-0.027757566548921815
-0.009267047315169518
-0.03282703311178081
-0.024170883051198296
-0.028335311321007476
-0.028807907262524246
-0.004060218478397462
-0.00952657319744208
-0.016384935464740378
-0.003935409092136428
-0.03220007756700228
-0.059681924343920646
-0.013335951001369153
-0.0010204332645040197
-0.03869520542916836
0.005792352764694481
-0.02439390256800951
0.041170394929275315
-0.044150499881701534
0.0016117943584549937
-0.014263427889249142
-0.01247280832932897
-0.009267047315169518
-0.01675291653344749
-0.016384935464740378
-0.015284168022691572
-0.024189404400795676
-0.018420979478016672
-0.010584311438302298
-0.015172805323289221
-0.01356583886573922
-0.029637868876643388
-0.013035379794083224
-0.013335951001369153
-0.03918442578118307
-0.02401960156857346
-0.023287626380905504
-0.018566678629046856
-0.018271134553362448
-0.02931767637593128
-0.004580873563882449
0.019444443318827456
-0.004312474998436545
-0.005596085098189851
0.03134408585420534
-0.03194831096403906
0.00606049018052874
-0.01662578999474988
-0.006995235126050859
-0.013148765051742402
-0.014017840943111969
-0.010584311438302298
-0.006995235126050859
-0.03142812124751865
-0.0037526015641680104
-0.07762326948391224
-0.031173543387026173
-0.02439390256800951
-0.018566678629046856
-0.0006527401220085145
0.00015602575045508556
-0.009800370902410555
-0.010488149227989855
-0.0015564551147705943
-0.02304080614668055
-0.009267047315169518
-0.0015564551147705943
-0.004580873563882449
-0.07762326948391224
-0.03787524410660701
-0.007396471805348759
0.002717634809928407
-0.002783315891181823
-0.006945717520956674
-0.008776376553670294
0.017161710642146968
-0.004457017889113334
-0.007634501484172156
-0.0028907453340934358
-0.044150499881701534
-0.009524513867283323
-0.044150499881701534
0.0035206869764040465
-0.01073875629913419
-0.07032676213330301
0.02191121185896189
-0.041636724041662874
-0.004580873563882449
0.00606049018052874
-0.0015564551147705943
-0.010947480715154246
-0.025949758564386485
-0.03869520542916836
-0.010488149227989855
-0.02304080614668055
-0.041636724041662874
-0.022426715035231054
-0.01589397907704939
-0.007396471805348759
-0.019749851424525972
-0.011352531715892436
-0.006995235126050859
-0.031066452201422207
-0.010947480715154246
-0.02937777924080012
-0.03787524410660701
-0.04401699300841604
0.03134408585420534
-0.020233904062367664
0.00606049018052874
-0.002783315891181823
-0.007634501484172156
-0.011721411273396709
-0.006945717520956674
0.017161710642146968
-0.011839297921296843
-0.0016291126503165227
-0.010584311438302298
-0.010584311438302298
-0.016070655974070744
-0.024189404400795676
-0.003935409092136428
-0.015172805323289221
0.00015602575045508556
-0.02931767637593128
-0.018566678629046856
0.0035206869764040465
-0.03220007756700228
-0.0007476729983538507
-0.0028907453340934358
-0.022426715035231054
-0.012052627831996832
-0.03787524410660701
-0.0415773647266468
-0.01311199692075079
-0.024189404400795676
-0.04625972063741892
-0.02304080614668055
0.001124765386948822
-0.008707804651067757
0.009823200652445862
-0.028335311321007476
-0.019871978065044524
-0.016209832946732936
-0.01311199692075079
0.005792352764694481
-0.016552295248523443
-0.04625972063741892
-0.005596085098189851
0.02191121185896189
-0.011839297921296843
0.0016117943584549937
-0.01311199692075079
-0.009267047315169518
-0.03220007756700228
-0.002783315891181823
-0.03787524410660701
-0.031173543387026173
-0.025607127486208286
-0.020177397058761176
-0.025949758564386485
-0.05396324861020204
-0.016552295248523443
-0.011839297921296843
-0.0010204332645040197
-0.008851406360482032
0.019444443318827456
-0.013148765051742402
-0.042432011730536005
-0.018566678629046856
0.00015602575045508556
-0.008210465481832655
-0.009572291377973175
-0.06571685256390283
-0.023718663098413535
-0.03220007756700228
-0.0415773647266468
-0.03578561279447398
0.007267379999648908
0.0009085753280301785
-0.03787524410660701
-0.01775439617333122
-0.023287626380905504
-0.04625972063741892
0.019444443318827456
-0.03194831096403906
-0.009267047315169518
-0.011276973719225553
-0.006662893037213603
-0.02407969669687866
-0.07762326948391224
-0.006662893037213603
0.00606049018052874
-0.03194831096403906
-0.0204113881183386
-0.01311199692075079
-0.06571685256390283
-0.03194831096403906
0.019444443318827456
-0.011269754897853387
0.01675565938250925
-0.0037526015641680104
0.00606049018052874
-0.011276973719225553
-0.013035379794083224
-0.0010204332645040197
-0.020233904062367664
-0.04625972063741892
-0.018566678629046856
-0.04401699300841604
-0.026736715906246145
