-0.000616225721912154
0.00018760467363040784
0.008212855047224932
-0.0528884398673761
-0.015530923528586588
-0.03399246298641631
-0.033798108335502876
0.004918348498058354
-0.004687205202768246
-0.016244167899922553
-0.05000166071115248
-0.01316431262977952
-0.015530923528586588
-0.06692286912279169
-0.005916655031805897
0.001358579957473758
-0.01316431262977952
-0.030999677048631064
0.0073209614783488605
0.0015230513775349509
-0.037659422613900755
-0.014346719976126883
-0.04469636550245375
-0.03407252944512682
-0.00748172502401023
0.0002656708997666591
-0.03467242861928444
-0.04716514333241287
-0.037651585861942685
0.01188333463485394
-0.04867053675779625
-0.024631877938560216
-0.04720637028651655
-0.040332169212912536
0.02790428148438158
-0.02430910950173145
-0.03841244482731048
-0.04155338138036094
-0.013441254996989773
-0.01495092779082541
-0.01316431262977952
-0.04379908039211679
-0.00460398695498082
-0.03220098670799758
-0.002354232186268853
-0.005916655031805897
-0.05867129516922401
0.00018760467363040784
-0.02888923558670809
-0.0015248332072197585
-0.058432041269758865
0.003858634779997575
-0.04469636550245375
-0.02416321912729546
-0.011219560327949534
-0.027271492716956704
-0.0167867461641271
-0.026740937714094838
-0.033805829408915355
-0.03328147041309772
-0.04011090089528075
-0.01361477628080284
-0.05046115469251035
-0.011588600007067684
-0.04155338138036094
-0.05032762039242466
-0.018887829965787035
-0.02175833150193785
-0.04629598006294515
0.0073209614783488605
-0.04720637028651655
-0.027076757597357608
-0.05304344728893755
-0.015658942805889496
-0.06436260617368571
-0.03290806170270945
-0.009213803418903785
-0.058763720585471114
0.01188333463485394
-0.019400649282365155
-0.03841244482731048
-0.009213803418903785
0.004918348498058354
-0.03369969665511791
-0.024772286381527148
-0.014275215957287616
-0.004029352052372149
-0.042134047845839906
-0.002468299612512961
-0.029452334539450988
-0.03369969665511791
-0.04663833238603735
-0.023063183638136583
-0.05032762039242466
-0.027778314509792366
-0.037723977543362514
-0.0330025398585448
-0.014909113018151404
-0.02175833150193785
-0.02430910950173145
-0.00460398695498082
-0.04720637028651655
-0.037149189307064394
-0.03399246298641631
-0.03217199823532897
-0.022246833506749712
-0.030999677048631064
-0.011219560327949534
-0.04379908039211679
-0.033805829408915355
-0.033591354968334125
0.00934816664892686
-0.03399246298641631
-0.011588600007067684
-0.0020693481193372843
-0.033591354968334125
-0.013275310720385501
0.005605779147150782
-0.12163602132708423
-0.027271492716956704
-0.008047146651832697
-0.04246963902099192
-0.008047146651832697
-0.00460398695498082
-0.01559657241746249
-0.007386801726880834
-0.036511905435829654
-0.04661190392141446
0.01408386694121715
-0.036511905435829654
-0.016549113710494036
-0.026450156061084435
-0.002354232186268853
-0.015530923528586588
-0.030685219475005483
-0.03220098670799758
-0.039184925638880694
-0.035800453168046316
-0.013275310720385501
-0.005916655031805897
-0.03441122813108854
-0.06524255083494329
-0.024456593044664268
-0.03773150119315669
-0.03209972533294429
-0.009314235838629125
-0.015530923528586588
-0.0234333585601758
-0.015530923528586588
-0.016286787837775586
-0.03947477208749753
-0.06436260617368571
-0.02888923558670809
-0.0353531596129269
-0.027076757597357608
-0.011675805702726163
-0.010148580526767838
-0.011219560327949534
-0.05356255184710848
-0.008047146651832697
0.003858634779997575
-0.01316431262977952
-0.04155791416769799
-0.04155338138036094
-0.006413963142209383
-0.013275310720385501
-0.034657855072363304
-0.10076069394194326
-0.0638921001185335
-0.06692286912279169
-0.02272819467318139
-0.010462329060941064
-0.03947215008220385
-0.039345064216202486
-0.03976634750505514
-0.040332169212912536
-0.052268765279024416
-0.009314235838629125
-0.029452334539450988
-0.033591354968334125
-0.01745870703137447
-0.0528884398673761
-0.030685219475005483
-0.04469636550245375
0.03508225182246252
-0.03952661860211682
-0.0330025398585448
-0.013275310720385501
-0.08162193755211182
-0.020936059885754327
-0.04080836962614239
-0.022246833506749712
-0.023179790324204533
-0.011675805702726163
-0.021896817206193048
-0.04155338138036094
0.017013247409916013
-0.020936059885754327
-0.033591354968334125
-0.023101256770339182
-0.024281667615032972
-0.01495092779082541
-0.014251874752388326
-0.030685219475005483
-0.002468299612512961
-0.01118823396954807
-0.007864974549141994
-0.04716514333241287
-0.05000166071115248
-0.05220015029393742
-0.009404085130931621
-0.02198063983055222
-0.043089315623130155
-0.013284283992251556
-0.037651585861942685
-0.005916655031805897
-0.0638921001185335
-0.014175113622814263
-0.009314235838629125
-0.027184298523842892
-0.01316431262977952
-0.009328203777003406
-0.058432041269758865
-0.027778314509792366
-0.03220098670799758
-0.010148580526767838
0.01369406223232375
-0.03209972533294429
-0.023101256770339182
-0.0504190674315404
-0.04245318011008066
-0.06646172841146283
-0.02198063983055222
-0.022246833506749712
-0.014346719976126883
-0.009314235838629125
-0.054379111573011105
-0.04404201235736774
0.008212855047224932
-0.016244167899922553
-0.018030215234200026
-0.03375168748084234
-0.006413963142209383
-0.042921837636303736
-0.014251874752388326
-0.04585884117924708
-0.0234333585601758
-0.024716829177825597
-0.036511905435829654
-0.012928654880233268
-0.01118823396954807
-0.0007813563750271327
0.03508225182246252
-0.037683712717902176
-0.04469636550245375
-0.04689366115758488
-0.042134047845839906
-0.04118402220342083
-0.014279191049696648
-0.014346719976126883
-0.030999677048631064
-0.02272819467318139
-0.043089315623130155
-0.03328147041309772
-0.02416321912729546
-0.03441122813108854
-0.0353531596129269
-0.026186075851342333
-0.032648101084512264
-0.05418657089577389
-0.042720479075769174
-0.039345064216202486
-0.04691681732860175
-0.015326209588291872
-0.0015248332072197585
0.003858634779997575
-0.03298236862206078
-0.030685219475005483
-0.013275310720385501
-0.040332169212912536
-0.023101256770339182
-0.007842205483168233
-0.021912160929368898
-0.03952661860211682
-0.037683712717902176
-0.032648101084512264
-0.004687205202768246
-0.03850827837478543
-0.005188872165327028
-0.04716514333241287
-0.019400649282365155
-0.03369969665511791
-0.05920677343353034
-0.008025612354858389
-0.0638921001185335
-0.01340235493994151
-0.01745870703137447
-0.001911428934596576
-0.04155791416769799
-0.04813414446538225
-0.04691681732860175
0.0015230513775349509
-0.04155791416769799
-0.02272819467318139
0.01188333463485394
-0.027076757597357608
0.0002656708997666591
-0.033805829408915355
-0.024112853365708904
-0.00748172502401023
-0.03328147041309772
0.01408386694121715
-0.03159216755838358
-0.05479701257220503
-0.05032762039242466
-0.04011090089528075
-0.030685219475005483
-0.04867053675779625
-0.054379111573011105
-0.035800453168046316
-0.03217199823532897
-0.013441254996989773
-0.06692286912279169
-0.01710550387745315
-0.10076069394194326
-0.04155338138036094
-0.018887829965787035
-0.02888923558670809
-0.04663833238603735
-0.03159216755838358
-0.03272593852896984
-0.007864974549141994
-0.026186075851342333
-0.07466752217434267
-0.009328203777003406
-0.040332169212912536
-0.043089315623130155
-0.03773150119315669
0.008212855047224932
-0.015326209588291872
-0.03399246298641631
-0.0330025398585448
-0.024716829177825597
-0.018030215234200026
-0.030999677048631064
-0.023962383211303118
-0.012928654880233268
-0.04245318011008066
-0.024281667615032972
-0.024631877938560216
-0.03106197625818699
-0.01316431262977952
-0.056993822190245964
-0.024716829177825597
-0.05366741899379303
-0.039345064216202486
0.003858634779997575
-0.0700240350490328
-0.013441254996989773
-0.016286787837775586
-0.002354232186268853
-0.042720479075769174
-0.027271492716956704
-0.023179790324204533
0.005605779147150782
-0.01559657241746249
0.003858634779997575
-0.024456593044664268
-0.058432041269758865
-0.02272819467318139
-0.016900689965035853
-0.013275310720385501
-0.023179790324204533
0.005605779147150782
-0.014279191049696648
-0.04629598006294515
-0.03407252944512682
-0.007864974549141994
-0.037651585861942685
-0.036511905435829654
-0.03220098670799758
-0.03272593852896984
-0.06646172841146283
-0.03407252944512682
-0.018246608205034525
-0.024112853365708904
-0.049359684808507824
-0.020936059885754327
-0.05000166071115248
-0.03763161912424177
-0.012928654880233268
-0.025458401616065933
-0.022246833506749712
-0.04118402220342083
-0.04155338138036094
-0.037723977543362514
-0.018931499351366152
-0.03375168748084234
-0.0285858887383398
-0.03850827837478543
-0.041342845533303516
-0.05046115469251035
-0.027778314509792366
-0.009328203777003406
-0.026186075851342333
-0.018887829965787035
-0.01779816090250655
-0.05356255184710848
-0.004920343006415614
0.003858634779997575
-0.004747138231798699
-0.01710550387745315
-0.03544076881794262
-0.012928654880233268
-0.03544076881794262
-0.04481074000834042
-0.00748172502401023
-0.0330025398585448
-0.043089315623130155
-0.012928654880233268
-0.033805829408915355
-0.019251548051892355
-0.04481074000834042
-0.03947215008220385
-0.004029352052372149
-0.008047146651832697
-0.02888923558670809
-0.04629598006294515
0.001358579957473758
0.005605779147150782
-0.026450156061084435
-0.05479701257220503
-0.0020693481193372843
-0.025460035295905986
-0.03467242861928444
-0.04469636550245375
-0.06157763979515439
-0.05046115469251035
-0.030685219475005483
-0.002354232186268853
-0.013275310720385501
-0.0014912773285821242
-0.056993822190245964
0.00934816664892686
-0.0007813563750271327
-0.014279191049696648
-0.01495092779082541
-0.020875374024927635
-0.03399246298641631
-0.016244167899922553
0.0015230513775349509
-0.00460398695498082
-0.014850785635960937
0.0015230513775349509
-0.030685219475005483
-0.004920343006415614
-0.010462329060941064
-0.023962383211303118
-0.03369969665511791
-0.005515424137172848
-0.05046115469251035
-0.07391537173219767
-0.04629598006294515
-0.007842205483168233
-0.02416321912729546
-0.058432041269758865
-0.039184925638880694
-0.05920677343353034
-0.027778314509792366
-0.01745870703137447
-0.00460398695498082
-0.023962383211303118
-0.0504190674315404
-0.0700240350490328
-0.018887829965787035
-0.010148580526767838
-0.03467242861928444
-0.03328147041309772
-0.024281667615032972
0.0002656708997666591
-0.0007813563750271327
-0.012928654880233268
-0.013284283992251556
-0.012928654880233268
-0.05479701257220503
-0.008025612354858389
-0.019400649282365155
-0.020875374024927635
-0.10076069394194326
-0.0177775918598923
-0.03298236862206078
0.004918348498058354
-0.03441122813108854
-0.03841244482731048
-0.04474012841788972
-0.04661190392141446
-0.03159216755838358
-0.033798108335502876
-0.0434737314343111
0.0073209614783488605
-0.023962383211303118
-0.01331989222947695
-0.058432041269758865
0.0015230513775349509
-0.04118402220342083
-0.004920343006415614
0.00934816664892686
-0.05000166071115248
-0.005188872165327028
-0.03159216755838358
-0.05356255184710848
-0.03841244482731048
-0.10190957962958937
-0.05356255184710848
-0.0007813563750271327
-0.01710550387745315
-0.04867053675779625
-0.015530923528586588
-0.012928654880233268
-0.019251548051892355
-0.020875374024927635
-0.012928654880233268
-0.04469636550245375
0.001358579957473758
-0.014909113018151404
-0.03298236862206078
-0.02198063983055222
-0.12163602132708423
-0.05479701257220503
-0.011588600007067684
-0.011588600007067684
-0.024772286381527148
-0.023101256770339182
-0.04155791416769799
-0.015658942805889496
-0.005515424137172848
-0.005188872165327028
-0.020936059885754327
-0.02430910950173145
-0.01361477628080284
-0.0020693481193372843
-0.02416321912729546
-0.026152001506785656
-0.03952661860211682
-0.0528884398673761
-0.0638921001185335
-0.03800129819365229
-0.03209972533294429
-0.020936059885754327
0.00934816664892686
-0.026450156061084435
-0.014850785635960937
-0.033591354968334125
-0.01691618008659866
-0.027271492716956704
-0.01779816090250655
-0.011219560327949534
-0.014251874752388326
-0.026006890790762054
-0.0285858887383398
-0.027076757597357608
-0.03369969665511791
-0.014251874752388326
-0.0528884398673761
-0.03298236862206078
-0.02175833150193785
-0.039345064216202486
-0.05418657089577389
0.0073209614783488605
-0.0700240350490328
-0.027778314509792366
-0.03952661860211682
0.00934816664892686
-0.034657855072363304
-0.03841244482731048
-0.014346719976126883
-0.019942853921976398
-0.03159216755838358
-0.02476891192925342
-0.10190957962958937
-0.03159216755838358
-0.021896817206193048
-0.0353531596129269
0.004918348498058354
-0.0007813563750271327
-0.0504190674315404
-0.04720637028651655
-0.014346719976126883
-0.004920343006415614
0.005530234504627781
-0.06524255083494329
-0.04292569130483619
-0.04404201235736774
0.005530234504627781
0.00934816664892686
-0.013441254996989773
-0.025542465895638994
-0.03763161912424177
-0.030685219475005483
-0.03947215008220385
0.008212855047224932
0.0073209614783488605
-0.06646172841146283
-0.03841244482731048
-0.024456593044664268
-0.037659422613900755
-0.03407252944512682
-0.013441254996989773
-0.02476891192925342
-0.040332169212912536
-0.07466752217434267
-0.025460035295905986
-0.03976634750505514
-0.04379908039211679
-0.018931499351366152
-0.02339270172853271
-0.04720637028651655
-0.01559657241746249
-0.0528884398673761
-0.04663833238603735
-0.010148580526767838
-0.03952661860211682
-0.03209972533294429
-0.04716514333241287
-0.014909113018151404
-0.021912160929368898
-0.01559657241746249
-0.042921837636303736
-0.016286787837775586
-0.04689366115758488
-0.058432041269758865
-0.01361477628080284
-0.041342845533303516
-0.04080836962614239
0.005530234504627781
-0.05032762039242466
-0.07466752217434267
-0.014850785635960937
-0.020875374024927635
-0.04585884117924708
-0.01316431262977952
-0.04080836962614239
-0.029452334539450988
-0.02416321912729546
-0.02339270172853271
-0.03467242861928444
-0.026186075851342333
-0.024112853365708904
-0.01118823396954807
0.0002656708997666591
-0.00460398695498082
-0.019400649282365155
-0.006413963142209383
-0.025542465895638994
-0.04379908039211679
-0.07998202861302571
-0.008025612354858389
-0.024281667615032972
0.0015230513775349509
-0.01779816090250655
-0.033798108335502876
-0.01118823396954807
-0.04474012841788972
-0.03976634750505514
-0.009328203777003406
-0.021912160929368898
-0.030651255552861047
-0.0285858887383398
-0.024112853365708904
-0.04155338138036094
-0.034657855072363304
-0.03976634750505514
-0.02339270172853271
-0.027271492716956704
-0.009328203777003406
-0.05000166071115248
0.03508225182246252
-0.033798108335502876
0.0002656708997666591
-0.03369969665511791
-0.056993822190245964
-0.040332169212912536
-0.03544076881794262
-0.06646172841146283
-0.012217276792875218
-0.04469636550245375
0.003858634779997575
-0.04663833238603735
-0.052268765279024416
-0.04118402220342083
-0.024631877938560216
-0.03399246298641631
-0.04292569130483619
-0.06692286912279169
-0.024631877938560216
-0.019942853921976398
-0.026450156061084435
-0.0007813563750271327
-0.0177775918598923
-0.034842994500684184
-0.03947215008220385
-0.042720479075769174
-0.014175113622814263
0.0002656708997666591
-0.05304344728893755
-0.020138682153602025
-0.014909113018151404
-0.015551697598939535
-0.04080836962614239
0.01408386694121715
-0.04691681732860175
-0.01331989222947695
-0.01710550387745315
-0.02198063983055222
-0.035800453168046316
-0.02272819467318139
-0.03272593852896984
-0.010148580526767838
-0.016244167899922553
-0.033591354968334125
-0.052268765279024416
-0.04048846190302284
-0.06524255083494329
-0.007386801726880834
-0.07998202861302571
-0.04155791416769799
-0.002468299612512961
-0.04048846190302284
-0.030999677048631064
-0.011675805702726163
-0.005515424137172848
-0.03328147041309772
-0.018931499351366152
-0.05220015029393742
-0.020875374024927635
-0.016549113710494036
-0.02416321912729546
-0.00748172502401023
-0.021896817206193048
-0.027778314509792366
-0.024631877938560216
-0.0638921001185335
-0.03976634750505514
-0.06646172841146283
-0.011219560327949534
-0.08162193755211182
-0.014251874752388326
0.0073209614783488605
-0.03328147041309772
-0.027076757597357608
-0.058432041269758865
-0.00748172502401023
-0.03249014281737643
-0.06264106445703502
-0.03217199823532897
-0.037659422613900755
-0.027778314509792366
-0.03220098670799758
-0.02175833150193785
-0.033805829408915355
-0.06264106445703502
0.017013247409916013
-0.0167867461641271
-0.037723977543362514
-0.0015248332072197585
-0.030651255552861047
-0.016900689965035853
-0.05032762039242466
-0.00460398695498082
-0.08162193755211182
-0.037683712717902176
-0.036511905435829654
-0.0330025398585448
-0.01559657241746249
-0.024772286381527148
-0.03249014281737643
-0.02009392541838113
0.0002656708997666591
0.0015230513775349509
-0.008025612354858389
-0.007842205483168233
-0.04118402220342083
-0.009404085130931621
0.0002656708997666591
-0.04585884117924708
-0.05000166071115248
-0.011588600007067684
-0.04292569130483619
0.0015230513775349509
-0.03399246298641631
-0.04585884117924708
-0.022246833506749712
-0.014175113622814263
-0.0285858887383398
-0.04011090089528075
0.01188333463485394
-0.04716514333241287
0.0002656708997666591
0.017013247409916013
-0.030685219475005483
-0.012217276792875218
-0.10190957962958937
-0.018246608205034525
-0.036511905435829654
-0.05479701257220503
-0.04474012841788972
0.003858634779997575
-0.03544076881794262
-0.019400649282365155
-0.0353531596129269
-0.12163602132708423
-0.002354232186268853
-0.034427245316390624
-0.0330025398585448
-0.01779816090250655
-0.01340235493994151
-0.021896817206193048
-0.006413963142209383
-0.058763720585471114
-0.05356255184710848
-0.03763161912424177
-0.03407252944512682
-0.03106197625818699
-0.039184925638880694
-0.033591354968334125
0.017013247409916013
-0.04474012841788972
-0.12163602132708423
-0.016900689965035853
-0.027271492716956704
-0.005188872165327028
-0.052268765279024416
-0.03841244482731048
-0.015551697598939535
-0.04379908039211679
-0.01331989222947695
-0.04867053675779625
-0.005515424137172848
-0.020936059885754327
-0.0234333585601758
-0.04118402220342083
-0.016900689965035853
-0.056993822190245964
-0.033478640873435224
-0.037723977543362514
-0.010090313063830075
0.00934816664892686
-0.06436260617368571
-0.030685219475005483
-0.03441122813108854
-0.04813414446538225
0.02790428148438158
0.0073209614783488605
-0.049359684808507824
0.0002656708997666591
-0.009328203777003406
-0.03249014281737643
-0.03947477208749753
-0.032648101084512264
-0.02198063983055222
-0.054379111573011105
-0.033591354968334125
-0.05032762039242466
-0.030999677048631064
-0.027184298523842892
-0.04379908039211679
-0.04720637028651655
-0.05000166071115248
-0.04118402220342083
-0.024772286381527148
0.005605779147150782
0.02790428148438158
-0.0052221079367998306
-0.06692286912279169
-0.005188872165327028
-0.04155791416769799
-0.01710550387745315
-0.019942853921976398
-0.06646172841146283
0.0015230513775349509
-0.03952661860211682
-0.03328147041309772
-0.03249014281737643
-0.037683712717902176
-0.016244167899922553
-0.03159216755838358
-0.04629598006294515
-0.024716829177825597
-0.034657855072363304
-0.029452334539450988
-0.0330025398585448
-0.03763161912424177
0.03508225182246252
-0.014175113622814263
-0.0638921001185335
0.03508225182246252
0.004918348498058354
-0.056993822190245964
-0.008025612354858389
-0.018246608205034525
-0.01361477628080284
-0.05867129516922401
-0.058763720585471114
-0.005916655031805897
-0.026740937714094838
0.01408386694121715
-0.01710550387745315
-0.005916655031805897
-0.022246833506749712
0.01188333463485394
-0.05479701257220503
-0.01495092779082541
-0.025460035295905986
-0.030943850613231804
-0.040332169212912536
-0.0262689767125725
-0.03492221381719176
-0.024112853365708904
-0.037651585861942685
-0.054379111573011105
-0.034657855072363304
-0.024772286381527148
-0.020936059885754327
-0.024631877938560216
-0.07391537173219767
-0.03375168748084234
-0.04585884117924708
-0.004029352052372149
-0.03544076881794262
-0.04118402220342083
-0.01118823396954807
-0.04585884117924708
-0.03763161912424177
-0.06264106445703502
-0.01118823396954807
-0.024112853365708904
-0.013275310720385501
-0.0014912773285821242
0.03508225182246252
-0.033805829408915355
-0.010462329060941064
-0.03544076881794262
-0.03841244482731048
-0.01779816090250655
-0.04867053675779625
-0.02416321912729546
-0.05356255184710848
-0.035800453168046316
-0.036511905435829654
-0.04245318011008066
-0.03399246298641631
-0.023996300378044386
-0.01316431262977952
-0.05032762039242466
-0.018887829965787035
-0.014100331712517317
-0.024456593044664268
-0.05032762039242466
-0.014346719976126883
-0.12163602132708423
-0.03298236862206078
-0.056993822190245964
-0.03290806170270945
0.003858634779997575
-0.03763161912424177
-0.05867129516922401
-0.016549113710494036
-0.04585884117924708
-0.039345064216202486
-0.03773150119315669
-0.032648101084512264
-0.03375168748084234
-0.004029352052372149
0.003858634779997575
-0.014251874752388326
-0.043089315623130155
0.01188333463485394
-0.0014912773285821242
-0.037149189307064394
-0.03369969665511791
-0.042720479075769174
-0.014275215957287616
-0.06157763979515439
-0.0528884398673761
-0.005916655031805897
-0.03850827837478543
-0.039345064216202486
-0.03544076881794262
-0.05418657089577389
-0.013275310720385501
-0.04661190392141446
-0.018246608205034525
-0.002354232186268853
-0.056993822190245964
-0.05867129516922401
-0.025542465895638994
-0.030651255552861047
-0.03841244482731048
-0.03399246298641631
-0.03947215008220385
