-0.033234414526367544
-0.13734434971621653
-0.03835409979936096
-0.10324662016680722
-0.08497111667513396
-0.12680539080429234
-0.13734434971621653
-0.11124986388802031
-0.06658717072959683
-0.03646458585233069
-0.12680539080429234
-0.1334035429416713
-0.1591533830623845
-0.08411225191266893
-0.09847111045208949
-0.10790340782947702
-0.08102925795849619
-0.11271196185623779
-0.06409424793293261
-0.09737217058816575
-0.08304168642607249
-0.024293116648346626
-0.08411225191266893
-0.06500098045507095
-0.06033206842684111
-0.06542154896395569
-0.0750489698747135
-0.048826260615027525
-0.11616635580144012
-0.046370863407901086
-0.1591533830623845
-0.0760748356577074
-0.0014685974137759303
-0.0570922165351475
-0.0158612660320681
-0.06753824149162516
-0.15906860637337003
-0.06619963811242771
-0.04402557793454886
-0.10790340782947702
-0.007162422707485237
-0.06458453090576156
-0.064665406603325
-0.050813651733325485
-0.04915205398445199
-0.11271196185623779
-0.07638382518139335
-0.11616635580144012
-0.10060402998395816
-0.0760748356577074
-0.03593969955696097
0.0012643482232723693
-0.08531946476842223
-0.09143133356333367
-0.14185456263779392
-0.024293116648346626
-0.05578316338603123
-0.11303006381417312
-0.06500098045507095
-0.08401094701763281
-0.05357558323437089
-0.08156134634426225
-0.1334035429416713
-0.10324662016680722
-0.040720539097554354
-0.11271196185623779
-0.08600353503541315
-0.027518801432572022
-0.05351438648184493
-0.13734434971621653
-0.05887497295104294
-0.06867131853505798
-0.09151692012504949
-0.08019289157623515
-0.0622998015657574
-0.04296616866463164
-0.05955365179610233
-0.04402557793454886
-0.09151692012504949
-0.033234414526367544
-0.08559324655368516
-0.05573180588259886
-0.06867131853505798
-0.03835409979936096
-0.05357558323437089
-0.07372260654111176
-0.04279314834445654
-0.07060988565990146
-0.05887497295104294
-0.040448776965892996
-0.04237252875543957
-0.1691417188701337
-0.040448776965892996
-0.043040211978425835
-0.06458453090576156
-0.12877109215818947
-0.04549531799343098
-0.0570922165351475
-0.12877109215818947
-0.06867131853505798
-0.08019289157623515
-0.03646458585233069
-0.07152471601312037
-0.048826260615027525
-0.07638382518139335
-0.10060402998395816
-0.04296616866463164
-0.07885075845960085
-0.09737217058816575
-0.05955365179610233
-0.09666261491857804
-0.14222992751304703
-0.08304168642607249
-0.04775146230662433
-0.1370925953686176
-0.10626866595708899
-0.10651881283775093
-0.064665406603325
-0.0731971870573929
-0.07152099331324113
-0.09847111045208949
-0.02703954483681188
-0.09143133356333367
-0.0750489698747135
-0.0622998015657574
-0.007386877740577594
-0.08497111667513396
-0.11030053113416462
-0.09847111045208949
-0.11303006381417312
-0.05357558323437089
-0.15906860637337003
-0.06542154896395569
-0.07651378325276066
-0.03835409979936096
-0.05351438648184493
-0.06619963811242771
-0.05263384243952644
-0.10324662016680722
-0.04767324812189591
-0.07651378325276066
-0.09373756011608213
-0.08761160261273367
-0.04767324812189591
-0.033234414526367544
-0.042977015986504184
-0.0158612660320681
-0.13734434971621653
-0.024293116648346626
-0.0731971870573929
-0.033234414526367544
-0.09666261491857804
-0.0470944617220482
-0.08559324655368516
-0.03593969955696097
-0.024293116648346626
-0.03593969955696097
-0.0014685974137759303
-0.04237252875543957
-0.0570922165351475
-0.11616635580144012
-0.11418144583426562
-0.10651881283775093
-0.08102925795849619
-0.1013092841237011
-0.02783007440812929
-0.0806159056063214
-0.060223182294872155
-0.03593969955696097
-0.10060402998395816
-0.042977015986504184
-0.04915205398445199
-0.06409424793293261
-0.07651378325276066
-0.11457436318456928
-0.060223182294872155
-0.0288925290311935
-0.04094119081438166
-0.11457436318456928
-0.07638382518139335
-0.08364725572484583
-0.1334035429416713
-0.09143133356333367
-0.015410254755589582
-0.1691417188701337
-0.0750489698747135
-0.12680539080429234
-0.05887497295104294
-0.064665406603325
-0.05534754279823938
-0.03319216728048665
-0.04549531799343098
-0.05089805566056009
-0.11616635580144012
-0.11457436318456928
-0.03646458585233069
-0.12722778702207557
-0.06733994486924584
-0.04094119081438166
-0.11124986388802031
-0.06542154896395569
-0.11418144583426562
-0.04214046353830581
-0.04296616866463164
-0.09143133356333367
-0.12850955359926852
-0.050813651733325485
-0.0688192892510105
-0.08559324655368516
-0.06500098045507095
-0.14727105575770227
-0.10148615196702926
-0.08472999665962395
-0.05089805566056009
-0.06951625097980481
-0.04974706356904139
-0.040448776965892996
-0.05534754279823938
-0.022907578425690123
-0.08497111667513396
-0.052830869924026885
-0.10651881283775093
-0.04767324812189591
-0.1230009850084392
-0.048826260615027525
-0.04549531799343098
-0.04767324812189591
-0.042977015986504184
-0.11030053113416462
-0.009521283235426446
-0.08411225191266893
-0.05357558323437089
-0.12877109215818947
-0.06951625097980481
-0.044567203412652835
-0.04974706356904139
-0.03646458585233069
-0.05534754279823938
-0.03593969955696097
-0.08401094701763281
-0.07638382518139335
-0.050813651733325485
-0.02703954483681188
-0.08600353503541315
-0.03593969955696097
-0.08472999665962395
-0.10057375957878723
-0.02703954483681188
-0.09847111045208949
-0.06033206842684111
-0.04810818621197073
-0.0688192892510105
-0.040720539097554354
-0.03835409979936096
-0.040720539097554354
-0.03646458585233069
0.0064154064392941265
-0.09151692012504949
-0.173066551632628
-0.03112476534101655
-0.09151692012504949
-0.14185456263779392
-0.06733994486924584
-0.060223182294872155
-0.0470944617220482
-0.12722778702207557
-0.0570922165351475
-0.09847111045208949
-0.04094119081438166
-0.04956006059927688
-0.06621016334867041
-0.007386877740577594
-0.060223182294872155
-0.11303006381417312
-0.060223182294872155
-0.09737217058816575
-0.07060988565990146
-0.052830869924026885
-0.06542154896395569
-0.09595150187501912
-0.08019289157623515
-0.050813651733325485
-0.040720539097554354
-0.04296616866463164
-0.11457436318456928
-0.05842537980298269
-0.05089805566056009
-0.11271196185623779
-0.09847111045208949
-0.03924730564229575
-0.0288925290311935
-0.06753824149162516
-0.11262015057814312
-0.032285718827417105
-0.046370863407901086
-0.0014685974137759303
-0.007386877740577594
-0.05357558323437089
-0.02703954483681188
-0.04402557793454886
-0.0806159056063214
-0.0470944617220482
-0.09143133356333367
-0.10333887944796598
-0.044567203412652835
-0.09847111045208949
-0.059672268714410476
-0.1591533830623845
-0.0731971870573929
-0.06148387074335354
-0.08019289157623515
-0.05089805566056009
-0.1591533830623845
-0.02703954483681188
-0.13734434971621653
-0.05573180588259886
-0.0470944617220482
-0.08411225191266893
-0.0750489698747135
-0.07651378325276066
-0.05578316338603123
-0.06658717072959683
-0.10626866595708899
-0.07372260654111176
-0.12680539080429234
-0.04094119081438166
-0.12264849284012626
-0.007386877740577594
-0.11457436318456928
-0.007162422707485237
-0.04214046353830581
-0.12722778702207557
-0.06621016334867041
-0.033234414526367544
-0.06619963811242771
-0.10626866595708899
-0.1334035429416713
-0.007386877740577594
-0.07118470819066036
-0.10790340782947702
-0.02783007440812929
-0.06409424793293261
0.0012643482232723693
-0.08531946476842223
-0.11271196185623779
-0.05573180588259886
-0.04279314834445654
-0.11303006381417312
-0.09151692012504949
-0.0628325103407844
-0.0622998015657574
-0.029281707402400547
-0.09143133356333367
-0.04237252875543957
-0.009521283235426446
-0.09666261491857804
-0.1334035429416713
-0.07638382518139335
-0.06753824149162516
-0.07372260654111176
-0.12850955359926852
-0.09595150187501912
-0.07152471601312037
-0.07009043667348654
-0.08102925795849619
-0.07333532901388176
-0.046370863407901086
-0.11418144583426562
-0.04296616866463164
-0.07152099331324113
-0.0470944617220482
-0.09847111045208949
-0.10333887944796598
-0.029281707402400547
-0.07009043667348654
-0.04915205398445199
-0.06458453090576156
-0.07483181879179424
-0.0750489698747135
-0.048826260615027525
-0.07787154119379197
-0.04402557793454886
-0.05842537980298269
-0.05842537980298269
-0.06753824149162516
-0.015410254755589582
-0.10324662016680722
-0.03112476534101655
-0.05803012273544253
-0.06951625097980481
-0.0470944617220482
-0.05887497295104294
-0.07118470819066036
-0.08401094701763281
-0.11616635580144012
-0.0288925290311935
-0.1326870285478932
-0.05089805566056009
-0.06542154896395569
-0.12877109215818947
-0.07152471601312037
-0.03164584913081894
-0.007162422707485237
-0.07372260654111176
-0.04956006059927688
-0.02783007440812929
-0.03593969955696097
-0.044567203412652835
0.0012643482232723693
-0.07638382518139335
-0.10553334981529063
-0.0628325103407844
-0.033234414526367544
-0.13734434971621653
-0.064665406603325
-0.0760748356577074
-0.11457436318456928
-0.046370863407901086
-0.04296616866463164
-0.05351438648184493
-0.11616635580144012
-0.09737217058816575
-0.06733994486924584
-0.07333532901388176
-0.0688192892510105
-0.06148387074335354
-0.06033206842684111
-0.04296616866463164
-0.04214046353830581
-0.06753824149162516
-0.09847111045208949
-0.06148387074335354
-0.06033206842684111
-0.040448776965892996
-0.12680539080429234
-0.09151692012504949
-0.12722778702207557
-0.06619963811242771
-0.037313123062162994
-0.10324662016680722
-0.06611107860638869
-0.1591533830623845
-0.07651378325276066
-0.07885075845960085
-0.0628325103407844
-0.08156134634426225
-0.09666261491857804
-0.05089805566056009
-0.08531946476842223
-0.1370925953686176
-0.06458453090576156
-0.10148615196702926
-0.007162422707485237
-0.07152471601312037
-0.04296616866463164
-0.1326870285478932
-0.0628325103407844
-0.0158612660320681
-0.044567203412652835
-0.07372260654111176
-0.0628325103407844
-0.04775146230662433
-0.0158612660320681
-0.032285718827417105
-0.11030053113416462
-0.040720539097554354
-0.06542154896395569
-0.040448776965892996
-0.06033206842684111
-0.14185456263779392
-0.05803012273544253
-0.10057375957878723
-0.1691417188701337
-0.09143133356333367
-0.10148615196702926
-0.0470944617220482
-0.06733994486924584
-0.09847111045208949
-0.039822536183522134
-0.08600353503541315
-0.0622998015657574
-0.028610394744628967
-0.03593969955696097
-0.06409424793293261
-0.03646458585233069
-0.0470944617220482
-0.11262015057814312
-0.10553334981529063
-0.10148615196702926
-0.009289891610459618
-0.040448776965892996
-0.12850955359926852
-0.04214046353830581
-0.0570922165351475
-0.04402557793454886
-0.03646458585233069
-0.10553334981529063
-0.05351438648184493
-0.1691417188701337
-0.13734434971621653
-0.015410254755589582
-0.0622998015657574
-0.0628325103407844
-0.0628325103407844
-0.05803012273544253
-0.07787154119379197
-0.048826260615027525
-0.028610394744628967
-0.07152099331324113
-0.042977015986504184
-0.04549531799343098
-0.173066551632628
-0.10060402998395816
-0.08304168642607249
-0.10553334981529063
-0.04214046353830581
-0.09666261491857804
-0.08600353503541315
-0.07651378325276066
-0.07483181879179424
-0.04549531799343098
-0.08761160261273367
-0.0622998015657574
-0.1326870285478932
-0.05887497295104294
-0.060223182294872155
-0.0628325103407844
-0.04775146230662433
-0.028610394744628967
-0.0628325103407844
-0.09143133356333367
-0.07152099331324113
-0.10626866595708899
-0.04810818621197073
-0.05803012273544253
-0.08472999665962395
-0.08472999665962395
-0.05842537980298269
-0.08497111667513396
-0.07483181879179424
-0.1591533830623845
-0.14727105575770227
-0.10057375957878723
-0.12850955359926852
-0.05955365179610233
-0.10333887944796598
-0.0806159056063214
-0.09580579913353648
-0.06621016334867041
-0.1591533830623845
-0.08600353503541315
-0.14185456263779392
-0.02703954483681188
-0.0688192892510105
-0.050813651733325485
-0.05573180588259886
-0.043040211978425835
-0.1370925953686176
-0.05573180588259886
-0.0806159056063214
-0.07152099331324113
-0.04974706356904139
-0.046370863407901086
-0.08102925795849619
-0.05351438648184493
-0.10333887944796598
-0.08600353503541315
-0.03924730564229575
-0.04549531799343098
-0.1334035429416713
-0.03681084674991116
-0.15906860637337003
-0.08761160261273367
-0.09595150187501912
-0.042977015986504184
-0.0622998015657574
-0.05534754279823938
-0.1334035429416713
-0.03975355762098396
-0.10790340782947702
-0.03975355762098396
-0.08600353503541315
-0.11616635580144012
-0.07885075845960085
-0.0470944617220482
-0.032285718827417105
-0.02783007440812929
-0.06619963811242771
-0.04549531799343098
-0.08364725572484583
-0.11616635580144012
-0.15906860637337003
-0.03164584913081894
-0.05263384243952644
-0.05534754279823938
-0.0806159056063214
-0.12877109215818947
-0.10333887944796598
-0.06621016334867041
-0.0750489698747135
-0.09737217058816575
-0.04237252875543957
-0.04214046353830581
-0.14727105575770227
-0.0731971870573929
-0.03975355762098396
-0.06951625097980481
-0.03164584913081894
-0.028610394744628967
-0.04279314834445654
-0.11457436318456928
-0.0731971870573929
-0.05357558323437089
-0.12850955359926852
-0.05263384243952644
-0.1691417188701337
-0.07152471601312037
-0.10324662016680722
-0.015410254755589582
-0.03646458585233069
-0.048826260615027525
-0.11271196185623779
-0.07787154119379197
-0.13734434971621653
-0.10060402998395816
-0.007162422707485237
-0.1370925953686176
-0.10324662016680722
-0.05089805566056009
-0.03924730564229575
-0.05263384243952644
-0.0688192892510105
-0.007162422707485237
-0.07651378325276066
-0.10060402998395816
-0.015410254755589582
-0.06619963811242771
-0.09143133356333367
-0.04296616866463164
-0.12877109215818947
-0.0014685974137759303
-0.09666261491857804
-0.064665406603325
-0.03593969955696097
-0.0288925290311935
-0.064665406603325
-0.03681084674991116
-0.14185456263779392
-0.0622998015657574
-0.08384344569812639
-0.032285718827417105
-0.07333532901388176
-0.12264849284012626
-0.015410254755589582
-0.022907578425690123
-0.0731971870573929
-0.03112476534101655
-0.1326870285478932
-0.10626866595708899
-0.06753824149162516
-0.06409424793293261
-0.02703954483681188
-0.0014685974137759303
0.0064154064392941265
-0.05842537980298269
-0.08411225191266893
-0.07638382518139335
-0.08019289157623515
-0.05578316338603123
-0.028610394744628967
-0.12850955359926852
-0.064665406603325
-0.06619963811242771
-0.050813651733325485
-0.059672268714410476
-0.05573180588259886
-0.04214046353830581
-0.14222992751304703
-0.08401094701763281
-0.08364725572484583
-0.12722778702207557
-0.04974706356904139
-0.08559324655368516
-0.11418144583426562
-0.06951625097980481
-0.03646458585233069
-0.059672268714410476
-0.029281707402400547
-0.09151692012504949
-0.044567203412652835
-0.14222992751304703
-0.027249872244658805
-0.015410254755589582
-0.07787154119379197
-0.09666261491857804
-0.06658717072959683
-0.015410254755589582
-0.04279314834445654
-0.07651378325276066
-0.08472999665962395
-0.03593969955696097
-0.04279314834445654
-0.12264849284012626
-0.1370925953686176
-0.0750489698747135
-0.015410254755589582
-0.0470944617220482
-0.08761160261273367
-0.037313123062162994
-0.09151692012504949
-0.05803012273544253
-0.04296616866463164
-0.048826260615027525
-0.09595150187501912
-0.04810818621197073
-0.06733994486924584
-0.06867131853505798
-0.044567203412652835
-0.11271196185623779
-0.1230009850084392
-0.07885075845960085
-0.0760748356577074
-0.0570922165351475
-0.02703954483681188
-0.04810818621197073
-0.0688192892510105
-0.07483181879179424
-0.0014685974137759303
-0.04549531799343098
-0.05887497295104294
-0.1591533830623845
-0.11303006381417312
-0.09666261491857804
-0.027518801432572022
-0.046732597097357005
-0.08600353503541315
-0.052830869924026885
-0.0470944617220482
-0.03319216728048665
-0.06611107860638869
-0.015410254755589582
-0.007162422707485237
-0.14222992751304703
-0.07060988565990146
-0.07009043667348654
-0.10626866595708899
-0.07118470819066036
-0.02703954483681188
-0.06951625097980481
-0.07638382518139335
-0.05534754279823938
-0.07651378325276066
-0.09666261491857804
-0.06033206842684111
-0.03319216728048665
-0.0288925290311935
-0.07483181879179424
-0.05842537980298269
-0.1326870285478932
-0.03681084674991116
-0.06619963811242771
-0.10333887944796598
-0.14222992751304703
-0.029281707402400547
-0.06409424793293261
-0.040448776965892996
-0.03924730564229575
-0.05357558323437089
-0.044567203412652835
-0.07885075845960085
-0.12264849284012626
-0.042977015986504184
-0.07787154119379197
-0.037313123062162994
-0.14727105575770227
-0.11124986388802031
-0.1230009850084392
-0.04094119081438166
-0.06500098045507095
-0.03112476534101655
-0.1326870285478932
-0.04094119081438166
-0.05803012273544253
-0.024293116648346626
-0.10324662016680722
-0.12680539080429234
-0.07118470819066036
-0.03924730564229575
-0.1591533830623845
-0.064665406603325
-0.009289891610459618
-0.08531946476842223
-0.04279314834445654
-0.11030053113416462
-0.09666261491857804
-0.04279314834445654
-0.07885075845960085
-0.10324662016680722
-0.09847111045208949
-0.039822536183522134
-0.11262015057814312
-0.04549531799343098
-0.05887497295104294
-0.12850955359926852
-0.09151692012504949
-0.033234414526367544
-0.03593969955696097
-0.11457436318456928
-0.06951625097980481
-0.09373756011608213
-0.06951625097980481
-0.1334035429416713
-0.04810818621197073
-0.07152099331324113
-0.10651881283775093
-0.04296616866463164
-0.07885075845960085
-0.11124986388802031
-0.04279314834445654
-0.046370863407901086
-0.04956006059927688
-0.07009043667348654
-0.08531946476842223
-0.11030053113416462
-0.04296616866463164
-0.05573180588259886
-0.07372260654111176
-0.039822536183522134
-0.07333532901388176
-0.0806159056063214
-0.04094119081438166
-0.06458453090576156
-0.046370863407901086
-0.08102925795849619
-0.09847111045208949
-0.173066551632628
-0.037313123062162994
-0.06733994486924584
-0.11124986388802031
-0.04549531799343098
-0.03593969955696097
-0.032285718827417105
-0.05887497295104294
-0.09151692012504949
-0.05447238484338547
-0.1370925953686176
-0.1326870285478932
-0.1326870285478932
-0.08472999665962395
-0.07483181879179424
-0.06611107860638869
-0.03681084674991116
-0.064665406603325
-0.044567203412652835
-0.03924730564229575
-0.1334035429416713
-0.015410254755589582
-0.11457436318456928
-0.05573180588259886
-0.11710103680407086
-0.09847111045208949
-0.14185456263779392
-0.05578316338603123
-0.07483181879179424
-0.05263384243952644
-0.11030053113416462
-0.007386877740577594
0.0012643482232723693
-0.03646458585233069
-0.046732597097357005
-0.06148387074335354
-0.060223182294872155
-0.05578316338603123
-0.10626866595708899
-0.06753824149162516
-0.05263384243952644
-0.07787154119379197
-0.10651881283775093
-0.05447238484338547
-0.07638382518139335
-0.05578316338603123
-0.09666261491857804
-0.015410254755589582
-0.04549531799343098
-0.09847111045208949
-0.12680539080429234
-0.08384344569812639
-0.0688192892510105
-0.04956006059927688
-0.11271196185623779
-0.06753824149162516
-0.05447238484338547
-0.07060988565990146
-0.03835409979936096
-0.12264849284012626
-0.06500098045507095
-0.13734434971621653
-0.03924730564229575
-0.064665406603325
-0.1013092841237011
-0.0014685974137759303
-0.11616635580144012
-0.015410254755589582
-0.14185456263779392
-0.04915205398445199
-0.048826260615027525
-0.05089805566056009
-0.09847111045208949
-0.10148615196702926
-0.040448776965892996
-0.05263384243952644
-0.12264849284012626
-0.14727105575770227
-0.09666261491857804
-0.08497111667513396
-0.10060402998395816
-0.05955365179610233
-0.10324662016680722
-0.10060402998395816
-0.11124986388802031
-0.14727105575770227
-0.027249872244658805
-0.05578316338603123
-0.11616635580144012
-0.14727105575770227
-0.12264849284012626
-0.022907578425690123
-0.0158612660320681
-0.024293116648346626
-0.11124986388802031
-0.08497111667513396
-0.07060988565990146
-0.06733994486924584
-0.05263384243952644
-0.03924730564229575
-0.173066551632628
-0.04402557793454886
-0.07152471601312037
-0.07060988565990146
-0.10333887944796598
-0.06409424793293261
-0.009289891610459618
-0.0760748356577074
-0.06619963811242771
-0.07638382518139335
-0.06542154896395569
-0.0760748356577074
-0.1326870285478932
-0.1591533830623845
-0.0622998015657574
-0.042977015986504184
-0.039822536183522134
-0.046370863407901086
-0.10790340782947702
-0.059672268714410476
-0.03646458585233069
-0.06458453090576156
-0.0731971870573929
-0.07651378325276066
-0.042977015986504184
-0.14185456263779392
-0.08364725572484583
-0.09580579913353648
-0.042977015986504184
-0.08559324655368516
-0.1326870285478932
-0.08531946476842223
-0.1334035429416713
-0.10324662016680722
-0.11030053113416462
-0.05887497295104294
-0.040448776965892996
-0.05803012273544253
-0.11030053113416462
-0.0731971870573929
-0.04767324812189591
-0.04915205398445199
-0.05842537980298269
-0.05447238484338547
-0.05357558323437089
-0.04279314834445654
-0.0622998015657574
-0.03646458585233069
-0.08156134634426225
-0.04915205398445199
-0.08600353503541315
-0.015410254755589582
-0.10651881283775093
0.0012643482232723693
-0.02783007440812929
-0.04956006059927688
-0.06611107860638869
-0.10651881283775093
-0.03835409979936096
-0.07060988565990146
-0.08401094701763281
-0.032285718827417105
-0.02783007440812929
-0.08384344569812639
-0.024293116648346626
