-0.04747112602309055
-0.03582378127899052
-0.02952493830830417
-0.11513954925555266
-0.01315094147408141
0.005002567148512629
-0.01315094147408141
-0.01830662534898057
-0.022180186542524693
-0.02673775933394309
-0.00766967136816131
-0.026722988083048745
-0.008137142745637777
-0.06417960900373458
-0.0204873459862833
-0.038602178688527486
-0.038602178688527486
-0.011920928502284704
-0.0972481162616083
-0.007610927882431731
-0.05314012973919504
-0.06948031275157808
-0.06417960900373458
-0.014410580823293103
-0.038602178688527486
-0.0047160615056004405
-0.021124380855191083
-0.02826442908334336
-0.023723588209288392
-0.051478534711627354
-0.022180186542524693
-0.04122103537972848
-0.04005066796453187
-0.012062626560804824
-0.04005066796453187
-0.025180500451799884
-0.012171317341774339
-0.027643070826527227
-0.03582378127899052
-0.11513954925555266
-0.015622316045254676
-0.03150588129472202
-0.038602178688527486
-0.03408865648962079
-0.04005066796453187
-0.019213667209313768
-0.012062615597600359
-0.012062615597600359
-0.026287790642337574
-0.06948031275157808
-0.029874909345891407
-0.007610927882431731
-0.022180186542524693
-0.10996060603063797
-0.03988501433169048
-0.029874909345891407
-0.02231287653559068
-0.026346647554953233
-0.01073817508347725
0.00902154110943632
-0.018423218992131892
-0.012171317341774339
-0.019789386690117695
-0.026722988083048745
-0.0011804604140517438
-0.04775242497646456
-0.03253875750469186
-0.01132000003590565
-0.01132000003590565
-0.008137142745637777
-0.06629194142671109
-0.05600268570140253
-0.04023947224433509
-0.001243154486388554
-0.01073817508347725
-0.015519783962400583
-0.027643070826527227
-0.031194146668041618
-0.024355484364719324
-0.035690871743356126
-0.0972481162616083
-0.02231287653559068
-0.02565053281947456
-0.016689561292230204
-0.007610927882431731
-0.01830662534898057
-0.012845012520892533
-0.10996060603063797
-0.018423218992131892
-0.05314012973919504
-0.0442185504902745
-0.0714367095943194
-0.014410580823293103
-0.015622316045254676
-0.03621757416110629
-0.01132000003590565
-0.026287790642337574
-0.03150588129472202
-0.06629194142671109
-0.011920928502284704
-0.013342914751350706
-0.035690871743356126
-0.04114138986464352
-0.019789386690117695
-0.010837833706529425
-0.038867993917845275
-0.010837833706529425
-0.03582378127899052
-0.03988501433169048
-0.01073817508347725
-0.023582376807184904
-0.033670341515252854
-0.0282632950403041
0.011374620531617754
-0.001243154486388554
-0.01495145049593783
-0.045306158855734815
-0.04122103537972848
-0.03150588129472202
-0.0972481162616083
0.00902154110943632
-0.027643070826527227
-0.022623722281995006
-0.02952493830830417
-0.009997434188830279
-0.013667385723427529
-0.03408865648962079
-0.025180500451799884
-0.012845012520892533
-0.018423218992131892
-0.11513954925555266
-0.03438902752699257
-0.025180500451799884
-0.013925555055910433
-0.01132000003590565
-0.010495451022585589
-0.04426624724484976
-0.008137142745637777
-0.03253875750469186
-0.013667385723427529
0.010231159050571079
-0.023582376807184904
-0.04456352959668293
-0.035690871743356126
-0.023723588209288392
-0.05769699890690541
-0.01830662534898057
-0.00766967136816131
0.005520443399621511
-0.03988501433169048
-0.01132000003590565
-0.04676077539858905
-0.026722988083048745
-0.02513459796817422
-0.0972481162616083
-0.03988501433169048
0.00902154110943632
-0.02024122865619155
-0.015807662251962066
-0.013342914751350706
-0.04456352959668293
-0.021427892459139435
-0.018423218992131892
-0.013925555055910433
0.005002567148512629
-0.01315094147408141
-0.015622316045254676
-0.014410580823293103
-0.03150588129472202
-0.04122103537972848
-0.0047160615056004405
-0.04426624724484976
-0.024721845745390797
-0.026287790642337574
-0.012845012520892533
-0.0972481162616083
-0.007610927882431731
-0.008137142745637777
-0.04676077539858905
-0.01042852209661686
-0.02513459796817422
-0.001243154486388554
-0.0714367095943194
-0.015807662251962066
-0.08718880875316652
-0.012062626560804824
-0.029874909345891407
-0.026039308529034355
-0.01132000003590565
-0.04023947224433509
-0.012062615597600359
-0.014410580823293103
-0.035690871743356126
-0.04005066796453187
-0.02991737223481634
-0.027468340508374815
-0.001243154486388554
-0.023723588209288392
-0.00878477588423079
-0.011120830744329641
-0.01894512727918566
-0.015807662251962066
-0.023582376807184904
-0.013925555055910433
-0.04456352959668293
0.00450272757514318
-0.022623722281995006
-0.05769699890690541
-0.0029114877492294536
-0.051478534711627354
-0.012062615597600359
-0.03438902752699257
-0.051478534711627354
-0.04114742313231887
-0.031516795799090544
-0.02565053281947456
0.011374620531617754
-0.01315094147408141
-0.023946728176573152
-0.010833439860871503
-0.026287790642337574
-0.045532390033334126
-0.031194146668041618
-0.01315094147408141
-0.023797454141936045
-0.0714367095943194
-0.03856118675932558
-0.01042852209661686
-0.023723588209288392
-0.013342914751350706
-0.023797454141936045
-0.019789386690117695
-0.02991737223481634
-0.04130134366852927
-0.011120830744329641
-0.019213667209313768
-0.00766967136816131
-0.010505488396474803
-0.02826442908334336
-0.012062626560804824
-0.027468340508374815
-0.013342914751350706
0.0025515728254508485
-0.02952493830830417
-0.010833439860871503
-0.02673775933394309
-0.034726676122665605
-0.001243154486388554
-0.029874909345891407
-0.0282632950403041
0.005002567148512629
0.005002567148512629
-0.013342914751350706
-0.0204873459862833
-0.009997434188830279
-0.02231287653559068
-0.022623722281995006
-0.02635647209701939
-0.02991737223481634
-0.011120830744329641
-0.027643070826527227
-0.012845012520892533
-0.02476865012656057
-0.0029114877492294536
-0.026039308529034355
-0.027643070826527227
-0.0714367095943194
-0.04023947224433509
-0.021343794376339445
0.010231159050571079
-0.013342914751350706
-0.016689561292230204
-0.03438902752699257
0.0025515728254508485
-0.04747112602309055
-0.038602178688527486
-0.01894512727918566
-0.011120830744329641
-0.01315094147408141
-0.015622316045254676
-0.021343794376339445
-0.023582376807184904
-0.035996787099924814
-0.033670341515252854
-0.05314012973919504
-0.018423218992131892
-0.01042852209661686
-0.012171317341774339
-0.010833439860871503
-0.025180500451799884
-0.06417960900373458
-0.02513459796817422
-0.029874909345891407
-0.0714367095943194
-0.001243154486388554
-0.04114138986464352
-0.04676077539858905
-0.026039308529034355
0.00450272757514318
-0.021124380855191083
-0.01894512727918566
-0.04775242497646456
-0.021343794376339445
-0.001243154486388554
-0.015807662251962066
-0.024721845745390797
-0.02673775933394309
-0.03299940315069344
0.00902154110943632
-0.06629194142671109
-0.08718880875316652
-0.014410580823293103
-0.04122103537972848
-0.06629194142671109
-0.019213667209313768
-0.01315094147408141
-0.018423218992131892
-0.06948031275157808
-0.022180186542524693
0.005520443399621511
-0.012845012520892533
0.00902154110943632
-0.023582376807184904
-0.014410580823293103
-0.022259262505473627
-0.04426624724484976
-0.023946728176573152
-0.023582376807184904
-0.02231287653559068
-0.022180186542524693
-0.04676077539858905
-0.024721845745390797
-0.019991674888785612
-0.02635647209701939
-0.06948031275157808
-0.010833439860871503
-0.009997434188830279
-0.05537332313616321
-0.04747112602309055
-0.03253875750469186
-0.03253875750469186
-0.038602178688527486
-0.034726676122665605
-0.05600268570140253
-0.001243154486388554
-0.03988501433169048
-0.008137142745637777
-0.01132000003590565
-0.019789386690117695
-0.03253875750469186
-0.025180500451799884
-0.012171317341774339
-0.06629194142671109
-0.012171317341774339
-0.012062626560804824
-0.021427892459139435
-0.02923008912335485
-0.010833439860871503
-0.016689561292230204
-0.0047160615056004405
-0.05769699890690541
-0.018423218992131892
-0.02565053281947456
-0.03621757416110629
-0.0029114877492294536
-0.01073817508347725
-0.008137142745637777
-0.013667385723427529
-0.02826442908334336
-0.01315094147408141
-0.01830662534898057
-0.03856118675932558
-0.018423218992131892
-0.026722988083048745
-0.00878477588423079
-0.019213667209313768
-0.010495451022585589
-0.034726676122665605
-0.02476865012656057
-0.015519783962400583
0.010231159050571079
-0.04114138986464352
-0.01894512727918566
-0.015807662251962066
-0.025180500451799884
-0.016868974753209157
-0.011920928502284704
-0.04747112602309055
-0.02952493830830417
-0.01894512727918566
-0.031516795799090544
-0.021343794376339445
-0.03621757416110629
-0.009997434188830279
-0.06948031275157808
-0.06948031275157808
-0.019789386690117695
-0.014707640115272957
-0.00878477588423079
-0.015519783962400583
-0.0204873459862833
-0.02635647209701939
-0.02476865012656057
-0.05003726666578622
-0.02513459796817422
-0.02673775933394309
-0.03408865648962079
-0.012845012520892533
0.010231159050571079
-0.014410580823293103
-0.00766967136816131
0.005520443399621511
-0.03299940315069344
-0.026722988083048745
-0.045532390033334126
-0.03621757416110629
0.005520443399621511
-0.04775242497646456
0.00450272757514318
-0.0047160615056004405
-0.024355484364719324
-0.0972481162616083
-0.01132000003590565
-0.01042852209661686
-0.05852089450718512
-0.04130134366852927
-0.035996787099924814
-0.008137142745637777
-0.013925555055910433
-0.011120830744329641
-0.01073817508347725
-0.05852089450718512
-0.01315094147408141
-0.08718880875316652
-0.02923008912335485
-0.02991737223481634
-0.03621757416110629
0.010231159050571079
0.005002567148512629
-0.010505488396474803
-0.06417960900373458
-0.029874909345891407
-0.012062615597600359
-0.051478534711627354
-0.02635647209701939
-0.06417960900373458
-0.022623722281995006
-0.0972481162616083
-0.0047160615056004405
-0.02565053281947456
-0.01073817508347725
-0.0011804604140517438
-0.11513954925555266
-0.019789386690117695
-0.05003726666578622
-0.008137142745637777
-0.02826442908334336
-0.029874909345891407
-0.035690871743356126
-0.026287790642337574
-0.01042852209661686
-0.04775242497646456
-0.04122103537972848
-0.015622316045254676
-0.010837833706529425
-0.014707640115272957
-0.03150588129472202
-0.006731863926925181
-0.02673775933394309
-0.025391977008689233
-0.051478534711627354
-0.010833439860871503
-0.022623722281995006
-0.05600268570140253
-0.01132000003590565
-0.02923008912335485
-0.027643070826527227
-0.027643070826527227
-0.06629194142671109
-0.0714367095943194
-0.031194146668041618
-0.06948031275157808
-0.05003726666578622
-0.019991674888785612
-0.04114742313231887
-0.026346647554953233
0.011374620531617754
-0.010505488396474803
-0.03408865648962079
-0.03621757416110629
-0.08718880875316652
-0.03150588129472202
-0.024355484364719324
-0.02476865012656057
-0.02952493830830417
-0.03253875750469186
-0.08718880875316652
-0.00878477588423079
-0.06629194142671109
-0.0972481162616083
-0.02513459796817422
-0.0011804604140517438
-0.03856118675932558
-0.03856118675932558
-0.02476865012656057
-0.019991674888785612
-0.06417960900373458
-0.007610927882431731
-0.0204873459862833
-0.035996787099924814
-0.06629194142671109
-0.013667385723427529
-0.013925555055910433
-0.02024122865619155
-0.012062626560804824
-0.04114742313231887
-0.03856118675932558
-0.018423218992131892
-0.0972481162616083
-0.03408865648962079
-0.035996787099924814
0.005520443399621511
-0.04747112602309055
-0.022623722281995006
-0.013342914751350706
-0.0204873459862833
-0.04023947224433509
-0.06948031275157808
-0.02923008912335485
-0.022623722281995006
-0.02565053281947456
-0.025391977008689233
-0.012062626560804824
-0.02565053281947456
-0.014707640115272957
-0.02565053281947456
-0.027643070826527227
-0.03299940315069344
-0.02923008912335485
-0.03150588129472202
-0.038867993917845275
-0.0047160615056004405
-0.02635647209701939
-0.04114138986464352
-0.03299940315069344
-0.031516795799090544
-0.027468340508374815
-0.04130134366852927
-0.02991737223481634
-0.026722988083048745
-0.023797454141936045
0.00902154110943632
-0.011120830744329641
-0.031194146668041618
-0.0282632950403041
-0.023946728176573152
-0.03408865648962079
-0.06417960900373458
-0.00878477588423079
-0.026039308529034355
-0.02826442908334336
-0.04122103537972848
-0.05537332313616321
-0.016868974753209157
-0.10996060603063797
0.00902154110943632
-0.024721845745390797
-0.019213667209313768
-0.034726676122665605
-0.04005066796453187
-0.06629194142671109
-0.0442185504902745
-0.08718880875316652
-0.01042852209661686
0.0025515728254508485
-0.025391977008689233
-0.024355484364719324
-0.010495451022585589
-0.022180186542524693
-0.026039308529034355
-0.01132000003590565
-0.02673775933394309
-0.02565053281947456
-0.008137142745637777
-0.0047160615056004405
-0.04122103537972848
-0.02952493830830417
-0.05769699890690541
-0.023582376807184904
-0.012171317341774339
-0.035690871743356126
-0.007610927882431731
-0.04122103537972848
-0.008137142745637777
-0.010837833706529425
-0.012062626560804824
-0.05769699890690541
-0.03582378127899052
-0.04676077539858905
-0.023797454141936045
-0.001243154486388554
-0.013925555055910433
-0.03621757416110629
-0.02513459796817422
-0.05852089450718512
-0.02231287653559068
-0.04122103537972848
-0.0204873459862833
-0.022180186542524693
-0.027468340508374815
-0.03621757416110629
-0.021343794376339445
-0.018423218992131892
-0.02673775933394309
-0.033670341515252854
-0.02476865012656057
-0.010495451022585589
-0.026346647554953233
-0.04456352959668293
-0.05537332313616321
-0.02513459796817422
-0.023582376807184904
-0.011920928502284704
-0.0282632950403041
-0.0972481162616083
-0.016689561292230204
-0.010495451022585589
-0.01132000003590565
-0.06948031275157808
-0.011120830744329641
-0.0972481162616083
-0.008137142745637777
-0.03150588129472202
-0.025180500451799884
-0.038867993917845275
-0.023582376807184904
-0.04456352959668293
-0.013342914751350706
-0.0029114877492294536
-0.027468340508374815
-0.034726676122665605
-0.04775242497646456
-0.010837833706529425
-0.04114742313231887
-0.045532390033334126
-0.02565053281947456
-0.023797454141936045
-0.08718880875316652
0.005520443399621511
-0.06629194142671109
-0.025180500451799884
-0.034726676122665605
-0.025391977008689233
-0.01894512727918566
-0.013925555055910433
-0.051478534711627354
0.0025515728254508485
-0.04114138986464352
-0.025391977008689233
-0.01315094147408141
-0.009997434188830279
-0.03621757416110629
-0.023946728176573152
-0.01315094147408141
-0.05314012973919504
-0.04114138986464352
-0.02635647209701939
-0.02673775933394309
-0.03438902752699257
-0.01132000003590565
-0.05600268570140253
-0.03621757416110629
0.00450272757514318
-0.00878477588423079
0.005520443399621511
-0.02673775933394309
-0.025391977008689233
-0.00766967136816131
-0.016868974753209157
-0.05003726666578622
-0.02923008912335485
-0.02513459796817422
-0.014410580823293103
-0.01132000003590565
-0.001243154486388554
-0.08718880875316652
-0.04023947224433509
-0.03299940315069344
-0.026346647554953233
-0.04005066796453187
-0.04456352959668293
0.005002567148512629
-0.06417960900373458
-0.045532390033334126
-0.02673775933394309
-0.04114742313231887
-0.01495145049593783
-0.029874909345891407
-0.04005066796453187
-0.0204873459862833
-0.05537332313616321
-0.04747112602309055
-0.02024122865619155
-0.10996060603063797
-0.04426624724484976
-0.019991674888785612
-0.024355484364719324
-0.031194146668041618
-0.10996060603063797
0.010231159050571079
-0.03621757416110629
-0.015519783962400583
-0.018423218992131892
-0.031516795799090544
-0.04122103537972848
-0.019991674888785612
-0.10996060603063797
-0.027643070826527227
-0.0442185504902745
-0.008137142745637777
-0.024355484364719324
-0.021427892459139435
-0.031194146668041618
-0.010495451022585589
-0.026722988083048745
-0.023723588209288392
-0.00878477588423079
-0.023797454141936045
-0.06417960900373458
-0.04456352959668293
-0.018423218992131892
0.005520443399621511
-0.022259262505473627
-0.0011804604140517438
-0.04114742313231887
0.0025515728254508485
-0.014707640115272957
-0.033670341515252854
-0.027643070826527227
-0.04456352959668293
-0.022259262505473627
-0.08718880875316652
-0.05314012973919504
-0.014410580823293103
-0.012062626560804824
-0.010833439860871503
-0.027468340508374815
-0.03582378127899052
-0.006731863926925181
-0.001243154486388554
-0.01132000003590565
-0.04676077539858905
-0.019789386690117695
-0.022623722281995006
-0.02635647209701939
-0.013925555055910433
-0.038867993917845275
-0.019991674888785612
-0.02952493830830417
-0.00878477588423079
-0.045306158855734815
-0.012845012520892533
-0.04023947224433509
-0.06629194142671109
-0.02513459796817422
-0.015622316045254676
-0.025391977008689233
-0.05003726666578622
-0.007610927882431731
-0.012845012520892533
-0.031516795799090544
-0.026722988083048745
-0.05003726666578622
-0.01495145049593783
-0.016868974753209157
-0.03621757416110629
0.0025515728254508485
-0.0282632950403041
-0.02231287653559068
0.010231159050571079
-0.04426624724484976
-0.03856118675932558
-0.014410580823293103
0.010231159050571079
-0.026722988083048745
-0.034726676122665605
-0.011920928502284704
-0.045532390033334126
-0.024355484364719324
-0.012062626560804824
-0.031516795799090544
-0.051478534711627354
-0.04005066796453187
-0.01894512727918566
-0.04676077539858905
-0.05769699890690541
-0.022259262505473627
-0.024721845745390797
-0.02991737223481634
-0.02565053281947456
-0.007610927882431731
-0.11513954925555266
-0.025180500451799884
-0.038602178688527486
-0.03253875750469186
-0.027643070826527227
-0.023582376807184904
-0.027468340508374815
-0.010505488396474803
-0.021124380855191083
-0.02513459796817422
-0.02673775933394309
-0.038602178688527486
-0.0204873459862833
-0.04122103537972848
-0.038867993917845275
-0.04775242497646456
-0.04005066796453187
-0.038867993917845275
-0.031516795799090544
-0.05003726666578622
-0.05003726666578622
-0.05314012973919504
-0.016868974753209157
0.005002567148512629
-0.025180500451799884
-0.023797454141936045
0.005520443399621511
-0.0282632950403041
-0.026039308529034355
-0.023723588209288392
-0.00766967136816131
0.005002567148512629
-0.02231287653559068
-0.0047160615056004405
-0.018423218992131892
-0.023797454141936045
-0.04005066796453187
-0.006731863926925181
-0.02923008912335485
-0.012171317341774339
-0.02826442908334336
-0.00766967136816131
-0.019991674888785612
-0.016868974753209157
-0.01042852209661686
-0.04130134366852927
-0.02826442908334336
-0.010505488396474803
-0.0442185504902745
-0.021124380855191083
-0.03988501433169048
-0.016689561292230204
-0.05600268570140253
-0.0204873459862833
-0.011920928502284704
-0.022259262505473627
-0.026346647554953233
0.005002567148512629
-0.026039308529034355
-0.01495145049593783
-0.021427892459139435
-0.051478534711627354
-0.02635647209701939
-0.019991674888785612
-0.05600268570140253
-0.03582378127899052
-0.02024122865619155
-0.035690871743356126
-0.01315094147408141
-0.04676077539858905
-0.026722988083048745
-0.10996060603063797
-0.03621757416110629
-0.03299940315069344
-0.023582376807184904
-0.01894512727918566
-0.01495145049593783
-0.015622316045254676
-0.025180500451799884
-0.0972481162616083
-0.031194146668041618
-0.015519783962400583
-0.025180500451799884
-0.05852089450718512
-0.013925555055910433
-0.011120830744329641
-0.023582376807184904
-0.025180500451799884
-0.0029114877492294536
-0.008137142745637777
-0.0972481162616083
-0.03408865648962079
-0.0011804604140517438
-0.011120830744329641
-0.034726676122665605
-0.02476865012656057
-0.05537332313616321
-0.01495145049593783
-0.010495451022585589
-0.025391977008689233
-0.06629194142671109
0.00450272757514318
-0.014410580823293103
-0.05769699890690541
-0.01073817508347725
-0.03988501433169048
-0.034726676122665605
-0.0047160615056004405
-0.019213667209313768
-0.011920928502284704
0.0025515728254508485
-0.014410580823293103
0.0025515728254508485
-0.029874909345891407
-0.03253875750469186
-0.04005066796453187
-0.06417960900373458
-0.03856118675932558
-0.02826442908334336
-0.014410580823293103
-0.026722988083048745
0.00450272757514318
0.011374620531617754
-0.024355484364719324
-0.010505488396474803
-0.11513954925555266
-0.033670341515252854
0.0025515728254508485
0.005520443399621511
-0.02476865012656057
-0.031194146668041618
-0.025391977008689233
-0.023582376807184904
-0.013667385723427529
-0.033670341515252854
-0.021124380855191083
-0.01073817508347725
-0.023797454141936045
-0.013667385723427529
-0.023797454141936045
-0.015622316045254676
-0.08718880875316652
-0.03408865648962079
-0.02635647209701939
-0.022259262505473627
-0.03408865648962079
-0.010505488396474803
-0.019213667209313768
-0.023582376807184904
-0.026346647554953233
-0.04114138986464352
-0.035996787099924814
-0.007610927882431731
-0.0442185504902745
-0.04122103537972848
-0.012062626560804824
-0.035690871743356126
-0.026722988083048745
-0.04775242497646456
-0.04114742313231887
-0.06417960900373458
0.011374620531617754
-0.013667385723427529
-0.031516795799090544
-0.05314012973919504
-0.022180186542524693
-0.015807662251962066
-0.01073817508347725
-0.023946728176573152
-0.024355484364719324
-0.03299940315069344
-0.03856118675932558
-0.02952493830830417
-0.0282632950403041
-0.022259262505473627
-0.010837833706529425
-0.024355484364719324
-0.04676077539858905
-0.011920928502284704
-0.001243154486388554
-0.05537332313616321
-0.021124380855191083
-0.06948031275157808
-0.029874909345891407
-0.006731863926925181
-0.034726676122665605
-0.04114742313231887
-0.03150588129472202
-0.03299940315069344
-0.04426624724484976
-0.038602178688527486
-0.015622316045254676
-0.04122103537972848
-0.013925555055910433
-0.04775242497646456
-0.051478534711627354
-0.02476865012656057
-0.02826442908334336
-0.011120830744329641
