0.027552449656578454
-0.018859482661469675
-0.007270221921253588
-0.03838238512351762
0.027980555664113504
0.0037193955968391917
-0.015413116123861917
-0.035896837895681155
0.0037193955968391917
0.028656291702703784
-0.05073476850824193
-0.02914427924953472
-0.015413116123861917
-0.007270221921253588
0.013109034535043397
0.0035682388770716627
-0.01632223846656058
-0.02750263830069477
-0.029670883392345408
0.027980555664113504
-0.04310635103401493
-0.03838238512351762
-0.02914427924953472
0.0035682388770716627
-0.03909046512321014
-0.02914427924953472
-0.013446212144722433
-0.035896837895681155
-0.02750263830069477
0.027552449656578454
0.03681016359909286
-0.01915041849434547
-0.029670883392345408
-0.01915041849434547
-0.015413116123861917
-0.02914427924953472
0.0037193955968391917
0.027552449656578454
0.15363052889529996
-0.011733410490447483
-0.007270221921253588
0.027980555664113504
-0.02914427924953472
0.03681016359909286
-0.01915041849434547
-0.02750263830069477
-0.05073476850824193
-0.02914427924953472
-0.007270221921253588
-0.029670883392345408
-0.013446212144722433
-0.01632223846656058
-0.013446212144722433
0.03681016359909286
-0.03838238512351762
-0.05073476850824193
-0.03838238512351762
0.03681016359909286
0.0035682388770716627
-0.02914427924953472
-0.03838238512351762
-0.007270221921253588
0.027552449656578454
-0.03838238512351762
-0.01915041849434547
-0.015413116123861917
0.013109034535043397
-0.015413116123861917
-0.02750263830069477
-0.04714600083148126
-0.015413116123861917
0.15363052889529996
0.03681016359909286
0.027552449656578454
-0.03909046512321014
-0.029670883392345408
-0.015413116123861917
-0.04714600083148126
0.028656291702703784
-0.03909046512321014
-0.015413116123861917
0.028656291702703784
-0.011733410490447483
-0.035896837895681155
-0.01632223846656058
0.0037193955968391917
-0.015413116123861917
0.15363052889529996
-0.02914427924953472
-0.03909046512321014
-0.015413116123861917
0.03681016359909286
-0.007270221921253588
0.0035682388770716627
-0.01915041849434547
-0.035896837895681155
-0.01915041849434547
0.013109034535043397
0.013109034535043397
-0.029670883392345408
-0.011733410490447483
-0.04714600083148126
-0.04714600083148126
-0.011733410490447483
-0.02750263830069477
0.0037193955968391917
-0.013446212144722433
0.15363052889529996
-0.01632223846656058
-0.05073476850824193
-0.03838238512351762
-0.03909046512321014
0.03681016359909286
-0.02750263830069477
-0.03909046512321014
-0.013446212144722433
-0.05073476850824193
-0.04310635103401493
-0.01632223846656058
0.0037193955968391917
-0.02914427924953472
0.15363052889529996
0.15363052889529996
0.027980555664113504
-0.04310635103401493
0.027552449656578454
-0.035896837895681155
-0.01915041849434547
-0.02914427924953472
0.15363052889529996
-0.015413116123861917
-0.029670883392345408
-0.02750263830069477
-0.04310635103401493
-0.05073476850824193
-0.018859482661469675
-0.01915041849434547
-0.02750263830069477
0.028656291702703784
0.0037193955968391917
-0.035896837895681155
0.027980555664113504
-0.03909046512321014
0.027552449656578454
-0.011733410490447483
-0.01915041849434547
-0.029670883392345408
0.0035682388770716627
-0.011733410490447483
0.027552449656578454
-0.018859482661469675
-0.03838238512351762
-0.03838238512351762
0.0035682388770716627
0.0037193955968391917
-0.03909046512321014
0.027980555664113504
0.013109034535043397
-0.018859482661469675
-0.04714600083148126
0.15363052889529996
-0.007270221921253588
0.028656291702703784
-0.01632223846656058
-0.02750263830069477
-0.013446212144722433
-0.013446212144722433
0.15363052889529996
-0.035896837895681155
0.0035682388770716627
-0.018859482661469675
-0.007270221921253588
0.013109034535043397
-0.05073476850824193
-0.015413116123861917
0.03681016359909286
-0.029670883392345408
0.027552449656578454
-0.03909046512321014
-0.011733410490447483
-0.01632223846656058
-0.013446212144722433
0.03681016359909286
0.013109034535043397
0.0035682388770716627
-0.013446212144722433
-0.029670883392345408
-0.029670883392345408
-0.018859482661469675
-0.03909046512321014
-0.01915041849434547
-0.018859482661469675
0.028656291702703784
0.027980555664113504
-0.013446212144722433
-0.02914427924953472
0.013109034535043397
-0.05073476850824193
0.027980555664113504
-0.02914427924953472
-0.02750263830069477
-0.015413116123861917
-0.035896837895681155
-0.04714600083148126
-0.04714600083148126
0.028656291702703784
0.03681016359909286
-0.015413116123861917
-0.035896837895681155
0.0035682388770716627
-0.035896837895681155
-0.04714600083148126
-0.013446212144722433
-0.02750263830069477
0.0035682388770716627
0.15363052889529996
0.028656291702703784
-0.04310635103401493
0.028656291702703784
-0.02750263830069477
-0.04310635103401493
-0.02914427924953472
0.0035682388770716627
-0.02750263830069477
0.013109034535043397
-0.02750263830069477
-0.04714600083148126
-0.013446212144722433
0.028656291702703784
-0.04310635103401493
-0.015413116123861917
0.0037193955968391917
-0.05073476850824193
-0.04310635103401493
-0.05073476850824193
0.027552449656578454
-0.007270221921253588
0.013109034535043397
-0.02914427924953472
-0.007270221921253588
-0.01915041849434547
0.027980555664113504
-0.04714600083148126
-0.013446212144722433
-0.011733410490447483
-0.015413116123861917
0.013109034535043397
-0.015413116123861917
0.027980555664113504
0.027980555664113504
-0.02750263830069477
-0.035896837895681155
-0.04310635103401493
-0.04310635103401493
-0.007270221921253588
0.03681016359909286
-0.013446212144722433
-0.029670883392345408
-0.015413116123861917
-0.013446212144722433
-0.01915041849434547
-0.04714600083148126
0.03681016359909286
-0.02914427924953472
-0.05073476850824193
0.028656291702703784
-0.02914427924953472
-0.015413116123861917
0.0035682388770716627
0.013109034535043397
-0.02914427924953472
-0.01632223846656058
0.028656291702703784
-0.007270221921253588
0.028656291702703784
0.013109034535043397
0.027552449656578454
-0.02750263830069477
-0.007270221921253588
-0.02750263830069477
-0.04714600083148126
-0.03838238512351762
-0.04714600083148126
0.028656291702703784
-0.01632223846656058
-0.04714600083148126
-0.007270221921253588
-0.02750263830069477
-0.013446212144722433
-0.03838238512351762
-0.04714600083148126
-0.01632223846656058
-0.029670883392345408
0.028656291702703784
-0.015413116123861917
-0.01915041849434547
-0.011733410490447483
-0.018859482661469675
0.027980555664113504
-0.03838238512351762
0.0037193955968391917
0.03681016359909286
0.15363052889529996
0.027552449656578454
0.027980555664113504
-0.01915041849434547
-0.02750263830069477
-0.03838238512351762
-0.013446212144722433
0.028656291702703784
-0.03909046512321014
-0.01632223846656058
0.013109034535043397
0.013109034535043397
0.15363052889529996
-0.011733410490447483
-0.05073476850824193
-0.04310635103401493
0.027552449656578454
-0.01915041849434547
0.028656291702703784
0.0035682388770716627
-0.013446212144722433
-0.03909046512321014
-0.04714600083148126
-0.03909046512321014
-0.018859482661469675
-0.01915041849434547
-0.01915041849434547
-0.02914427924953472
-0.035896837895681155
-0.01915041849434547
0.0035682388770716627
0.03681016359909286
-0.029670883392345408
-0.01915041849434547
-0.007270221921253588
-0.04310635103401493
0.028656291702703784
0.0037193955968391917
-0.015413116123861917
-0.013446212144722433
0.0037193955968391917
-0.05073476850824193
-0.03909046512321014
-0.029670883392345408
0.03681016359909286
-0.03909046512321014
0.028656291702703784
-0.029670883392345408
0.027552449656578454
-0.04714600083148126
-0.04310635103401493
-0.013446212144722433
-0.04714600083148126
0.028656291702703784
-0.03909046512321014
0.0037193955968391917
-0.02750263830069477
-0.007270221921253588
0.028656291702703784
-0.03909046512321014
-0.029670883392345408
-0.03909046512321014
-0.011733410490447483
-0.01632223846656058
-0.01632223846656058
-0.04714600083148126
0.027552449656578454
0.027552449656578454
-0.01915041849434547
-0.007270221921253588
-0.02750263830069477
-0.03838238512351762
-0.029670883392345408
0.15363052889529996
0.15363052889529996
-0.03838238512351762
-0.018859482661469675
0.03681016359909286
-0.018859482661469675
-0.04310635103401493
-0.01632223846656058
-0.018859482661469675
-0.015413116123861917
0.027552449656578454
-0.011733410490447483
0.0037193955968391917
-0.04714600083148126
0.03681016359909286
0.028656291702703784
-0.01632223846656058
0.0035682388770716627
-0.013446212144722433
-0.035896837895681155
-0.02750263830069477
0.027980555664113504
-0.029670883392345408
-0.01632223846656058
-0.03838238512351762
-0.01915041849434547
-0.02914427924953472
-0.02914427924953472
-0.04714600083148126
-0.02914427924953472
0.027980555664113504
-0.04310635103401493
-0.02750263830069477
-0.013446212144722433
-0.04714600083148126
-0.015413116123861917
0.0035682388770716627
0.028656291702703784
-0.01915041849434547
-0.04714600083148126
-0.04714600083148126
-0.018859482661469675
0.027980555664113504
0.028656291702703784
0.0037193955968391917
0.15363052889529996
-0.01915041849434547
-0.03909046512321014
-0.04310635103401493
-0.05073476850824193
-0.007270221921253588
-0.018859482661469675
-0.01915041849434547
0.028656291702703784
0.027980555664113504
-0.018859482661469675
-0.035896837895681155
0.013109034535043397
-0.011733410490447483
-0.035896837895681155
0.013109034535043397
-0.018859482661469675
0.03681016359909286
-0.029670883392345408
-0.029670883392345408
0.027552449656578454
-0.05073476850824193
0.0035682388770716627
-0.04714600083148126
0.0037193955968391917
-0.01915041849434547
0.15363052889529996
0.027980555664113504
-0.03838238512351762
0.027980555664113504
0.15363052889529996
-0.018859482661469675
0.0035682388770716627
0.028656291702703784
-0.02750263830069477
-0.035896837895681155
0.028656291702703784
0.027980555664113504
-0.011733410490447483
-0.035896837895681155
-0.015413116123861917
-0.015413116123861917
-0.03838238512351762
0.027980555664113504
-0.04310635103401493
0.15363052889529996
0.028656291702703784
0.15363052889529996
-0.035896837895681155
-0.011733410490447483
-0.035896837895681155
-0.01632223846656058
0.0037193955968391917
-0.05073476850824193
-0.03909046512321014
-0.04310635103401493
0.027552449656578454
0.03681016359909286
0.013109034535043397
-0.013446212144722433
-0.03909046512321014
-0.02750263830069477
-0.011733410490447483
0.013109034535043397
0.0035682388770716627
-0.05073476850824193
-0.03909046512321014
-0.02914427924953472
-0.04714600083148126
0.028656291702703784
-0.013446212144722433
-0.04714600083148126
-0.04310635103401493
-0.013446212144722433
-0.007270221921253588
-0.03909046512321014
-0.03909046512321014
-0.01915041849434547
0.03681016359909286
-0.04714600083148126
0.027980555664113504
-0.011733410490447483
-0.011733410490447483
-0.02750263830069477
-0.01915041849434547
0.0035682388770716627
-0.05073476850824193
-0.007270221921253588
-0.013446212144722433
0.0035682388770716627
-0.011733410490447483
-0.01632223846656058
-0.03838238512351762
0.03681016359909286
0.013109034535043397
-0.013446212144722433
-0.05073476850824193
-0.05073476850824193
-0.05073476850824193
-0.018859482661469675
-0.035896837895681155
0.027552449656578454
0.15363052889529996
-0.05073476850824193
-0.02914427924953472
-0.011733410490447483
-0.035896837895681155
-0.04714600083148126
-0.029670883392345408
0.027980555664113504
-0.02914427924953472
-0.04310635103401493
0.15363052889529996
-0.011733410490447483
-0.04310635103401493
-0.035896837895681155
0.0037193955968391917
-0.015413116123861917
0.027980555664113504
-0.04310635103401493
0.0035682388770716627
-0.013446212144722433
-0.03838238512351762
0.028656291702703784
0.028656291702703784
-0.007270221921253588
-0.01632223846656058
-0.03909046512321014
0.0035682388770716627
-0.02750263830069477
-0.015413116123861917
0.0035682388770716627
-0.015413116123861917
-0.02750263830069477
-0.018859482661469675
-0.015413116123861917
-0.007270221921253588
-0.01632223846656058
0.027980555664113504
0.0037193955968391917
-0.007270221921253588
-0.007270221921253588
-0.007270221921253588
-0.01915041849434547
0.0037193955968391917
-0.02750263830069477
-0.01632223846656058
-0.02914427924953472
-0.01915041849434547
0.027552449656578454
-0.04310635103401493
0.0035682388770716627
-0.02750263830069477
0.15363052889529996
-0.029670883392345408
-0.05073476850824193
-0.029670883392345408
-0.018859482661469675
-0.03909046512321014
0.03681016359909286
-0.02750263830069477
-0.007270221921253588
-0.04310635103401493
-0.03909046512321014
0.03681016359909286
-0.02914427924953472
-0.029670883392345408
-0.01632223846656058
0.028656291702703784
-0.018859482661469675
-0.02914427924953472
0.013109034535043397
-0.03909046512321014
-0.01915041849434547
-0.029670883392345408
0.027552449656578454
-0.04714600083148126
-0.02750263830069477
0.15363052889529996
-0.03909046512321014
-0.007270221921253588
0.013109034535043397
0.013109034535043397
0.013109034535043397
-0.007270221921253588
0.0035682388770716627
-0.02914427924953472
-0.01632223846656058
0.0035682388770716627
0.0035682388770716627
0.027552449656578454
-0.04714600083148126
-0.02750263830069477
0.028656291702703784
-0.02750263830069477
0.013109034535043397
0.027980555664113504
-0.03838238512351762
0.028656291702703784
-0.02914427924953472
-0.029670883392345408
0.027980555664113504
-0.03909046512321014
0.027552449656578454
-0.013446212144722433
-0.04310635103401493
-0.04310635103401493
0.027980555664113504
0.028656291702703784
-0.035896837895681155
-0.029670883392345408
0.03681016359909286
-0.029670883392345408
-0.05073476850824193
0.028656291702703784
-0.035896837895681155
0.0035682388770716627
0.027552449656578454
0.0037193955968391917
0.0035682388770716627
0.028656291702703784
0.03681016359909286
-0.013446212144722433
0.013109034535043397
0.028656291702703784
-0.05073476850824193
-0.015413116123861917
0.15363052889529996
0.028656291702703784
-0.04714600083148126
-0.03909046512321014
0.0037193955968391917
-0.02914427924953472
0.013109034535043397
0.15363052889529996
-0.03909046512321014
0.028656291702703784
0.027980555664113504
-0.011733410490447483
0.027552449656578454
0.027552449656578454
-0.02750263830069477
-0.011733410490447483
-0.029670883392345408
-0.01915041849434547
0.013109034535043397
-0.018859482661469675
-0.02914427924953472
-0.02750263830069477
-0.013446212144722433
-0.01915041849434547
0.027980555664113504
-0.018859482661469675
-0.029670883392345408
-0.03838238512351762
-0.035896837895681155
-0.013446212144722433
-0.04310635103401493
0.027980555664113504
-0.013446212144722433
0.013109034535043397
0.0035682388770716627
0.0035682388770716627
-0.05073476850824193
-0.035896837895681155
-0.015413116123861917
0.15363052889529996
-0.02750263830069477
0.013109034535043397
-0.05073476850824193
-0.01632223846656058
-0.03838238512351762
-0.01632223846656058
0.028656291702703784
-0.04714600083148126
-0.011733410490447483
0.027552449656578454
-0.015413116123861917
-0.011733410490447483
-0.013446212144722433
0.0035682388770716627
-0.015413116123861917
-0.02914427924953472
-0.015413116123861917
-0.029670883392345408
-0.01915041849434547
0.0037193955968391917
-0.035896837895681155
0.15363052889529996
-0.018859482661469675
-0.05073476850824193
0.028656291702703784
-0.035896837895681155
0.15363052889529996
0.013109034535043397
0.027552449656578454
-0.007270221921253588
0.027980555664113504
0.0035682388770716627
-0.007270221921253588
-0.02914427924953472
0.0037193955968391917
-0.05073476850824193
-0.011733410490447483
0.03681016359909286
-0.03838238512351762
0.028656291702703784
-0.04310635103401493
-0.015413116123861917
0.03681016359909286
0.013109034535043397
0.027980555664113504
-0.018859482661469675
-0.02750263830069477
0.0035682388770716627
0.028656291702703784
0.03681016359909286
-0.018859482661469675
0.03681016359909286
0.03681016359909286
-0.03838238512351762
-0.02750263830069477
-0.03909046512321014
0.03681016359909286
-0.013446212144722433
-0.02750263830069477
0.027552449656578454
0.028656291702703784
-0.029670883392345408
0.013109034535043397
0.15363052889529996
-0.013446212144722433
-0.04310635103401493
-0.035896837895681155
0.028656291702703784
0.0035682388770716627
-0.02750263830069477
-0.011733410490447483
-0.035896837895681155
-0.035896837895681155
-0.035896837895681155
-0.018859482661469675
0.0037193955968391917
0.15363052889529996
-0.01915041849434547
-0.013446212144722433
-0.02914427924953472
0.15363052889529996
0.027980555664113504
0.0035682388770716627
-0.018859482661469675
0.0035682388770716627
-0.03838238512351762
0.15363052889529996
0.028656291702703784
-0.02750263830069477
-0.011733410490447483
-0.013446212144722433
-0.04310635103401493
-0.02914427924953472
-0.04714600083148126
0.15363052889529996
0.027552449656578454
-0.013446212144722433
-0.029670883392345408
0.03681016359909286
0.027980555664113504
0.15363052889529996
0.028656291702703784
-0.013446212144722433
0.028656291702703784
-0.03838238512351762
-0.03909046512321014
0.027552449656578454
-0.02914427924953472
0.028656291702703784
-0.01915041849434547
-0.01632223846656058
-0.03838238512351762
-0.018859482661469675
0.0035682388770716627
0.013109034535043397
-0.02750263830069477
-0.03838238512351762
-0.007270221921253588
0.0035682388770716627
-0.02914427924953472
-0.007270221921253588
-0.05073476850824193
-0.04714600083148126
0.027980555664113504
-0.03838238512351762
0.15363052889529996
0.0037193955968391917
-0.013446212144722433
0.027980555664113504
-0.011733410490447483
0.027552449656578454
-0.007270221921253588
-0.04310635103401493
-0.02750263830069477
-0.03909046512321014
0.013109034535043397
-0.029670883392345408
0.15363052889529996
-0.04714600083148126
-0.05073476850824193
0.027552449656578454
0.027552449656578454
0.03681016359909286
0.03681016359909286
-0.018859482661469675
0.013109034535043397
0.15363052889529996
-0.007270221921253588
-0.01632223846656058
0.027980555664113504
0.013109034535043397
-0.03838238512351762
0.0035682388770716627
0.013109034535043397
-0.035896837895681155
-0.04310635103401493
-0.03909046512321014
0.0035682388770716627
-0.035896837895681155
0.027552449656578454
0.028656291702703784
-0.01632223846656058
0.15363052889529996
0.15363052889529996
-0.007270221921253588
-0.02750263830069477
-0.03838238512351762
0.0035682388770716627
0.0037193955968391917
-0.04714600083148126
-0.02750263830069477
-0.007270221921253588
0.027552449656578454
-0.04714600083148126
-0.05073476850824193
-0.018859482661469675
-0.03838238512351762
0.03681016359909286
-0.01915041849434547
-0.018859482661469675
-0.007270221921253588
-0.007270221921253588
-0.01915041849434547
0.028656291702703784
-0.03838238512351762
-0.02914427924953472
0.0035682388770716627
-0.015413116123861917
0.027552449656578454
-0.02914427924953472
0.027552449656578454
-0.02914427924953472
-0.029670883392345408
0.0037193955968391917
-0.02750263830069477
0.0035682388770716627
0.028656291702703784
-0.007270221921253588
0.0035682388770716627
0.013109034535043397
-0.015413116123861917
-0.03838238512351762
-0.03838238512351762
-0.04714600083148126
0.0035682388770716627
-0.035896837895681155
-0.029670883392345408
0.027980555664113504
0.15363052889529996
-0.03838238512351762
-0.02914427924953472
-0.03838238512351762
-0.04714600083148126
-0.029670883392345408
-0.04310635103401493
-0.05073476850824193
-0.035896837895681155
-0.04714600083148126
-0.007270221921253588
-0.01915041849434547
-0.01632223846656058
-0.01915041849434547
-0.02914427924953472
-0.01915041849434547
-0.013446212144722433
-0.013446212144722433
-0.05073476850824193
-0.007270221921253588
-0.011733410490447483
-0.007270221921253588
-0.03909046512321014
-0.013446212144722433
-0.007270221921253588
-0.03838238512351762
-0.03838238512351762
0.15363052889529996
0.027552449656578454
0.03681016359909286
-0.011733410490447483
-0.007270221921253588
-0.04310635103401493
-0.05073476850824193
-0.02914427924953472
0.15363052889529996
-0.01632223846656058
-0.015413116123861917
0.03681016359909286
0.0035682388770716627
0.03681016359909286
-0.04310635103401493
0.028656291702703784
0.0035682388770716627
-0.02750263830069477
-0.007270221921253588
-0.011733410490447483
0.15363052889529996
-0.029670883392345408
-0.018859482661469675
-0.04714600083148126
0.013109034535043397
-0.03838238512351762
0.0035682388770716627
0.15363052889529996
-0.03838238512351762
0.15363052889529996
-0.03838238512351762
0.15363052889529996
-0.035896837895681155
-0.05073476850824193
-0.029670883392345408
-0.05073476850824193
-0.04310635103401493
-0.015413116123861917
0.0037193955968391917
-0.03909046512321014
0.027552449656578454
-0.011733410490447483
-0.011733410490447483
-0.013446212144722433
-0.01632223846656058
-0.02750263830069477
-0.015413116123861917
0.027552449656578454
-0.018859482661469675
0.013109034535043397
-0.011733410490447483
-0.011733410490447483
-0.035896837895681155
-0.03838238512351762
-0.013446212144722433
0.028656291702703784
-0.04714600083148126
0.03681016359909286
-0.029670883392345408
-0.018859482661469675
0.0035682388770716627
-0.01632223846656058
0.15363052889529996
-0.018859482661469675
0.03681016359909286
0.0035682388770716627
0.15363052889529996
-0.04310635103401493
0.027980555664113504
0.028656291702703784
-0.04714600083148126
0.028656291702703784
-0.015413116123861917
-0.01915041849434547
0.028656291702703784
-0.03838238512351762
0.027980555664113504
-0.011733410490447483
