-0.08719172939473688
0.001699769737505314
-0.031351710552543426
-0.059259532195540775
-0.08044705577454381
-0.07636349944045163
-0.006929087890458214
0.029925994982956453
-0.10917915471822918
-0.04225010408576144
-0.049820665465127964
-0.04344907217017059
-0.018997309395909292
-0.022118831616483797
-0.08768670351887832
-0.07336165082144179
-0.022118831616483797
-0.08552430894421782
0.10958543563758898
-0.07336165082144179
-0.10917915471822918
-0.04639884818220928
-0.023538303857817536
-0.08044705577454381
-0.049820665465127964
0.028469784080933647
-0.08243867049355626
0.011144873488234423
-0.06832367563261822
0.07164967295133988
-0.037966545004931435
0.008942103555790117
-0.00937591895672007
-0.12515695093465912
-0.05947635745715472
-0.006929087890458214
-0.05947635745715472
-0.026068691211321594
0.02371484613496069
-0.019432611409484504
-0.03621357498314939
-0.006929087890458214
-0.08243867049355626
-0.04429280253621261
-0.06186316445448665
-0.10220997888393511
0.008942103555790117
-0.08640999728916951
-0.006929087890458214
0.10103220605689807
-0.04639884818220928
-0.04344907217017059
-0.01209514132905879
-0.08044705577454381
-0.08248824920322091
-0.05203954799487383
-0.05011307308855492
-0.04429280253621261
-0.01209514132905879
-0.07246890561228977
-0.01999308569860837
0.01625541675973363
-0.14352013833036703
-0.08640999728916951
-0.059259532195540775
-0.031351710552543426
-0.05937629363575895
-0.03386588306061434
-0.017547700035685926
-0.018997309395909292
-0.08622275190096057
0.01625541675973363
-0.04687568375262795
-0.0514414183925011
-0.049820665465127964
-0.022118831616483797
-0.08044705577454381
-0.020991468284027943
-0.04344907217017059
-0.01209514132905879
-0.018997309395909292
-0.10220997888393511
-0.1754166988929554
0.011144873488234423
-0.037966545004931435
-0.06821499808735387
0.014821550674738027
-0.020991468284027943
-0.06821499808735387
0.01625541675973363
-0.05365209073491476
-0.020991468284027943
-0.059259532195540775
-0.049820665465127964
-0.031351710552543426
0.008942103555790117
-0.056562213603529775
-0.049820665465127964
0.029258231087985583
0.10103220605689807
0.004429952452007941
0.028469784080933647
-0.031351710552543426
0.001699769737505314
0.10958543563758898
-0.04908555373948756
-0.08243867049355626
0.014821550674738027
0.02371484613496069
-0.08044705577454381
-0.02386777308403751
-0.04687568375262795
-0.018997309395909292
-0.04344907217017059
-0.05011307308855492
-0.05011307308855492
-0.06186316445448665
-0.04639884818220928
0.10958543563758898
-0.026068691211321594
-0.08640999728916951
-0.01999308569860837
-0.03327521704762513
-0.050151068239960545
-0.01734821704298035
-0.08622275190096057
0.029925994982956453
-0.022118831616483797
-0.09252060406883
-0.09252060406883
0.029258231087985583
-0.059259532195540775
-0.08768670351887832
-0.022118831616483797
-0.022118831616483797
-0.09252060406883
-0.14352013833036703
0.06603661296599761
-0.08243867049355626
-0.12515695093465912
-0.03621357498314939
-0.10220997888393511
0.06603661296599761
-0.029535649933823464
-0.01734821704298035
-0.07336165082144179
-0.06832367563261822
-0.05896073351260137
-0.05011307308855492
-0.017547700035685926
0.01625541675973363
0.10958543563758898
-0.07121201642568556
-0.05203954799487383
-0.050151068239960545
-0.1754166988929554
-0.04193759779402693
-0.019432611409484504
0.02371484613496069
0.029838547708299537
0.011058109113769251
-0.05937629363575895
-0.05011307308855492
-0.018997309395909292
-0.05011307308855492
-0.09721919359017905
-0.020354147886785367
-0.04908555373948756
-0.09252060406883
-0.05365209073491476
0.008942103555790117
0.10103220605689807
-0.06832367563261822
0.06198553902458579
-0.049820665465127964
-0.01734821704298035
-0.022118831616483797
-0.08640999728916951
-0.08719172939473688
-0.04429280253621261
-0.14352013833036703
-0.023538303857817536
-0.04639884818220928
-0.05365209073491476
-0.05365209073491476
-0.049820665465127964
0.011058109113769251
-0.05011307308855492
-0.037966545004931435
-0.05896073351260137
0.011058109113769251
-0.05937629363575895
-0.019432611409484504
-0.05011307308855492
-0.04429280253621261
-0.03327521704762513
-0.06832367563261822
-0.031351710552543426
-0.04639884818220928
-0.049820665465127964
-0.04429280253621261
-0.05011307308855492
-0.00937591895672007
-0.05011307308855492
0.008942103555790117
-0.06821499808735387
0.001699769737505314
-0.059259532195540775
-0.0514414183925011
-0.13467225156577212
-0.03386588306061434
-0.04286714489858072
-0.04225010408576144
0.029838547708299537
-0.00937591895672007
-0.08622275190096057
-0.03327521704762513
-0.05011307308855492
-0.05365209073491476
0.01625541675973363
0.011058109113769251
-0.08719172939473688
-0.06832367563261822
0.029838547708299537
-0.04286714489858072
-0.0710520374961796
0.029838547708299537
-0.04429280253621261
0.029258231087985583
-0.08552430894421782
-0.05011307308855492
-0.09721919359017905
-0.05011307308855492
-0.07246890561228977
-0.0514414183925011
0.008942103555790117
-0.0514414183925011
0.008942103555790117
-0.06186316445448665
-0.06186316445448665
-0.033227375346820784
-0.020991468284027943
0.004429952452007941
-0.05896073351260137
-0.07336165082144179
-0.07636349944045163
0.10103220605689807
-0.05937629363575895
-0.01711926590526601
-0.04344907217017059
-0.04225010408576144
-0.01711926590526601
-0.08243867049355626
-0.07336165082144179
-0.08719172939473688
-0.05365209073491476
-0.10917915471822918
-0.020354147886785367
0.029925994982956453
-0.08044705577454381
-0.07121201642568556
-0.050151068239960545
-0.037966545004931435
-0.08044705577454381
-0.04225010408576144
-0.0514414183925011
0.019558232181251793
-0.03327521704762513
-0.03327521704762513
-0.019432611409484504
-0.04344907217017059
-0.08719172939473688
-0.08719172939473688
-0.04286714489858072
-0.08640999728916951
-0.08248824920322091
-0.019432611409484504
-0.0710520374961796
-0.08552430894421782
-0.017547700035685926
-0.13467225156577212
-0.04429280253621261
-0.04429280253621261
-0.1754166988929554
-0.08640999728916951
0.011058109113769251
-0.033227375346820784
-0.033227375346820784
-0.08719172939473688
-0.0671016572644085
-0.05896073351260137
-0.049820665465127964
-0.03327521704762513
-0.10220997888393511
-0.04286714489858072
0.029258231087985583
0.06603661296599761
0.06603661296599761
-0.019432611409484504
-0.08044705577454381
0.014821550674738027
-0.0530848126075712
-0.05203954799487383
0.02371484613496069
-0.1754166988929554
-0.09252060406883
-0.04225010408576144
-0.04908555373948756
-0.04344907217017059
-0.08243867049355626
0.011144873488234423
-0.07246890561228977
-0.020991468284027943
-0.09252060406883
-0.050151068239960545
-0.07246890561228977
-0.07636349944045163
-0.04193759779402693
-0.033227375346820784
0.014821550674738027
-0.08248824920322091
-0.026068691211321594
0.029925994982956453
-0.05937629363575895
0.02371484613496069
-0.06832367563261822
-0.049820665465127964
-0.01209514132905879
-0.0671016572644085
-0.0530848126075712
-0.06821499808735387
-0.04639884818220928
-0.05365209073491476
-0.00937591895672007
-0.04225010408576144
0.02371484613496069
-0.020991468284027943
-0.050151068239960545
0.10958543563758898
-0.08719172939473688
0.02371484613496069
0.029925994982956453
0.02371484613496069
-0.06832367563261822
-0.00937591895672007
-0.049820665465127964
-0.037966545004931435
-0.08640999728916951
-0.08044705577454381
-0.10220997888393511
0.07164967295133988
-0.04908555373948756
-0.07636349944045163
0.01625541675973363
-0.031351710552543426
-0.08248824920322091
-0.05365209073491476
-0.04429280253621261
-0.059259532195540775
-0.08622275190096057
-0.05947635745715472
-0.049820665465127964
-0.04286714489858072
-0.07246890561228977
-0.0710520374961796
0.01625541675973363
0.008942103555790117
0.004429952452007941
-0.059259532195540775
-0.04639884818220928
-0.10917915471822918
-0.07636349944045163
-0.12515695093465912
-0.0671016572644085
-0.020991468284027943
0.028469784080933647
-0.12515695093465912
-0.05896073351260137
-0.031351710552543426
-0.05203954799487383
0.07164967295133988
0.019558232181251793
-0.05937629363575895
-0.08552430894421782
-0.019432611409484504
-0.10220997888393511
-0.08768670351887832
-0.08044705577454381
-0.03327521704762513
-0.031351710552543426
-0.14352013833036703
-0.026068691211321594
0.028469784080933647
0.06603661296599761
-0.019432611409484504
-0.03621357498314939
0.019558232181251793
-0.026068691211321594
-0.10917915471822918
-0.07121201642568556
-0.08768670351887832
-0.08768670351887832
-0.01209514132905879
-0.018997309395909292
-0.09252060406883
-0.033227375346820784
-0.14352013833036703
-0.0555431063048483
-0.049820665465127964
-0.05365209073491476
-0.06821499808735387
0.01625541675973363
-0.037966545004931435
-0.049820665465127964
-0.08248824920322091
-0.06832367563261822
-0.06186316445448665
-0.05365209073491476
-0.08248824920322091
-0.05947635745715472
-0.050151068239960545
-0.056562213603529775
0.011144873488234423
-0.049820665465127964
-0.049820665465127964
0.07164967295133988
-0.0710520374961796
-0.029535649933823464
0.008942103555790117
-0.04225010408576144
-0.017547700035685926
-0.0514414183925011
-0.01734821704298035
-0.0530848126075712
-0.018997309395909292
-0.08552430894421782
-0.01209514132905879
-0.056562213603529775
0.029838547708299537
-0.05896073351260137
0.06603661296599761
0.10958543563758898
-0.10917915471822918
-0.04225010408576144
-0.0514414183925011
-0.08768670351887832
0.029925994982956453
-0.07636349944045163
-0.04286714489858072
-0.0710520374961796
-0.0530848126075712
0.029258231087985583
-0.05896073351260137
-0.07336165082144179
-0.05203954799487383
0.01625541675973363
-0.08768670351887832
-0.08640999728916951
-0.03386588306061434
-0.07121201642568556
-0.03621357498314939
-0.08719172939473688
-0.13467225156577212
-0.049820665465127964
-0.03386588306061434
-0.06821499808735387
-0.04193759779402693
-0.03327521704762513
-0.01734821704298035
-0.049820665465127964
0.02371484613496069
-0.14352013833036703
-0.018997309395909292
0.008942103555790117
0.10103220605689807
-0.10917915471822918
-0.05947635745715472
-0.0530848126075712
-0.1754166988929554
-0.06832367563261822
0.01625541675973363
-0.033227375346820784
-0.09252060406883
-0.04193759779402693
0.011144873488234423
-0.031351710552543426
-0.020991468284027943
-0.08248824920322091
-0.10220997888393511
-0.05365209073491476
-0.04344907217017059
-0.031351710552543426
-0.14352013833036703
-0.01209514132905879
-0.04639884818220928
-0.08719172939473688
0.029925994982956453
-0.018997309395909292
-0.05896073351260137
-0.05947635745715472
-0.13467225156577212
-0.08640999728916951
-0.06821499808735387
-0.029535649933823464
-0.07636349944045163
-0.056562213603529775
0.008942103555790117
-0.023538303857817536
-0.08044705577454381
0.06198553902458579
-0.12515695093465912
0.10103220605689807
-0.08719172939473688
-0.033227375346820784
-0.07336165082144179
0.011058109113769251
-0.08248824920322091
-0.020354147886785367
0.01625541675973363
-0.08248824920322091
-0.05896073351260137
-0.026068691211321594
-0.022118831616483797
-0.04286714489858072
0.029258231087985583
-0.05937629363575895
0.029838547708299537
0.004429952452007941
-0.06186316445448665
-0.026068691211321594
-0.04687568375262795
0.029258231087985583
-0.08640999728916951
-0.0514414183925011
-0.0514414183925011
-0.08640999728916951
-0.09721919359017905
-0.05896073351260137
0.019558232181251793
-0.08248824920322091
-0.02386777308403751
-0.018997309395909292
-0.020354147886785367
-0.08044705577454381
-0.02386777308403751
-0.037966545004931435
-0.08622275190096057
-0.07336165082144179
0.06198553902458579
-0.04225010408576144
-0.1754166988929554
-0.022118831616483797
0.029838547708299537
-0.029535649933823464
-0.01734821704298035
-0.08640999728916951
-0.0671016572644085
-0.04286714489858072
0.029258231087985583
-0.08044705577454381
-0.03327521704762513
-0.0555431063048483
-0.050151068239960545
-0.04687568375262795
-0.06186316445448665
-0.01734821704298035
-0.08248824920322091
-0.018997309395909292
-0.08719172939473688
-0.08640999728916951
-0.049820665465127964
-0.14352013833036703
-0.026068691211321594
0.06603661296599761
-0.08044705577454381
-0.05947635745715472
0.001699769737505314
-0.0710520374961796
-0.022118831616483797
-0.05365209073491476
0.07164967295133988
-0.07336165082144179
0.02371484613496069
-0.020354147886785367
-0.006929087890458214
-0.04344907217017059
-0.03621357498314939
-0.022118831616483797
-0.08552430894421782
0.07164967295133988
-0.04193759779402693
0.008942103555790117
-0.059259532195540775
0.02371484613496069
-0.05937629363575895
-0.06821499808735387
-0.09721919359017905
-0.0555431063048483
0.07164967295133988
-0.03386588306061434
0.01625541675973363
-0.049820665465127964
-0.07121201642568556
-0.04286714489858072
0.011144873488234423
-0.022118831616483797
-0.12515695093465912
0.011058109113769251
0.019558232181251793
-0.03386588306061434
0.029925994982956453
-0.02386777308403751
-0.059259532195540775
-0.01209514132905879
-0.059259532195540775
-0.0555431063048483
-0.026068691211321594
-0.05947635745715472
0.029258231087985583
-0.04639884818220928
-0.04687568375262795
-0.08719172939473688
-0.023538303857817536
-0.07636349944045163
-0.04429280253621261
-0.07246890561228977
-0.049820665465127964
-0.05365209073491476
-0.03386588306061434
-0.10220997888393511
-0.04225010408576144
0.10958543563758898
-0.12515695093465912
-0.022118831616483797
0.02371484613496069
-0.05937629363575895
-0.05947635745715472
-0.07636349944045163
0.01625541675973363
0.004429952452007941
-0.00937591895672007
-0.01711926590526601
-0.00937591895672007
-0.026068691211321594
-0.07636349944045163
-0.0555431063048483
0.07164967295133988
-0.07636349944045163
-0.05947635745715472
-0.04286714489858072
-0.02386777308403751
0.019558232181251793
0.06198553902458579
0.004429952452007941
-0.031351710552543426
-0.01734821704298035
0.02371484613496069
-0.08719172939473688
-0.037966545004931435
0.029838547708299537
-0.04344907217017059
-0.03327521704762513
-0.04639884818220928
0.011058109113769251
0.06603661296599761
0.10958543563758898
-0.10220997888393511
0.10958543563758898
-0.06821499808735387
-0.07336165082144179
-0.04429280253621261
-0.13467225156577212
-0.08768670351887832
-0.1754166988929554
-0.06832367563261822
-0.13467225156577212
-0.05896073351260137
-0.05365209073491476
0.06603661296599761
-0.01711926590526601
-0.13467225156577212
-0.10917915471822918
-0.08640999728916951
-0.020354147886785367
-0.08044705577454381
0.029258231087985583
0.008942103555790117
-0.020354147886785367
-0.031351710552543426
0.019558232181251793
-0.029535649933823464
-0.026068691211321594
-0.08552430894421782
-0.10220997888393511
-0.05365209073491476
0.06198553902458579
-0.020991468284027943
-0.0555431063048483
0.029925994982956453
-0.08248824920322091
-0.04429280253621261
-0.017547700035685926
-0.10220997888393511
-0.08719172939473688
-0.049820665465127964
-0.04429280253621261
-0.04193759779402693
-0.09721919359017905
-0.0671016572644085
-0.04344907217017059
-0.02386777308403751
-0.12515695093465912
0.011058109113769251
-0.01734821704298035
-0.09721919359017905
0.028469784080933647
-0.05947635745715472
-0.07121201642568556
-0.03327521704762513
-0.006929087890458214
0.06198553902458579
-0.05896073351260137
-0.10917915471822918
-0.006929087890458214
-0.031351710552543426
-0.07336165082144179
-0.01711926590526601
-0.04286714489858072
-0.059259532195540775
-0.07336165082144179
-0.020991468284027943
-0.049820665465127964
-0.04286714489858072
-0.023538303857817536
-0.04193759779402693
0.029925994982956453
-0.12515695093465912
0.02371484613496069
0.028469784080933647
-0.056562213603529775
-0.09252060406883
0.029258231087985583
-0.026068691211321594
-0.020354147886785367
0.06603661296599761
-0.04344907217017059
0.029258231087985583
0.029838547708299537
-0.0530848126075712
-0.07636349944045163
0.019558232181251793
-0.07121201642568556
-0.14352013833036703
0.10103220605689807
-0.03327521704762513
-0.08243867049355626
-0.08248824920322091
0.029838547708299537
-0.0514414183925011
-0.03621357498314939
0.01625541675973363
-0.05011307308855492
-0.04225010408576144
-0.037966545004931435
0.07164967295133988
-0.01999308569860837
-0.08768670351887832
-0.12515695093465912
-0.018997309395909292
-0.04687568375262795
-0.12515695093465912
-0.006929087890458214
-0.05937629363575895
0.014821550674738027
-0.08044705577454381
0.008942103555790117
-0.019432611409484504
-0.022118831616483797
-0.04344907217017059
-0.06832367563261822
-0.08622275190096057
-0.006929087890458214
0.014821550674738027
0.011144873488234423
-0.05011307308855492
-0.07246890561228977
0.06603661296599761
-0.08640999728916951
-0.056562213603529775
-0.0710520374961796
-0.022118831616483797
-0.00937591895672007
-0.10917915471822918
-0.059259532195540775
-0.04429280253621261
-0.08719172939473688
-0.10220997888393511
-0.04344907217017059
-0.023538303857817536
-0.0530848126075712
-0.08640999728916951
0.004429952452007941
-0.022118831616483797
-0.056562213603529775
-0.08243867049355626
-0.08243867049355626
0.014821550674738027
-0.04344907217017059
-0.018997309395909292
-0.006929087890458214
-0.049820665465127964
-0.03621357498314939
-0.05011307308855492
0.10958543563758898
-0.03327521704762513
0.004429952452007941
-0.0514414183925011
0.06198553902458579
0.011058109113769251
0.029925994982956453
0.011144873488234423
-0.029535649933823464
-0.02386777308403751
-0.017547700035685926
-0.04429280253621261
0.011058109113769251
-0.022118831616483797
0.10103220605689807
-0.04193759779402693
0.06603661296599761
-0.0671016572644085
-0.05947635745715472
-0.02386777308403751
-0.029535649933823464
0.01625541675973363
-0.050151068239960545
-0.13467225156577212
0.001699769737505314
-0.049820665465127964
-0.031351710552543426
0.06603661296599761
-0.020991468284027943
-0.05011307308855492
-0.05947635745715472
0.001699769737505314
-0.0555431063048483
-0.07636349944045163
0.029258231087985583
0.029258231087985583
-0.08768670351887832
-0.09721919359017905
-0.08552430894421782
0.004429952452007941
0.019558232181251793
-0.10917915471822918
-0.029535649933823464
-0.018997309395909292
-0.037966545004931435
0.029925994982956453
-0.04639884818220928
-0.023538303857817536
-0.0555431063048483
0.004429952452007941
0.06198553902458579
-0.14352013833036703
0.01625541675973363
0.10103220605689807
0.07164967295133988
-0.03386588306061434
-0.10917915471822918
-0.020354147886785367
-0.04639884818220928
-0.05203954799487383
-0.056562213603529775
-0.018997309395909292
0.019558232181251793
0.029258231087985583
-0.02386777308403751
-0.03327521704762513
-0.04429280253621261
-0.05947635745715472
0.004429952452007941
0.019558232181251793
-0.07246890561228977
-0.05011307308855492
-0.05011307308855492
-0.08768670351887832
0.06603661296599761
-0.08552430894421782
0.01625541675973363
0.011144873488234423
-0.026068691211321594
0.011144873488234423
-0.05011307308855492
-0.07246890561228977
0.011144873488234423
-0.08552430894421782
-0.056562213603529775
0.029925994982956453
-0.01734821704298035
-0.0671016572644085
0.06198553902458579
-0.05365209073491476
0.014821550674738027
-0.06832367563261822
0.008942103555790117
0.001699769737505314
-0.04225010408576144
-0.017547700035685926
-0.09252060406883
-0.10220997888393511
-0.06832367563261822
-0.018997309395909292
0.01625541675973363
0.008942103555790117
-0.08640999728916951
-0.029535649933823464
-0.05011307308855492
-0.04344907217017059
-0.06821499808735387
-0.01734821704298035
-0.08622275190096057
0.004429952452007941
-0.09252060406883
-0.023538303857817536
0.001699769737505314
-0.050151068239960545
-0.10220997888393511
-0.01711926590526601
-0.0671016572644085
-0.031351710552543426
-0.04639884818220928
-0.04344907217017059
-0.04193759779402693
-0.059259532195540775
-0.01999308569860837
-0.00937591895672007
-0.05365209073491476
-0.03327521704762513
0.10103220605689807
-0.07336165082144179
-0.09721919359017905
-0.019432611409484504
-0.04687568375262795
-0.020354147886785367
-0.05365209073491476
-0.059259532195540775
-0.033227375346820784
0.10958543563758898
-0.02386777308403751
-0.07636349944045163
-0.01209514132905879
-0.0555431063048483
-0.08640999728916951
0.07164967295133988
-0.0514414183925011
-0.05203954799487383
-0.02386777308403751
-0.08719172939473688
-0.05937629363575895
0.011144873488234423
0.029838547708299537
-0.056562213603529775
0.028469784080933647
0.01625541675973363
-0.0710520374961796
-0.10917915471822918
-0.02386777308403751
-0.01999308569860837
-0.05203954799487383
-0.04344907217017059
-0.01711926590526601
-0.07246890561228977
-0.04193759779402693
-0.05937629363575895
-0.006929087890458214
-0.08768670351887832
-0.07336165082144179
-0.033227375346820784
0.01625541675973363
-0.07121201642568556
-0.04908555373948756
-0.026068691211321594
-0.03621357498314939
-0.04286714489858072
-0.05896073351260137
-0.05947635745715472
-0.03621357498314939
0.029838547708299537
-0.0530848126075712
-0.03621357498314939
-0.08768670351887832
-0.04286714489858072
-0.04225010408576144
0.011144873488234423
-0.017547700035685926
-0.01734821704298035
-0.031351710552543426
-0.08640999728916951
0.01625541675973363
