-0.002044520861722319
-0.006711555779974585
-0.004471173607048254
0.004056180942843255
-0.0025520208068584935
-2.060023086699756e-05
-0.0003573134907879738
-0.0075092443234509665
0.0022282554017153807
-0.008187986153623927
-0.003164207757565314
0.005006473136782638
-0.0072007171844928036
0.004356142729964879
0.005006473136782638
-0.008187986153623927
-0.00014532100511056525
-0.0003400292757469493
-0.004662188525634643
0.002453398517143898
-0.006711555779974585
-0.004738130972077395
0.005006473136782638
0.0029145777490534536
-0.0003573134907879738
-0.006711555779974585
0.00029188540608272233
0.0022282554017153807
-0.004760486248521613
0.004418568779294058
-0.004662188525634643
-0.007752558299751819
0.004056180942843255
-0.0072007171844928036
-0.004760486248521613
-0.008187986153623927
0.004356142729964879
-0.0075092443234509665
-0.01011759544170326
-0.006811464917584403
-0.008187986153623927
0.00029188540608272233
0.0014324060706914228
0.0029145777490534536
-0.0072007171844928036
-0.007752558299751819
0.004056180942843255
-0.002380210139553338
-0.00014532100511056525
-0.013117278557719034
-0.0073247562379441964
-0.0003573134907879738
0.0014324060706914228
0.004056180942843255
-2.060023086699756e-05
0.002453398517143898
-0.011929973469184445
0.005006473136782638
-2.060023086699756e-05
-0.0072007171844928036
-0.003235991933076009
-0.006711555779974585
-0.0072007171844928036
0.014577193544160231
0.005006473136782638
-2.060023086699756e-05
0.0022282554017153807
-0.004738130972077395
-0.0075092443234509665
0.0014324060706914228
-0.006711555779974585
0.002453398517143898
-0.0003573134907879738
0.0022282554017153807
-2.060023086699756e-05
-0.003235991933076009
-0.0017825195953749182
-0.002380210139553338
-0.011929973469184445
-0.0075092443234509665
0.014577193544160231
-0.000761596384152058
-0.004662188525634643
-0.007752558299751819
-0.002044520861722319
-0.0073247562379441964
0.0022282554017153807
-0.013117278557719034
0.0030969237298016203
-0.0073247562379441964
0.0029145777490534536
0.004056180942843255
-0.00014532100511056525
-0.004471173607048254
-0.006711555779974585
-0.003164207757565314
0.00029188540608272233
-0.002116209877321016
0.005006473136782638
0.0002084415830152777
-0.008187986153623927
-0.00014532100511056525
0.0006811093518950208
0.002453398517143898
-0.002044520861722319
-0.007752558299751819
0.00029188540608272233
-0.0003573134907879738
-0.013117278557719034
-0.013117278557719034
-0.0025520208068584935
-0.004760486248521613
0.0002084415830152777
-0.007752558299751819
-0.013117278557719034
0.014577193544160231
-0.0003400292757469493
-0.0075092443234509665
-0.004662188525634643
-0.0044946071641998086
0.0006811093518950208
-2.060023086699756e-05
0.002453398517143898
0.0029145777490534536
0.002453398517143898
0.0002084415830152777
0.014577193544160231
0.004418568779294058
-2.060023086699756e-05
-0.002380210139553338
0.004356142729964879
-0.002116209877321016
-0.002380210139553338
0.0030969237298016203
-0.0017825195953749182
-0.006711555779974585
-0.008187986153623927
-0.004738130972077395
-0.004471173607048254
-0.004471173607048254
0.004056180942843255
-0.004760486248521613
-0.0073247562379441964
-0.0003400292757469493
-0.002116209877321016
-0.011929973469184445
-0.004662188525634643
-0.013117278557719034
-0.006711555779974585
0.004356142729964879
-0.0075092443234509665
0.0014324060706914228
-0.006811464917584403
-0.007752558299751819
0.0002084415830152777
-0.0072007171844928036
-0.0017825195953749182
0.0022282554017153807
-0.006811464917584403
0.0029145777490534536
0.005006473136782638
0.0029145777490534536
-0.002380210139553338
0.0029145777490534536
-0.002116209877321016
-0.002380210139553338
-0.002380210139553338
0.014577193544160231
-0.0017825195953749182
0.0014324060706914228
-0.0003573134907879738
-0.008187986153623927
0.0006811093518950208
-0.003235991933076009
-0.004738130972077395
-0.003164207757565314
0.00029188540608272233
-0.011929973469184445
-0.000761596384152058
-0.003235991933076009
-0.0017825195953749182
-0.0025520208068584935
-0.0003400292757469493
-0.000761596384152058
-0.0017825195953749182
0.004356142729964879
0.0014324060706914228
0.0029145777490534536
-0.004760486248521613
-0.013117278557719034
-0.004662188525634643
0.0030969237298016203
-0.011929973469184445
-2.060023086699756e-05
0.0014324060706914228
-0.0072007171844928036
-0.004662188525634643
-0.006711555779974585
-0.000761596384152058
-0.0072007171844928036
0.0030969237298016203
0.004418568779294058
0.0014324060706914228
-0.00014532100511056525
-0.003164207757565314
0.0014324060706914228
0.002453398517143898
-0.006811464917584403
-0.0072007171844928036
0.0014324060706914228
-0.008187986153623927
-0.006811464917584403
0.004056180942843255
0.004418568779294058
0.004056180942843255
0.0030969237298016203
-2.060023086699756e-05
0.004056180942843255
-0.003164207757565314
-0.004471173607048254
-0.004760486248521613
-0.0073247562379441964
-0.007752558299751819
-0.002044520861722319
-0.000761596384152058
-0.0075092443234509665
-0.004760486248521613
-0.0003573134907879738
0.004418568779294058
-0.00014532100511056525
-2.060023086699756e-05
-0.0072007171844928036
-0.004760486248521613
-0.0017825195953749182
0.004418568779294058
-2.060023086699756e-05
-0.013117278557719034
-0.004471173607048254
-0.0072007171844928036
-0.004662188525634643
0.005006473136782638
0.004356142729964879
0.005006473136782638
-0.0003400292757469493
-0.002380210139553338
-0.013117278557719034
-0.002044520861722319
-0.002116209877321016
0.014577193544160231
-0.0003573134907879738
-0.002116209877321016
-0.000761596384152058
-0.008187986153623927
-0.013117278557719034
-0.00014532100511056525
-0.004662188525634643
-0.004760486248521613
0.004056180942843255
-0.0017825195953749182
-0.01011759544170326
-0.0073247562379441964
0.004056180942843255
-0.013117278557719034
0.00029188540608272233
-0.000761596384152058
-0.006811464917584403
0.004418568779294058
0.005006473136782638
0.002453398517143898
-0.002380210139553338
-0.011929973469184445
0.004418568779294058
-0.000761596384152058
-0.006811464917584403
-0.01011759544170326
-0.002380210139553338
-0.006811464917584403
0.004418568779294058
-0.0072007171844928036
0.0022282554017153807
-0.0075092443234509665
-0.004662188525634643
-0.0072007171844928036
0.0029145777490534536
-0.006711555779974585
0.00029188540608272233
0.0029145777490534536
0.0022282554017153807
-0.007752558299751819
0.014577193544160231
0.005006473136782638
-0.0075092443234509665
-0.008187986153623927
-0.002116209877321016
0.004056180942843255
-0.004760486248521613
0.0002084415830152777
0.004056180942843255
-0.002044520861722319
-0.004760486248521613
0.0014324060706914228
0.014577193544160231
0.004356142729964879
-0.004662188525634643
0.0029145777490534536
0.0029145777490534536
0.014577193544160231
0.014577193544160231
-0.0044946071641998086
-0.003235991933076009
-0.002116209877321016
-0.004760486248521613
-0.004471173607048254
-0.0003573134907879738
-0.011929973469184445
0.0014324060706914228
0.004356142729964879
0.0002084415830152777
-0.004760486248521613
-0.004760486248521613
-0.003235991933076009
0.004418568779294058
-0.000761596384152058
0.0006811093518950208
0.002453398517143898
-0.002380210139553338
-0.003235991933076009
0.0029145777490534536
-0.008187986153623927
-0.013117278557719034
0.002453398517143898
0.0014324060706914228
0.0002084415830152777
-0.0017825195953749182
-0.0017825195953749182
-0.004738130972077395
-0.0073247562379441964
-0.0003400292757469493
-0.0073247562379441964
-0.004662188525634643
-0.004760486248521613
-0.004471173607048254
-0.0075092443234509665
-0.004471173607048254
-0.013117278557719034
-0.01011759544170326
-0.0025520208068584935
0.0022282554017153807
0.0014324060706914228
-0.008187986153623927
0.0022282554017153807
-0.008187986153623927
0.0014324060706914228
-0.002380210139553338
-0.004760486248521613
-0.013117278557719034
0.0022282554017153807
-0.004760486248521613
0.014577193544160231
-2.060023086699756e-05
-0.0003400292757469493
-0.004471173607048254
-0.0075092443234509665
-0.002044520861722319
0.0002084415830152777
-0.004662188525634643
-0.0072007171844928036
-0.0072007171844928036
-0.0003400292757469493
-0.0003573134907879738
0.005006473136782638
-0.0017825195953749182
-0.003164207757565314
-0.0003573134907879738
0.0002084415830152777
0.014577193544160231
0.0030969237298016203
0.004056180942843255
-0.00014532100511056525
-0.0003400292757469493
-0.008187986153623927
-2.060023086699756e-05
-0.002044520861722319
-0.006711555779974585
-2.060023086699756e-05
-0.0025520208068584935
-0.007752558299751819
0.002453398517143898
-0.0003400292757469493
-0.006711555779974585
-0.0044946071641998086
-0.002044520861722319
0.0030969237298016203
-0.01011759544170326
0.002453398517143898
-0.013117278557719034
-0.007752558299751819
-0.003164207757565314
0.00029188540608272233
-2.060023086699756e-05
-0.0017825195953749182
-0.00014532100511056525
0.0006811093518950208
-0.0017825195953749182
0.0022282554017153807
-0.011929973469184445
-0.0073247562379441964
-0.003164207757565314
0.0014324060706914228
-0.008187986153623927
0.004356142729964879
-0.004471173607048254
0.0014324060706914228
-0.0003400292757469493
0.014577193544160231
-0.0025520208068584935
0.002453398517143898
0.0022282554017153807
-0.00014532100511056525
0.005006473136782638
-0.004662188525634643
-0.0072007171844928036
-0.0025520208068584935
-0.0017825195953749182
-0.004471173607048254
-0.003164207757565314
0.002453398517143898
-0.004471173607048254
0.004056180942843255
0.002453398517143898
-0.0017825195953749182
-0.006811464917584403
-0.0003400292757469493
0.00029188540608272233
-0.01011759544170326
-0.004471173607048254
0.004356142729964879
-0.002044520861722319
-0.011929973469184445
-0.0075092443234509665
-0.002044520861722319
-0.0017825195953749182
-0.013117278557719034
-0.000761596384152058
-0.000761596384152058
0.0029145777490534536
-0.006811464917584403
0.0002084415830152777
-0.0017825195953749182
-0.003164207757565314
-0.0003400292757469493
0.0014324060706914228
0.0022282554017153807
-0.0025520208068584935
-0.0044946071641998086
-0.0044946071641998086
0.004056180942843255
-2.060023086699756e-05
-0.013117278557719034
-2.060023086699756e-05
-0.0073247562379441964
-0.008187986153623927
0.004418568779294058
-0.002044520861722319
-0.003235991933076009
-0.002116209877321016
-0.011929973469184445
-0.004662188525634643
0.0014324060706914228
0.014577193544160231
0.014577193544160231
-0.008187986153623927
0.004356142729964879
-0.008187986153623927
0.0014324060706914228
0.0014324060706914228
0.014577193544160231
0.00029188540608272233
-0.006811464917584403
0.0002084415830152777
0.005006473136782638
-0.0003573134907879738
-0.00014532100511056525
-0.006811464917584403
0.002453398517143898
-0.002116209877321016
0.0022282554017153807
-0.0072007171844928036
0.0006811093518950208
-0.0044946071641998086
0.0006811093518950208
-0.008187986153623927
-0.003164207757565314
-0.013117278557719034
0.0029145777490534536
-0.007752558299751819
-0.003235991933076009
0.005006473136782638
-0.003164207757565314
-0.0017825195953749182
-0.000761596384152058
-0.003235991933076009
-0.008187986153623927
-0.00014532100511056525
-0.007752558299751819
-0.0044946071641998086
-0.007752558299751819
0.004056180942843255
0.0022282554017153807
-0.0044946071641998086
0.004056180942843255
-0.000761596384152058
0.004056180942843255
-0.004738130972077395
0.0029145777490534536
-0.000761596384152058
-0.006811464917584403
0.014577193544160231
-0.0003400292757469493
-0.002044520861722319
-0.013117278557719034
-0.0072007171844928036
-0.013117278557719034
-0.004471173607048254
-0.002116209877321016
0.0014324060706914228
-2.060023086699756e-05
0.0002084415830152777
0.0030969237298016203
0.00029188540608272233
-0.01011759544170326
-2.060023086699756e-05
0.014577193544160231
-0.004471173607048254
-0.0044946071641998086
-0.0072007171844928036
0.0006811093518950208
-0.006811464917584403
-0.00014532100511056525
-0.0025520208068584935
-0.004471173607048254
0.014577193544160231
-0.0044946071641998086
0.0030969237298016203
0.004418568779294058
-0.000761596384152058
-0.0072007171844928036
-0.0017825195953749182
-2.060023086699756e-05
-0.004471173607048254
0.0030969237298016203
-0.0044946071641998086
-0.0003573134907879738
-0.0044946071641998086
-0.0003400292757469493
-0.01011759544170326
0.004356142729964879
0.004418568779294058
-0.002380210139553338
-0.0075092443234509665
-0.003235991933076009
-0.006811464917584403
-0.0003573134907879738
-0.011929973469184445
0.004418568779294058
-0.0044946071641998086
-0.002380210139553338
-0.003164207757565314
0.0002084415830152777
-0.0072007171844928036
-0.006811464917584403
-0.003235991933076009
-0.002380210139553338
-0.003235991933076009
0.0030969237298016203
0.004356142729964879
-0.004760486248521613
-0.0044946071641998086
-0.000761596384152058
-0.01011759544170326
-0.0044946071641998086
-0.013117278557719034
-0.007752558299751819
0.004356142729964879
-0.0003400292757469493
0.004356142729964879
-0.0003400292757469493
0.004056180942843255
0.004056180942843255
0.014577193544160231
-0.011929973469184445
0.0006811093518950208
0.0022282554017153807
-0.0073247562379441964
-0.002044520861722319
-0.00014532100511056525
-0.004738130972077395
-0.0025520208068584935
-0.0075092443234509665
-0.0017825195953749182
-0.004738130972077395
0.0002084415830152777
0.0022282554017153807
0.0002084415830152777
-0.004760486248521613
-0.004662188525634643
-0.0003400292757469493
0.0029145777490534536
-0.003235991933076009
0.002453398517143898
-0.0072007171844928036
-0.0003400292757469493
-0.0075092443234509665
0.004356142729964879
-0.0073247562379441964
0.004418568779294058
0.004418568779294058
-0.0025520208068584935
0.0002084415830152777
0.0002084415830152777
-0.002380210139553338
-2.060023086699756e-05
-0.006711555779974585
-0.006811464917584403
-0.006811464917584403
-0.004760486248521613
0.0006811093518950208
0.004418568779294058
0.0030969237298016203
0.0030969237298016203
0.005006473136782638
-2.060023086699756e-05
-0.006711555779974585
0.0002084415830152777
-0.002044520861722319
-0.0044946071641998086
0.0006811093518950208
-0.004471173607048254
-0.004738130972077395
0.004418568779294058
-0.00014532100511056525
-0.002380210139553338
0.004356142729964879
-0.002044520861722319
-0.0003400292757469493
-0.013117278557719034
-0.002116209877321016
-0.003164207757565314
0.005006473136782638
0.014577193544160231
-0.0075092443234509665
0.0029145777490534536
-0.0025520208068584935
0.0002084415830152777
-0.004662188525634643
-0.007752558299751819
0.014577193544160231
-0.003235991933076009
-0.007752558299751819
-0.0073247562379441964
0.00029188540608272233
-0.01011759544170326
-0.006711555779974585
-0.004662188525634643
-0.00014532100511056525
-0.003164207757565314
-0.0072007171844928036
-0.0017825195953749182
0.002453398517143898
-0.002044520861722319
-0.004471173607048254
0.014577193544160231
0.002453398517143898
-0.0044946071641998086
-0.002116209877321016
-0.004471173607048254
-2.060023086699756e-05
-0.0003573134907879738
-0.002044520861722319
-0.0075092443234509665
-0.003164207757565314
-0.003235991933076009
0.002453398517143898
-0.013117278557719034
0.0002084415830152777
-0.003164207757565314
-0.004662188525634643
-0.003164207757565314
-0.0072007171844928036
-0.01011759544170326
-0.0003573134907879738
-0.004471173607048254
-0.0072007171844928036
-2.060023086699756e-05
-0.0003400292757469493
-0.007752558299751819
-0.00014532100511056525
-0.013117278557719034
-0.008187986153623927
0.0029145777490534536
-0.0073247562379441964
-0.003164207757565314
-0.0017825195953749182
-0.006711555779974585
0.0030969237298016203
-0.0025520208068584935
-0.004738130972077395
-0.011929973469184445
-0.004471173607048254
-0.002380210139553338
-0.004738130972077395
-0.007752558299751819
-0.003164207757565314
-0.002380210139553338
-0.0003400292757469493
-0.011929973469184445
-2.060023086699756e-05
-0.004760486248521613
-0.0073247562379441964
0.005006473136782638
-0.0044946071641998086
-0.004471173607048254
-0.0075092443234509665
0.005006473136782638
-0.002380210139553338
0.0006811093518950208
-0.0017825195953749182
-0.01011759544170326
-0.00014532100511056525
-0.004760486248521613
-0.0017825195953749182
-0.00014532100511056525
-0.008187986153623927
-0.0003400292757469493
0.004418568779294058
-0.0017825195953749182
0.002453398517143898
0.00029188540608272233
-0.0075092443234509665
-0.0003573134907879738
0.004056180942843255
-0.004760486248521613
0.0029145777490534536
-0.008187986153623927
0.00029188540608272233
0.014577193544160231
-0.008187986153623927
0.002453398517143898
0.0022282554017153807
0.014577193544160231
0.00029188540608272233
0.0030969237298016203
-0.004471173607048254
-0.003164207757565314
-0.0072007171844928036
-0.004471173607048254
-0.006711555779974585
-0.0072007171844928036
0.004056180942843255
-0.006711555779974585
-0.008187986153623927
-0.003235991933076009
-0.01011759544170326
-0.004662188525634643
-0.004471173607048254
-0.004471173607048254
-0.006811464917584403
-0.0003400292757469493
-0.0075092443234509665
-0.008187986153623927
-0.007752558299751819
0.0006811093518950208
0.004356142729964879
-0.002116209877321016
-0.002116209877321016
0.0022282554017153807
-0.004760486248521613
0.002453398517143898
-0.01011759544170326
-0.003235991933076009
0.0006811093518950208
-0.013117278557719034
-0.004760486248521613
-0.0075092443234509665
0.004356142729964879
-0.008187986153623927
-0.004662188525634643
-0.0073247562379441964
-0.002380210139553338
-0.002116209877321016
-0.002380210139553338
0.004356142729964879
0.0006811093518950208
0.0022282554017153807
-0.003164207757565314
-0.008187986153623927
-2.060023086699756e-05
0.0029145777490534536
-0.0003573134907879738
0.0002084415830152777
0.004418568779294058
-0.004471173607048254
0.004418568779294058
-0.002116209877321016
-0.004471173607048254
-0.003164207757565314
0.00029188540608272233
0.0022282554017153807
-0.0003400292757469493
-0.002044520861722319
-0.004760486248521613
0.00029188540608272233
-0.002116209877321016
0.005006473136782638
-0.0072007171844928036
-0.003164207757565314
0.014577193544160231
-0.004662188525634643
-0.0017825195953749182
-0.006711555779974585
-0.00014532100511056525
-0.0025520208068584935
-0.0017825195953749182
0.00029188540608272233
0.002453398517143898
-2.060023086699756e-05
-0.006811464917584403
-0.006811464917584403
0.0002084415830152777
-0.004662188525634643
0.0022282554017153807
0.0006811093518950208
-0.01011759544170326
-0.0017825195953749182
-0.01011759544170326
0.004418568779294058
-2.060023086699756e-05
-0.006811464917584403
-0.0073247562379441964
-0.01011759544170326
-0.008187986153623927
-0.0003400292757469493
-0.013117278557719034
-0.0003400292757469493
-0.0073247562379441964
0.002453398517143898
0.005006473136782638
-0.002044520861722319
0.0002084415830152777
0.0022282554017153807
-0.007752558299751819
-0.006711555779974585
-0.007752558299751819
-0.003164207757565314
-0.002044520861722319
-0.006711555779974585
0.0006811093518950208
-0.002044520861722319
0.002453398517143898
0.0014324060706914228
-0.01011759544170326
0.004056180942843255
-0.007752558299751819
-0.002380210139553338
0.004356142729964879
-0.00014532100511056525
-0.003235991933076009
-0.011929973469184445
0.004056180942843255
0.00029188540608272233
0.00029188540608272233
-0.000761596384152058
0.0014324060706914228
0.004356142729964879
0.00029188540608272233
-2.060023086699756e-05
0.004356142729964879
0.004356142729964879
-2.060023086699756e-05
-0.000761596384152058
-0.008187986153623927
0.0006811093518950208
-0.006711555779974585
-0.0073247562379441964
0.0022282554017153807
-0.007752558299751819
-0.008187986153623927
-0.0003400292757469493
-0.0072007171844928036
-0.011929973469184445
0.0022282554017153807
-0.0075092443234509665
0.005006473136782638
-0.0073247562379441964
-0.007752558299751819
0.0014324060706914228
-0.003235991933076009
-0.006811464917584403
-0.002116209877321016
-2.060023086699756e-05
-0.0044946071641998086
-0.002380210139553338
-0.004738130972077395
0.004356142729964879
-0.0003400292757469493
0.004418568779294058
0.0030969237298016203
-0.003235991933076009
0.0014324060706914228
0.004056180942843255
-0.002116209877321016
-0.006711555779974585
0.0022282554017153807
0.0002084415830152777
-2.060023086699756e-05
-0.004471173607048254
0.00029188540608272233
0.004056180942843255
-0.0003400292757469493
-0.006811464917584403
0.0014324060706914228
0.0022282554017153807
-0.003164207757565314
-0.0073247562379441964
-0.0025520208068584935
0.004056180942843255
0.014577193544160231
-0.0003573134907879738
0.0014324060706914228
-0.004760486248521613
-0.0003400292757469493
-0.003164207757565314
-0.00014532100511056525
-0.000761596384152058
0.0030969237298016203
-0.003164207757565314
-0.004471173607048254
0.0029145777490534536
-0.002380210139553338
-0.004662188525634643
0.0014324060706914228
-0.008187986153623927
-0.008187986153623927
0.005006473136782638
-0.0025520208068584935
-0.004662188525634643
0.002453398517143898
0.0030969237298016203
0.004356142729964879
-2.060023086699756e-05
0.0014324060706914228
0.0002084415830152777
-0.0073247562379441964
-0.002044520861722319
0.0030969237298016203
-0.007752558299751819
-0.004471173607048254
-0.000761596384152058
-0.00014532100511056525
-0.0075092443234509665
-0.013117278557719034
0.005006473136782638
0.0014324060706914228
-0.006811464917584403
-0.003164207757565314
-0.00014532100511056525
-0.0073247562379441964
-0.003164207757565314
-0.011929973469184445
-0.0003573134907879738
-0.008187986153623927
-0.004738130972077395
0.002453398517143898
-0.0003573134907879738
0.00029188540608272233
-0.0073247562379441964
0.0030969237298016203
-0.002044520861722319
-0.0073247562379441964
-0.002380210139553338
0.004056180942843255
-0.011929973469184445
-0.0017825195953749182
-0.002116209877321016
-0.003164207757565314
0.0002084415830152777
-0.0072007171844928036
-0.003235991933076009
-0.004471173607048254
-0.0017825195953749182
-0.0025520208068584935
0.004418568779294058
-2.060023086699756e-05
-0.013117278557719034
-0.00014532100511056525
-0.000761596384152058
-0.013117278557719034
0.0022282554017153807
0.0030969237298016203
0.004418568779294058
