-0.011950439842124719
-0.05881242922423092
-0.007993557202750445
-0.0011287106875938968
-0.013615030423337551
-0.007993557202750445
-0.0063549357954145414
-0.007975543517149738
-0.03590190480301306
0.009552380580870226
-0.025894914784871867
-0.038926756998637124
0.009048203520643132
-0.01611615139587085
-0.03230588809643579
-0.010013737869968913
-0.01965961240696548
-0.014987504329122181
-0.030035890866209974
-0.012724678786904075
-0.04747931601592149
-0.04362461701503689
-0.009614006482622662
-0.03402747521743745
-0.008062253151468328
-0.0018181546825230767
0.00936130243722403
-0.02838601670251646
-0.03986994013931001
0.00396546334350627
0.004559207053272191
-0.03402747521743745
-0.021747637827086677
-0.05856126039311746
-0.005091236037598746
-0.012651951549908433
-0.011905368141423687
-0.001205062179699432
-0.013969414747943335
-0.03415776044653681
-0.03888350640291574
-0.02546781691104844
-0.011905368141423687
-0.004791755490292264
-0.01700332865238351
-0.013881285802367324
-0.03555084024527447
-0.0024101319171058286
-0.04362461701503689
-0.010013737869968913
-0.0299313327752792
-0.026316648160666145
-0.0024101319171058286
-0.026316648160666145
-0.00785253320036476
-0.02451355094201693
-0.013615030423337551
-0.010435401884998632
-0.02639968143626731
-0.009427037887374928
-0.00960259154026388
-0.037872331365240014
0.02024083110290253
-0.01653231223440586
-0.026316648160666145
0.009048203520643132
-0.05112208160334356
0.0033340781866353464
-0.011905368141423687
-0.017557578447064928
-0.01653231223440586
0.014352037143274028
-0.013550826973038698
-0.017557578447064928
-0.038926756998637124
-0.04267527464303507
-0.021100507879758937
-0.0018181546825230767
-0.037976741214582506
-0.02732030901753602
0.00936130243722403
-0.03219681383702065
-0.02449504638811399
-0.04747931601592149
-0.06260001936968967
-0.041820714495058225
-0.0011287106875938968
-0.010435401884998632
-0.017557578447064928
-0.03590190480301306
-0.017870612728805378
-0.010876320021287519
-0.013550826973038698
-0.01930570157271998
-0.012651951549908433
-0.02639968143626731
-0.011685018762028574
-0.01611615139587085
-0.0018181546825230767
-0.03932474678398476
-0.009390717546958815
0.004292344883535303
-0.0299313327752792
-0.063791143106257
-0.016659344021231495
0.00020794707576711073
-0.019492729483049927
-0.01992152448900518
-0.011950439842124719
-0.06260001936968967
0.00396546334350627
-0.023194643522114915
-0.016206247530340733
-0.025894914784871867
-0.0011287106875938968
0.004559207053272191
-0.02718608565808587
-0.024056437330371935
-0.05856126039311746
-0.007993557202750445
-0.019492729483049927
-0.01992152448900518
-0.03590190480301306
-0.06260001936968967
-0.026316648160666145
-0.02254175344609722
-0.038926756998637124
-0.009390717546958815
-0.008062253151468328
-0.024180625238882793
-0.026316648160666145
0.00020794707576711073
-0.008062253151468328
-0.03402747521743745
0.005681032291588176
-0.002907004307731285
0.004292344883535303
0.013541271409473334
-0.001205062179699432
0.013541271409473334
-0.03590190480301306
-0.052859938754814796
0.001838163873328116
-0.033959314291588404
-0.045511177389679816
0.001838163873328116
0.00549445289672452
-0.010876320021287519
-0.01653231223440586
-0.017870612728805378
-0.013615030423337551
-0.03402747521743745
-0.013550826973038698
0.01747803241994893
-0.027710996384961818
-0.03986994013931001
-0.01653231223440586
-0.021747637827086677
-0.01653231223440586
-0.03412105728572956
-0.023194643522114915
-0.012651951549908433
-0.038966730885287924
-0.007975543517149738
-0.009390717546958815
0.013541271409473334
-0.01611615139587085
-0.017557578447064928
-0.054007453745421874
-0.03402747521743745
0.014352037143274028
-0.0020329081747070474
-0.011655549660802601
-0.048980120253308855
-0.010633214855246946
-0.00785253320036476
-0.03986994013931001
-0.05856126039311746
-0.008062253151468328
-0.02127987383095111
0.02024083110290253
-0.0018181546825230767
-0.03402747521743745
-0.0313397059856955
-0.01911124914164337
-0.04362461701503689
-0.01788911701173872
-0.007975543517149738
-0.01911124914164337
-0.008062253151468328
-0.03555084024527447
-0.035925936115389766
-0.024056437330371935
0.00936130243722403
-0.011905368141423687
-0.039048930810627845
-0.025326094334536683
-0.005169213368655957
-0.03219681383702065
-0.013550826973038698
-0.023971723575072993
-0.03986994013931001
-0.017557578447064928
-0.011685018762028574
-0.017870612728805378
-0.027710996384961818
-0.03415776044653681
-0.021100507879758937
-0.03986994013931001
-0.03549860546367605
-0.013449814601679507
-0.037872331365240014
0.0033340781866353464
-0.0021835408345412476
0.001889238794321649
-0.035925936115389766
-0.021747637827086677
0.001838163873328116
-0.021844841111295178
-0.02838601670251646
-0.008360141266516732
-0.0018181546825230767
-0.02451355094201693
-0.02718608565808587
-0.010013737869968913
-0.021100507879758937
-0.038926756998637124
-0.0020329081747070474
-0.005169213368655957
-0.03932474678398476
-0.038966730885287924
0.009552380580870226
0.004794260133639857
-0.009427037887374928
-0.025486003615075803
-0.010633214855246946
-0.02639968143626731
-0.01611615139587085
-0.009614006482622662
-0.03402747521743745
-0.008360141266516732
0.004794260133639857
-0.05112208160334356
-0.01803166578331036
0.00936130243722403
-0.025894914784871867
0.01242533001037527
-0.02127987383095111
-0.054007453745421874
-0.054007453745421874
-0.0020329081747070474
-0.037976741214582506
-0.02546781691104844
-0.045511177389679816
-0.01884455950589458
-0.019492729483049927
-0.02449504638811399
-0.03549860546367605
-0.02254175344609722
-0.010435401884998632
0.014352037143274028
-0.010896326911698768
-0.012651951549908433
-0.007993557202750445
0.009552380580870226
-0.014891906788654114
-0.005169213368655957
0.01747803241994893
-0.037872331365240014
-0.026316648160666145
-0.0021835408345412476
-0.038926756998637124
-0.049257280998418154
-0.021844841111295178
-0.03555084024527447
-0.04747931601592149
-0.011203644207492123
-0.017557578447064928
-0.010633214855246946
-0.01611615139587085
-0.013969414747943335
-0.010435401884998632
-0.010876320021287519
-0.025486003615075803
0.004292344883535303
-0.01788911701173872
0.005681032291588176
-0.01611615139587085
-0.011685018762028574
-0.0020329081747070474
-0.03402747521743745
-0.01788911701173872
0.005681032291588176
-0.011950439842124719
-0.03219681383702065
0.001838163873328116
-0.017870612728805378
-0.03415776044653681
0.020713476728256276
-0.02546781691104844
-0.03113907863061715
-0.01911124914164337
-0.011905368141423687
-0.03230588809643579
-0.021844841111295178
-0.010013737869968913
0.001889238794321649
-0.012724678786904075
-0.016659344021231495
0.009552380580870226
-0.01611615139587085
-0.010896326911698768
-0.021844841111295178
-0.013881285802367324
-0.005169213368655957
-0.021844841111295178
-0.030035890866209974
-0.013881285802367324
-0.048980120253308855
0.004559207053272191
0.013541271409473334
-0.012651951549908433
-0.011950439842124719
0.005681032291588176
0.00549445289672452
-0.01884455950589458
-0.02732030901753602
-0.0018181546825230767
-0.016659344021231495
-0.010876320021287519
-0.03402747521743745
-0.005930542369064453
-0.024180625238882793
-0.02838601670251646
-0.05392145957131138
-0.026316648160666145
0.0033340781866353464
-0.03590190480301306
-0.011655549660802601
-0.049257280998418154
-0.016659344021231495
-0.02120378495148459
-0.011950439842124719
-0.03932474678398476
-0.011685018762028574
-0.013615030423337551
-0.02127987383095111
-0.03590190480301306
-0.049257280998418154
-0.013969414747943335
-0.02732030901753602
-0.03555084024527447
-0.037976741214582506
-0.02838601670251646
-0.021844841111295178
-0.021844841111295178
-0.01884455950589458
0.01242533001037527
-0.025894914784871867
-0.05392145957131138
-0.009614006482622662
-0.0011287106875938968
-0.033959314291588404
0.009048203520643132
-0.014987504329122181
-0.049257280998418154
-0.011685018762028574
-0.010013737869968913
-0.024180625238882793
-0.011905368141423687
-0.01803166578331036
-0.0011287106875938968
-0.01700332865238351
-0.02838601670251646
-0.010896326911698768
-0.02449504638811399
-0.01653231223440586
-0.021844841111295178
-0.030035890866209974
-0.05392145957131138
-0.021844841111295178
-0.0018181546825230767
-0.009614006482622662
-0.002907004307731285
-0.01884455950589458
0.00020794707576711073
0.00020794707576711073
-0.054007453745421874
0.00396546334350627
-0.01803166578331036
-0.01911124914164337
-0.03932474678398476
0.02024083110290253
-0.04216767459837321
-0.027710996384961818
-0.01911124914164337
-0.024180625238882793
0.00549445289672452
-0.008062253151468328
0.004292344883535303
-0.009390717546958815
-0.035925936115389766
-0.05881242922423092
-0.012724678786904075
-0.035925936115389766
0.02024083110290253
-0.009614006482622662
-0.01992152448900518
-0.010633214855246946
-0.009427037887374928
-0.013969414747943335
-0.024180625238882793
-0.0011287106875938968
-0.021100507879758937
-0.008055844271652691
-0.005091236037598746
-0.01700332865238351
-0.038966730885287924
-0.02838601670251646
-0.06260001936968967
-0.021100507879758937
-0.028059646798337088
-0.013449814601679507
-0.028059646798337088
-0.024180625238882793
-0.010435401884998632
-0.03230588809643579
-0.048980120253308855
-0.037872331365240014
-0.03415776044653681
-0.0011287106875938968
-0.04267527464303507
-0.010435401884998632
-0.005091236037598746
-0.014891906788654114
-0.03888350640291574
-0.06260001936968967
0.02024083110290253
-0.007993557202750445
-0.027710996384961818
0.00936130243722403
-0.02451355094201693
-0.011685018762028574
-0.04362461701503689
-0.028059646798337088
-0.019492729483049927
-0.014891906788654114
-0.05392145957131138
-0.017557578447064928
-0.04362461701503689
-0.05856126039311746
-0.03932474678398476
-0.03888350640291574
-0.02732030901753602
0.009552380580870226
-0.02546781691104844
-0.037976741214582506
-0.03590190480301306
-0.025894914784871867
0.01242533001037527
-0.03555084024527447
0.009048203520643132
-0.012724678786904075
-0.02546781691104844
-0.03888350640291574
0.004292344883535303
-0.011905368141423687
0.009048203520643132
-0.037976741214582506
-0.03415776044653681
-0.0018181546825230767
-0.01611615139587085
-0.007993557202750445
-0.00785253320036476
-0.010013737869968913
-0.04747931601592149
-0.026316648160666145
0.014352037143274028
-0.04747931601592149
-0.008055844271652691
0.00549445289672452
-0.02838601670251646
-0.030321208747169603
-0.048980120253308855
-0.025486003615075803
-0.023971723575072993
-0.037976741214582506
-0.04362461701503689
-0.045511177389679816
-0.010896326911698768
-0.0020329081747070474
0.0033340781866353464
-0.008062253151468328
-0.00785253320036476
-0.052859938754814796
-0.054007453745421874
-0.024056437330371935
-0.038926756998637124
-0.007975543517149738
-0.039048930810627845
-0.05392145957131138
-0.03932474678398476
-0.04747931601592149
-0.03415776044653681
-0.009390717546958815
-0.0313397059856955
-0.035925936115389766
-0.011685018762028574
-0.01965961240696548
-0.02254175344609722
-0.04267527464303507
-0.017870612728805378
-0.01992152448900518
-0.0299313327752792
-0.02639968143626731
-0.019492729483049927
-0.03590190480301306
-0.0313397059856955
-0.008360141266516732
0.001838163873328116
-0.01965961240696548
-0.004760997343481092
-0.037976741214582506
0.01242533001037527
-0.010013737869968913
-0.025326094334536683
-0.037976741214582506
-0.011905368141423687
0.00020794707576711073
-0.026316648160666145
-0.023971723575072993
-0.012724678786904075
0.00936130243722403
-0.037976741214582506
-0.01700332865238351
0.020713476728256276
0.001838163873328116
-0.01884455950589458
-0.01611615139587085
-0.025894914784871867
-0.038966730885287924
-0.002907004307731285
-0.010876320021287519
-0.0063549357954145414
-0.016206247530340733
-0.03230588809643579
-0.011203644207492123
-0.013615030423337551
-0.008062253151468328
-0.002907004307731285
0.004292344883535303
-0.01803166578331036
-0.00785253320036476
-0.0011287106875938968
-0.02449504638811399
-0.01911124914164337
-0.021747637827086677
-0.010013737869968913
-0.029350158034926205
-0.009062712755162808
-0.024180625238882793
-0.023194643522114915
-0.041820714495058225
-0.03113907863061715
-0.037976741214582506
-0.01965961240696548
-0.03412105728572956
0.004794260133639857
-0.03549860546367605
-0.008062253151468328
-0.019492729483049927
-0.038926756998637124
-0.06260001936968967
-0.011905368141423687
-0.010013737869968913
0.005681032291588176
-0.041820714495058225
0.014352037143274028
-0.01803166578331036
-0.054007453745421874
-0.010896326911698768
-0.008055844271652691
-0.03415776044653681
-0.01965961240696548
-0.008360141266516732
0.0033340781866353464
-0.011950439842124719
-0.05856126039311746
-0.03230588809643579
-0.023971723575072993
0.01242533001037527
0.020713476728256276
-0.01930570157271998
-0.016206247530340733
-0.013550826973038698
-0.063791143106257
-0.045511177389679816
-0.010896326911698768
-0.013550826973038698
-0.01884455950589458
-0.0024101319171058286
-0.02546781691104844
-0.03219681383702065
-0.03549860546367605
-0.01911124914164337
-0.04747931601592149
-0.02120378495148459
0.001889238794321649
0.004559207053272191
-0.010013737869968913
-0.03230588809643579
-0.02546781691104844
-0.03402747521743745
-0.005930542369064453
-0.011655549660802601
-0.0011287106875938968
-0.02449504638811399
-0.03932474678398476
0.001838163873328116
-0.026316648160666145
-0.017557578447064928
-0.019492729483049927
-0.004791755490292264
-0.019492729483049927
-0.021100507879758937
-0.002907004307731285
-0.009614006482622662
-0.01611615139587085
-0.03230588809643579
-0.01930570157271998
-0.010633214855246946
0.01747803241994893
0.004794260133639857
0.001889238794321649
0.004559207053272191
-0.01611615139587085
-0.035925936115389766
-0.005169213368655957
-0.005930542369064453
-0.025486003615075803
0.02024083110290253
-0.013550826973038698
-0.010633214855246946
-0.009427037887374928
-0.03402747521743745
-0.033959314291588404
0.020713476728256276
-0.010876320021287519
-0.01930570157271998
-0.0011287106875938968
-0.026316648160666145
-0.048980120253308855
-0.02449504638811399
0.001838163873328116
-0.012724678786904075
-0.010896326911698768
-0.010896326911698768
0.00020794707576711073
-0.01803166578331036
-0.03113907863061715
-0.008055844271652691
-0.04747931601592149
-0.021100507879758937
-0.037976741214582506
-0.017557578447064928
-0.035925936115389766
-0.03997098513200481
-0.03402747521743745
0.00549445289672452
-0.039048930810627845
-0.01803166578331036
-0.03888350640291574
0.004559207053272191
-0.03986994013931001
-0.0021835408345412476
-0.03590190480301306
-0.009062712755162808
-0.01788911701173872
-0.01653231223440586
-0.039048930810627845
-0.0020329081747070474
-0.03888350640291574
0.01242533001037527
-0.038926756998637124
-0.039048930810627845
-0.010013737869968913
-0.037976741214582506
-0.0011287106875938968
-0.03402747521743745
-0.03219681383702065
-0.030321208747169603
0.004292344883535303
0.01747803241994893
-0.0020329081747070474
-0.03412105728572956
-0.001205062179699432
-0.023971723575072993
-0.063791143106257
-0.03555084024527447
-0.04747931601592149
-0.00960259154026388
-0.00785253320036476
-0.010435401884998632
-0.037976741214582506
0.00549445289672452
-0.05112208160334356
-0.025894914784871867
-0.03402747521743745
-0.016659344021231495
-0.011950439842124719
-0.03888350640291574
-0.023971723575072993
-0.010013737869968913
0.00396546334350627
0.009048203520643132
-0.02546781691104844
0.009048203520643132
-0.01930570157271998
-0.004760997343481092
-0.039048930810627845
-0.010435401884998632
-0.023971723575072993
-0.013881285802367324
-0.0024101319171058286
-0.01930570157271998
0.00396546334350627
-0.03412105728572956
-0.010876320021287519
-0.03888350640291574
-0.033959314291588404
-0.02127987383095111
0.009552380580870226
-0.03412105728572956
0.0033340781866353464
-0.02120378495148459
-0.011203644207492123
-0.03415776044653681
-0.038926756998637124
-0.012651951549908433
-0.011203644207492123
-0.010896326911698768
-0.01911124914164337
-0.02838601670251646
-0.005930542369064453
-0.010633214855246946
-0.013449814601679507
-0.0313397059856955
-0.03590190480301306
-0.04362461701503689
-0.011905368141423687
0.00549445289672452
-0.04267527464303507
-0.04216767459837321
-0.0299313327752792
-0.010896326911698768
0.001889238794321649
-0.021100507879758937
-0.02546781691104844
0.004559207053272191
-0.02449504638811399
-0.011950439842124719
-0.01884455950589458
0.004559207053272191
-0.04362461701503689
-0.05112208160334356
-0.054007453745421874
-0.05856126039311746
-0.02838601670251646
-0.03590190480301306
-0.05112208160334356
-0.024180625238882793
-0.037976741214582506
-0.0021835408345412476
-0.037872331365240014
0.01747803241994893
-0.03113907863061715
-0.001205062179699432
-0.03412105728572956
-0.02254175344609722
-0.048980120253308855
-0.037872331365240014
-0.030321208747169603
-0.0024101319171058286
-0.012651951549908433
-0.008062253151468328
-0.03986994013931001
0.014352037143274028
-0.04747931601592149
-0.0020329081747070474
-0.01911124914164337
-0.054007453745421874
-0.063791143106257
-0.005930542369064453
-0.012651951549908433
-0.037976741214582506
-0.0011287106875938968
-0.00960259154026388
-0.041820714495058225
-0.05856126039311746
-0.03888350640291574
-0.02254175344609722
0.005681032291588176
-0.017557578447064928
0.004559207053272191
-0.016659344021231495
-0.0021835408345412476
-0.007975543517149738
-0.02449504638811399
-0.033959314291588404
-0.0063549357954145414
-0.00785253320036476
-0.05881242922423092
-0.03590190480301306
-0.016659344021231495
-0.013969414747943335
-0.03590190480301306
-0.012651951549908433
-0.027710996384961818
-0.011655549660802601
-0.033959314291588404
-0.002907004307731285
-0.017870612728805378
-0.013615030423337551
-0.010013737869968913
-0.049257280998418154
0.02024083110290253
-0.025326094334536683
-0.02718608565808587
-0.0313397059856955
-0.045511177389679816
0.004794260133639857
-0.001205062179699432
-0.03402747521743745
-0.010633214855246946
-0.0021835408345412476
-0.011905368141423687
-0.014987504329122181
-0.03986994013931001
-0.007975543517149738
0.00936130243722403
-0.03590190480301306
-0.007975543517149738
-0.048980120253308855
-0.01930570157271998
-0.049257280998418154
-0.013449814601679507
-0.04267527464303507
-0.021100507879758937
-0.03590190480301306
-0.04747931601592149
-0.01700332865238351
-0.01788911701173872
0.009048203520643132
-0.011950439842124719
-0.008062253151468328
-0.0020329081747070474
-0.024180625238882793
-0.05112208160334356
-0.0063549357954145414
-0.021100507879758937
-0.038926756998637124
0.00396546334350627
-0.01788911701173872
-0.016206247530340733
-0.027710996384961818
-0.027710996384961818
-0.014891906788654114
-0.03986994013931001
-0.037976741214582506
-0.017870612728805378
-0.049257280998418154
-0.001205062179699432
-0.019492729483049927
-0.011203644207492123
-0.05392145957131138
0.00396546334350627
-0.009614006482622662
-0.019492729483049927
0.001838163873328116
-0.02120378495148459
0.004292344883535303
0.020713476728256276
-0.048980120253308855
0.01747803241994893
-0.02120378495148459
-0.01788911701173872
-0.041820714495058225
-0.05392145957131138
-0.04267527464303507
0.009552380580870226
-0.03590190480301306
-0.052859938754814796
-0.011685018762028574
-0.010013737869968913
-0.012724678786904075
-0.03997098513200481
-0.012651951549908433
-0.037976741214582506
0.014352037143274028
-0.01803166578331036
-0.05392145957131138
-0.021844841111295178
-0.023971723575072993
-0.00785253320036476
-0.005930542369064453
-0.011685018762028574
-0.02449504638811399
-0.0313397059856955
-0.030035890866209974
0.00396546334350627
-0.01992152448900518
-0.0299313327752792
-0.05856126039311746
0.0033340781866353464
-0.007975543517149738
-0.004760997343481092
-0.0024101319171058286
-0.01965961240696548
-0.039048930810627845
-0.011685018762028574
-0.0299313327752792
0.0033340781866353464
-0.037872331365240014
-0.02546781691104844
-0.038926756998637124
-0.02449504638811399
-0.013969414747943335
-0.012651951549908433
0.009552380580870226
-0.03412105728572956
0.00396546334350627
-0.02451355094201693
-0.021844841111295178
-0.01930570157271998
-0.049257280998418154
-0.063791143106257
-0.045511177389679816
-0.017557578447064928
0.00936130243722403
-0.049257280998418154
-0.02127987383095111
-0.02451355094201693
-0.016206247530340733
-0.005169213368655957
0.004292344883535303
-0.010876320021287519
-0.005930542369064453
-0.052859938754814796
0.00549445289672452
-0.013449814601679507
-0.011905368141423687
-0.01884455950589458
-0.03997098513200481
0.02024083110290253
-0.038966730885287924
0.005681032291588176
-0.05112208160334356
-0.02732030901753602
-0.010013737869968913
-0.045511177389679816
-0.021100507879758937
-0.021844841111295178
0.01242533001037527
-0.03113907863061715
-0.014987504329122181
0.00396546334350627
0.005681032291588176
-0.00960259154026388
-0.011950439842124719
-0.03997098513200481
-0.05112208160334356
0.0033340781866353464
-0.02639968143626731
-0.041820714495058225
-0.02718608565808587
-0.013615030423337551
-0.013969414747943335
-0.03549860546367605
-0.01911124914164337
-0.030035890866209974
-0.005091236037598746
-0.012651951549908433
0.004559207053272191
-0.010896326911698768
-0.011950439842124719
-0.0020329081747070474
-0.03412105728572956
-0.011685018762028574
-0.005930542369064453
-0.008360141266516732
-0.021100507879758937
-0.010633214855246946
-0.002907004307731285
-0.02639968143626731
-0.038926756998637124
-0.026316648160666145
-0.024180625238882793
-0.03932474678398476
-0.033959314291588404
-0.01803166578331036
