-0.00677600379014478
-0.04525041982872183
-0.00542086556061362
-0.03175118169641643
-0.030494575103796506
-0.025351349287993576
-0.04525041982872183
-0.03600985871824807
-0.03184511452629006
-0.006184864810282239
-0.025351349287993576
-0.03789433525193538
-0.05314384917227385
-0.02233011746337559
-0.03215123607613358
-0.03490267787083883
-0.024314096903110576
-0.02564050782266964
-0.03185816915024301
-0.018462279142134205
0.0035286579724924335
-0.023291744744028106
-0.02233011746337559
-0.007730465614302134
0.0011680083560800904
-0.0229889787760305
0.006561809491709749
-0.011502038677434273
-0.03985965494224821
-0.0035841258956610307
-0.05314384917227385
-6.704562707344266e-05
-0.01504291333601585
-0.010051816700615121
-0.015290235586648994
-0.0357802558438215
-0.028383240673886936
-0.020460351500261677
-0.021102479737302688
-0.03490267787083883
-0.007246753616881113
-0.008395444517284559
-0.012840362669683624
-0.01617128523404637
-0.02627844778833585
-0.02564050782266964
-0.018844055629554067
-0.03985965494224821
-0.046852585936493524
-6.704562707344266e-05
-0.016298610019037044
0.005348565566223031
-0.026245495330370034
-0.010546802694224762
-0.049059584842411755
-0.023291744744028106
-0.017388091251585434
-0.03843430358654074
-0.007730465614302134
-0.030463956662101055
0.014601317153776092
-0.06438267254202476
-0.03789433525193538
-0.03175118169641643
-0.004349739388451004
-0.02564050782266964
-0.015212708630975288
-0.016449949939917278
-0.019045201482527477
-0.04525041982872183
-0.01066602317152946
-0.0026460975740602165
-0.025419447282553565
-0.030140286274439584
0.0010490674340606033
-0.03115857803607011
-0.02995673394549433
-0.021102479737302688
-0.025419447282553565
-0.00677600379014478
-0.024520229609123027
-0.02649141864097143
-0.0026460975740602165
-0.00542086556061362
0.014601317153776092
-0.026154849994693807
-0.03169474355961028
-0.024762844226499128
-0.01066602317152946
-0.0095081288572275
-0.011054782856690207
-0.05634289337477964
-0.0095081288572275
-0.022590133002215452
-0.008395444517284559
-0.020393757635570126
-0.011013310603467994
-0.010051816700615121
-0.020393757635570126
-0.0026460975740602165
-0.030140286274439584
-0.006184864810282239
-0.026310588455733787
-0.011502038677434273
-0.018844055629554067
-0.046852585936493524
-0.03115857803607011
-0.013707144913459807
-0.018462279142134205
-0.02995673394549433
-0.015023586567713609
-0.03862386838604206
0.0035286579724924335
0.0019532002468765942
-0.0576838230079209
-0.0495917532365883
-0.026824356990546125
-0.012840362669683624
-0.016022810645504745
-0.020255288798750368
-0.03215123607613358
-0.015405232872757902
-0.010546802694224762
0.006561809491709749
0.0010490674340606033
0.0008104627423845265
-0.030494575103796506
-0.03792368339796064
-0.03215123607613358
-0.03843430358654074
0.014601317153776092
-0.028383240673886936
-0.0229889787760305
-0.00707427910310896
-0.00542086556061362
-0.019045201482527477
-0.020460351500261677
-0.027353181651350335
-0.03175118169641643
-0.05077772818024975
-0.00707427910310896
-0.04690791044250716
-0.009483891613475973
-0.05077772818024975
-0.00677600379014478
-0.0037455454288916265
-0.015290235586648994
-0.04525041982872183
-0.023291744744028106
-0.016022810645504745
-0.00677600379014478
-0.015023586567713609
-0.01502084081645265
-0.024520229609123027
-0.016298610019037044
-0.023291744744028106
-0.016298610019037044
-0.01504291333601585
-0.011054782856690207
-0.010051816700615121
-0.03985965494224821
-0.021942503595360815
-0.026824356990546125
-0.024314096903110576
-0.02551697296294764
-0.022846926640696305
-0.013230640796927613
-0.005219352695023499
-0.016298610019037044
-0.046852585936493524
-0.0037455454288916265
-0.02627844778833585
-0.03185816915024301
-0.00707427910310896
-0.029873711310628877
-0.005219352695023499
-0.02186603823033836
-0.035271390183992044
-0.029873711310628877
-0.018844055629554067
-0.01934643603107987
-0.03789433525193538
-0.010546802694224762
-0.005697359584075137
-0.05634289337477964
0.006561809491709749
-0.025351349287993576
-0.01066602317152946
-0.012840362669683624
-0.0011325773505742967
-0.014479434547092399
-0.011013310603467994
-0.02567209421886285
-0.03985965494224821
-0.029873711310628877
-0.006184864810282239
-0.055873948357742224
-0.011084924293421422
-0.035271390183992044
-0.03600985871824807
-0.0229889787760305
-0.021942503595360815
-0.02167943232915283
-0.03115857803607011
-0.010546802694224762
-0.03267995831975736
-0.01617128523404637
-0.0323816323126723
-0.024520229609123027
-0.007730465614302134
-0.028835722628946413
0.004937775114595565
-0.02089189683861485
-0.02567209421886285
-0.030784902576979613
-0.03460741609195955
-0.0095081288572275
-0.0011325773505742967
-0.0046673458793780025
-0.030494575103796506
-0.015148017114106209
-0.026824356990546125
-0.05077772818024975
-0.04276629274411011
-0.011502038677434273
-0.011013310603467994
-0.05077772818024975
-0.0037455454288916265
-0.03792368339796064
-0.017643337786908204
-0.02233011746337559
0.014601317153776092
-0.020393757635570126
-0.030784902576979613
-0.017858269375350802
-0.03460741609195955
-0.006184864810282239
-0.0011325773505742967
-0.016298610019037044
-0.030463956662101055
-0.018844055629554067
-0.01617128523404637
-0.015405232872757902
-0.015212708630975288
-0.016298610019037044
-0.02089189683861485
-0.01938560280253543
-0.015405232872757902
-0.03215123607613358
0.0011680083560800904
-0.012002602684209376
-0.0323816323126723
-0.004349739388451004
-0.00542086556061362
-0.004349739388451004
-0.006184864810282239
0.0013982355377964413
-0.025419447282553565
-0.03240501606853374
0.0014124196884409935
-0.025419447282553565
-0.049059584842411755
-0.011084924293421422
-0.005219352695023499
-0.01502084081645265
-0.055873948357742224
-0.010051816700615121
-0.03215123607613358
-0.035271390183992044
0.0006330763478227584
-0.014203562864999722
0.0008104627423845265
-0.005219352695023499
-0.03843430358654074
-0.005219352695023499
-0.018462279142134205
-0.024762844226499128
-0.015148017114106209
-0.0229889787760305
-0.016147137840108385
-0.030140286274439584
-0.01617128523404637
-0.004349739388451004
-0.03115857803607011
-0.029873711310628877
-0.023193653713638806
-0.02567209421886285
-0.02564050782266964
-0.03215123607613358
-0.03144098787547602
-0.02186603823033836
-0.0357802558438215
-0.03072313432942734
-0.01876299076226385
-0.0035841258956610307
-0.01504291333601585
0.0008104627423845265
0.014601317153776092
-0.015405232872757902
-0.021102479737302688
-0.013230640796927613
-0.01502084081645265
-0.010546802694224762
-0.04390451963792411
-0.017858269375350802
-0.03215123607613358
-0.007355840082932458
-0.05314384917227385
-0.016022810645504745
-0.037518425528365956
-0.030140286274439584
-0.02567209421886285
-0.05314384917227385
-0.015405232872757902
-0.04525041982872183
-0.02649141864097143
-0.01502084081645265
-0.02233011746337559
0.006561809491709749
-0.00707427910310896
-0.017388091251585434
-0.03184511452629006
-0.0495917532365883
-0.026154849994693807
-0.025351349287993576
-0.035271390183992044
-0.04885983380384267
0.0008104627423845265
-0.029873711310628877
-0.007246753616881113
-0.02167943232915283
-0.055873948357742224
-0.014203562864999722
-0.00677600379014478
-0.020460351500261677
-0.0495917532365883
-0.03789433525193538
0.0008104627423845265
-0.02404786057767398
-0.03490267787083883
-0.022846926640696305
-0.03185816915024301
0.005348565566223031
-0.026245495330370034
-0.02564050782266964
-0.02649141864097143
-0.03169474355961028
-0.03843430358654074
-0.025419447282553565
-0.043718382788467736
0.0010490674340606033
-0.010956182961592356
-0.010546802694224762
-0.011054782856690207
-0.017643337786908204
-0.015023586567713609
-0.03789433525193538
-0.018844055629554067
-0.0357802558438215
-0.026154849994693807
-0.03267995831975736
-0.016147137840108385
-0.026310588455733787
-0.03566092508635776
-0.024314096903110576
0.007888555300128282
-0.0035841258956610307
-0.021942503595360815
-0.03115857803607011
-0.020255288798750368
-0.01502084081645265
-0.03215123607613358
-0.04390451963792411
-0.010956182961592356
-0.03566092508635776
-0.02627844778833585
-0.008395444517284559
-0.024685598982936208
0.006561809491709749
-0.011502038677434273
-0.034559744932413546
-0.021102479737302688
-0.023193653713638806
-0.023193653713638806
-0.0357802558438215
-0.005697359584075137
-0.03175118169641643
0.0014124196884409935
-0.023664588629632784
-0.030784902576979613
-0.01502084081645265
-0.01066602317152946
-0.02404786057767398
-0.030463956662101055
-0.03985965494224821
-0.02186603823033836
-0.03374632443033282
-0.02567209421886285
-0.0229889787760305
-0.020393757635570126
-0.026310588455733787
-0.025868977484735198
-0.007246753616881113
-0.026154849994693807
0.0006330763478227584
-0.022846926640696305
-0.016298610019037044
-0.017858269375350802
0.005348565566223031
-0.018844055629554067
-0.03789257478714299
-0.043718382788467736
-0.00677600379014478
-0.04525041982872183
-0.012840362669683624
-6.704562707344266e-05
-0.029873711310628877
-0.0035841258956610307
-0.03115857803607011
-0.019045201482527477
-0.03985965494224821
-0.018462279142134205
-0.011084924293421422
0.007888555300128282
-0.0323816323126723
-0.037518425528365956
0.0011680083560800904
-0.03115857803607011
-0.02167943232915283
-0.0357802558438215
-0.03215123607613358
-0.037518425528365956
0.0011680083560800904
-0.0095081288572275
-0.025351349287993576
-0.025419447282553565
-0.055873948357742224
-0.020460351500261677
-0.027737158944390952
-0.03175118169641643
0.0001984301831380958
-0.05314384917227385
-0.00707427910310896
-0.013707144913459807
-0.043718382788467736
-0.06438267254202476
-0.015023586567713609
-0.02567209421886285
-0.026245495330370034
-0.0576838230079209
-0.008395444517284559
0.004937775114595565
-0.007246753616881113
-0.026310588455733787
-0.03115857803607011
-0.03374632443033282
-0.043718382788467736
-0.015290235586648994
-0.017858269375350802
-0.026154849994693807
-0.043718382788467736
0.0019532002468765942
-0.015290235586648994
-0.01876299076226385
-0.03792368339796064
-0.004349739388451004
-0.0229889787760305
-0.0095081288572275
0.0011680083560800904
-0.049059584842411755
-0.023664588629632784
-0.01938560280253543
-0.05634289337477964
-0.010546802694224762
0.004937775114595565
-0.01502084081645265
-0.011084924293421422
-0.03215123607613358
-0.005385931554147
-0.015212708630975288
0.0010490674340606033
-0.007913510840370524
-0.016298610019037044
-0.03185816915024301
-0.006184864810282239
-0.01502084081645265
-0.03072313432942734
-0.03789257478714299
0.004937775114595565
-0.007339382456086112
-0.0095081288572275
-0.03267995831975736
-0.02167943232915283
-0.010051816700615121
-0.021102479737302688
-0.006184864810282239
-0.03789257478714299
-0.019045201482527477
-0.05634289337477964
-0.04525041982872183
-0.005697359584075137
0.0010490674340606033
-0.043718382788467736
-0.043718382788467736
-0.023664588629632784
-0.034559744932413546
-0.011502038677434273
-0.007913510840370524
-0.020255288798750368
-0.0037455454288916265
-0.011013310603467994
-0.03240501606853374
-0.046852585936493524
0.0035286579724924335
-0.03789257478714299
-0.02167943232915283
-0.015023586567713609
-0.015212708630975288
-0.00707427910310896
-0.024685598982936208
-0.011013310603467994
-0.009483891613475973
0.0010490674340606033
-0.03374632443033282
-0.01066602317152946
-0.005219352695023499
-0.043718382788467736
0.0019532002468765942
-0.007913510840370524
-0.043718382788467736
-0.010546802694224762
-0.020255288798750368
-0.0495917532365883
-0.012002602684209376
-0.023664588629632784
-0.02089189683861485
-0.02089189683861485
-0.023193653713638806
-0.030494575103796506
-0.024685598982936208
-0.05314384917227385
-0.028835722628946413
-0.01938560280253543
-0.03267995831975736
-0.02995673394549433
-0.04390451963792411
-0.013230640796927613
-0.04083608098966322
-0.014203562864999722
-0.05314384917227385
-0.015212708630975288
-0.049059584842411755
-0.015405232872757902
-0.0323816323126723
-0.01617128523404637
-0.02649141864097143
-0.022590133002215452
-0.0576838230079209
-0.02649141864097143
-0.013230640796927613
-0.020255288798750368
-0.03460741609195955
-0.0035841258956610307
-0.024314096903110576
-0.019045201482527477
-0.04390451963792411
-0.015212708630975288
-0.03144098787547602
-0.011013310603467994
-0.03789433525193538
0.007535263129689049
-0.028383240673886936
-0.009483891613475973
-0.016147137840108385
-0.0037455454288916265
0.0010490674340606033
-0.0011325773505742967
-0.03789433525193538
-0.0077652051929524854
-0.03490267787083883
-0.0077652051929524854
-0.015212708630975288
-0.03985965494224821
-0.013707144913459807
-0.01502084081645265
-0.01876299076226385
-0.022846926640696305
-0.020460351500261677
-0.011013310603467994
-0.01934643603107987
-0.03985965494224821
-0.028383240673886936
-0.025868977484735198
-0.027353181651350335
-0.0011325773505742967
-0.013230640796927613
-0.020393757635570126
-0.04390451963792411
-0.014203562864999722
0.006561809491709749
-0.018462279142134205
-0.011054782856690207
-0.02167943232915283
-0.028835722628946413
-0.016022810645504745
-0.0077652051929524854
-0.030784902576979613
-0.025868977484735198
-0.007913510840370524
-0.03169474355961028
-0.029873711310628877
-0.016022810645504745
0.014601317153776092
-0.03267995831975736
-0.027353181651350335
-0.05634289337477964
-0.026310588455733787
-0.03175118169641643
-0.005697359584075137
-0.006184864810282239
-0.011502038677434273
-0.02564050782266964
-0.034559744932413546
-0.04525041982872183
-0.046852585936493524
-0.007246753616881113
-0.0576838230079209
-0.03175118169641643
-0.02567209421886285
-0.03144098787547602
-0.027353181651350335
-0.0323816323126723
-0.007246753616881113
-0.00707427910310896
-0.046852585936493524
-0.005697359584075137
-0.020460351500261677
-0.010546802694224762
-0.03115857803607011
-0.020393757635570126
-0.01504291333601585
-0.015023586567713609
-0.012840362669683624
-0.016298610019037044
-0.02186603823033836
-0.012840362669683624
0.007535263129689049
-0.049059584842411755
0.0010490674340606033
-0.033011241151651605
-0.01876299076226385
0.007888555300128282
-0.04885983380384267
-0.005697359584075137
-0.0046673458793780025
-0.016022810645504745
0.0014124196884409935
-0.03374632443033282
-0.0495917532365883
-0.0357802558438215
-0.03185816915024301
-0.015405232872757902
-0.01504291333601585
0.0013982355377964413
-0.023193653713638806
-0.02233011746337559
-0.018844055629554067
-0.030140286274439584
-0.017388091251585434
-0.007913510840370524
-0.03267995831975736
-0.012840362669683624
-0.020460351500261677
-0.01617128523404637
-0.007355840082932458
-0.02649141864097143
-0.02167943232915283
-0.03862386838604206
-0.030463956662101055
-0.01934643603107987
-0.055873948357742224
-0.03460741609195955
-0.024520229609123027
-0.021942503595360815
-0.030784902576979613
-0.006184864810282239
-0.007355840082932458
-0.010956182961592356
-0.025419447282553565
-0.017858269375350802
-0.03862386838604206
0.005553022913436269
-0.005697359584075137
-0.034559744932413546
-0.015023586567713609
-0.03184511452629006
-0.005697359584075137
-0.03169474355961028
-0.00707427910310896
-0.02089189683861485
-0.016298610019037044
-0.03169474355961028
-0.04885983380384267
-0.0576838230079209
0.006561809491709749
-0.005697359584075137
-0.01502084081645265
-0.009483891613475973
-0.027737158944390952
-0.025419447282553565
-0.023664588629632784
-0.03115857803607011
-0.011502038677434273
-0.016147137840108385
-0.012002602684209376
-0.011084924293421422
-0.0026460975740602165
-0.017858269375350802
-0.02564050782266964
-0.04276629274411011
-0.013707144913459807
-6.704562707344266e-05
-0.010051816700615121
-0.015405232872757902
-0.012002602684209376
-0.0323816323126723
-0.024685598982936208
-0.01504291333601585
-0.011013310603467994
-0.01066602317152946
-0.05314384917227385
-0.03843430358654074
-0.015023586567713609
-0.016449949939917278
-0.009551270122391396
-0.015212708630975288
-0.015148017114106209
-0.01502084081645265
-0.014479434547092399
0.0001984301831380958
-0.005697359584075137
-0.007246753616881113
-0.03862386838604206
-0.024762844226499128
-0.03566092508635776
-0.0495917532365883
-0.02404786057767398
-0.015405232872757902
-0.030784902576979613
-0.018844055629554067
-0.0011325773505742967
-0.00707427910310896
-0.015023586567713609
0.0011680083560800904
-0.014479434547092399
-0.02186603823033836
-0.024685598982936208
-0.023193653713638806
-0.03374632443033282
0.007535263129689049
-0.020460351500261677
-0.04390451963792411
-0.03862386838604206
-0.010956182961592356
-0.03185816915024301
-0.0095081288572275
-0.03144098787547602
0.014601317153776092
-0.017858269375350802
-0.013707144913459807
-0.04885983380384267
-0.0037455454288916265
-0.034559744932413546
-0.027737158944390952
-0.028835722628946413
-0.03600985871824807
-0.04276629274411011
-0.035271390183992044
-0.007730465614302134
0.0014124196884409935
-0.03374632443033282
-0.035271390183992044
-0.023664588629632784
-0.023291744744028106
-0.03175118169641643
-0.025351349287993576
-0.02404786057767398
-0.03144098787547602
-0.05314384917227385
-0.012840362669683624
-0.007339382456086112
-0.026245495330370034
-0.03169474355961028
-0.03792368339796064
-0.015023586567713609
-0.03169474355961028
-0.013707144913459807
-0.03175118169641643
-0.03215123607613358
-0.005385931554147
-0.03072313432942734
-0.011013310603467994
-0.01066602317152946
-0.03267995831975736
-0.025419447282553565
-0.00677600379014478
-0.016298610019037044
-0.029873711310628877
-0.030784902576979613
-0.04690791044250716
-0.030784902576979613
-0.03789433525193538
-0.012002602684209376
-0.020255288798750368
-0.026824356990546125
-0.03115857803607011
-0.013707144913459807
-0.03600985871824807
-0.03169474355961028
-0.0035841258956610307
0.0006330763478227584
-0.03566092508635776
-0.026245495330370034
-0.03792368339796064
-0.03115857803607011
-0.02649141864097143
-0.026154849994693807
-0.005385931554147
0.007888555300128282
-0.013230640796927613
-0.035271390183992044
-0.008395444517284559
-0.0035841258956610307
-0.024314096903110576
-0.03215123607613358
-0.03240501606853374
-0.027737158944390952
-0.011084924293421422
-0.03600985871824807
-0.011013310603467994
-0.016298610019037044
-0.01876299076226385
-0.01066602317152946
-0.025419447282553565
-0.027697392921179398
-0.0576838230079209
-0.03374632443033282
-0.03374632443033282
-0.02089189683861485
-0.024685598982936208
0.0001984301831380958
0.007535263129689049
-0.012840362669683624
-0.017858269375350802
-0.03144098787547602
-0.03789433525193538
-0.005697359584075137
-0.029873711310628877
-0.02649141864097143
-0.011664896746779273
-0.03215123607613358
-0.049059584842411755
-0.017388091251585434
-0.024685598982936208
-0.027353181651350335
-0.03792368339796064
0.0008104627423845265
0.005348565566223031
-0.006184864810282239
-0.009551270122391396
-0.037518425528365956
-0.005219352695023499
-0.017388091251585434
-0.0495917532365883
-0.0357802558438215
-0.027353181651350335
-0.034559744932413546
-0.026824356990546125
-0.027697392921179398
-0.018844055629554067
-0.017388091251585434
-0.015023586567713609
-0.005697359584075137
-0.011013310603467994
-0.03215123607613358
-0.025351349287993576
-0.033011241151651605
-0.0323816323126723
0.0006330763478227584
-0.02564050782266964
-0.0357802558438215
-0.027697392921179398
-0.024762844226499128
-0.00542086556061362
-0.04885983380384267
-0.007730465614302134
-0.04525041982872183
-0.03144098787547602
-0.012840362669683624
-0.02551697296294764
-0.01504291333601585
-0.03985965494224821
-0.005697359584075137
-0.049059584842411755
-0.02627844778833585
-0.011502038677434273
-0.02567209421886285
-0.03215123607613358
0.004937775114595565
-0.0095081288572275
-0.027353181651350335
-0.04885983380384267
-0.028835722628946413
-0.015023586567713609
-0.030494575103796506
-0.046852585936493524
-0.02995673394549433
-0.03175118169641643
-0.046852585936493524
-0.03600985871824807
-0.028835722628946413
0.005553022913436269
-0.017388091251585434
-0.03985965494224821
-0.028835722628946413
-0.04885983380384267
-0.0046673458793780025
-0.015290235586648994
-0.023291744744028106
-0.03600985871824807
-0.030494575103796506
-0.024762844226499128
-0.011084924293421422
-0.027353181651350335
-0.03144098787547602
-0.03240501606853374
-0.021102479737302688
-0.026310588455733787
-0.024762844226499128
-0.04390451963792411
-0.03185816915024301
-0.007339382456086112
-6.704562707344266e-05
-0.020460351500261677
-0.018844055629554067
-0.0229889787760305
-6.704562707344266e-05
-0.03374632443033282
-0.05314384917227385
0.0010490674340606033
-0.0037455454288916265
-0.005385931554147
-0.0035841258956610307
-0.03490267787083883
-0.007355840082932458
-0.006184864810282239
-0.008395444517284559
-0.016022810645504745
-0.00707427910310896
-0.0037455454288916265
-0.049059584842411755
-0.01934643603107987
-0.04083608098966322
-0.0037455454288916265
-0.024520229609123027
-0.03374632443033282
-0.026245495330370034
-0.03789433525193538
-0.03175118169641643
-0.03792368339796064
-0.01066602317152946
-0.0095081288572275
-0.023664588629632784
-0.03792368339796064
-0.016022810645504745
-0.05077772818024975
-0.02627844778833585
-0.023193653713638806
-0.027697392921179398
0.014601317153776092
-0.03169474355961028
0.0010490674340606033
-0.006184864810282239
-0.06438267254202476
-0.02627844778833585
-0.015212708630975288
-0.005697359584075137
-0.026824356990546125
0.005348565566223031
-0.022846926640696305
0.0006330763478227584
0.0001984301831380958
-0.026824356990546125
-0.00542086556061362
-0.024762844226499128
-0.030463956662101055
-0.01876299076226385
-0.022846926640696305
-0.033011241151651605
-0.023291744744028106
