0.0031601105848114903
-0.0028676735249782126
-0.0033849605780754332
0.0021113103262086377
-0.004086847146890885
0.007205677687652756
-0.008996794604450499
0.0021113103262086377
-0.0036336251549463614
0.00786030323300888
-0.0033849605780754332
-0.004553193764408097
-0.006298753333237171
-0.0033849605780754332
-0.01002336948035124
-0.005793400497792525
0.0021113103262086377
-0.0033849605780754332
-0.005793400497792525
-0.004315190504385345
0.00786030323300888
-0.004315190504385345
-0.0036336251549463614
-0.0028676735249782126
-0.004315190504385345
-0.006298753333237171
-0.007002467128443486
-0.004382039158452302
-0.013627467359413154
-0.0035229229603277188
-0.004753106326707945
-0.008996794604450499
-0.0011775052233898736
-0.004382039158452302
-0.002833211272424355
0.00786030323300888
-0.004553193764408097
-0.0028676735249782126
0.0021113103262086377
-0.004382039158452302
0.00786030323300888
-0.0028676735249782126
0.0012614123071268573
-0.007002467128443486
0.0021113103262086377
-0.004086847146890885
0.000983737694681313
-0.006435493647581059
0.000983737694681313
-0.003620175347574243
-0.006916737087298532
0.0012614123071268573
-0.004753106326707945
-0.01131860250096109
-0.002833211272424355
-0.01131860250096109
-0.008996794604450499
0.0012614123071268573
-0.004553193764408097
-0.004086847146890885
-0.004382039158452302
-0.004315190504385345
-0.013627467359413154
-0.004315190504385345
0.0012614123071268573
-0.006937120450323556
-0.008996794604450499
-0.005793400497792525
0.00786030323300888
0.000983737694681313
-0.01002336948035124
-0.006916737087298532
0.0031601105848114903
0.00786030323300888
-0.008996794604450499
-0.005793400497792525
-0.006916737087298532
-0.005793400497792525
0.00786030323300888
0.0021113103262086377
-0.004969217562331138
-0.0011775052233898736
-0.004086847146890885
0.0021113103262086377
-0.0042138152931571835
0.007205677687652756
-0.006937120450323556
-0.0042138152931571835
-0.004969217562331138
-0.0035229229603277188
0.000983737694681313
-0.0011775052233898736
-0.01131860250096109
-0.004315190504385345
-0.004382039158452302
0.0036173271301270277
-0.004315190504385345
-0.004753106326707945
-0.004382039158452302
-0.0033849605780754332
-0.006435493647581059
-0.004086847146890885
-0.0042138152931571835
-0.0042138152931571835
-0.0015611388045840451
-0.004378937281716104
-0.01131860250096109
-0.004382039158452302
-0.007002467128443486
-0.002833211272424355
0.0031601105848114903
-0.0033849605780754332
-0.006435493647581059
0.0036173271301270277
-0.004382039158452302
-0.004382039158452302
-0.004378937281716104
0.00786030323300888
-0.008996794604450499
-0.007431056876017291
-0.01002336948035124
-0.006916737087298532
-0.004378937281716104
-0.0042138152931571835
0.0012614123071268573
-0.01002336948035124
-0.0033849605780754332
0.0036173271301270277
0.0006651021204263917
-0.013627467359413154
-0.003620175347574243
-0.013627467359413154
-0.004086847146890885
-0.004382039158452302
-0.007002467128443486
-0.0011775052233898736
-0.007002467128443486
0.0012614123071268573
-0.017929778097734637
-0.004969217562331138
-0.0033849605780754332
-0.004969217562331138
-0.0033849605780754332
-0.006916737087298532
-0.004382039158452302
0.0012614123071268573
-0.004969217562331138
-0.004382039158452302
-0.0028676735249782126
-0.003620175347574243
-0.007002467128443486
-0.0011775052233898736
-0.004753106326707945
0.0036173271301270277
-0.004086847146890885
0.0021113103262086377
0.0021113103262086377
-0.003620175347574243
-0.002833211272424355
0.000983737694681313
-0.006298753333237171
-0.002833211272424355
0.0036173271301270277
-0.0036336251549463614
-0.004315190504385345
-0.004553193764408097
-0.003620175347574243
-0.0028676735249782126
-0.004753106326707945
0.007205677687652756
-0.0028676735249782126
-0.017929778097734637
-0.0035229229603277188
-0.01002336948035124
-0.003620175347574243
0.007205677687652756
-0.0015611388045840451
-0.004753106326707945
-0.0036336251549463614
-0.01002336948035124
0.0012614123071268573
-0.0035229229603277188
-0.006298753333237171
-0.006937120450323556
-0.0028676735249782126
-0.004553193764408097
-0.007431056876017291
-0.004969217562331138
0.0031601105848114903
-0.013627467359413154
-0.006298753333237171
-0.0033849605780754332
-0.006435493647581059
-0.007002467128443486
-0.0033849605780754332
-0.003620175347574243
-0.017929778097734637
-0.01002336948035124
-0.004969217562331138
-0.004553193764408097
0.000983737694681313
-0.004086847146890885
0.0021113103262086377
-0.017929778097734637
-0.007002467128443486
-0.006298753333237171
-0.01002336948035124
-0.007002467128443486
-0.004315190504385345
-0.01002336948035124
-0.005793400497792525
-0.003620175347574243
-0.006937120450323556
-0.007002467128443486
-0.006435493647581059
-0.004753106326707945
0.0031601105848114903
-0.0011775052233898736
-0.004753106326707945
0.0012614123071268573
-0.008996794604450499
-0.008996794604450499
-0.0042138152931571835
-0.005793400497792525
0.0036173271301270277
-0.006298753333237171
-0.003620175347574243
-0.0033849605780754332
-0.004969217562331138
-0.017929778097734637
-0.0015611388045840451
-0.0015611388045840451
-0.004315190504385345
-0.0028676735249782126
0.0012614123071268573
-0.0028676735249782126
-0.013627467359413154
0.00786030323300888
-0.004753106326707945
-0.004378937281716104
-0.01131860250096109
0.0031601105848114903
-0.004086847146890885
-0.0033849605780754332
-0.006435493647581059
-0.0033849605780754332
-0.0033849605780754332
-0.006937120450323556
-0.005793400497792525
0.0036173271301270277
0.000983737694681313
-0.002833211272424355
-0.004553193764408097
-0.005793400497792525
-0.01002336948035124
-0.01131860250096109
-0.004969217562331138
0.0021113103262086377
-0.007431056876017291
-0.0015611388045840451
-0.007431056876017291
-0.006298753333237171
0.0012614123071268573
-0.0042138152931571835
-0.0035229229603277188
-0.004378937281716104
0.000983737694681313
-0.006298753333237171
-0.008996794604450499
-0.004378937281716104
-0.004553193764408097
-0.0035229229603277188
-0.0015611388045840451
-0.0035229229603277188
-0.004315190504385345
-0.004969217562331138
-0.0015611388045840451
-0.004315190504385345
-0.008996794604450499
-0.004315190504385345
0.0006651021204263917
-0.0042138152931571835
-0.008996794604450499
-0.005793400497792525
-0.003620175347574243
-0.004753106326707945
0.0012614123071268573
0.0021113103262086377
0.0012614123071268573
-0.007002467128443486
-0.01131860250096109
-0.0033849605780754332
-0.0028676735249782126
0.0036173271301270277
-0.0036336251549463614
-0.006937120450323556
-0.0028676735249782126
-0.007002467128443486
-0.0015611388045840451
0.0021113103262086377
-0.007431056876017291
-0.005793400497792525
-0.004553193764408097
-0.017929778097734637
-0.007002467128443486
-0.0015611388045840451
-0.0036336251549463614
0.00786030323300888
-0.008996794604450499
0.0021113103262086377
-0.0028676735249782126
-0.007002467128443486
-0.0036336251549463614
-0.0015611388045840451
-0.002833211272424355
-0.0015611388045840451
-0.003620175347574243
-0.006435493647581059
0.00786030323300888
-0.006916737087298532
-0.0011775052233898736
-0.004378937281716104
-0.005793400497792525
-0.002833211272424355
0.0031601105848114903
0.00786030323300888
-0.0015611388045840451
-0.006916737087298532
-0.006298753333237171
0.0036173271301270277
0.0021113103262086377
-0.005793400497792525
-0.004378937281716104
-0.006916737087298532
-0.004378937281716104
-0.0036336251549463614
-0.006435493647581059
-0.004382039158452302
-0.0015611388045840451
-0.008996794604450499
-0.0015611388045840451
0.0012614123071268573
-0.0035229229603277188
-0.006435493647581059
-0.003620175347574243
-0.006435493647581059
-0.003620175347574243
-0.004315190504385345
-0.004315190504385345
0.0031601105848114903
-0.007431056876017291
-0.004969217562331138
-0.013627467359413154
-0.004753106326707945
-0.004553193764408097
0.0006651021204263917
-0.017929778097734637
-0.0011775052233898736
0.0006651021204263917
0.0036173271301270277
-0.004969217562331138
0.0036173271301270277
-0.004382039158452302
-0.004086847146890885
-0.003620175347574243
-0.0042138152931571835
-0.004378937281716104
-0.01002336948035124
0.0021113103262086377
-0.003620175347574243
-0.0011775052233898736
-0.006435493647581059
-0.013627467359413154
0.00786030323300888
0.00786030323300888
-0.017929778097734637
0.0036173271301270277
0.0036173271301270277
-0.006916737087298532
-0.0028676735249782126
0.007205677687652756
-0.005793400497792525
-0.005793400497792525
-0.004382039158452302
-0.007431056876017291
0.00786030323300888
-0.0036336251549463614
-0.0036336251549463614
0.000983737694681313
-0.0028676735249782126
0.007205677687652756
0.0036173271301270277
-0.004753106326707945
-0.0015611388045840451
-0.007431056876017291
-0.007002467128443486
0.0006651021204263917
0.00786030323300888
-0.004553193764408097
-0.006916737087298532
-0.006435493647581059
-0.004753106326707945
-0.003620175347574243
0.0012614123071268573
-0.01131860250096109
-0.006298753333237171
0.000983737694681313
-0.0011775052233898736
-0.0042138152931571835
-0.017929778097734637
0.0036173271301270277
-0.004086847146890885
-0.0035229229603277188
-0.004378937281716104
-0.0035229229603277188
-0.013627467359413154
-0.006937120450323556
0.007205677687652756
-0.004086847146890885
-0.004553193764408097
-0.006298753333237171
0.0021113103262086377
-0.01002336948035124
-0.004753106326707945
-0.007002467128443486
-0.01002336948035124
-0.0015611388045840451
-0.01131860250096109
-0.007002467128443486
-0.0028676735249782126
-0.002833211272424355
-0.004753106326707945
-0.0011775052233898736
-0.006298753333237171
-0.004378937281716104
-0.01002336948035124
0.0012614123071268573
0.0036173271301270277
-0.006298753333237171
-0.004086847146890885
-0.006298753333237171
0.0021113103262086377
-0.002833211272424355
-0.007002467128443486
0.0021113103262086377
-0.0028676735249782126
-0.003620175347574243
-0.0035229229603277188
-0.004553193764408097
0.0012614123071268573
-0.0042138152931571835
-0.013627467359413154
-0.006298753333237171
0.007205677687652756
-0.0036336251549463614
-0.017929778097734637
0.0006651021204263917
0.0031601105848114903
-0.007002467128443486
-0.006916737087298532
0.0006651021204263917
-0.0035229229603277188
-0.006298753333237171
-0.006916737087298532
-0.003620175347574243
0.0031601105848114903
-0.0028676735249782126
-0.004382039158452302
-0.013627467359413154
0.000983737694681313
-0.0015611388045840451
-0.007002467128443486
-0.0011775052233898736
0.000983737694681313
-0.006916737087298532
-0.007431056876017291
-0.004553193764408097
-0.004382039158452302
-0.004553193764408097
-0.003620175347574243
0.00786030323300888
-0.01002336948035124
-0.006937120450323556
-0.0011775052233898736
-0.002833211272424355
-0.004315190504385345
-0.004382039158452302
-0.0042138152931571835
-0.006937120450323556
-0.01002336948035124
-0.004969217562331138
-0.006937120450323556
-0.0036336251549463614
-0.007002467128443486
-0.006298753333237171
0.0021113103262086377
-0.007002467128443486
0.007205677687652756
0.0021113103262086377
-0.004315190504385345
0.007205677687652756
-0.004378937281716104
-0.004086847146890885
-0.007002467128443486
-0.007002467128443486
-0.005793400497792525
-0.003620175347574243
-0.0011775052233898736
-0.0035229229603277188
-0.007431056876017291
-0.006435493647581059
-0.01131860250096109
-0.01131860250096109
-0.004969217562331138
-0.004382039158452302
-0.01002336948035124
-0.004378937281716104
-0.007431056876017291
0.0012614123071268573
-0.004382039158452302
-0.0011775052233898736
-0.006435493647581059
-0.004086847146890885
-0.013627467359413154
-0.006916737087298532
-0.01131860250096109
-0.006916737087298532
-0.006435493647581059
-0.007431056876017291
-0.004969217562331138
-0.006298753333237171
-0.0028676735249782126
-0.0042138152931571835
-0.002833211272424355
0.0036173271301270277
0.00786030323300888
-0.007002467128443486
0.00786030323300888
-0.01131860250096109
-0.007002467128443486
-0.006298753333237171
-0.006937120450323556
-0.004969217562331138
-0.003620175347574243
-0.004753106326707945
-0.004382039158452302
-0.006937120450323556
-0.01131860250096109
0.000983737694681313
0.0021113103262086377
-0.006298753333237171
-0.004086847146890885
0.007205677687652756
-0.004553193764408097
-0.017929778097734637
-0.006937120450323556
-0.01002336948035124
-0.0028676735249782126
-0.005793400497792525
-0.005793400497792525
0.0036173271301270277
-0.004086847146890885
-0.004969217562331138
-0.007431056876017291
0.00786030323300888
-0.0028676735249782126
-0.005793400497792525
-0.013627467359413154
-0.003620175347574243
0.0012614123071268573
-0.003620175347574243
-0.013627467359413154
-0.01002336948035124
0.000983737694681313
-0.004753106326707945
0.0036173271301270277
-0.004969217562331138
-0.0035229229603277188
0.007205677687652756
-0.0035229229603277188
-0.006298753333237171
-0.004753106326707945
0.007205677687652756
-0.007431056876017291
-0.004753106326707945
-0.01002336948035124
-0.0033849605780754332
-0.004315190504385345
-0.0035229229603277188
-0.006916737087298532
-0.006435493647581059
-0.004553193764408097
-0.004378937281716104
0.0031601105848114903
-0.004315190504385345
-0.006937120450323556
-0.006937120450323556
-0.008996794604450499
-0.0033849605780754332
-0.006435493647581059
-0.006937120450323556
-0.0028676735249782126
-0.006435493647581059
-0.006435493647581059
-0.0028676735249782126
-0.008996794604450499
-0.007431056876017291
0.007205677687652756
-0.013627467359413154
-0.004969217562331138
-0.0035229229603277188
-0.003620175347574243
0.0021113103262086377
0.0031601105848114903
-0.004969217562331138
-0.0011775052233898736
0.000983737694681313
-0.013627467359413154
-0.0035229229603277188
-0.0033849605780754332
-0.004378937281716104
-0.005793400497792525
-0.01131860250096109
-0.0028676735249782126
-0.0015611388045840451
-0.006916737087298532
0.0006651021204263917
-0.006435493647581059
-0.003620175347574243
0.00786030323300888
-0.0036336251549463614
-0.004378937281716104
-0.0033849605780754332
-0.004315190504385345
-0.01131860250096109
0.007205677687652756
-0.004969217562331138
0.0036173271301270277
-0.0028676735249782126
-0.007002467128443486
-0.006937120450323556
-0.004315190504385345
-0.003620175347574243
-0.005793400497792525
-0.0033849605780754332
-0.004969217562331138
-0.006298753333237171
-0.013627467359413154
-0.017929778097734637
-0.004315190504385345
-0.002833211272424355
-0.0033849605780754332
-0.004382039158452302
-0.003620175347574243
-0.006298753333237171
-0.004553193764408097
-0.008996794604450499
-0.0036336251549463614
-0.006298753333237171
-0.007002467128443486
-0.0042138152931571835
-0.006916737087298532
-0.004086847146890885
-0.0033849605780754332
0.000983737694681313
-0.017929778097734637
-0.004086847146890885
-0.01002336948035124
-0.0036336251549463614
-0.006435493647581059
-0.0028676735249782126
-0.0033849605780754332
0.0036173271301270277
-0.013627467359413154
-0.004753106326707945
-0.0036336251549463614
-0.0035229229603277188
-0.007002467128443486
-0.008996794604450499
-0.004553193764408097
-0.0011775052233898736
0.0012614123071268573
0.000983737694681313
-0.0033849605780754332
-0.005793400497792525
-0.006298753333237171
-0.004553193764408097
-0.013627467359413154
-0.006298753333237171
0.0031601105848114903
-0.002833211272424355
0.0006651021204263917
-0.01002336948035124
-0.002833211272424355
-0.006937120450323556
-0.013627467359413154
-0.0036336251549463614
-0.004753106326707945
-0.013627467359413154
-0.006916737087298532
-0.004315190504385345
0.0031601105848114903
-0.01131860250096109
-0.006298753333237171
0.0036173271301270277
0.0021113103262086377
-0.004378937281716104
-0.007002467128443486
-0.017929778097734637
0.00786030323300888
-0.0028676735249782126
0.0012614123071268573
-0.004553193764408097
-0.008996794604450499
0.0012614123071268573
-0.004969217562331138
-0.0036336251549463614
0.00786030323300888
-0.013627467359413154
0.007205677687652756
0.000983737694681313
0.0021113103262086377
0.00786030323300888
-0.007431056876017291
0.0006651021204263917
-0.004315190504385345
0.00786030323300888
-0.004382039158452302
0.007205677687652756
-0.0035229229603277188
-0.0028676735249782126
-0.01002336948035124
-0.003620175347574243
-0.006435493647581059
-0.005793400497792525
-0.003620175347574243
0.007205677687652756
-0.005793400497792525
-0.004382039158452302
-0.004553193764408097
-0.0036336251549463614
-0.004086847146890885
0.007205677687652756
-0.0036336251549463614
-0.007431056876017291
-0.004553193764408097
-0.017929778097734637
0.0036173271301270277
-0.007002467128443486
-0.0036336251549463614
-0.008996794604450499
-0.0015611388045840451
0.0006651021204263917
0.007205677687652756
-0.017929778097734637
0.000983737694681313
-0.01131860250096109
-0.008996794604450499
-0.0011775052233898736
0.0006651021204263917
-0.0042138152931571835
0.00786030323300888
-0.017929778097734637
-0.008996794604450499
-0.007431056876017291
-0.004382039158452302
-0.004969217562331138
0.0006651021204263917
-0.006916737087298532
-0.004969217562331138
-0.008996794604450499
-0.007002467128443486
-0.006916737087298532
-0.004086847146890885
0.000983737694681313
-0.006298753333237171
-0.0011775052233898736
-0.0035229229603277188
-0.006435493647581059
-0.017929778097734637
-0.017929778097734637
-0.006916737087298532
-0.006435493647581059
-0.004378937281716104
-0.01131860250096109
-0.013627467359413154
-0.0042138152931571835
-0.006937120450323556
-0.004753106326707945
0.00786030323300888
-0.008996794604450499
0.0036173271301270277
0.007205677687652756
-0.004378937281716104
-0.006435493647581059
-0.002833211272424355
-0.006298753333237171
-0.0015611388045840451
-0.0011775052233898736
0.0021113103262086377
0.000983737694681313
-0.004969217562331138
-0.0033849605780754332
0.000983737694681313
-0.004553193764408097
-0.003620175347574243
-0.003620175347574243
-0.0033849605780754332
-0.013627467359413154
-0.017929778097734637
0.0021113103262086377
0.0031601105848114903
-0.006916737087298532
-0.004086847146890885
-0.006916737087298532
0.0006651021204263917
-0.0015611388045840451
-0.0035229229603277188
0.007205677687652756
-0.0028676735249782126
-0.0033849605780754332
-0.002833211272424355
-0.005793400497792525
-0.004382039158452302
-0.004315190504385345
-0.0036336251549463614
0.0036173271301270277
-0.004553193764408097
-0.017929778097734637
-0.01131860250096109
-0.0028676735249782126
0.0031601105848114903
-0.0033849605780754332
0.0036173271301270277
0.0036173271301270277
-0.008996794604450499
-0.017929778097734637
-0.008996794604450499
-0.008996794604450499
-0.004969217562331138
-0.007002467128443486
-0.002833211272424355
-0.0015611388045840451
-0.006937120450323556
0.0012614123071268573
0.00786030323300888
0.0031601105848114903
-0.006435493647581059
-0.006937120450323556
-0.004086847146890885
-0.004086847146890885
-0.005793400497792525
0.0006651021204263917
0.007205677687652756
-0.007431056876017291
-0.0036336251549463614
-0.0033849605780754332
-0.004753106326707945
-0.0015611388045840451
-0.005793400497792525
-0.006298753333237171
-0.004378937281716104
-0.01002336948035124
0.00786030323300888
-0.008996794604450499
-0.007002467128443486
0.0006651021204263917
-0.0015611388045840451
-0.0036336251549463614
-0.013627467359413154
-0.006435493647581059
-0.006435493647581059
-0.008996794604450499
-0.004382039158452302
0.0031601105848114903
-0.004382039158452302
-0.005793400497792525
-0.004969217562331138
0.0021113103262086377
-0.004086847146890885
-0.0028676735249782126
-0.006916737087298532
-0.0036336251549463614
0.0031601105848114903
-0.006937120450323556
-0.006937120450323556
-0.006298753333237171
-0.004753106326707945
-0.004382039158452302
-0.0028676735249782126
-0.01002336948035124
-0.004969217562331138
-0.006435493647581059
0.00786030323300888
-0.0036336251549463614
-0.008996794604450499
0.0031601105848114903
-0.0035229229603277188
0.0012614123071268573
-0.0015611388045840451
-0.0015611388045840451
-0.004382039158452302
-0.006298753333237171
0.0006651021204263917
-0.004086847146890885
-0.004086847146890885
-0.0015611388045840451
-0.007002467128443486
-0.0035229229603277188
-0.004086847146890885
-0.004382039158452302
-0.004086847146890885
-0.01131860250096109
-0.0015611388045840451
0.007205677687652756
0.0021113103262086377
-0.003620175347574243
-0.0011775052233898736
-0.007431056876017291
-0.004553193764408097
0.0021113103262086377
-0.004969217562331138
-0.006298753333237171
-0.003620175347574243
-0.0028676735249782126
-0.005793400497792525
-0.0015611388045840451
-0.017929778097734637
0.007205677687652756
-0.01131860250096109
0.0031601105848114903
0.0031601105848114903
-0.008996794604450499
-0.004315190504385345
-0.005793400497792525
-0.004378937281716104
-0.004553193764408097
0.0006651021204263917
-0.0015611388045840451
-0.0028676735249782126
-0.017929778097734637
0.0006651021204263917
-0.002833211272424355
0.00786030323300888
-0.004753106326707945
-0.004969217562331138
-0.008996794604450499
-0.0033849605780754332
-0.008996794604450499
-0.005793400497792525
0.0012614123071268573
-0.013627467359413154
-0.01002336948035124
-0.0036336251549463614
-0.0028676735249782126
-0.013627467359413154
-0.006435493647581059
0.0012614123071268573
0.0036173271301270277
-0.004553193764408097
-0.004086847146890885
-0.004378937281716104
-0.01002336948035124
-0.017929778097734637
-0.0011775052233898736
-0.006298753333237171
-0.004382039158452302
0.007205677687652756
-0.017929778097734637
0.0006651021204263917
-0.0035229229603277188
-0.0035229229603277188
-0.004553193764408097
-0.004969217562331138
-0.006298753333237171
-0.0042138152931571835
-0.0042138152931571835
-0.002833211272424355
-0.006916737087298532
-0.007431056876017291
-0.002833211272424355
-0.004378937281716104
-0.01131860250096109
-0.002833211272424355
-0.006916737087298532
-0.0011775052233898736
-0.004086847146890885
-0.007431056876017291
-0.01131860250096109
-0.0028676735249782126
-0.004753106326707945
-0.01002336948035124
-0.006298753333237171
0.0021113103262086377
-0.0035229229603277188
-0.003620175347574243
0.00786030323300888
0.00786030323300888
-0.006916737087298532
-0.006937120450323556
