-0.0320167585184998
0.016189183922262665
0.10998649394488645
-0.03282371168094802
0.005505281317760429
0.05102329746936946
0.057767413715400825
0.1258078522705706
0.011533264249823871
-0.007433386553574491
0.03481823462664145
0.0643097645724665
-0.007433386553574491
-0.00857943501990799
0.03481823462664145
0.046305214933016904
0.016189183922262665
0.02606996847493845
0.06607522583173156
0.04616315969297072
0.04616315969297072
0.016189183922262665
0.016189183922262665
0.04203675182909788
0.023306111634142996
0.011533264249823871
0.03481823462664145
0.007334905792108867
0.013296415891773517
0.03771823827257428
0.046305214933016904
-0.03282371168094802
0.02606996847493845
-0.03282371168094802
0.0643097645724665
0.03481823462664145
-0.002416274922140888
0.03481823462664145
0.023306111634142996
0.047885217318254604
0.013680443036555206
0.00019335882916632417
-0.016360843904365503
-0.005419995802049134
0.020853870421304013
0.1258078522705706
0.023306111634142996
0.04616315969297072
0.05102329746936946
0.017747118431654944
0.11211530229003958
0.21347579316159437
-0.016360843904365503
0.046305214933016904
0.0643097645724665
0.04572276954960982
0.04572276954960982
0.07149533469130287
0.03809217948721194
0.017747118431654944
0.018720088129932137
0.03809217948721194
0.06607522583173156
0.03481823462664145
0.007334905792108867
0.005505281317760429
0.007334905792108867
0.21347579316159437
0.02888252520631884
0.08495754821581011
0.0009512673522743928
0.046305214933016904
0.05102329746936946
0.0009512673522743928
0.05102329746936946
0.046305214933016904
-0.005419995802049134
0.03481823462664145
0.21347579316159437
0.0009512673522743928
0.03481823462664145
0.016189183922262665
-0.021241482539171776
0.018720088129932137
0.007334905792108867
0.005505281317760429
-0.00857943501990799
0.0643097645724665
0.06607522583173156
0.04577245856939834
0.04577245856939834
0.018720088129932137
0.017747118431654944
0.013296415891773517
0.10998649394488645
0.04572276954960982
0.017747118431654944
0.07579769328674066
0.013296415891773517
0.020853870421304013
0.0643097645724665
0.016189183922262665
-0.02974541254059038
-0.007433386553574491
-0.003109614048003217
0.018720088129932137
0.05102329746936946
-0.021241482539171776
-0.00857943501990799
0.09815718562998954
-0.0037451990920423727
-0.021241482539171776
0.08495754821581011
-0.0320167585184998
-0.016360843904365503
0.018720088129932137
0.09815718562998954
-0.002416274922140888
-0.002416274922140888
0.04203675182909788
-0.00857943501990799
-0.02974541254059038
0.02888252520631884
-0.016360843904365503
0.21347579316159437
-0.0320167585184998
0.07579769328674066
0.021858909255140262
-0.021241482539171776
0.057767413715400825
0.017747118431654944
0.04572276954960982
-0.003109614048003217
0.00019335882916632417
0.04572276954960982
0.0009512673522743928
-0.03282371168094802
0.03771823827257428
0.03809217948721194
0.07579769328674066
0.046305214933016904
0.05102329746936946
0.02606996847493845
0.007334905792108867
0.046305214933016904
0.018720088129932137
0.016189183922262665
0.11211530229003958
0.08495754821581011
-0.016360843904365503
0.0009512673522743928
-0.003109614048003217
0.10998649394488645
0.009276899061238896
0.06607522583173156
0.04577245856939834
0.08495754821581011
0.04572276954960982
0.007334905792108867
0.1258078522705706
0.11211530229003958
0.07579769328674066
0.11211530229003958
0.009276899061238896
-0.016360843904365503
0.007334905792108867
-0.007433386553574491
-0.016360843904365503
-0.0037451990920423727
0.04572276954960982
0.049470504168553316
0.018720088129932137
0.021858909255140262
0.02888252520631884
0.007334905792108867
0.02606996847493845
-0.00857943501990799
0.03771823827257428
0.005505281317760429
-0.00857943501990799
0.04572276954960982
-0.002416274922140888
0.21347579316159437
0.013680443036555206
0.013680443036555206
0.04616315969297072
0.049470504168553316
0.0643097645724665
0.04572276954960982
0.1258078522705706
0.07579769328674066
0.018720088129932137
0.017747118431654944
-0.03282371168094802
-0.0037451990920423727
0.046305214933016904
0.0009512673522743928
-0.002416274922140888
0.08495754821581011
0.057767413715400825
0.04203675182909788
0.04203675182909788
-0.007433386553574491
-0.021241482539171776
0.21347579316159437
0.017747118431654944
-0.021241482539171776
-0.002416274922140888
0.03809217948721194
0.05102329746936946
0.047885217318254604
-0.00857943501990799
0.023306111634142996
0.011533264249823871
0.03771823827257428
0.06607522583173156
0.046305214933016904
0.016189183922262665
0.016189183922262665
0.05102329746936946
0.02606996847493845
0.05102329746936946
0.046305214933016904
0.046305214933016904
0.016189183922262665
0.021858909255140262
0.049470504168553316
0.0643097645724665
0.10998649394488645
0.013296415891773517
-0.003109614048003217
0.049470504168553316
-0.016360843904365503
0.011533264249823871
0.0009512673522743928
0.04577245856939834
0.00019335882916632417
0.04203675182909788
0.00019335882916632417
0.05102329746936946
0.07579769328674066
0.21347579316159437
0.04616315969297072
-0.002416274922140888
-0.0320167585184998
0.023306111634142996
0.10998649394488645
0.009276899061238896
0.07579769328674066
0.04572276954960982
0.013680443036555206
0.023306111634142996
0.05102329746936946
-0.003109614048003217
-0.002416274922140888
-0.0320167585184998
0.04203675182909788
-0.0320167585184998
-0.007433386553574491
-0.0037451990920423727
0.0009512673522743928
0.017747118431654944
0.04203675182909788
-0.007433386553574491
0.013680443036555206
-0.007433386553574491
0.07149533469130287
0.057767413715400825
0.04616315969297072
0.013680443036555206
0.049470504168553316
0.057767413715400825
0.016189183922262665
0.018720088129932137
-0.00857943501990799
0.21347579316159437
0.04577245856939834
0.21347579316159437
-0.0037451990920423727
0.007334905792108867
0.011533264249823871
0.046305214933016904
-0.021241482539171776
0.0643097645724665
-0.02974541254059038
0.021858909255140262
0.02888252520631884
-0.021241482539171776
0.016189183922262665
0.007334905792108867
0.04203675182909788
0.04577245856939834
0.00019335882916632417
0.049470504168553316
-0.003109614048003217
0.08495754821581011
0.007334905792108867
0.016189183922262665
0.04203675182909788
-0.02974541254059038
0.047885217318254604
0.013680443036555206
0.020853870421304013
0.04577245856939834
0.04572276954960982
-0.021241482539171776
0.007334905792108867
-0.02974541254059038
0.04203675182909788
0.013296415891773517
0.04203675182909788
0.018720088129932137
0.02888252520631884
0.02606996847493845
0.047885217318254604
-0.005419995802049134
0.005505281317760429
0.023306111634142996
0.049470504168553316
0.013296415891773517
0.03771823827257428
0.047885217318254604
0.04203675182909788
-0.005419995802049134
0.07579769328674066
0.0643097645724665
0.04577245856939834
0.009276899061238896
0.049470504168553316
0.023306111634142996
-0.005419995802049134
0.023306111634142996
-0.02974541254059038
-0.002416274922140888
0.02606996847493845
0.03481823462664145
0.04203675182909788
0.013680443036555206
0.02888252520631884
0.04203675182909788
0.21347579316159437
0.057767413715400825
-0.0320167585184998
0.02606996847493845
0.018720088129932137
0.02606996847493845
0.018720088129932137
-0.007433386553574491
-0.007433386553574491
0.020853870421304013
0.016189183922262665
0.11211530229003958
0.03771823827257428
0.00019335882916632417
0.009276899061238896
0.0009512673522743928
0.03809217948721194
-0.00857943501990799
-0.003109614048003217
0.07149533469130287
0.08495754821581011
0.005505281317760429
0.04572276954960982
0.07149533469130287
0.0643097645724665
0.0009512673522743928
0.0643097645724665
0.03481823462664145
0.057767413715400825
0.06607522583173156
0.1258078522705706
0.018720088129932137
0.04616315969297072
0.023306111634142996
-0.016360843904365503
0.04577245856939834
0.018720088129932137
0.005505281317760429
0.02606996847493845
0.03809217948721194
-0.03282371168094802
0.047885217318254604
0.047885217318254604
0.08495754821581011
0.0643097645724665
0.0643097645724665
-0.005419995802049134
-0.021241482539171776
0.09815718562998954
0.049470504168553316
0.049470504168553316
0.03481823462664145
0.00019335882916632417
0.047885217318254604
-0.02974541254059038
-0.02974541254059038
0.10998649394488645
-0.021241482539171776
0.020853870421304013
-0.03282371168094802
0.09815718562998954
0.020853870421304013
0.0643097645724665
-0.00857943501990799
0.04203675182909788
0.00019335882916632417
0.007334905792108867
0.07149533469130287
-0.0037451990920423727
0.047885217318254604
-0.003109614048003217
-0.005419995802049134
0.02606996847493845
-0.00857943501990799
0.018720088129932137
0.1258078522705706
0.21347579316159437
0.017747118431654944
0.011533264249823871
-0.002416274922140888
0.07579769328674066
0.10998649394488645
0.016189183922262665
0.005505281317760429
0.04616315969297072
0.020853870421304013
0.08495754821581011
0.0643097645724665
0.06607522583173156
-0.0320167585184998
0.11211530229003958
0.016189183922262665
0.023306111634142996
-0.0320167585184998
0.03809217948721194
0.009276899061238896
0.020853870421304013
0.021858909255140262
0.1258078522705706
0.02888252520631884
0.09815718562998954
0.017747118431654944
0.06607522583173156
-0.003109614048003217
0.07579769328674066
0.04577245856939834
0.04572276954960982
-0.016360843904365503
-0.00857943501990799
0.007334905792108867
0.016189183922262665
-0.016360843904365503
0.04203675182909788
0.011533264249823871
0.007334905792108867
-0.021241482539171776
0.013296415891773517
-0.00857943501990799
0.005505281317760429
0.017747118431654944
0.07579769328674066
0.11211530229003958
0.023306111634142996
-0.016360843904365503
0.21347579316159437
0.0643097645724665
0.017747118431654944
0.07579769328674066
0.06607522583173156
0.07579769328674066
0.04577245856939834
0.02888252520631884
0.013296415891773517
0.007334905792108867
0.04577245856939834
-0.021241482539171776
0.018720088129932137
-0.0320167585184998
-0.003109614048003217
0.21347579316159437
0.05102329746936946
0.04616315969297072
0.03809217948721194
0.07579769328674066
0.04572276954960982
0.09815718562998954
-0.02974541254059038
0.08495754821581011
0.07149533469130287
0.03771823827257428
0.007334905792108867
-0.005419995802049134
0.07149533469130287
-0.0320167585184998
0.07579769328674066
-0.005419995802049134
-0.002416274922140888
0.018720088129932137
0.03771823827257428
0.020853870421304013
-0.021241482539171776
0.03481823462664145
0.03809217948721194
0.10998649394488645
-0.03282371168094802
0.04203675182909788
0.007334905792108867
0.11211530229003958
0.005505281317760429
0.10998649394488645
0.057767413715400825
-0.005419995802049134
0.00019335882916632417
0.04572276954960982
-0.002416274922140888
0.02888252520631884
-0.003109614048003217
-0.0037451990920423727
0.03481823462664145
0.04572276954960982
0.017747118431654944
-0.003109614048003217
0.1258078522705706
0.05102329746936946
0.018720088129932137
0.047885217318254604
0.04572276954960982
-0.016360843904365503
-0.0037451990920423727
0.021858909255140262
0.017747118431654944
0.005505281317760429
0.013296415891773517
-0.007433386553574491
0.017747118431654944
0.03481823462664145
0.04616315969297072
0.05102329746936946
0.021858909255140262
0.016189183922262665
0.05102329746936946
-0.016360843904365503
0.0009512673522743928
0.016189183922262665
0.020853870421304013
0.021858909255140262
-0.02974541254059038
0.007334905792108867
0.07579769328674066
0.04577245856939834
0.007334905792108867
0.09815718562998954
0.04577245856939834
-0.007433386553574491
0.09815718562998954
0.05102329746936946
0.023306111634142996
0.02888252520631884
0.009276899061238896
0.06607522583173156
0.007334905792108867
0.007334905792108867
0.049470504168553316
0.018720088129932137
0.005505281317760429
0.05102329746936946
-0.0320167585184998
0.00019335882916632417
0.02606996847493845
0.011533264249823871
0.011533264249823871
0.0009512673522743928
0.03481823462664145
-0.016360843904365503
0.02888252520631884
0.023306111634142996
0.00019335882916632417
0.21347579316159437
0.03481823462664145
0.005505281317760429
0.02606996847493845
0.05102329746936946
0.06607522583173156
0.009276899061238896
0.03809217948721194
-0.005419995802049134
0.011533264249823871
-0.005419995802049134
0.02606996847493845
0.00019335882916632417
0.0009512673522743928
-0.002416274922140888
0.07579769328674066
0.05102329746936946
-0.021241482539171776
0.04616315969297072
0.013296415891773517
0.0643097645724665
0.047885217318254604
0.007334905792108867
0.009276899061238896
0.047885217318254604
0.011533264249823871
0.007334905792108867
0.07579769328674066
0.021858909255140262
0.0009512673522743928
0.018720088129932137
-0.00857943501990799
0.03481823462664145
0.021858909255140262
0.057767413715400825
0.011533264249823871
0.10998649394488645
0.04577245856939834
0.07579769328674066
0.020853870421304013
0.016189183922262665
0.009276899061238896
0.06607522583173156
0.04572276954960982
0.009276899061238896
0.11211530229003958
-0.002416274922140888
0.09815718562998954
-0.003109614048003217
0.08495754821581011
0.04572276954960982
0.021858909255140262
-0.016360843904365503
-0.021241482539171776
0.049470504168553316
0.049470504168553316
-0.002416274922140888
0.0643097645724665
0.06607522583173156
0.0009512673522743928
0.00019335882916632417
0.02888252520631884
0.04572276954960982
0.02888252520631884
0.047885217318254604
-0.021241482539171776
0.049470504168553316
0.03809217948721194
0.020853870421304013
0.02888252520631884
0.11211530229003958
-0.002416274922140888
0.05102329746936946
0.009276899061238896
0.018720088129932137
0.21347579316159437
0.11211530229003958
0.018720088129932137
-0.0037451990920423727
0.03809217948721194
-0.016360843904365503
0.10998649394488645
-0.00857943501990799
0.0643097645724665
0.020853870421304013
0.0009512673522743928
-0.0320167585184998
0.09815718562998954
0.057767413715400825
-0.0320167585184998
0.07579769328674066
-0.00857943501990799
0.09815718562998954
0.00019335882916632417
0.017747118431654944
-0.00857943501990799
-0.016360843904365503
0.046305214933016904
0.02888252520631884
-0.007433386553574491
-0.0320167585184998
-0.005419995802049134
0.02606996847493845
-0.003109614048003217
0.023306111634142996
0.03771823827257428
-0.007433386553574491
0.021858909255140262
0.017747118431654944
0.021858909255140262
0.013680443036555206
0.046305214933016904
0.02606996847493845
0.021858909255140262
-0.021241482539171776
0.02606996847493845
0.02606996847493845
-0.021241482539171776
0.013680443036555206
0.05102329746936946
0.00019335882916632417
0.020853870421304013
0.09815718562998954
0.03809217948721194
-0.03282371168094802
0.0009512673522743928
-0.0320167585184998
0.057767413715400825
0.05102329746936946
0.018720088129932137
0.017747118431654944
0.009276899061238896
-0.03282371168094802
0.04577245856939834
0.03771823827257428
0.0009512673522743928
-0.0037451990920423727
0.005505281317760429
0.10998649394488645
0.03809217948721194
-0.0320167585184998
-0.03282371168094802
0.046305214933016904
0.023306111634142996
0.049470504168553316
0.011533264249823871
-0.021241482539171776
0.020853870421304013
0.04203675182909788
-0.005419995802049134
0.07149533469130287
0.02606996847493845
0.018720088129932137
0.047885217318254604
-0.02974541254059038
0.023306111634142996
-0.002416274922140888
-0.002416274922140888
0.046305214933016904
-0.007433386553574491
0.009276899061238896
0.011533264249823871
0.09815718562998954
0.11211530229003958
0.0009512673522743928
0.0643097645724665
-0.021241482539171776
0.020853870421304013
0.007334905792108867
0.021858909255140262
-0.007433386553574491
0.017747118431654944
0.018720088129932137
0.049470504168553316
0.046305214933016904
0.009276899061238896
0.0009512673522743928
0.07579769328674066
0.057767413715400825
0.03809217948721194
0.08495754821581011
-0.007433386553574491
0.016189183922262665
0.013296415891773517
0.046305214933016904
0.03481823462664145
0.009276899061238896
0.018720088129932137
0.07579769328674066
-0.003109614048003217
0.013680443036555206
-0.02974541254059038
0.057767413715400825
0.07579769328674066
0.007334905792108867
0.04616315969297072
-0.005419995802049134
0.06607522583173156
0.046305214933016904
0.05102329746936946
0.05102329746936946
0.10998649394488645
0.08495754821581011
0.06607522583173156
-0.03282371168094802
-0.016360843904365503
-0.02974541254059038
0.017747118431654944
0.02606996847493845
0.11211530229003958
-0.021241482539171776
0.046305214933016904
0.0643097645724665
0.1258078522705706
0.03809217948721194
-0.00857943501990799
-0.02974541254059038
-0.0320167585184998
0.007334905792108867
0.013680443036555206
-0.003109614048003217
0.005505281317760429
0.21347579316159437
0.10998649394488645
0.046305214933016904
0.049470504168553316
0.07579769328674066
-0.003109614048003217
0.03809217948721194
0.07579769328674066
0.03771823827257428
0.013296415891773517
0.05102329746936946
0.07149533469130287
-0.016360843904365503
0.013296415891773517
0.020853870421304013
0.017747118431654944
0.021858909255140262
0.03809217948721194
-0.02974541254059038
-0.00857943501990799
0.03809217948721194
-0.005419995802049134
-0.03282371168094802
-0.007433386553574491
-0.0037451990920423727
0.020853870421304013
0.03771823827257428
0.04572276954960982
0.011533264249823871
0.07579769328674066
0.0643097645724665
0.04577245856939834
0.023306111634142996
0.017747118431654944
0.007334905792108867
0.04572276954960982
0.08495754821581011
0.047885217318254604
-0.021241482539171776
0.21347579316159437
-0.003109614048003217
0.057767413715400825
0.013680443036555206
0.21347579316159437
-0.002416274922140888
0.0009512673522743928
-0.02974541254059038
0.047885217318254604
0.03809217948721194
0.09815718562998954
0.05102329746936946
0.016189183922262665
0.10998649394488645
0.020853870421304013
0.04577245856939834
0.047885217318254604
0.00019335882916632417
0.07149533469130287
-0.007433386553574491
0.047885217318254604
0.03481823462664145
-0.002416274922140888
0.09815718562998954
0.02888252520631884
-0.0320167585184998
-0.021241482539171776
-0.016360843904365503
0.057767413715400825
0.018720088129932137
0.02606996847493845
0.049470504168553316
0.018720088129932137
0.057767413715400825
0.09815718562998954
0.04572276954960982
0.049470504168553316
0.017747118431654944
0.03481823462664145
-0.003109614048003217
0.017747118431654944
-0.0037451990920423727
0.11211530229003958
-0.02974541254059038
0.06607522583173156
0.09815718562998954
-0.02974541254059038
0.016189183922262665
0.00019335882916632417
-0.003109614048003217
0.08495754821581011
0.0643097645724665
0.007334905792108867
-0.02974541254059038
0.009276899061238896
0.013680443036555206
0.04203675182909788
0.07149533469130287
0.09815718562998954
0.08495754821581011
-0.0037451990920423727
-0.03282371168094802
0.10998649394488645
0.011533264249823871
0.013680443036555206
0.005505281317760429
0.07149533469130287
-0.0037451990920423727
0.04616315969297072
0.047885217318254604
0.08495754821581011
-0.0037451990920423727
0.013680443036555206
0.00019335882916632417
0.03481823462664145
0.04572276954960982
0.0009512673522743928
0.07149533469130287
-0.005419995802049134
0.0009512673522743928
0.11211530229003958
0.11211530229003958
0.013680443036555206
-0.002416274922140888
0.007334905792108867
-0.005419995802049134
0.009276899061238896
0.06607522583173156
0.10998649394488645
0.07579769328674066
0.005505281317760429
0.02888252520631884
0.016189183922262665
-0.0320167585184998
0.02606996847493845
0.017747118431654944
0.08495754821581011
0.057767413715400825
0.08495754821581011
0.02888252520631884
-0.005419995802049134
0.02606996847493845
0.023306111634142996
0.011533264249823871
0.03809217948721194
0.04616315969297072
0.016189183922262665
0.021858909255140262
0.05102329746936946
-0.00857943501990799
0.047885217318254604
0.016189183922262665
0.013680443036555206
-0.0037451990920423727
0.0643097645724665
0.09815718562998954
0.023306111634142996
0.02606996847493845
0.013296415891773517
0.07579769328674066
0.04203675182909788
0.005505281317760429
0.04577245856939834
0.05102329746936946
0.10998649394488645
0.0009512673522743928
-0.002416274922140888
0.046305214933016904
0.10998649394488645
-0.003109614048003217
0.1258078522705706
0.018720088129932137
0.018720088129932137
0.046305214933016904
0.03809217948721194
0.08495754821581011
0.04577245856939834
0.03771823827257428
-0.005419995802049134
0.1258078522705706
0.06607522583173156
0.016189183922262665
-0.005419995802049134
0.07149533469130287
0.020853870421304013
0.04203675182909788
-0.0320167585184998
0.09815718562998954
-0.021241482539171776
0.02888252520631884
0.016189183922262665
0.046305214933016904
0.013296415891773517
0.049470504168553316
0.03481823462664145
0.11211530229003958
-0.007433386553574491
-0.02974541254059038
0.057767413715400825
0.0643097645724665
-0.003109614048003217
0.08495754821581011
