0.0779920011879045
-0.011472055722861788
0.08011627706132313
0.041915674395229724
-0.043024611662763494
0.0631558200662058
0.03938471868657038
-0.04635346508726362
-0.017605521791951215
-0.01812706179377108
0.0603782972689515
-0.05473582328356118
0.043058161294213665
-0.013955580647008132
0.0055988294583829545
0.1826506091625817
0.03538959886279342
0.09796215139343943
0.04553440983952192
0.06801341306824168
-0.01812706179377108
0.01939868079143767
0.041663286353438904
-0.004382275846243331
0.07791599018664572
0.0046419227167942495
-0.021940523763370932
-0.007030683312261919
0.0631558200662058
0.09796215139343943
-0.0009516126986743447
0.030514600770528633
0.0848805035522983
-0.05471948356404594
0.03633005887012749
-0.01147956546326213
-0.005159071367153913
0.02190236207459951
-0.021940523763370932
-0.01147956546326213
-0.01812706179377108
0.0062850224102494225
-0.021940523763370932
0.043058161294213665
0.00967767437566488
-0.004382275846243331
0.08527634470069517
0.00967767437566488
-0.013955580647008132
0.057873767953415665
-0.026401288983204017
0.09477002421024147
-0.004382275846243331
0.06347159744015947
0.047176007589015925
0.09114803912415552
-0.021445563733196123
0.041915674395229724
-0.013955580647008132
-0.0054779364680840915
0.05764230193236872
0.17880542851249728
0.17880542851249728
0.03031373604531828
0.057873767953415665
0.014287757809101112
0.02190236207459951
0.027320271617496134
0.0046419227167942495
0.05215086300787035
0.01939868079143767
0.09796215139343943
-0.007030683312261919
0.08011627706132313
0.08011627706132313
0.026702140025143997
0.05963221619372935
0.05764230193236872
0.026965013681951845
-0.05473582328356118
-0.017605521791951215
0.06801341306824168
0.05660860271585946
0.041915674395229724
-0.027059861204718257
0.01265705907830316
0.04553440983952192
-0.04459197845282806
0.07791599018664572
0.026605818467705968
0.026605818467705968
0.06347159744015947
0.043058161294213665
0.002658405264555313
0.07791599018664572
0.07791599018664572
0.026605818467705968
0.0603782972689515
0.057873767953415665
0.008855876076931451
0.014287757809101112
-0.049640160048923444
0.09468203831365551
-0.0009516126986743447
0.008855876076931451
-0.0037325262532138053
0.00967767437566488
0.01265705907830316
0.05202194745837206
-0.004957884260271894
0.08539415453764268
0.08011627706132313
0.03538959886279342
-0.01812706179377108
0.05764230193236872
-0.016253062801990865
-0.011472055722861788
-0.027059861204718257
0.030514600770528633
0.07288227188712045
-0.06865765171410913
0.027320271617496134
0.17880542851249728
0.006865441791709588
0.070141525059993
0.0055988294583829545
0.08011627706132313
0.08527634470069517
0.09796215139343943
0.08011627706132313
0.08527634470069517
-0.007386363103624982
0.08527634470069517
0.048947481937093716
-0.0046864442479496666
0.03031373604531828
0.17880542851249728
0.057873767953415665
0.026605818467705968
0.0062850224102494225
-0.026401288983204017
0.047176007589015925
0.03938471868657038
-0.004957884260271894
0.03938471868657038
0.06849196193218704
-0.004382275846243331
0.01265705907830316
0.07791599018664572
-0.05473582328356118
0.07804144970198963
-0.043024611662763494
0.0603782972689515
0.057806627122927924
0.05963221619372935
0.0062850224102494225
0.0062850224102494225
-0.004382275846243331
0.070141525059993
0.08011627706132313
-0.05471948356404594
0.08539415453764268
0.070141525059993
0.057873767953415665
0.0055988294583829545
0.03633005887012749
-0.06865765171410913
-0.005159071367153913
0.08011627706132313
-0.043024611662763494
0.05660860271585946
0.17880542851249728
-0.004957884260271894
-0.013955580647008132
0.05963221619372935
-0.004382275846243331
-0.043024611662763494
0.08011627706132313
-0.031695913263787526
0.08011627706132313
-0.026401288983204017
-0.01147956546326213
-0.0054779364680840915
0.043058161294213665
0.041663286353438904
0.14920795282681798
0.1826506091625817
0.07278606450950617
-0.014443750881497382
0.006865441791709588
0.057873767953415665
-0.031695913263787526
0.04553440983952192
0.05660860271585946
0.08011627706132313
0.013203419127000472
0.0062850224102494225
-0.01812706179377108
0.070141525059993
0.07804144970198963
-0.004957884260271894
0.057873767953415665
0.006865441791709588
0.07278606450950617
0.07172377809516155
0.006865441791709588
-0.043024611662763494
0.06347159744015947
0.03274012808933704
0.08011627706132313
-0.007386363103624982
0.08011627706132313
0.03938471868657038
-0.04635346508726362
0.041663286353438904
-0.026401288983204017
0.041663286353438904
-0.026401288983204017
0.026702140025143997
0.026702140025143997
-0.009710052740061882
-0.021940523763370932
0.09114803912415552
0.08539415453764268
0.05202194745837206
-0.01564846764123501
0.047176007589015925
0.0055988294583829545
-0.01695168641396611
-0.007030683312261919
-0.014443750881497382
-0.01695168641396611
0.014287757809101112
0.05202194745837206
0.07804144970198963
0.0062850224102494225
0.19238767482280125
-0.0046864442479496666
-0.04459197845282806
0.0046419227167942495
-0.016253062801990865
-0.027059861204718257
0.00967767437566488
-0.05471948356404594
0.0046419227167942495
-0.014443750881497382
0.041663286353438904
0.08782313982376172
0.06801341306824168
0.05660860271585946
0.05660860271585946
-0.06865765171410913
-0.007030683312261919
0.07804144970198963
0.07804144970198963
0.07278606450950617
-0.05473582328356118
0.0779920011879045
0.057873767953415665
-0.06865765171410913
0.07172377809516155
0.057873767953415665
0.03274012808933704
0.03538959886279342
0.14920795282681798
-0.043024611662763494
-0.043024611662763494
0.030514600770528633
-0.05473582328356118
0.070141525059993
-0.009710052740061882
0.04922618203490444
-0.009710052740061882
0.07804144970198963
0.041915674395229724
0.06916844743524321
0.08539415453764268
-0.004382275846243331
0.048947481937093716
0.05660860271585946
-0.0009516126986743447
0.07278606450950617
0.06347159744015947
0.008855876076931451
0.008855876076931451
0.041915674395229724
-0.06865765171410913
0.0046419227167942495
0.02190236207459951
0.03938471868657038
0.04505564575284322
-0.011472055722861788
0.027320271617496134
0.030514600770528633
0.026605818467705968
-0.014443750881497382
0.03031373604531828
-0.007030683312261919
0.014287757809101112
0.0848805035522983
-0.04635346508726362
-0.021940523763370932
0.026605818467705968
-0.027059861204718257
-0.04635346508726362
-0.01564846764123501
0.07288227188712045
-0.009710052740061882
0.02190236207459951
0.0779920011879045
0.026965013681951845
-0.04459197845282806
0.0055988294583829545
0.027320271617496134
-0.004957884260271894
0.00967767437566488
0.041915674395229724
-0.004382275846243331
0.0631558200662058
0.06916844743524321
0.04505564575284322
-0.005159071367153913
-0.01147956546326213
0.05963221619372935
0.0062850224102494225
-0.031695913263787526
0.041915674395229724
-0.014443750881497382
0.027320271617496134
-0.021940523763370932
-0.027059861204718257
0.00967767437566488
0.05764230193236872
0.07804144970198963
0.027320271617496134
-0.04459197845282806
0.027320271617496134
-0.004957884260271894
-0.031695913263787526
-0.004382275846243331
-0.05471948356404594
-0.05473582328356118
0.0046419227167942495
-0.0009516126986743447
0.015303459546807128
0.03938471868657038
0.03031373604531828
-0.01564846764123501
-0.01812706179377108
-0.013955580647008132
0.0779920011879045
0.0062850224102494225
-0.043024611662763494
0.043058161294213665
0.03633005887012749
0.048947481937093716
0.04553440983952192
-0.06369706757439395
-0.004382275846243331
0.07278606450950617
0.048947481937093716
-0.04635346508726362
0.07172377809516155
-0.01812706179377108
0.013203419127000472
-0.026401288983204017
0.09114803912415552
0.043058161294213665
0.05963221619372935
0.19238767482280125
-0.01564846764123501
-0.049640160048923444
0.06916844743524321
-0.005159071367153913
-0.021940523763370932
-0.021445563733196123
-0.049640160048923444
0.013203419127000472
0.08539415453764268
-0.013955580647008132
-0.011472055722861788
0.015303459546807128
0.08782313982376172
0.0055988294583829545
0.03274012808933704
-0.06865765171410913
-0.0009516126986743447
0.002658405264555313
0.0046419227167942495
0.05660860271585946
-0.013955580647008132
0.00967767437566488
0.0603782972689515
0.026965013681951845
-0.021445563733196123
0.008855876076931451
-0.06865765171410913
0.09468203831365551
0.08782313982376172
0.08527634470069517
0.026965013681951845
0.19238767482280125
-0.016253062801990865
0.002658405264555313
0.002658405264555313
0.0631558200662058
0.09796215139343943
0.026605818467705968
-0.009710052740061882
0.0603782972689515
-0.003266964509745676
-0.004382275846243331
0.0062850224102494225
-0.01147956546326213
-0.01812706179377108
-0.05471948356404594
-0.004382275846243331
0.0779920011879045
-0.004957884260271894
0.026702140025143997
0.0062850224102494225
0.0779920011879045
-0.06369706757439395
-0.027059861204718257
0.09477002421024147
0.0848805035522983
-0.004382275846243331
-0.004382275846243331
0.015303459546807128
0.07172377809516155
-0.0037325262532138053
-0.026401288983204017
-0.014443750881497382
0.03538959886279342
0.041663286353438904
0.01265705907830316
0.04505564575284322
0.09796215139343943
0.03274012808933704
0.0631558200662058
0.09477002421024147
0.006865441791709588
0.08539415453764268
0.008855876076931451
0.05764230193236872
0.19238767482280125
-0.014443750881497382
0.041663286353438904
0.002658405264555313
-0.04459197845282806
-0.01564846764123501
0.07278606450950617
0.07172377809516155
0.04505564575284322
0.013203419127000472
0.06347159744015947
0.08539415453764268
0.05202194745837206
-0.011472055722861788
-0.01812706179377108
0.002658405264555313
-0.05473582328356118
0.1826506091625817
-0.016253062801990865
0.09468203831365551
0.07804144970198963
0.14920795282681798
-0.004382275846243331
0.1826506091625817
-0.01147956546326213
0.07288227188712045
0.05660860271585946
0.01265705907830316
-0.004382275846243331
0.027320271617496134
0.0603782972689515
0.09796215139343943
-0.026401288983204017
0.047176007589015925
0.19238767482280125
-0.06369706757439395
0.04505564575284322
0.030514600770528633
-0.004957884260271894
-0.01812706179377108
-0.009710052740061882
0.026605818467705968
0.07288227188712045
0.0848805035522983
-0.013955580647008132
-0.021940523763370932
0.0779920011879045
-0.0009516126986743447
0.0062850224102494225
-0.007030683312261919
-0.013955580647008132
0.0603782972689515
0.0631558200662058
0.05963221619372935
0.057873767953415665
0.057873767953415665
0.07804144970198963
-0.04459197845282806
0.09796215139343943
0.08539415453764268
-0.06369706757439395
0.14920795282681798
-0.05473582328356118
-0.01147956546326213
-0.0037325262532138053
-0.01564846764123501
0.09477002421024147
-0.026401288983204017
0.057806627122927924
0.03938471868657038
0.0046419227167942495
0.06849196193218704
0.06801341306824168
0.00967767437566488
-0.049640160048923444
0.047176007589015925
0.07804144970198963
-0.009710052740061882
0.05202194745837206
0.070141525059993
0.0779920011879045
-0.0046864442479496666
-0.01812706179377108
0.041915674395229724
0.0779920011879045
0.08539415453764268
0.026965013681951845
0.041915674395229724
0.00967767437566488
0.07791599018664572
0.08527634470069517
0.07278606450950617
0.06347159744015947
0.0055988294583829545
0.006865441791709588
0.09114803912415552
0.026702140025143997
0.026965013681951845
0.17880542851249728
0.01939868079143767
0.06347159744015947
-0.05473582328356118
0.041663286353438904
0.041663286353438904
-0.05473582328356118
-0.007386363103624982
0.08539415453764268
0.08782313982376172
0.0779920011879045
0.06801341306824168
0.05215086300787035
0.09796215139343943
-0.0046864442479496666
0.0046419227167942495
0.05215086300787035
-0.05471948356404594
0.04553440983952192
0.05202194745837206
0.06849196193218704
-0.014443750881497382
0.030514600770528633
0.06801341306824168
0.07791599018664572
0.006865441791709588
-0.0037325262532138053
0.01265705907830316
-0.05473582328356118
0.06916844743524321
0.07278606450950617
0.048947481937093716
0.06347159744015947
0.0046419227167942495
0.05660860271585946
-0.003266964509745676
-0.027059861204718257
0.01939868079143767
0.026702140025143997
0.01265705907830316
0.0779920011879045
0.09796215139343943
0.07804144970198963
-0.05473582328356118
-0.004382275846243331
0.0603782972689515
0.08527634470069517
0.026965013681951845
0.008855876076931451
0.0046419227167942495
-0.06369706757439395
-0.0054779364680840915
0.057873767953415665
0.07172377809516155
0.07791599018664572
0.0062850224102494225
0.015303459546807128
0.05202194745837206
0.027320271617496134
-0.0046864442479496666
0.06801341306824168
0.04560848214111787
-0.007030683312261919
0.08527634470069517
0.09468203831365551
0.07791599018664572
0.03274012808933704
0.015303459546807128
0.07288227188712045
-0.026401288983204017
0.043058161294213665
0.027320271617496134
0.0055988294583829545
-0.01147956546326213
-0.007386363103624982
-0.003266964509745676
0.015303459546807128
0.1826506091625817
-0.01812706179377108
-0.004382275846243331
-0.016253062801990865
0.07278606450950617
0.0848805035522983
0.07791599018664572
-0.049640160048923444
0.070141525059993
0.08782313982376172
0.03633005887012749
0.1826506091625817
-0.04459197845282806
0.05215086300787035
0.043058161294213665
0.0631558200662058
0.043058161294213665
-0.003266964509745676
0.026965013681951845
-0.06369706757439395
0.06347159744015947
0.05963221619372935
0.01939868079143767
0.07804144970198963
0.057806627122927924
-0.01564846764123501
0.041915674395229724
-0.043024611662763494
-0.04635346508726362
-0.004382275846243331
0.0062850224102494225
0.17880542851249728
0.1826506091625817
-0.0009516126986743447
-0.014443750881497382
0.05764230193236872
-0.049640160048923444
0.07791599018664572
0.057873767953415665
0.027320271617496134
0.0055988294583829545
-0.06369706757439395
-0.01564846764123501
-0.01812706179377108
0.09114803912415552
-0.031695913263787526
-0.01695168641396611
0.00967767437566488
-0.031695913263787526
0.026965013681951845
-0.01564846764123501
-0.003266964509745676
0.015303459546807128
0.041915674395229724
-0.01564846764123501
-0.06369706757439395
0.07278606450950617
0.05215086300787035
0.08527634470069517
0.08782313982376172
0.06849196193218704
0.09114803912415552
-0.013955580647008132
0.01265705907830316
0.027320271617496134
0.07804144970198963
-0.05471948356404594
0.006865441791709588
-0.005159071367153913
-0.007030683312261919
0.05660860271585946
0.05963221619372935
0.070141525059993
0.008855876076931451
0.05764230193236872
-0.0009516126986743447
0.17880542851249728
0.05764230193236872
-0.01147956546326213
0.05202194745837206
-0.043024611662763494
0.14920795282681798
0.06801341306824168
0.04922618203490444
0.002658405264555313
0.030514600770528633
-0.004957884260271894
0.14920795282681798
0.08539415453764268
0.0062850224102494225
0.008855876076931451
-0.01695168641396611
0.08527634470069517
0.14920795282681798
0.19238767482280125
0.04922618203490444
-0.05473582328356118
0.00967767437566488
-0.0046864442479496666
0.0046419227167942495
0.06347159744015947
0.057873767953415665
-0.026401288983204017
-0.0046864442479496666
0.04922618203490444
-0.013955580647008132
0.08782313982376172
-0.0037325262532138053
0.026965013681951845
0.03274012808933704
-0.0009516126986743447
0.0062850224102494225
0.06849196193218704
-0.021940523763370932
-0.003266964509745676
-0.04459197845282806
0.0779920011879045
-0.043024611662763494
0.03538959886279342
-0.0009516126986743447
0.03633005887012749
0.07804144970198963
-0.004382275846243331
-0.043024611662763494
0.07288227188712045
-0.007386363103624982
0.06916844743524321
0.048947481937093716
0.04922618203490444
-0.007030683312261919
0.05215086300787035
-0.049640160048923444
0.070141525059993
0.01265705907830316
-0.007386363103624982
-0.021445563733196123
0.048947481937093716
-0.06369706757439395
-0.016253062801990865
0.05660860271585946
0.03633005887012749
0.04560848214111787
0.06849196193218704
0.17880542851249728
0.08539415453764268
0.19238767482280125
0.04560848214111787
-0.013955580647008132
0.05202194745837206
-0.01695168641396611
0.07278606450950617
0.043058161294213665
0.05202194745837206
-0.021940523763370932
0.17880542851249728
-0.004382275846243331
0.07278606450950617
0.057806627122927924
0.07288227188712045
-0.04459197845282806
-0.049640160048923444
0.027320271617496134
-0.021445563733196123
0.09477002421024147
0.026605818467705968
0.06347159744015947
0.026965013681951845
0.03633005887012749
-0.0046864442479496666
0.008855876076931451
-0.007030683312261919
0.013203419127000472
0.06347159744015947
0.006865441791709588
0.04505564575284322
-0.01564846764123501
0.08782313982376172
-0.016253062801990865
0.0603782972689515
0.047176007589015925
0.05660860271585946
0.17880542851249728
0.014287757809101112
0.0779920011879045
0.006865441791709588
0.041663286353438904
0.09468203831365551
-0.01812706179377108
0.08011627706132313
-0.014443750881497382
-0.05471948356404594
0.015303459546807128
-0.017605521791951215
0.002658405264555313
-0.049640160048923444
0.09796215139343943
0.01939868079143767
-0.049640160048923444
0.04560848214111787
0.0055988294583829545
0.02190236207459951
0.0046419227167942495
-0.026401288983204017
-0.06865765171410913
0.07791599018664572
0.06801341306824168
-0.007030683312261919
-0.004957884260271894
0.04553440983952192
0.04560848214111787
0.013203419127000472
0.02190236207459951
0.0848805035522983
0.013203419127000472
0.048947481937093716
0.08011627706132313
-0.04635346508726362
0.04922618203490444
0.008855876076931451
-0.05473582328356118
0.09477002421024147
0.07172377809516155
0.07791599018664572
-0.031695913263787526
0.057873767953415665
0.19238767482280125
0.08527634470069517
0.043058161294213665
-0.043024611662763494
0.07804144970198963
-0.0009516126986743447
-0.007030683312261919
0.057806627122927924
0.04505564575284322
-0.05473582328356118
0.09114803912415552
0.07791599018664572
0.09477002421024147
0.014287757809101112
0.014287757809101112
0.02190236207459951
0.17880542851249728
-0.007030683312261919
0.17880542851249728
0.17880542851249728
0.09796215139343943
0.04560848214111787
-0.004382275846243331
0.09468203831365551
0.08011627706132313
0.05764230193236872
0.05660860271585946
0.09114803912415552
0.041663286353438904
0.06849196193218704
0.070141525059993
-0.04459197845282806
0.0848805035522983
-0.0037325262532138053
0.048947481937093716
0.05215086300787035
0.04922618203490444
0.03538959886279342
-0.043024611662763494
0.070141525059993
0.07791599018664572
0.047176007589015925
0.07288227188712045
0.008855876076931451
0.06916844743524321
-0.06369706757439395
0.05215086300787035
-0.0037325262532138053
-0.01812706179377108
-0.027059861204718257
0.00967767437566488
0.14920795282681798
-0.0054779364680840915
0.17880542851249728
-0.004382275846243331
-0.013955580647008132
0.008855876076931451
-0.021940523763370932
0.048947481937093716
0.08011627706132313
-0.06369706757439395
-0.0054779364680840915
-0.003266964509745676
-0.01564846764123501
0.06347159744015947
0.06347159744015947
0.002658405264555313
-0.007386363103624982
0.03274012808933704
0.09114803912415552
0.08782313982376172
0.19238767482280125
-0.0037325262532138053
0.09796215139343943
-0.05471948356404594
-0.04459197845282806
0.05963221619372935
0.057806627122927924
0.013203419127000472
-0.003266964509745676
0.09114803912415552
0.06849196193218704
0.0603782972689515
-0.01812706179377108
0.047176007589015925
0.015303459546807128
0.1826506091625817
0.19238767482280125
-0.0046864442479496666
0.05963221619372935
-0.011472055722861788
0.09477002421024147
0.00967767437566488
0.09796215139343943
0.08782313982376172
0.06347159744015947
0.05215086300787035
0.05660860271585946
-0.043024611662763494
0.17880542851249728
-0.06369706757439395
0.09114803912415552
0.08782313982376172
-0.04635346508726362
0.03938471868657038
0.08011627706132313
0.08011627706132313
0.002658405264555313
0.008855876076931451
0.03274012808933704
-0.01812706179377108
0.048947481937093716
0.0848805035522983
0.026965013681951845
0.0848805035522983
0.08011627706132313
-0.005159071367153913
-0.04635346508726362
0.0848805035522983
0.03274012808933704
0.09477002421024147
-0.04459197845282806
0.01265705907830316
0.06916844743524321
0.06849196193218704
0.0062850224102494225
0.02190236207459951
0.04922618203490444
-0.004957884260271894
-0.026401288983204017
-0.0054779364680840915
-0.014443750881497382
0.03538959886279342
0.026605818467705968
-0.0009516126986743447
-0.004957884260271894
0.09796215139343943
-0.01812706179377108
-0.026401288983204017
-0.05473582328356118
-0.0037325262532138053
0.08011627706132313
-0.007030683312261919
-0.01147956546326213
0.04922618203490444
0.01265705907830316
0.04553440983952192
0.09114803912415552
0.17880542851249728
0.026605818467705968
0.057806627122927924
0.08527634470069517
0.057873767953415665
-0.0054779364680840915
-0.027059861204718257
