-0.026162001852944986
-0.048525567188531404
-0.015752442835616727
-0.009160750698930338
-0.009360716641542845
-0.029339078835343327
-0.020055461716556262
-0.0038423789701198916
-0.030512649138059216
-0.02027016439210036
-0.04209850440690874
0.0033795359852271363
-0.02306208241769792
-0.002264330154101366
-0.00805753394229311
-0.041630588218288585
-0.07833579716328036
0.012536371803352233
-0.008151127998698323
0.00013884421168997848
-0.03153466487983818
-0.01101203913141274
-0.010544442950081239
-0.007337853629223193
0.012536371803352233
-0.01674294996037146
-0.013770314988252447
-0.028226038575627103
0.020332829705086066
-0.008844848498246415
0.009753414238051983
-0.015301434023570532
-0.008586681965090198
0.0048846914958950854
-0.02316327150831491
-0.04937790517975785
-0.012028431582328221
-0.0013699747599448823
-0.011213379645986484
0.009024593701812697
-0.01240138555647347
-0.00034581857559741827
-0.00869430281273735
0.0009054167711483599
-0.034123754561715014
-0.0013699747599448823
-0.02092371431233361
0.0743026494675347
-0.020892878174525408
-0.00710881805453099
-0.00014461014388620011
0.012354512978534835
0.004262270003332742
-0.03193907722378588
-0.014428247626397933
0.011301370573915679
-0.018482780523558572
-0.020443778746912472
-0.014509928131226387
-0.01525709121958878
-0.02504674840368865
0.00731406903901727
-0.01525709121958878
-0.005714923872302129
-0.008867903962781733
-0.016195699954897582
0.0025686579367467446
-0.012540771596755314
-0.01962655649082138
-0.0037707857263035984
-0.01570503314346014
-0.00710881805453099
-0.02304862807679912
-0.0290120642930503
-0.05106906923693827
-0.0046239508472240955
-0.03809345733359498
-0.009448775814561812
-0.029006347203966786
0.0025686579367467446
0.005838985466849388
-0.006420460755764579
-0.012285291815069602
-0.013463706514040424
-0.030512649138059216
-0.02415596486751642
-0.013183431317580048
-0.029339078835343327
-0.024122538235003002
-0.029502277829124953
-0.01240138555647347
-0.021688284947191324
-0.03193907722378588
0.0002729686309910981
0.013077669038415922
-0.002780562556747336
-0.025162180096557383
-0.0057025714958161035
-0.00710881805453099
-0.03969618594863471
-0.03150498008413466
-0.006465894055084352
-0.018277612207066585
-0.025224419224614523
-0.021131267302689966
-0.009489199305513514
-0.017483123580775594
-0.006890872486382152
-0.029006347203966786
0.006712044539458381
-0.020892878174525408
-0.03225151437950115
-0.005094145926972971
-0.016594396919188768
0.007285270588796349
-0.030518253640351753
0.009753414238051983
-0.00710881805453099
-0.0674391429872059
-0.027696113918239087
-0.002831816624866224
-0.027719693425401717
-0.01476081015796264
-0.0011986843447665517
-0.018678606982444182
-0.0024426110595285174
-0.027696113918239087
-0.020892878174525408
-0.0122165964882707
-0.04726016975626996
-0.019641991815178974
-0.016594396919188768
-0.010544442950081239
0.00532476488986699
0.011318230030614372
0.014783939004645896
-0.02041873316024309
-0.0027114636334932387
-0.025974131266152438
-0.0272669787037277
-0.004622392520724361
-0.015724323542233392
-0.025048625119828142
-0.02030894301004498
-0.02304862807679912
-0.06401851772255691
-0.017038028300752756
-0.014229014063198138
-0.033076731877769314
-0.013443982919078043
0.013077669038415922
-0.004166529676824582
-0.019265075018802577
0.020332829705086066
-0.01962655649082138
0.005449735635663085
-0.009448775814561812
-0.036888803509892015
-0.02915826774733581
-0.033049998435360356
-0.011872977402083911
-0.017654485315395412
-0.036586126439047205
0.0007165385139011276
-0.033076731877769314
0.000326196140742938
-0.022649658868936298
0.009159955815808748
-0.013910620506382244
-0.00690779214698605
-0.03694373937998477
-0.0057025714958161035
-0.03363159694016921
-0.019641991815178974
0.005301841646309105
0.005838985466849388
-0.010404718671671705
-0.02850406164132543
-0.058056088799105066
-0.0007275734503894523
-0.045194638580622594
0.012987943514240975
-0.02035117482169699
0.017070945660594382
-0.013603046907564096
-0.027718508097197884
0.005964895297153608
0.009024593701812697
-1.709403244667194e-05
0.0021875828955642044
-0.014559134139877273
-0.006371536487181304
-0.011207897381990243
-0.013183431317580048
-0.0022036558221184884
-0.020472087703081156
-0.01118371906418468
-0.03764031197887002
-0.009489199305513514
-0.006250031889202827
-0.014954075191345386
0.008945315203306237
0.0002729686309910981
-0.016227415611710063
0.0013194285227319327
-0.012540771596755314
-0.00710881805453099
0.027637063162656284
-0.036888803509892015
0.004456905118010772
-0.030518253640351753
0.0015522565890508412
-0.017038028300752756
-0.005560229738188461
-0.0071819378283782724
-0.019239762706842498
-0.0307988861127647
-0.019922043108774195
-0.002264330154101366
-0.019031950254714897
-0.010239403138184743
-0.006405722738002657
-0.06401851772255691
-0.0025810437418993947
-0.03225151437950115
0.006746867211180804
-0.002780562556747336
-0.012465387910075384
-0.006250031889202827
-0.02391813537150348
-0.005436872428733266
-0.018277612207066585
-0.03593606577640511
-0.017079950076264925
-0.00869430281273735
-0.02709199528679032
-0.030711308089949454
-0.022950900016106765
0.00731406903901727
-0.0433289382479333
-0.01884856111076646
-0.028226038575627103
-0.0017488706465476885
-0.012540771596755314
-0.019331369918425864
0.000326196140742938
-0.030102789006272942
-0.0024737950202844243
-0.03199540988391643
-0.01563488519188708
0.00649455813460171
-0.03150498008413466
-0.025162180096557383
-0.026162001852944986
-0.02415596486751642
-0.010983549425884444
-0.0433289382479333
-0.0032039442788608288
-0.0022036558221184884
0.01627389258553326
-0.011456804570539292
0.027637063162656284
-0.015724323542233392
-0.02284635065920131
-0.016716803991189504
0.05435035875043475
-0.002737481288970603
0.009753414238051983
-0.014487429252373028
-0.00690779214698605
0.009024593701812697
0.009016967562000001
-0.02850406164132543
-0.033049998435360356
-0.012345414761642127
-0.02395840394245696
-0.006304328903751148
0.013077669038415922
-0.007838656870862265
-0.014487429252373028
-0.013317845262212283
-0.021372798965985387
-0.01761320915680259
-0.006456697185220673
-0.03199540988391643
-0.021027821228255965
-0.028626385768250943
-0.03764031197887002
0.004262270003332742
-0.027719693425401717
-0.019560656927417173
-0.020443778746912472
0.0002729686309910981
-0.024997439587413756
-0.007994929620785378
-0.018277612207066585
0.020033153844537195
-0.00710881805453099
-0.027719693425401717
-0.00014461014388620011
-0.027718508097197884
-0.01222485255316081
-0.01938988553817832
0.011318230030614372
0.0028445739732771034
-0.01525709121958878
-0.04104014090589876
-0.00735550625195954
-0.01938988553817832
-0.013183120534312892
-0.02709199528679032
-0.004939431100237513
-0.003462631477605725
-0.011241645580829811
-0.02379600366117957
-0.01897308126879696
-0.003129852704716545
-0.004267472460632403
-0.018678606982444182
-0.008844848498246415
-0.003176631303877918
-0.002776606032772068
-0.01964388104874517
0.010321499126411088
0.0020710125379758675
0.007808015439396678
0.020332829705086066
-0.004166529676824582
-0.0022036558221184884
-0.03507647353557597
-0.014930387381677785
0.002282965172618777
-0.00525999342750375
0.0002729686309910981
-0.026453695494842482
-0.0028061791623781
0.005478726986458248
-0.01897308126879696
-0.014093155950182401
-0.021230975856664853
-0.030711308089949454
0.009753414238051983
-0.015724323542233392
-0.02850406164132543
-0.010279759552643309
-0.015003099788707683
-0.021230975856664853
-0.023112560543023353
-0.03153466487983818
0.011301370573915679
-0.0060817787349872945
-0.015752442835616727
-0.00014461014388620011
-0.026374733874517702
-0.046704663620461766
-0.02058099195693394
0.02308487947392599
-0.002920868451091225
0.007285270588796349
-0.017201341527207693
-0.003577332694648028
-0.016594396919188768
-0.016195699954897582
0.012594370115676174
-0.023435982369376933
0.0018620800943744968
-0.034123754561715014
-0.0007275734503894523
-0.024171152537162423
-0.04726016975626996
-0.042178963177252914
-0.002737481288970603
-0.04814185914049398
-0.02391813537150348
-0.02316327150831491
-0.02392012188472006
-0.0070816742714167194
-0.016594396919188768
-0.00525999342750375
-0.025224419224614523
0.009016967562000001
-0.019031950254714897
0.0020400306831236214
0.007808015439396678
-0.025293607386537756
-0.01222485255316081
-0.02041873316024309
-0.03687016388389943
-0.007994929620785378
0.0010284958097730452
-0.00847515335608613
-0.01591070445628851
-0.030080753494087193
-0.018482780523558572
0.009016967562000001
-0.02915826774733581
-0.009422173593506437
-0.03507647353557597
-0.029502277829124953
-0.004476788087236862
-0.022950900016106765
-0.012345414761642127
-0.006520571879765817
-0.004942448428406944
-0.01897308126879696
-0.025048625119828142
-0.02850406164132543
-0.01884856111076646
-0.021741636358578426
-0.002264330154101366
-0.020257455357885708
0.018338715913062263
-0.0046430573187844024
0.0008269247381801171
-0.014834327523809476
-0.0290120642930503
-0.00805753394229311
-0.009678040482018587
-0.02504674840368865
-0.0433289382479333
-0.01326640312643914
-0.017798708122643975
-0.022504260308715014
0.009016967562000001
-0.03760882470866426
-0.019265075018802577
-0.0070816742714167194
-0.013603046907564096
0.017328200578634795
-0.0021848453666867477
-0.0027114636334932387
-0.00011109275979748517
0.017359514630798708
-0.021688284947191324
-0.00805753394229311
-0.015860024862349383
-0.021688284947191324
-0.004942448428406944
0.00649455813460171
-0.00780706116857319
0.0025686579367467446
-0.01897308126879696
-0.04051689549177397
-0.042178963177252914
-0.01897308126879696
0.007285270588796349
0.0011177150243879992
-0.03520888979553924
-0.016227415611710063
-0.004622392520724361
0.012354512978534835
-0.046704663620461766
-0.02092371431233361
-0.02092371431233361
-0.008151127998698323
-0.005436872428733266
-0.013682429752220681
0.0020400306831236214
-0.00011109275979748517
-0.027696113918239087
0.0048846914958950854
-0.008921371337415319
-0.02058099195693394
-0.03687016388389943
-0.03452755516247752
-0.030518253640351753
-0.008403180643877857
-0.06401851772255691
-0.02457466678272048
-0.009448775814561812
-0.027696113918239087
-0.034123754561715014
-0.008867903962781733
-0.020892878174525408
-0.010055571498672188
-0.012396387280430066
-0.01240138555647347
-0.023621011146277994
-0.0027347638114495047
-0.01964388104874517
-0.029339078835343327
0.012536371803352233
-0.023621011146277994
-0.005094145926972971
0.0008269247381801171
-0.048525567188531404
-0.009489199305513514
-0.01118371906418468
-0.022504260308715014
-0.006456697185220673
-0.01591070445628851
-0.005886719029265421
-0.034123754561715014
-0.011103873888204404
-0.01587040839102295
0.0007165385139011276
-0.014605666104520798
-0.0433289382479333
0.010525534897325111
-0.015860024862349383
-0.0433289382479333
-0.0011986843447665517
-0.04263123503045151
-0.014834327523809476
-0.004942448428406944
-0.01747562070994975
-0.009360716641542845
0.005964895297153608
-0.00525999342750375
-0.011162043181059966
-0.05106906923693827
-0.006292838812100897
-0.023925779402539392
0.004733350366222136
-0.034123754561715014
-0.03199540988391643
-0.00916786582734096
-0.02379600366117957
-0.016594396919188768
-0.021131267302689966
-0.016716803991189504
-0.009160750698930338
-0.00735550625195954
-0.01587040839102295
-0.0046239508472240955
-0.002792586568887573
-0.01938988553817832
-0.0038854225880883787
-0.011555132164728126
-0.017483123580775594
-0.015077550111227866
0.00042132550896182495
-0.015220908376903309
-0.00034581857559741827
-0.027459057136413653
-0.004965981540293246
-0.04937790517975785
-0.020499152817242253
-0.005094145926972971
-0.010983549425884444
-0.029502277829124953
-0.030518253640351753
-0.009448775814561812
-0.019922043108774195
-0.015301434023570532
-0.005213176832562259
-0.020499152817242253
-0.012285291815069602
-0.02035117482169699
-0.019265075018802577
-0.022457819935656955
-0.028121706614186174
-0.01968925402483
-0.011162043181059966
-0.010881593919399026
0.01627389258553326
-0.02392012188472006
-0.042178963177252914
0.0039570393996144594
0.0054727106625240725
0.0023111535287673214
-0.01968925402483
-0.007337853629223193
-0.03687016388389943
-0.004965981540293246
-0.002920868451091225
-0.0022036558221184884
-0.02709199528679032
-0.058056088799105066
-0.006520571879765817
-0.018482780523558572
-0.002264330154101366
-0.0057025714958161035
-0.013917847383874912
-0.007854369784295455
-0.019961873873876247
-0.006405722738002657
-0.0122165964882707
-0.02391813537150348
-0.014930387381677785
-0.01326640312643914
-0.058056088799105066
-0.009678040482018587
-0.011456804570539292
-0.005213176832562259
-0.034506273572178565
-0.01964388104874517
-0.02709199528679032
-0.025162180096557383
-0.03969618594863471
-0.015220908376903309
-0.004965981540293246
0.004262270003332742
-0.004166529676824582
-0.0027114636334932387
-0.01326640312643914
-0.006520571879765817
0.012536371803352233
0.0018620800943744968
0.027637063162656284
0.005478726986458248
-0.00735550625195954
-0.010921209977576379
0.007285270588796349
0.0002729686309910981
-0.010983549425884444
-0.01304807728400693
-0.004267472460632403
-0.02395840394245696
-0.002737481288970603
-0.006292838812100897
-0.01563488519188708
-0.02395840394245696
-0.014605666104520798
-0.026374733874517702
-0.004942448428406944
-0.02776051531323057
-0.0003409628762603668
-0.021131267302689966
0.0094399605376462
-0.014229014063198138
-0.006520571879765817
-0.020055461716556262
-0.027639570620272145
-0.03520888979553924
-0.06163880533733549
-0.01968925402483
0.00731406903901727
-0.005977281176481683
-0.03760882470866426
-0.0028061791623781
-0.004622392520724361
-0.01570503314346014
-0.018277612207066585
-0.0035670660946684864
-0.013910620506382244
-0.020892878174525408
-0.006890872486382152
0.029170053811516727
-0.05106906923693827
-0.022344971598662416
-0.01835386952556617
-0.002780562556747336
-0.010544442950081239
0.029170053811516727
-0.005455358973113517
-0.024122538235003002
0.0020400306831236214
-0.022950900016106765
-0.027459057136413653
-0.025974131266152438
-0.020257455357885708
-0.004438378904558791
-0.006371536487181304
-0.0011986843447665517
-0.01591070445628851
-0.021795382065972053
-0.00735550625195954
-0.01240138555647347
-0.009597832887987446
-0.023621011146277994
-0.022504260308715014
-0.022950900016106765
-0.029339078835343327
-0.019265075018802577
-0.005910253557382762
-0.025411052051586627
-0.011213379645986484
-0.002792586568887573
-0.01591070445628851
-0.04104014090589876
-0.008586681965090198
-0.00869430281273735
-0.00024286723113150585
-0.05684112352130415
0.020097260818779477
0.003328037034495625
-0.009180414827624635
-0.010881593919399026
-0.02316327150831491
-0.009597832887987446
-0.045194638580622594
-0.010404718671671705
-0.08632399618051217
-0.020443778746912472
-0.0219091751196785
0.007728710816543643
-0.003213331448382277
-0.017079950076264925
-0.0070816742714167194
-0.021741636358578426
-0.013603046907564096
-0.0272669787037277
-0.006520571879765817
0.005301841646309105
-0.0027114636334932387
-0.02092371431233361
-0.006292838812100897
-0.0070816742714167194
-0.002737481288970603
0.0039570393996144594
-0.036586126439047205
-0.021800984464344156
-0.011961252838629957
-0.0017488706465476885
-0.02306208241769792
0.014783939004645896
-0.017079950076264925
-0.0024426110595285174
-0.016594396919188768
-0.010921209977576379
-0.009351948318997551
-0.026671760444941284
-0.010404718671671705
-0.01884856111076646
-0.009678040482018587
-0.01761320915680259
-0.014093155950182401
-0.002264330154101366
-0.013183431317580048
0.012354512978534835
0.0054727106625240725
-0.016195699954897582
-0.02128329383595573
-0.08632399618051217
-0.0025810437418993947
-0.0011986843447665517
-0.0057025714958161035
0.0033795359852271363
0.002282965172618777
-0.02379600366117957
-0.01938988553817832
-0.006304328903751148
0.0010284958097730452
0.0009054167711483599
-0.0024426110595285174
-0.009678040482018587
0.012354512978534835
-0.009180414827624635
0.004262270003332742
-0.0307988861127647
-0.006890872486382152
-0.00805753394229311
-0.06163880533733549
-0.00034581857559741827
-0.03875479325264157
-0.019331369918425864
0.0020400306831236214
-0.003462631477605725
0.005838985466849388
-0.004267472460632403
-0.009180414827624635
-0.007838656870862265
-0.02681958908623357
0.020097260818779477
-0.009048029038793077
-0.0021848453666867477
-0.030512649138059216
-0.012540771596755314
-0.0290120642930503
-0.023082255240704133
-0.01636901935496433
-0.022504260308715014
-0.014115897563372287
-0.006520571879765817
-0.011456804570539292
0.007728710816543643
-0.018951489397245197
-0.020472087703081156
-0.017654485315395412
-0.03211761001091948
0.0009054167711483599
-0.028226038575627103
0.009024593701812697
-0.014575915561709986
-0.00034581857559741827
-0.009360716641542845
-0.0027114636334932387
-0.004267472460632403
-0.0219091751196785
-0.00014461014388620011
-0.01636901935496433
-0.009713439434375037
-0.006465894055084352
-0.0307988861127647
-0.002780562556747336
0.00649455813460171
-0.014605666104520798
-0.00735550625195954
-0.0070816742714167194
-0.005886719029265421
-0.022950900016106765
-0.005910253557382762
0.0015522565890508412
-0.04814185914049398
0.017359514630798708
-0.01222485255316081
-0.014487429252373028
-0.011103873888204404
0.006712044539458381
-0.08632399618051217
-0.012092673875145983
-0.014229014063198138
-0.014834327523809476
0.0018620800943744968
-0.021741636358578426
-0.013183120534312892
-0.022457819935656955
-0.0045334285885166425
-0.014874055500142178
0.010704885057952626
-0.003649677278882419
0.00731406903901727
0.00649455813460171
-0.02304862807679912
-0.046704663620461766
-0.018009945937870822
0.02308487947392599
-0.017483123580775594
0.020652137959657996
-0.04030057267454288
-0.02709199528679032
0.0028445739732771034
0.000326196140742938
-0.03969618594863471
-0.008151127998698323
-0.027696113918239087
-0.02395840394245696
0.0008956957683596176
-0.03694373937998477
0.0039570393996144594
-0.03153466487983818
-0.014093155950182401
-0.013603046907564096
0.00532476488986699
0.0039570393996144594
-0.02379600366117957
-0.025411052051586627
-0.058056088799105066
-0.028049775529114886
-0.00710881805453099
-0.023435982369376933
0.006454500164373594
-0.00869430281273735
-0.007995385832345539
-0.014093155950182401
-0.00805753394229311
-0.014930387381677785
-0.019331369918425864
-0.006371536487181304
-0.021688284947191324
-0.01570503314346014
-0.02041873316024309
-0.01525709121958878
-0.033049998435360356
-0.002737481288970603
-0.003392090787890808
0.013077669038415922
-0.010881593919399026
-0.03507647353557597
-0.03657321711451023
-0.024997439587413756
-0.010881593919399026
0.005964895297153608
0.01963761561269794
0.0008269247381801171
-0.007838656870862265
-0.02695652423612524
0.0002729686309910981
-0.02379600366117957
-0.015118895700623108
-0.005714923872302129
0.0039570393996144594
-0.021372798965985387
-0.02284635065920131
-0.020472087703081156
-0.03694373937998477
-0.03153466487983818
0.0002729686309910981
-0.023621011146277994
0.0021875828955642044
-0.02306208241769792
-0.023435982369376933
0.013762211609783649
-0.019031950254714897
0.0094399605376462
0.00013884421168997848
-0.017201341527207693
-0.008403180643877857
0.010704885057952626
0.010321499126411088
-0.021372798965985387
-0.014093155950182401
-0.01118371906418468
-0.00710881805453099
-0.02504674840368865
-0.026671760444941284
-0.028626385768250943
0.0018620800943744968
-0.015118895700623108
-0.013917847383874912
-0.034506273572178565
-0.00805753394229311
-0.002737481288970603
-0.023112560543023353
-0.019331369918425864
0.027637063162656284
-0.01525709121958878
-0.009160750698930338
-0.004856446467829761
-0.01964388104874517
-0.0028061791623781
0.00649455813460171
-0.014954075191345386
-0.009045287474907215
-0.00011109275979748517
-0.014115897563372287
-0.022787130534581305
-0.018687384317351965
-0.021795382065972053
-0.08632399618051217
-0.011103873888204404
0.0007165385139011276
-0.006520571879765817
-0.024171152537162423
-0.00869430281273735
0.0023111535287673214
-0.01938988553817832
-0.023621011146277994
-0.014575915561709986
-0.014723922396906501
0.017359514630798708
-0.01568045920680524
-0.00710881805453099
-0.008867903962781733
-0.0025810437418993947
-0.025974131266152438
-0.00011109275979748517
-0.021954399628960293
-0.004965981540293246
0.005582895206429822
-0.004584581766346749
-0.029006347203966786
-0.01179822433972212
-0.00869430281273735
-0.018482780523558572
-0.009048029038793077
-0.027719693425401717
0.0025686579367467446
-0.025974131266152438
0.0020710125379758675
-0.0035670660946684864
-0.017654485315395412
-1.709403244667194e-05
-0.004965981540293246
-0.026453695494842482
-0.006405722738002657
-0.02695652423612524
-0.002004717684319831
0.009024593701812697
-0.04069017287806253
-0.0290120642930503
-0.004267472460632403
-0.017079950076264925
0.020097260818779477
-0.01587040839102295
-0.008124639610429207
0.012594370115676174
0.0028445739732771034
0.017328200578634795
-0.005714923872302129
-0.0003409628762603668
-0.0290120642930503
0.004262270003332742
-0.02284635065920131
-0.02776051531323057
-0.020518239326043287
-1.709403244667194e-05
-0.002004717684319831
-0.025411052051586627
-0.013463706514040424
-0.014428247626397933
-0.021800984464344156
-0.024997439587413756
-0.01308336844801233
-0.012345414761642127
0.05435035875043475
-0.03969618594863471
-0.02395840394245696
-0.010842113680420184
-0.006890872486382152
-0.03199540988391643
-0.01747562070994975
-0.03520888979553924
-0.017079950076264925
-0.026374733874517702
-0.03507647353557597
-0.011207897381990243
-0.0071819378283782724
-0.007826253609056158
