-0.05176764416361272
-0.01842309964039559
-0.009667706343736843
-0.011429983061195362
-0.061954484068441174
-0.01580295727183133
-0.041938531390770944
0.011298998134448221
-0.0520291480842356
-0.012066092818835717
-0.018151113652535803
-0.011906547572354875
-0.04275300607355522
-0.057696599054587704
0.013350673667644648
-0.028125234692989946
-0.040041454834369154
-0.02416107660872571
-0.005967155465361012
-0.042065259720708015
-0.003954620241833069
-0.044548891635559654
-0.018379766860546595
-0.03495150055454572
-0.018518233333365268
-0.03089009466980788
-0.006452828146493083
-0.03665124010986362
-0.03894181841041562
-0.05299875667892407
-0.016005405779140874
-0.006048001332918448
-0.012481825123300877
0.01427341069818215
-0.0028548197486324635
-0.0408634761925365
-0.028971724416029302
-0.008411695136726169
-0.03969979960922208
-0.036997856223297584
-0.016958204875354776
-0.053832578975459074
0.00014348328163513863
-0.026510032105917167
-0.025816070375651354
-0.021627052114278695
-0.036122360286848836
-0.0034711015697064707
-0.015259361144193448
-0.009074364373387848
-0.00025633731885154866
-0.059505304321535744
-0.030933300727691303
-0.019118855009277444
-0.0028548197486324635
-0.0034711015697064707
-0.03525792466166443
-0.02783481251439771
-0.04409545102388164
-0.012359283642149247
-0.005263134385149208
-0.026081199292989164
-0.029030847821702274
-0.03339579255389174
-0.017626280161015567
-0.03665124010986362
-0.044548891635559654
-0.030182340299802195
-0.01828605796245236
0.006167015448017866
-0.016448502507664466
-0.05292115893449127
-0.03135646183485217
-0.01848373024357562
-0.01545871482026676
-0.03399253435277583
-0.033174279662566225
-0.029843513079493046
-0.005988623674725086
0.051400952768027676
-0.012270860926784423
-0.05941897745002061
-0.05121308103481024
0.002695788138047536
0.0008527223854030893
-0.020522391756220813
-0.030633208245865896
-0.03101328654449772
-0.024863433217737152
-0.027282139164663457
-0.00937031903170661
-0.009360901749330488
-0.012066092818835717
0.008122990144760043
-0.011146168033157607
0.001562916666216569
-0.03140545258053399
0.001562916666216569
-0.03135646183485217
-0.05338167213398101
-0.040130024613737894
-0.033174279662566225
-0.020604624062447983
-0.019928981194348917
-0.027198844859000953
-0.09103066819096002
-0.031110643289131285
-0.018996457596527943
-0.04023691799525863
-0.009326868699669852
-0.023226856050564026
-0.03939491362394264
0.002738326006346374
-0.04556573105910162
-0.032653779244891226
-0.010384449077752272
-0.030870552872713414
-0.010551098219066999
-0.03891048235959303
-0.026420580237087214
-0.03899154194281814
-0.01950660166434887
-0.0035052467561331336
-0.015587439416999213
-0.0593782175804087
-0.036997856223297584
-0.025319898561464358
-0.009360901749330488
-0.0012854416047356264
-0.01852351157503557
-0.006729003390923028
-0.04408835216210011
0.00787044580442419
-0.025117466145890235
-0.006729003390923028
-0.017500714025437163
-0.09071984352460875
0.004388716027885286
-0.031091409281481682
-0.03359144244396407
-0.002813575952524012
-0.03169445703293319
-0.042065259720708015
-0.030170773221068016
0.03806474338049094
-0.04373913378942653
-0.017132041033635508
-0.0005070037677012334
-0.03218741537295296
-0.0082568315061126
-0.02204996260779255
-0.03525792466166443
-0.015377020746488173
-0.013622897400295632
-0.0017639997178271142
-0.06010943782575298
-0.03870980707787589
-0.009909756648082552
0.006585697986466921
-0.028347340217157884
-0.010088244148736008
-0.03929003202583106
-0.01737954761322204
-0.0199951019403333
-0.019837895250159335
-0.005271318178500314
-0.02892076853466317
-0.028460057347978195
-0.019055302317721762
-0.034532779056299354
-0.024225611152115918
-0.03619853081521118
-0.019072150136121437
-0.017941500981366258
-0.02359788006491957
-0.017903990292723607
-0.021880429631966267
-0.019355825270486418
-0.0056400510409981815
-0.052213930715479216
-0.012893612471541135
-0.017330059679864198
-0.034873740837078206
0.004141731417931584
-0.008178340867822624
-0.004418998858430978
-0.015624452532233506
0.0026635425460770088
-0.02281783818001687
-0.04563431101310323
-0.013538197457563978
-0.02194472005332286
-0.006048001332918448
-0.0035052467561331336
-0.004576988843517502
-0.024518210498652604
-0.023638748640686096
-0.021231612236821983
-0.04315832194518287
-0.03682170263632059
-0.004479927339793443
-0.055734703525006014
-0.030275167119178284
0.06674907027282108
-0.02416107660872571
-0.03234207771057301
-0.0056400510409981815
-0.052656504025557604
0.02629811385664812
-0.022699385148822342
0.008860167733776708
-0.005418173258348641
-0.008070632334876194
-0.029313299253794292
-0.006680121633877243
-0.025816070375651354
-0.02440671025307632
-0.03140545258053399
0.0017814129848749225
-0.007918344896363748
-0.047076354722542436
-0.01838154371601179
0.012198537885792622
-0.026974307506903616
-0.011024191897183443
-0.004393575870863502
-0.030945530876571294
-0.01883133348268802
-0.013552953746478988
-0.0231602640788
-0.03439762114772899
-0.07119434975645246
-0.02109369458676849
-0.02923089956435847
-0.03234207771057301
-0.017941500981366258
-0.034873740837078206
-0.027258197119155423
0.019237788434363686
-0.025578078553262055
-0.021837231218397042
-0.017129126385774792
-0.03205032923302634
-0.023137848802154797
-0.04373913378942653
-0.020322101931592035
0.005869427274482397
-0.032653779244891226
0.021815917259912162
-0.011520022683226374
-0.04208057810322553
-0.007918344896363748
-0.025628998016949563
-0.03894181841041562
-0.051536081555536815
-0.04409545102388164
-0.0054363642419761994
-0.03216658878948153
-0.02657404045954158
-0.012359283642149247
-0.022670621307552985
-0.020079677643581463
-0.009909756648082552
-0.03399253435277583
-0.016451350814278613
-0.01839272128572977
-0.04886132961592186
0.00865235251703784
-0.03681029027494724
-0.0059174700960463456
0.019470683380797445
-0.028982697963908226
-0.026444170196803386
-0.017158819650721583
-0.03108723143764148
-0.018875854462991698
-0.021554671603877678
-0.031879416525797746
-0.039413120472180894
-0.036930576732575146
0.01591440294003795
-0.05131971806990539
-0.02359788006491957
-0.026485994474928807
-0.012614387323602937
-0.017691552075724055
-0.03929003202583106
-0.02349261449142144
-0.030633208245865896
-0.052213930715479216
-0.017903990292723607
-0.015831846178331038
-0.02282111268707956
0.0001729085148217437
0.0019479219378129274
-0.023227158404529945
-0.032703295740011816
-0.033174279662566225
-0.03274012995148721
-0.018084666881723718
-0.05973614890967379
-0.018610683228395593
-0.029811165015774164
-0.041845827862208286
-0.04222644436202545
-0.022368444051096458
-0.016552031824008807
-0.02346060785112362
-0.010384449077752272
-0.03075318314990662
-0.011664723791040933
-0.03399253435277583
-0.01851836491096582
-0.032797492348332895
-0.012481825123300877
-0.030876812431058345
-0.019837895250159335
-0.01802783039543769
-0.0056400510409981815
-0.009835940699694862
-0.01674166109998515
-0.052462032671658554
-0.04252713579226553
-0.0333526646242299
-0.0012854416047356264
-0.03724918145256199
0.0034603034352612134
-0.01674166109998515
-0.018891471946786764
-0.027890001119780555
-0.0320579928350586
-0.023638748640686096
-0.038183918096768715
0.01591440294003795
-0.042065259720708015
-0.03291786923694631
-0.03969979960922208
-0.04886132961592186
-0.028383613959113846
-0.020604624062447983
-0.029876059880468184
-0.042574850503806085
-0.008750994263173262
-0.0032045052718687526
-0.03922068567829632
-0.03415415047094489
-0.017941500981366258
-0.02366980543852167
-0.02902559379728994
-0.018084666881723718
-0.03922068567829632
-0.03993664781339108
-0.042844819998030165
-0.006680121633877243
-0.007611792819556523
-0.011429983061195362
-0.046758610299889425
-0.019265865448170764
-0.016328407785631646
-0.024518210498652604
-0.013543473122588433
-0.028297398548762433
0.002132441099824006
-0.027981970058310254
-0.022871596067398907
-0.020972399295247742
-0.01258683527939365
-0.04208057810322553
-0.02765636496923141
-0.010050779493112155
-0.013538197457563978
0.0073090985888341125
-0.05520540142295352
-0.0009590040199049838
-0.038030027316407436
-0.035992604108097875
-0.013319426601445855
-0.016849632579723436
-0.03324172609319382
-0.01221941735265095
-0.020095036965455042
0.0013582953360438863
-0.02555389178396003
-0.04381019328366575
-0.02821879139875558
-0.012481825123300877
-0.0029014162800284236
-0.0377547386183857
-0.018696328840730712
-0.0006539202059815405
-0.02045049997199703
-0.01950660166434887
-0.03230147686825611
-0.018610683228395593
-0.041693654757414766
-0.020463556752973268
-0.008070632334876194
-0.012670388240963247
-0.012066092818835717
-0.025476090173933073
-0.029089719672919182
0.01591440294003795
-0.04593633685140443
0.02650553964121392
-0.0408634761925365
-0.018219775174308065
-0.03899154194281814
-0.0009574404050416078
-0.00937031903170661
-0.024645313545231556
-0.023602847852294575
-0.03345166141534796
-0.0287596467414111
-0.039315784804040146
0.013232001714983512
-0.04594839555579439
-0.02632508294164813
-0.017454295199902457
-0.03089009466980788
-0.05195921318292287
-0.05292115893449127
-0.03355334916887274
-0.036391535902280975
-0.025910193296335277
-0.044494864389884294
-0.03187978986175615
-0.0036325204152492124
-0.052656504025557604
-0.06332130085578792
0.0003861654213315401
-0.004243284938846276
-0.041709250138942146
-0.03894181841041562
-0.015587439416999213
-0.028109639517928005
-0.0280126518428652
-0.029811165015774164
-0.03307403010648939
-0.03681029027494724
-0.023536703438432175
0.0013582953360438863
-0.023846270035729887
-0.023126101778233144
-0.007285414210301668
-0.05121308103481024
0.004609298357259206
-0.023226856050564026
-0.023227158404529945
-0.0022998974170199884
-0.030870552872713414
-0.027689280206294645
-0.0027663365348025225
0.006410503234814078
-0.021551247690274635
-0.01674166109998515
-0.020255003890366136
-0.025957418778687198
-0.01674166109998515
-0.04862470816853396
-0.02866950648479154
0.012198537885792622
7.815675988282409e-05
-0.014939900083711037
-0.02101519190830647
-0.022290618446571465
-0.016399829953418564
-0.007611792819556523
-0.028971724416029302
-0.006189102193613654
-0.04188258120580685
-0.029336648598531398
-0.016741767046158647
-0.02410703982191534
-0.02923089956435847
-0.029811165015774164
-0.03681029027494724
-0.0199951019403333
-0.02410703982191534
-0.002228969806185402
-0.0287596467414111
-0.04399583993777572
-0.03440225784001269
-0.0029014162800284236
-0.02969987369467823
-0.019055302317721762
-0.016849632579723436
-0.032984278961539375
-0.014983965163332008
-0.008070632334876194
-0.010032185008597913
-0.010859170858169022
-0.012481825123300877
-0.012071599437636976
-0.03525792466166443
0.03936118784062484
-0.022143418013175892
0.024528868420719847
-0.012926928497591587
0.008860167733776708
-0.02632508294164813
0.006607751148422214
-0.04658431024380974
-0.04076826327188379
-0.019467117732982445
-0.026754401419177544
-0.022842662744804294
-0.0520291480842356
-0.016958204875354776
-0.0320579928350586
-0.03870980707787589
-0.018668904765711595
-0.005263134385149208
0.03150029428763102
-0.04658431024380974
0.01139917916312945
-0.014925808110085289
-0.027981970058310254
-0.011594257410181967
0.001124269304126707
-0.043882553223191005
-0.05176764416361272
-0.031091409281481682
-0.03444896557220767
-0.041479245747952066
-0.02657404045954158
-0.030591450704725007
-0.05338167213398101
0.004109103811762557
-0.022670621307552985
-0.018219775174308065
-0.027633666969629874
-0.02496298601764057
-0.005742264034443695
0.0041146440159725295
-0.021880429631966267
-0.010978180430721728
-0.014200522347777316
-0.027689280206294645
-0.025476090173933073
-0.015624452532233506
-0.0287596467414111
-0.052796293368643124
-0.021231612236821983
-0.011916888550188675
-0.01863366207473464
0.01427341069818215
-0.01903357092244654
-0.03994440585505477
0.00014348328163513863
-0.004703411602368929
-0.027096591069460337
-0.06495760247273312
-0.014780187071743523
-0.01845033586343007
-0.006739350504955844
-0.026710672726961315
-0.06332130085578792
0.02008051301627793
-0.033649887933533365
-0.014648495251322264
0.0005524689126236132
-0.01802783039543769
-0.023991374941164788
-0.015420760987082912
-0.015859830078029682
-0.028142308611994682
-0.00937031903170661
-0.0408634761925365
-0.020707396039971678
-0.02774869190835737
-0.03465966898152245
-0.04221969792828379
-0.032588112117893975
-0.007611792819556523
-0.041693654757414766
-0.07572512396252679
-0.00824472521309777
-0.04373913378942653
-0.061954484068441174
-0.0005651087180514487
0.010992867624805126
-0.0333526646242299
-0.05172019295554662
-0.01883133348268802
-0.03604923557074538
-0.016461925049852597
-0.028673946350427134
-0.03316000304824954
-0.03985203912403202
-0.01946086555292305
-0.03381296885623584
-0.027689280206294645
-0.010851562990428762
-0.04658431024380974
0.03936118784062484
-0.004703411602368929
-0.01466832004157823
-0.041938531390770944
-0.02349261449142144
-0.027454382059287116
-0.016328407785631646
-0.006016184640659877
-0.03993664781339108
-0.005271318178500314
-0.0013958868313781224
-0.019783451304011625
0.005021580722476842
-0.0289196532734311
-0.0016031183049953811
-0.012209052575858595
-0.04266313747832389
-0.010815737952674405
-0.03803924341036625
-0.028383613959113846
0.005869427274482397
-0.019928981194348917
-0.014780187071743523
0.010444451490793831
-0.03958583572036992
-0.020084837827230227
-0.017398725947225968
-0.009909756648082552
-0.004539019800795171
-0.006835528353098075
-0.008428428831922569
-0.023137848802154797
-0.026734860955040518
-0.044548891635559654
-0.04563431101310323
-0.03894181841041562
-0.013538197457563978
-0.02208438893617613
-0.0044006730800463766
-0.010861099723860767
-0.034984790359192636
-0.01948932627459969
-0.011916888550188675
-0.016328879950739138
-0.02208438893617613
-0.0333526646242299
-0.003493659390735428
-0.07805299375135695
-0.01711353628840227
-0.006680121633877243
-0.042065259720708015
-0.02596264504292532
-0.020457955556902465
-0.0009574404050416078
-0.026420580237087214
7.191849290665742e-05
-0.005244427647371933
-0.018581359571707045
-0.033174279662566225
-0.014200522347777316
-0.023361887520295197
-0.018151113652535803
0.006167015448017866
-0.005948117542490853
-0.016137352196376274
-0.04992969566231389
-0.04104774858055029
-0.02299251112769272
-0.005863065128232274
-0.007918344896363748
-0.017055097630406937
-0.04948696969705533
0.013231745197037457
-0.018875854462991698
-0.02361640957187561
-0.029041485456662113
-0.022143418013175892
-0.0320579928350586
0.023849513703207724
-0.0388876642453634
-0.019467117732982445
-0.006680121633877243
-0.01227202442978642
-0.005967155465361012
-0.01406812246625398
-0.012254751651567081
0.026038724805792283
-0.059505304321535744
-0.012127814572267926
-0.04658431024380974
-0.011916888550188675
-0.019055302317721762
-0.007611792819556523
-0.05121308103481024
-0.04159457760467291
-0.029289276764377495
-0.018084666881723718
-0.022670621307552985
-0.02061020236754235
-0.005886759634430078
-0.029668681283984456
-0.02783481251439771
-0.04809791598088015
-0.03393128570687754
-0.023780521784877676
0.002738326006346374
-0.029336648598531398
-0.02349261449142144
-0.01838154371601179
-0.016328407785631646
-0.007762515182177069
-0.02892076853466317
-0.019265865448170764
-0.019265865448170764
-0.03739433851968119
-0.0082568315061126
-0.013930898132069646
-0.01838154371601179
-0.010186203828324652
-0.020261789071809654
-0.013751756865220168
-0.02366980543852167
-0.017520089976895036
-0.027258197119155423
-0.018668904765711595
0.0010810309579987291
-0.06395046010901607
-0.04373913378942653
-0.04124520960621327
-0.035992604108097875
-0.015831846178331038
-0.013622897400295632
-0.014489583886145418
-0.007918344896363748
0.004274276074462906
-0.011146168033157607
-0.029336648598531398
-0.0404329044130398
-0.03958583572036992
-0.030170773221068016
-0.04480802608271225
-0.03875100006600925
-0.01852351157503557
-0.01083279220749652
-0.015823101022650138
-0.022670621307552985
-0.036903618442816956
-0.0404329044130398
-0.04260513689882519
0.0005168156966437097
-0.013930898132069646
-0.026734860955040518
0.007048323332073039
-0.052213930715479216
-0.020261789071809654
-0.03394041280999239
-0.0012384195337112
-0.027258197119155423
-0.004576988843517502
-0.015587439416999213
-0.029811165015774164
0.02284680183722899
-0.024176975931575608
-0.030680137230806995
0.026419859380549065
-0.003187058073170512
-0.0082906992624618
-0.030680137230806995
-0.022143418013175892
0.012272158590115998
-0.013850848050226945
-0.029876059880468184
-0.013037555685390672
-0.025628998016949563
-0.0593782175804087
-0.041709250138942146
-0.035992604108097875
-0.010088244148736008
-0.025857058557583728
-0.045409779584717674
-0.030385004980065067
-0.01948932627459969
-0.05524533311160748
-0.004527935140409344
-0.0388876642453634
-0.042844819998030165
-0.006121591491339629
-0.013538197457563978
-0.028931405488542596
-0.022735912567910164
-0.025476090173933073
0.0006613353126615276
-0.012505191664758893
-0.006914067965193914
-0.049178602422184525
-0.0377547386183857
-0.041479245747952066
0.005869427274482397
-0.03682170263632059
0.0002576714367225743
-0.01602998541433192
0.004216035604391968
-0.0418711559662848
-0.009259696676333333
-0.027952387767342702
-0.03274012995148721
-0.0231602640788
-0.04159457760467291
-0.021785255557107166
-0.04283641921433549
-0.028178911254092887
-0.03605355643458852
-0.01944713446349753
-0.019462298904848848
-0.03870980707787589
-0.013001417062806822
0.0041146440159725295
-0.007373062691080182
-0.05172019295554662
-0.033591547162103864
-0.016974899093847955
-0.02384504995642402
-0.017626280161015567
-0.03993664781339108
-0.026974307506903616
-0.025622609950188547
-0.06144426106228008
-0.049280543972696524
-0.01948932627459969
0.0006613353126615276
-0.008070632334876194
-0.030958605073985266
-0.019265865448170764
0.02629811385664812
-0.025711651407861913
0.020934196625711363
-0.0082906992624618
-0.002120536835280639
-0.03681029027494724
-0.026710672726961315
-0.052796293368643124
-0.017132041033635508
-0.02045049997199703
-0.03307403010648939
-0.011594257410181967
-0.021400578395798005
-0.012688408497703441
-0.0325862488187097
-0.03684913606798254
-0.020421802328367017
-0.003954620241833069
-0.023137848802154797
-0.03187978986175615
-0.02127813324737773
-0.005244427647371933
-0.005268217555481163
-0.03891048235959303
-0.006452828146493083
0.007048323332073039
-0.012670388240963247
-0.04124520960621327
-0.03180335996251778
-0.05143117915162505
-0.03682170263632059
0.0041146440159725295
-0.01946790937038862
-0.03557323738762372
0.004210899438882885
0.026038724805792283
-0.036997856223297584
-0.006914067965193914
-0.045813616337419566
-0.004243284938846276
0.014995808345133194
-0.028998629026047468
-0.02798745979824035
-0.029811165015774164
-0.029043201100049213
-0.023638748640686096
-0.04658431024380974
-0.006474628243344936
0.004141731417931584
-0.02969987369467823
-0.04222644436202545
-0.036930576732575146
-0.023991374941164788
0.011356413386948122
-0.027890001119780555
-0.04549889132906591
0.004216035604391968
-0.03387945436101065
-0.04154122542882796
0.024378032476372897
-0.03634508012543838
-0.02431305079065902
-0.03682170263632059
-0.01839272128572977
-0.016189207994298672
-0.05662493003104448
-0.007611792819556523
-0.019118855009277444
0.005021580722476842
-0.018219775174308065
-0.0404329044130398
-0.005593237295480167
-0.026974307506903616
-0.0287596467414111
-0.05292115893449127
0.00028888888574803135
-0.03568275850686992
-0.018379766860546595
-0.021231612236821983
-0.01863366207473464
0.0026635425460770088
-0.04221969792828379
0.005869427274482397
-0.05845089242111626
-0.006835528353098075
-0.01711353628840227
-0.03359144244396407
-0.004703411602368929
-0.019858658300727635
-0.028407520551356737
-0.01863366207473464
-0.06307965560288521
-0.02101519190830647
0.0005524689126236132
-0.013534169605053024
0.006167015448017866
-0.016448502507664466
0.0001729085148217437
-0.016722009902929942
-0.04159457760467291
-0.023380260043750677
-0.025816070375651354
-0.019948069097137092
-0.016353249612335898
0.01591440294003795
-0.004030098582452277
-0.022188944047003053
-0.016461925049852597
-0.010384449077752272
-0.012270860926784423
-0.03450324497954289
0.004388716027885286
-0.07027343987977708
-0.01221941735265095
-0.03684913606798254
-0.03444896557220767
-0.005263134385149208
-0.032588112117893975
-0.006121591491339629
-0.015241882327641034
-0.019811783247031676
-0.01737954761322204
-0.023638748640686096
-0.03604923557074538
-0.009835940699694862
-0.012127814572267926
-0.006729003390923028
-0.011520022683226374
-0.010851562990428762
-0.023602847852294575
0.009801099755073372
-7.079817836948634e-05
-0.004418998858430978
-0.01871287520962108
-0.032701712240724164
-0.029843513079493046
-0.01767202618051909
-0.029041485456662113
-0.012209052575858595
-0.01760236877392657
-0.021839028606976087
-0.029658662095623813
-0.016448502507664466
-0.03439762114772899
-0.013538197457563978
0.0046901260538371155
0.006167015448017866
-0.01951295615355262
-0.036903618442816956
-0.005244427647371933
-0.020457955556902465
0.004109103811762557
-0.02416107660872571
-0.030837728047225014
-0.04594839555579439
-0.023448159709378216
-0.00659037077480055
-0.05299875667892407
-0.026236820553311425
-0.027952387767342702
-0.010551098219066999
-0.020981927418914945
0.004109103811762557
-0.021554671603877678
-0.028112641163644488
-0.02299251112769272
-0.06646022382739786
-0.03891048235959303
-0.04563431101310323
-0.020502744295870273
-0.05407581463150876
-0.007762515182177069
-0.03693598738441554
