-0.007644767626589572
-0.01051433319784262
-0.008970375097150676
-0.006087887255833041
-0.010270709480886545
-0.010630016398627078
-0.01604023809415931
0.01394343376182329
-0.014437852509732924
-0.036205223474725386
-0.009759623795240265
-0.006752090802244383
-0.01950504881997815
-0.041471752609395604
-0.027230949476182445
-0.020887186894659893
0.0007024530876198339
-0.0053294631206873624
-0.0019078776623782882
-0.02299676603431278
0.010993057072872512
0.013423517714537932
0.006071090922679024
-0.02446084223262581
-0.03623205030192726
-0.02062867006485669
0.0023753487786030594
-0.044482153615725224
-0.01697500173435258
-0.039548289173448214
-0.02299676603431278
-0.018179553175632423
-0.009318416387286404
0.016226487184582385
-0.03255894930629807
-0.02734492031153517
0.0005805590961169735
-0.018352822125590425
-0.016477756127864257
-0.006087887255833041
0.014645037077406456
0.002526885004116364
-0.012836496162431339
-0.027306108559742106
-0.007840773058021685
-0.017947754468998343
-0.0007046850434737525
-0.027219290851799607
-0.024760914618625292
0.013656431705586348
-0.029087128370175738
-0.016876554634660243
-0.020376669414295705
-0.012910668378266373
-0.01590517038902116
-0.026394401126858615
-0.00953140498236645
-0.01565346886350749
-0.016161654046270596
-0.01698412226763188
-0.006320687211718455
-0.014752557052342404
-0.015857541422309742
-0.022860633202945558
-0.007445628653217663
-0.006985405471176626
0.0012473840736371416
0.0023753487786030594
-0.018113126842742296
-0.044777580396711855
-0.0053294631206873624
0.020108285976013083
-0.019319024772103975
0.0016287440669945188
-0.02515585691072007
-0.010929550196749092
-0.021750223563829385
-0.026162142478301564
-0.025343414087427556
0.0007024530876198339
-0.0001902738845544005
-0.0302321596124335
-0.023225621047788712
-0.009562200926424557
-0.03229578735739326
-0.015857541422309742
-0.02170444683332696
-0.007682334498345011
-0.02034988173476323
-0.0256795136908778
0.0008876878130897187
-0.05038658112138433
-0.012792227099896528
0.001889307133290608
-0.006423902925329924
-0.014859102448403364
-0.021014692778779185
-0.013678783754041742
0.0012473840736371416
-0.009259565064584353
-0.018179553175632423
-0.03318545175274913
-0.013219920192261704
-0.025339585998618495
-0.012298374699540444
-0.004086624256086779
0.0037181707876128324
-0.015870742000457752
-0.006423902925329924
-0.01565346886350749
-0.022258685257915026
-0.041471752609395604
-0.016012301632930076
-0.024987565505223287
-0.04378935726707379
-0.011772463107790012
-0.02734492031153517
-0.020376669414295705
-0.027306108559742106
-0.018170114291471376
-0.03577703540954111
0.010993057072872512
-0.004218508534101066
-0.011772463107790012
-0.012025191744542025
-0.030192056031080886
0.0019069018815592329
0.011264106953485675
-0.013219920192261704
-0.01055780856517932
-0.006320687211718455
-0.014615201355486293
-0.007145652109760374
0.034229309890252885
-0.007445628653217663
-0.023472376854365814
-0.02034988173476323
-0.010447980074193453
-0.007145652109760374
-0.046543027421898614
-0.029087128370175738
0.007189995935958907
-0.01604023809415931
-0.017101830185611244
-0.0019542155053751667
0.005287138210714007
0.014112111198596984
-0.021808977763164487
-0.05038658112138433
0.015483201304721774
-0.0034852166043349455
-0.001825698055671442
-0.0005985932691178058
-0.01553431895491016
-0.020923826109785063
-0.009649345667843888
-0.0279842530066769
-0.030501633975183243
0.013423517714537932
-0.01565346886350749
-0.06176297770249701
0.00033294799617347427
-0.007445628653217663
0.019587121295907294
-0.017269147070287295
0.007753365006677427
-0.001825698055671442
-0.0031166201882932235
-0.012792227099896528
-0.041471752609395604
-0.027306108559742106
-0.03669279295981557
-0.0031166201882932235
-0.011808430814158175
-0.013190453573111344
-0.009446496884505084
-0.022826983130487928
-0.008672092132381778
-0.046543027421898614
-0.02457688385559889
-0.021114901674593563
-0.04804708525179081
-0.000784592138836569
-0.024715215349091595
-0.005506526462484947
-0.003826542646678566
-0.016071133281026415
0.029241029918322992
-0.007840773058021685
-0.008970375097150676
-0.01932949902853096
-0.04378935726707379
-0.026263118513710878
-0.02170444683332696
-0.009272380029962531
0.03175603896411533
0.00033294799617347427
-0.028641472876295607
-0.009546581582932805
-0.026430925754017683
0.007189995935958907
-0.014437852509732924
-0.0014559272727703988
-0.023472376854365814
0.009207244238351231
-0.003134464133773764
-0.010754300074210861
-0.042246030198205414
-0.044482153615725224
-0.04881075668300187
-0.007383779200019143
-0.011865790711581097
0.001889307133290608
-0.07413235259025344
-0.026546489618978757
-0.001825698055671442
-0.027306108559742106
-0.014859102448403364
-0.014241073737240022
-0.021750223563829385
-0.001225546108517499
-0.028330856323579397
-0.0313796222664278
-0.028781714520300046
-0.003661259936622397
-0.021750333878944844
-0.008671450306730668
-0.006423902925329924
0.009738540422364555
0.006071090922679024
0.013656431705586348
-0.0148915053157474
-0.036205223474725386
-0.020326198935656417
-0.024400918201304564
-0.021750333878944844
-0.013639282439495139
-0.024400918201304564
-0.026546489618978757
-0.012298374699540444
-0.028217322311690073
0.005309690175455586
-0.001825698055671442
-0.013842908785499743
-0.01932949902853096
-0.001825698055671442
-0.024715215349091595
-0.021749964288265842
-0.01950504881997815
0.010761092327199519
-0.021114901674593563
-0.018979537271629716
-0.018979537271629716
-0.033743769920822064
-0.007682334498345011
-0.03067853672234391
-0.009546581582932805
-0.020326198935656417
-0.007644767626589572
-0.011150962568002317
-0.0014559272727703988
-0.018113126842742296
0.023950739048020968
0.0007024530876198339
-0.004299813909634465
-0.02062867006485669
-0.007644767626589572
0.029241029918322992
-0.020719795904192335
-0.025381225372139417
-0.011987871104995553
0.008477430061196155
-0.016683447966774935
-0.005497032431055912
-0.0279842530066769
-0.0011064341145141834
-0.016347227207226075
-0.016683447966774935
-0.02112952276505202
-0.028781714520300046
-0.016779140062647722
-0.014752557052342404
-0.01698412226763188
0.011264106953485675
-0.003134464133773764
0.029241029918322992
0.00971157808256241
-0.039548289173448214
0.0034940539049977378
-0.006423902925329924
-0.057334755540660275
-0.013639282439495139
-0.006423902925329924
-0.015399007522212651
-0.026546489618978757
-0.026139304430861036
-0.016876554634660243
0.00033294799617347427
-0.0016962774666338823
-0.023399307128601842
-0.020929564184120023
-0.00920654348741969
-0.0014385420940144797
0.029241029918322992
-0.013219920192261704
-0.0034852166043349455
0.0015111682284563847
-0.024987565505223287
-0.005950363640798104
0.014112111198596984
0.00971157808256241
-0.009918332212914445
-0.014478919094119134
-0.04747680735739969
0.015982994625281452
-0.0037999483784553934
-0.055635134670818716
-0.029571281828846312
0.010905344869814641
0.002901530658070704
-0.011484070656376697
-0.034296737211906236
-0.02112952276505202
-0.015870742000457752
-0.007383779200019143
-0.018113126842742296
-0.02062867006485669
-0.010929550196749092
-0.0142436415334539
-0.027362836898185833
-0.034296737211906236
-0.018113795891929376
-0.027219290851799607
0.006071090922679024
-0.001956156046207335
-0.0016962774666338823
0.004621927287934643
-0.022258685257915026
0.03175603896411533
-0.01932949902853096
-0.04494538594096588
-0.007894365911104003
-0.00772942474819062
-0.0014559272727703988
0.002901530658070704
-0.000784592138836569
-0.01565346886350749
-0.05038658112138433
-0.07413235259025344
-0.042246030198205414
-0.021750223563829385
-0.018352822125590425
0.024416351939562646
-0.025343414087427556
-0.01051433319784262
-0.02170444683332696
-0.06176297770249701
0.009738540422364555
-0.027362836898185833
-0.009857340824351118
-0.0279842530066769
-0.05038658112138433
-0.017496696791214125
-0.029571281828846312
0.002901530658070704
-0.014615201355486293
0.013423517714537932
-0.036205223474725386
0.009738540422364555
-0.07413235259025344
-0.016347227207226075
0.007753365006677427
0.014112111198596984
-0.024715215349091595
-0.007445628653217663
-0.015870742000457752
0.003222559640811974
-0.0005985932691178058
-0.018170114291471376
-0.04378935726707379
-0.020929564184120023
-0.025339585998618495
-0.018170114291471376
0.0034940539049977378
-0.02457688385559889
-0.026546489618978757
-0.04035499613518618
0.0015111682284563847
-0.006567668276180073
-0.0019078776623782882
-0.07413235259025344
0.019338091826353817
-0.009838311265230769
-0.017269147070287295
-0.01950504881997815
-0.02034988173476323
-0.014233761930301148
-0.03255894930629807
-0.031729000126472146
0.000660832089122339
-0.023399307128601842
-0.03872092507357184
-0.013587107474327
-0.009562200926424557
-0.010270709480886545
0.000660832089122339
0.0010121408989378637
-0.009894047316367055
-0.009546581582932805
0.001889307133290608
-0.009759623795240265
-0.001225546108517499
-0.026394401126858615
-0.003134464133773764
0.014112111198596984
0.008477430061196155
-0.006107491542578388
-0.016683447966774935
0.001889307133290608
-0.0011064341145141834
0.006071090922679024
0.014279778499734478
-0.008263936183994808
-0.014478919094119134
-0.003134464133773764
0.005287138210714007
-0.004465554960394679
0.0008876878130897187
-0.006735267128249561
0.002179546508216337
-0.012651417513590271
-0.05075190149410832
0.004621927287934643
-0.009272380029962531
-0.006107491542578388
-0.017947754468998343
-0.012836496162431339
-0.003799957764222746
-0.04246847191518985
-0.03657065492546854
-0.0256795136908778
-0.014241073737240022
0.013656431705586348
-0.006752090802244383
-0.07413235259025344
0.014645037077406456
-0.036205223474725386
-0.018979537271629716
-0.020929564184120023
-0.04378935726707379
-0.01697500173435258
-0.002184549450296731
-0.012907922428737095
-0.013678783754041742
-0.0023408492285229205
0.01394343376182329
-0.0256795136908778
-0.020206363475962618
-0.08245306934691328
0.008181967098411506
-0.012836496162431339
-0.014859102448403364
0.0019069018815592329
-0.021750223563829385
-0.00953140498236645
0.010761092327199519
-0.04494538594096588
-0.003826542646678566
-0.024826909036447173
-0.003799957764222746
-0.0001902738845544005
-0.018352822125590425
0.002968460685015907
-0.0034852166043349455
-0.03577703540954111
0.009207244238351231
-0.012478081160116537
-0.020206363475962618
0.010761092327199519
-0.014615201355486293
-0.02515585691072007
-0.031729000126472146
-0.021750333878944844
-0.009838311265230769
0.010905344869814641
-0.016771771453337442
-0.009259565064584353
-0.009546581582932805
0.015483201304721774
0.002526885004116364
-0.0005985932691178058
-0.004218508534101066
-0.021941477405252537
-0.012651417513590271
-0.018408537718274613
-0.0148915053157474
-0.0026055307454408787
0.0012473840736371416
-0.003661259936622397
-0.013292816215065164
0.020702883414158418
-0.07413235259025344
-0.04246847191518985
-0.016161654046270596
-0.0156324244723835
-0.012478081160116537
-0.021014692778779185
-0.020376669414295705
-0.01888654062689988
0.010905344869814641
-0.026139304430861036
-0.036205223474725386
-0.0005985932691178058
-0.046543027421898614
-0.013292816215065164
-0.04180365578490482
-0.02515585691072007
-0.009562200926424557
-0.012298374699540444
0.0034940539049977378
0.014112111198596984
0.001889307133290608
0.014279778499734478
-0.044777580396711855
-0.026263118513710878
0.007189995935958907
-0.011772463107790012
-0.003799957764222746
-0.031893680641932175
-0.0019078776623782882
-0.014241073737240022
-0.021808977763164487
-0.001956156046207335
-0.02561941052149626
0.0015177948495521789
0.03326952480409198
0.0007944215154014915
-0.012298374699540444
-0.020887186894659893
-0.021114901674593563
-0.04804708525179081
-0.0037999483784553934
0.026738779311456143
-0.004773290348364106
-0.05038658112138433
-0.017101830185611244
-0.018179553175632423
-0.017496696791214125
-0.033743769920822064
-0.007644767626589572
-0.018170114291471376
-0.002199919768270719
0.0005805590961169735
-0.013190453573111344
0.013656431705586348
-0.010630016398627078
-0.0034852166043349455
-0.005559274115091987
0.017201424997188856
0.0008876878130897187
-0.022407574721352505
-0.021750333878944844
-0.06176297770249701
-0.009259565064584353
-0.026394401126858615
-0.024400918201304564
-0.014437852509732924
-0.0019542155053751667
-0.04378935726707379
0.010993057072872512
0.004621927287934643
-0.016891916178343125
0.004621927287934643
-0.016876554634660243
-0.015024971570277898
-0.028781714520300046
-0.004218508534101066
0.001976135350167736
-0.007445628653217663
-0.0034852166043349455
0.009368563337131002
-0.021770647333068494
-0.030192056031080886
-0.016012301632930076
-0.016161654046270596
0.0005805590961169735
-0.013190453573111344
-0.007445628653217663
-0.016683447966774935
-0.01590517038902116
-0.0023408492285229205
-0.006567668276180073
-0.01138300549416107
0.023950739048020968
0.03326952480409198
-0.030192056031080886
-0.01698412226763188
-0.008671450306730668
0.008181967098411506
-0.01055780856517932
0.009368563337131002
0.024416351939562646
-0.009857340824351118
-0.021750333878944844
-0.04378935726707379
-0.011808430814158175
-0.009259565064584353
-0.0019542155053751667
-0.005950363640798104
-0.0279842530066769
-0.017269147070287295
-0.012298374699540444
-0.022860633202945558
0.005162662798850268
-0.020326198935656417
0.020702883414158418
-0.00014816818400283866
-0.011116651533667522
-0.003799957764222746
-0.039548289173448214
-0.07413235259025344
0.0008876878130897187
-0.007894365911104003
-0.016683447966774935
-0.01888654062689988
-0.04099144867429751
-0.020719795904192335
-0.0001902738845544005
-0.009759623795240265
-0.020326198935656417
0.002901530658070704
0.0035902616276269447
-0.030613429298512473
-0.01295473348183913
0.0008876878130897187
-0.042246030198205414
-0.018408537718274613
-0.007145652109760374
0.005309690175455586
-0.009759623795240265
-0.030501633975183243
-0.014233761930301148
-0.012910668378266373
0.002901530658070704
0.019587121295907294
-0.025343414087427556
0.001976135350167736
-0.005001535947711014
-0.020376669414295705
-0.014048137222050531
-0.003661259936622397
-0.0005985932691178058
-0.0256795136908778
-0.012651417513590271
0.00971157808256241
0.013412497520278103
-0.016071133281026415
-0.017101830185611244
-0.021770647333068494
-0.04035499613518618
-0.003661259936622397
-0.014615201355486293
-0.016012301632930076
-0.012910668378266373
-0.005001535947711014
0.007624820955658363
-0.002184549450296731
-0.014587732283277737
-0.017496696791214125
-0.018170114291471376
-0.04612889717363692
-0.031729000126472146
-0.013219920192261704
-0.0256795136908778
-0.02457688385559889
-0.019319024772103975
0.004531422209845603
-0.01553431895491016
-0.008672092132381778
0.002901530658070704
-0.0019078776623782882
-0.001956156046207335
-0.020206363475962618
0.013656431705586348
-0.011983157743322466
0.009738540422364555
-0.01697500173435258
-0.005559274115091987
-0.02546899109035132
-0.02561941052149626
-0.006735267128249561
-0.02307297581789177
-0.03657065492546854
-0.009759623795240265
-0.04747680735739969
-0.0019078776623782882
-0.013601454652518798
-0.0031166201882932235
-0.021770647333068494
0.026738779311456143
0.009368563337131002
-0.03067853672234391
0.007624820955658363
-0.01055780856517932
0.002901530658070704
-0.017496696791214125
-0.016347227207226075
-0.008671450306730668
-0.011150962568002317
-0.0302321596124335
-0.013168208239326483
0.007624820955658363
-0.018113126842742296
-0.005950363640798104
-0.03255894930629807
-0.026430925754017683
-0.020748005007811463
-0.03202566552005969
-0.017688187680898936
0.014112111198596984
0.0010121408989378637
-0.022826983130487928
-0.03202566552005969
-0.03229578735739326
-0.009857340824351118
-0.017269147070287295
-0.007644767626589572
-0.026546489618978757
-0.002446196839123229
0.00761851664180244
-0.030192056031080886
-0.009318416387286404
-0.007339349126557266
-0.009272380029962531
-0.002446196839123229
-0.009546581582932805
-0.02457688385559889
-0.014478919094119134
-0.018414552827866096
-0.002446196839123229
-0.027683136516651333
-0.017269147070287295
0.017201424997188856
0.0005805590961169735
-0.039548289173448214
-0.05038658112138433
-0.013190453573111344
-0.0037999483784553934
-0.009259565064584353
0.007189995935958907
-0.014859102448403364
-0.013190453573111344
-0.015787023478978986
0.001889307133290608
-0.0042709770567812885
-0.030989328028731486
-0.036917725212460506
-0.009562200926424557
-0.020206363475962618
-0.007840773058021685
-0.009272380029962531
-0.030989328028731486
-0.026162142478301564
0.029241029918322992
-0.0256795136908778
-0.030501633975183243
0.001976135350167736
0.024416351939562646
-0.015787023478978986
-0.01295473348183913
-0.024987565505223287
-0.0069971930214571395
0.00033294799617347427
-0.006985405471176626
0.020702883414158418
0.001976135350167736
-0.02411404370855626
0.007624820955658363
-0.008263936183994808
-0.011808430814158175
-0.01888654062689988
-0.024987565505223287
-0.012651417513590271
-0.04035499613518618
-0.03623205030192726
-0.0053294631206873624
5.316362015726635e-05
-0.04494538594096588
-0.022826983130487928
-0.009546581582932805
-0.012478081160116537
-0.02299676603431278
-0.025339585998618495
-0.017730167744391664
-0.012910668378266373
0.015483201304721774
-0.007682334498345011
-0.014587732283277737
-0.022826983130487928
-0.07413235259025344
-0.021750333878944844
-0.005716998238356617
-0.01766807537036938
-0.00772942474819062
0.000660832089122339
0.002901530658070704
-0.008263936183994808
-0.013678783754041742
-0.046543027421898614
-0.009918332212914445
0.010993057072872512
-0.026162142478301564
0.0035902616276269447
-0.005506526462484947
-0.020748005007811463
-0.01295473348183913
0.017201424997188856
-0.004618499423137162
-0.028217322311690073
-0.008671450306730668
-0.024826909036447173
0.003222559640811974
-0.0175047189746695
-0.042246030198205414
-0.02021971124784692
-0.005506526462484947
-0.04881075668300187
-0.042246030198205414
-0.022826983130487928
-0.012792227099896528
-0.02062867006485669
-0.028641472876295607
0.014645037077406456
-0.008671450306730668
-0.015024971570277898
0.005287138210714007
-0.0003869942069064537
0.013656431705586348
0.023950739048020968
-0.014233761930301148
-0.006752090802244383
0.0067968616150357545
-0.024760914618625292
-0.007339349126557266
0.0019691923126946296
0.020108285976013083
-0.022860633202945558
0.000660832089122339
-0.02411404370855626
-0.03623205030192726
0.019587121295907294
-0.023225621047788712
-0.0037999483784553934
-0.01950504881997815
-0.003134464133773764
-0.016071133281026415
-0.030192056031080886
-0.02734492031153517
-0.036205223474725386
-0.02299676603431278
-0.004618499423137162
-0.023225621047788712
0.01394343376182329
-0.042246030198205414
-0.009894047316367055
0.0015111682284563847
0.009368563337131002
-0.00920654348741969
-0.009663912254915965
-0.016876554634660243
-0.009272380029962531
-0.08245306934691328
0.011240997553222396
0.009738540422364555
-0.008672092132381778
-0.012478081160116537
-0.011116651533667522
0.0008876878130897187
-0.012910668378266373
-0.044482153615725224
-0.0148915053157474
-0.030989328028731486
-0.008970375097150676
7.350154761053226e-05
-0.039548289173448214
-0.020376669414295705
-0.03067853672234391
-0.007145652109760374
0.002968460685015907
-0.0005684753220972451
-0.0005684753220972451
-0.022258685257915026
-0.018113126842742296
-0.004086624256086779
-0.02299676603431278
-0.07413235259025344
0.005287138210714007
0.004621927287934643
-0.03202566552005969
-0.01932949902853096
-0.0053294631206873624
-0.005950363640798104
-0.011983157743322466
-0.0053294631206873624
-0.028781714520300046
-0.021014692778779185
-0.012836496162431339
-0.020206363475962618
-0.036917725212460506
-0.026430925754017683
-0.011987871104995553
0.013412497520278103
0.008181967098411506
-0.011808430814158175
-0.016012301632930076
-0.006242370509505639
-0.002199919768270719
0.011240997553222396
-0.013292816215065164
-0.001225546108517499
-0.014478919094119134
-0.013168208239326483
-0.009272380029962531
-0.03872092507357184
0.006071090922679024
-0.015824422430006237
0.013656431705586348
-0.0279842530066769
-0.002446196839123229
0.0026738035291557273
0.0037181707876128324
-0.0256795136908778
-0.025339585998618495
-0.027362836898185833
-0.02515585691072007
-0.009305462173935871
-0.001225546108517499
-0.001825698055671442
-0.0019078776623782882
-0.005001535947711014
-0.031729000126472146
-0.009918332212914445
0.00761851664180244
0.006071090922679024
-0.028217322311690073
-0.006107491542578388
-0.0001902738845544005
-0.03669279295981557
-0.011983157743322466
-0.004465554960394679
0.002179546508216337
-0.003799957764222746
-0.016347227207226075
-0.03255894930629807
-0.009894047316367055
-0.015352650003880227
5.316362015726635e-05
-0.02307297581789177
-0.04246847191518985
-0.015857541422309742
-0.02021971124784692
-0.009759623795240265
-0.023472376854365814
-0.003661259936622397
0.002179546508216337
-0.03255894930629807
-0.024987565505223287
-0.013678783754041742
-0.005559274115091987
-0.003799957764222746
-0.0023408492285229205
-0.020376669414295705
-0.009259565064584353
-0.04881075668300187
-0.022826983130487928
-0.01565346886350749
-0.01888654062689988
-0.011983157743322466
-0.021770647333068494
0.013254176036495768
-0.027306108559742106
0.009368563337131002
-0.0027135712133322222
-0.014587732283277737
-0.020748005007811463
-0.009305462173935871
-0.007894365911104003
-0.010929550196749092
-0.0027135712133322222
-0.0302321596124335
0.013254176036495768
0.013412497520278103
-0.020206363475962618
0.0015177948495521789
-0.041471752609395604
-0.011987871104995553
-0.003826542646678566
-0.03872092507357184
-0.02457688385559889
-0.00920654348741969
