-0.013561572745485403
-0.017262588075477814
-0.00027042228010107757
0.0024855519648928045
-0.00027042228010107757
-0.032943546069660185
-0.013791499136665233
0.03002678504862453
0.027471080491936996
-0.010218570931683478
-0.007611207917018629
-0.014835752153092364
-0.012069614284129957
-0.007223265157410116
0.005055815392605436
0.01577694399992461
0.0037533358807128824
0.01577694399992461
-0.016840894835359835
0.0013457158516527877
0.02417364117753162
0.01030734041174023
0.0037533358807128824
0.002616027741590063
-0.00727516079582792
0.005055815392605436
-0.010514082022962957
0.0037533358807128824
0.0075848328103893725
0.03002678504862453
-0.013561572745485403
-0.026890197781278432
-0.01616693593248473
-0.014266476182213508
-0.0026214795258889412
-0.026890197781278432
-0.001330696758463297
-0.003747952786854655
-0.0033938999319902564
-0.010514082022962957
-0.011661251764324075
-0.01610713237279454
0.01833910885731885
-0.006258944926589732
-0.013781888453615625
-0.017262588075477814
-0.006093392980200695
0.010947915413433202
-0.02324882329742917
-0.010218570931683478
-0.00027042228010107757
-0.012369506564045509
-0.013561572745485403
-0.026890197781278432
-0.017262588075477814
-0.00727516079582792
0.0009159391374011573
-0.007223265157410116
-0.003617829679318614
0.004717555891084224
-0.012369506564045509
-0.003617829679318614
-0.006174737258367354
-0.012369506564045509
-0.011661251764324075
-0.010218570931683478
-0.01610713237279454
0.005055815392605436
0.006106532045076765
-0.010218570931683478
-0.007782940029828013
0.0075848328103893725
-0.007611207917018629
-0.01610713237279454
0.009190680049386996
-0.032943546069660185
-0.0052991897436093305
0.004717555891084224
0.0013457158516527877
0.014846305321491301
0.010947915413433202
-0.017262588075477814
-0.013561572745485403
-0.0026214795258889412
-0.0026214795258889412
0.002616027741590063
0.03002678504862453
-0.032943546069660185
-0.016840894835359835
-0.010514082022962957
-0.003747952786854655
-0.0446137857276857
0.000226067751832769
-0.006093392980200695
-0.011099972211645541
-0.00027042228010107757
-0.019830118339760942
-0.019830118339760942
-0.007782940029828013
-0.011661251764324075
0.0024855519648928045
-0.00027042228010107757
-0.00027042228010107757
-0.019830118339760942
-0.0033938999319902564
-0.002243817571626919
0.01030734041174023
-0.00727516079582792
-0.002243817571626919
0.005758229659392669
0.000226067751832769
-0.014835752153092364
-0.0026214795258889412
-0.013781888453615625
-0.032943546069660185
0.01586426584287784
-0.014266476182213508
-0.0446137857276857
0.0009159391374011573
-0.0014851560547561266
0.02417364117753162
0.0013457158516527877
0.002587548353967053
0.01833910885731885
-0.0026214795258889412
-0.017262588075477814
-0.0026214795258889412
0.004063407629503035
-0.0006130984600588344
-0.0052991897436093305
-0.019830118339760942
-0.006174737258367354
0.005055815392605436
0.0075848328103893725
-0.014835752153092364
0.007895454397975532
-0.010218570931683478
0.000226067751832769
-0.00027042228010107757
-0.010514082022962957
-0.0005648826401352968
-0.0033938999319902564
0.027471080491936996
0.03002678504862453
-0.006174737258367354
-0.006174737258367354
-0.010218570931683478
0.002587548353967053
-0.0026214795258889412
-0.007223265157410116
0.002587548353967053
0.01833910885731885
0.02417364117753162
-0.0026214795258889412
-0.014835752153092364
-0.01610713237279454
0.03002678504862453
-0.010218570931683478
-0.0026214795258889412
-0.0026214795258889412
0.005055815392605436
-0.003617829679318614
0.009190680049386996
-0.011661251764324075
-0.02324882329742917
0.028431525441149835
-0.006258944926589732
-0.012421905045820265
-0.0364020189714366
-0.006093392980200695
-0.0026214795258889412
-0.006174737258367354
0.002587548353967053
-0.0005648826401352968
-0.014835752153092364
-0.012421905045820265
0.0008264246481097479
-0.007782940029828013
-0.0026214795258889412
0.004063407629503035
-0.0026214795258889412
-0.001330696758463297
-0.02324882329742917
0.005055815392605436
-0.02324882329742917
0.005055815392605436
0.002616027741590063
0.002616027741590063
0.021019623192408472
-0.012369506564045509
-0.052201436742099726
0.0075848328103893725
0.01833910885731885
0.0009956474016348848
-0.013561572745485403
-0.0364020189714366
0.0009956474016348848
-0.0005648826401352968
-0.006174737258367354
-0.013791499136665233
-0.0006130984600588344
-0.011099972211645541
0.01586426584287784
-0.0446137857276857
-0.007223265157410116
-0.0364020189714366
-0.02324882329742917
0.009903336601011321
0.02417364117753162
-0.013561572745485403
-0.0005648826401352968
-0.0005648826401352968
-0.012421905045820265
-0.010514082022962957
-0.01616693593248473
0.02417364117753162
0.0008264246481097479
-0.013781888453615625
0.028431525441149835
0.0009159391374011573
-0.010514082022962957
0.002587548353967053
0.021019623192408472
0.021019623192408472
-0.0005648826401352968
-0.010218570931683478
-0.00727516079582792
-0.012421905045820265
-0.007782940029828013
-0.002243817571626919
-0.002243817571626919
0.02417364117753162
0.004717555891084224
0.012896944995061957
-0.014266476182213508
0.0013457158516527877
0.0009159391374011573
-0.019830118339760942
-0.0364020189714366
-0.0052991897436093305
-0.013561572745485403
-0.001330696758463297
-0.012369506564045509
-0.019830118339760942
-0.0446137857276857
-0.001330696758463297
-0.052201436742099726
-0.0014851560547561266
0.021019623192408472
0.004717555891084224
-0.01616693593248473
-0.016840894835359835
-0.011099972211645541
0.01833910885731885
0.0013457158516527877
-0.014835752153092364
-0.010218570931683478
-0.026890197781278432
0.012896944995061957
-0.003617829679318614
0.03002678504862453
-0.006174737258367354
-0.0364020189714366
0.0013457158516527877
-0.012369506564045509
-0.0446137857276857
-0.032943546069660185
-0.0005648826401352968
0.0013457158516527877
-0.011099972211645541
0.0013457158516527877
-0.014835752153092364
-0.010218570931683478
-0.007223265157410116
-0.010514082022962957
-0.00727516079582792
-0.012069614284129957
-0.0052991897436093305
-0.052201436742099726
-0.01610713237279454
-0.01616693593248473
-0.006174737258367354
-0.011661251764324075
-0.006093392980200695
0.01577694399992461
-0.010218570931683478
-0.012421905045820265
-0.001330696758463297
0.0008264246481097479
0.005055815392605436
-0.011661251764324075
0.03002678504862453
-0.013791499136665233
-0.052201436742099726
-0.012369506564045509
-0.007611207917018629
-0.01610713237279454
-0.014266476182213508
-0.012069614284129957
0.009903336601011321
0.01833910885731885
0.02417364117753162
-0.00727516079582792
0.0024855519648928045
-0.01610713237279454
-0.0033938999319902564
-0.016840894835359835
-0.007611207917018629
-0.002243817571626919
0.02417364117753162
0.01030734041174023
0.009903336601011321
-0.016840894835359835
-0.013791499136665233
0.01586426584287784
0.0024855519648928045
0.0024855519648928045
-0.026890197781278432
-0.017262588075477814
-0.019830118339760942
0.021019623192408472
-0.0033938999319902564
-0.0023302927035757774
-0.010218570931683478
-0.006174737258367354
-0.003617829679318614
-0.007223265157410116
-0.010218570931683478
-0.01616693593248473
-0.014835752153092364
0.002616027741590063
-0.006174737258367354
-0.01616693593248473
0.01577694399992461
-0.0446137857276857
0.006106532045076765
-0.010218570931683478
-0.010218570931683478
-0.012069614284129957
0.0008264246481097479
0.005758229659392669
0.005055815392605436
-0.0364020189714366
-0.013781888453615625
-0.02324882329742917
0.000226067751832769
0.012896944995061957
-0.017262588075477814
-0.026890197781278432
0.006106532045076765
-0.002243817571626919
-0.032943546069660185
-0.013791499136665233
-0.0364020189714366
-0.02324882329742917
0.0024855519648928045
-0.011099972211645541
-0.052201436742099726
-0.012421905045820265
0.0008264246481097479
0.012896944995061957
-0.007782940029828013
-0.014266476182213508
0.0024855519648928045
-0.010514082022962957
-0.006258944926589732
0.01586426584287784
0.01030734041174023
-0.0005648826401352968
0.028431525441149835
-0.010218570931683478
-0.006258944926589732
-0.003617829679318614
-0.0014851560547561266
0.000226067751832769
-0.010218570931683478
0.0013457158516527877
-0.0033938999319902564
-0.017262588075477814
0.005055815392605436
0.0075848328103893725
-0.013791499136665233
0.01577694399992461
0.012896944995061957
0.0009159391374011573
-0.014835752153092364
0.021019623192408472
-0.019830118339760942
-0.0014851560547561266
-0.01610713237279454
-0.012369506564045509
-0.01616693593248473
-0.00727516079582792
-0.006174737258367354
-0.013561572745485403
-0.01610713237279454
-0.0033938999319902564
-0.026890197781278432
0.03002678504862453
-0.0005648826401352968
-0.011099972211645541
-0.017262588075477814
0.01577694399992461
0.028431525441149835
-0.010514082022962957
-0.003617829679318614
0.005758229659392669
-0.052201436742099726
0.006106532045076765
0.005055815392605436
0.027471080491936996
0.007895454397975532
0.0075848328103893725
-0.0005648826401352968
0.021019623192408472
0.002587548353967053
-0.01616693593248473
-0.0006130984600588344
-0.01616693593248473
-0.016840894835359835
-0.00027042228010107757
-0.012421905045820265
-0.007782940029828013
0.01833910885731885
0.002616027741590063
-0.016840894835359835
0.010947915413433202
-0.007782940029828013
-0.010514082022962957
-0.02324882329742917
-0.02324882329742917
-0.010514082022962957
0.004063407629503035
0.009903336601011321
-0.01616693593248473
0.014846305321491301
-0.017262588075477814
-0.0006130984600588344
0.014846305321491301
-0.007223265157410116
-0.006093392980200695
0.007895454397975532
-0.0364020189714366
0.0009159391374011573
-0.00027042228010107757
0.005758229659392669
0.000226067751832769
-0.010514082022962957
-0.012421905045820265
-0.007782940029828013
-0.0023302927035757774
-0.0446137857276857
0.010947915413433202
0.002616027741590063
0.000226067751832769
-0.01616693593248473
-0.017262588075477814
-0.0005648826401352968
-0.010514082022962957
-0.010218570931683478
-0.0033938999319902564
-0.016840894835359835
-0.002243817571626919
0.01577694399992461
0.009190680049386996
0.0008264246481097479
-0.00027042228010107757
-0.006174737258367354
-0.012069614284129957
0.0013457158516527877
-0.0006130984600588344
0.0037533358807128824
-0.013561572745485403
0.01030734041174023
-0.00027042228010107757
-0.012069614284129957
-0.0014851560547561266
0.005055815392605436
-0.011661251764324075
0.0013457158516527877
0.01833910885731885
-0.003617829679318614
0.004063407629503035
-0.0023302927035757774
-0.012069614284129957
-0.006258944926589732
-0.010218570931683478
0.01586426584287784
-0.012421905045820265
-0.00027042228010107757
0.002587548353967053
0.009903336601011321
-0.006258944926589732
-0.011099972211645541
0.014846305321491301
-0.011661251764324075
-0.026890197781278432
-0.011661251764324075
-0.0023302927035757774
-0.016840894835359835
0.01577694399992461
-0.007782940029828013
0.03002678504862453
0.010947915413433202
-0.0005648826401352968
0.027471080491936996
-0.052201436742099726
-0.001330696758463297
-0.010218570931683478
-0.006174737258367354
-0.006258944926589732
-0.00727516079582792
-0.0364020189714366
-0.032943546069660185
-0.00027042228010107757
0.0013457158516527877
0.01833910885731885
0.01577694399992461
-0.052201436742099726
0.0009956474016348848
-0.016840894835359835
-0.052201436742099726
-0.0023302927035757774
-0.012069614284129957
-0.052201436742099726
0.01577694399992461
-0.012421905045820265
0.014846305321491301
0.009903336601011321
0.007895454397975532
-0.01610713237279454
0.000226067751832769
0.0013457158516527877
-0.0005648826401352968
-0.007223265157410116
-0.013561572745485403
0.03002678504862453
0.002587548353967053
-0.002243817571626919
-0.032943546069660185
-0.00727516079582792
-0.032943546069660185
-0.003617829679318614
0.028431525441149835
0.0024855519648928045
0.0009159391374011573
-0.014835752153092364
0.028431525441149835
-0.006174737258367354
-0.002243817571626919
0.0009956474016348848
0.028431525441149835
-0.013791499136665233
-0.010514082022962957
-0.0006130984600588344
-0.007782940029828013
0.005055815392605436
-0.0006130984600588344
-0.01610713237279454
0.009903336601011321
0.005758229659392669
-0.016840894835359835
-0.00727516079582792
-0.006174737258367354
0.007895454397975532
-0.012369506564045509
-0.0023302927035757774
-0.011099972211645541
-0.01616693593248473
-0.013781888453615625
-0.00727516079582792
-0.0005648826401352968
-0.010218570931683478
-0.0014851560547561266
0.004063407629503035
-0.013561572745485403
0.014846305321491301
0.002587548353967053
0.000226067751832769
0.004063407629503035
-0.007611207917018629
0.01577694399992461
0.01586426584287784
0.0037533358807128824
0.007895454397975532
-0.013791499136665233
0.0037533358807128824
-0.01610713237279454
0.0009956474016348848
-0.012421905045820265
-0.011661251764324075
-0.012369506564045509
-0.010218570931683478
-0.012421905045820265
0.027471080491936996
-0.0014851560547561266
-0.011099972211645541
0.0013457158516527877
-0.007611207917018629
0.006106532045076765
-0.019830118339760942
-0.007782940029828013
-0.016840894835359835
-0.0006130984600588344
-0.002243817571626919
-0.013561572745485403
-0.007782940029828013
0.012896944995061957
-0.052201436742099726
0.009903336601011321
0.01586426584287784
-0.0033938999319902564
0.0075848328103893725
-0.01616693593248473
-0.02324882329742917
0.01030734041174023
-0.0026214795258889412
-0.0364020189714366
-0.007223265157410116
-0.012069614284129957
-0.003747952786854655
0.0024855519648928045
-0.017262588075477814
0.010947915413433202
0.0037533358807128824
0.01833910885731885
0.004717555891084224
0.005055815392605436
0.02417364117753162
-0.00027042228010107757
-0.013561572745485403
-0.014835752153092364
-0.006093392980200695
0.0037533358807128824
0.004717555891084224
-0.0026214795258889412
-0.001330696758463297
-0.002243817571626919
-0.010514082022962957
0.006106532045076765
0.0008264246481097479
-0.00027042228010107757
-0.013791499136665233
-0.011661251764324075
-0.0005648826401352968
-0.00727516079582792
-0.013561572745485403
0.027471080491936996
0.012896944995061957
-0.010514082022962957
-0.00027042228010107757
0.006106532045076765
0.004717555891084224
-0.013561572745485403
-0.017262588075477814
0.0037533358807128824
-0.010218570931683478
0.01030734041174023
-0.0026214795258889412
-0.032943546069660185
-0.02324882329742917
0.007895454397975532
0.002587548353967053
-0.011099972211645541
0.005758229659392669
0.014846305321491301
-0.013781888453615625
0.002587548353967053
-0.00027042228010107757
0.0075848328103893725
-0.0014851560547561266
-0.002243817571626919
0.01577694399992461
0.014846305321491301
0.005758229659392669
-0.0446137857276857
0.028431525441149835
0.009190680049386996
-0.010218570931683478
-0.01610713237279454
-0.002243817571626919
-0.012369506564045509
-0.0026214795258889412
0.01577694399992461
0.009190680049386996
-0.0023302927035757774
-0.052201436742099726
-0.007782940029828013
-0.007782940029828013
0.0024855519648928045
0.004063407629503035
0.009903336601011321
-0.013791499136665233
0.005758229659392669
-0.017262588075477814
-0.007223265157410116
-0.011099972211645541
0.03002678504862453
0.027471080491936996
-0.0023302927035757774
0.007895454397975532
-0.0033938999319902564
0.0075848328103893725
-0.012069614284129957
-0.006258944926589732
-0.013791499136665233
-0.0006130984600588344
0.03002678504862453
-0.014266476182213508
0.006106532045076765
-0.017262588075477814
0.009903336601011321
-0.007782940029828013
0.014846305321491301
0.01577694399992461
0.009903336601011321
-0.001330696758463297
-0.0026214795258889412
-0.0026214795258889412
0.0024855519648928045
-0.002243817571626919
-0.016840894835359835
-0.0026214795258889412
-0.001330696758463297
0.006106532045076765
-0.011099972211645541
0.000226067751832769
0.007895454397975532
-0.006174737258367354
0.004717555891084224
-0.014835752153092364
0.005055815392605436
0.009190680049386996
-0.0364020189714366
-0.013781888453615625
-0.019830118339760942
-0.00727516079582792
-0.014835752153092364
-0.017262588075477814
0.005055815392605436
-0.010514082022962957
0.005758229659392669
-0.0026214795258889412
-0.013561572745485403
-0.003617829679318614
0.000226067751832769
-0.006093392980200695
-0.019830118339760942
0.027471080491936996
0.009190680049386996
-0.0446137857276857
-0.00727516079582792
0.0009956474016348848
-0.01610713237279454
0.03002678504862453
-0.013561572745485403
-0.0014851560547561266
-0.011661251764324075
-0.003747952786854655
-0.006174737258367354
0.0075848328103893725
0.004063407629503035
0.02417364117753162
0.010947915413433202
-0.0006130984600588344
-0.006174737258367354
-0.011661251764324075
0.021019623192408472
-0.032943546069660185
0.014846305321491301
-0.052201436742099726
-0.026890197781278432
-0.0023302927035757774
-0.010514082022962957
-0.012069614284129957
-0.02324882329742917
-0.014266476182213508
0.014846305321491301
-0.0005648826401352968
0.01833910885731885
0.006106532045076765
-0.007611207917018629
0.0008264246481097479
-0.013791499136665233
0.014846305321491301
-0.003747952786854655
-0.014266476182213508
-0.013561572745485403
0.0009956474016348848
-0.001330696758463297
-0.0014851560547561266
0.01833910885731885
0.0037533358807128824
0.0024855519648928045
0.021019623192408472
0.01586426584287784
-0.0052991897436093305
-0.016840894835359835
0.01030734041174023
-0.012421905045820265
0.01577694399992461
0.01030734041174023
0.012896944995061957
0.01030734041174023
0.0024855519648928045
-0.012421905045820265
-0.0364020189714366
-0.013781888453615625
0.000226067751832769
-0.01610713237279454
-0.010514082022962957
-0.014835752153092364
0.009903336601011321
-0.012069614284129957
-0.012421905045820265
-0.0033938999319902564
-0.006258944926589732
-0.032943546069660185
-0.0014851560547561266
0.007895454397975532
0.010947915413433202
-0.012421905045820265
0.014846305321491301
0.0037533358807128824
0.01030734041174023
-0.019830118339760942
0.0009956474016348848
-0.013561572745485403
0.02417364117753162
-0.0446137857276857
-0.012069614284129957
0.004717555891084224
0.004717555891084224
0.0075848328103893725
0.027471080491936996
0.0075848328103893725
0.004717555891084224
-0.003617829679318614
-0.014266476182213508
-0.0005648826401352968
0.0024855519648928045
-0.007782940029828013
-0.0014851560547561266
-0.007611207917018629
-0.0052991897436093305
-0.007223265157410116
0.0009956474016348848
-0.010218570931683478
0.005055815392605436
-0.007223265157410116
-0.032943546069660185
-0.0052991897436093305
-0.0026214795258889412
0.002587548353967053
0.014846305321491301
-0.007223265157410116
0.0009159391374011573
-0.0023302927035757774
-0.0023302927035757774
0.009190680049386996
0.014846305321491301
-0.01616693593248473
0.0009159391374011573
0.0075848328103893725
-0.001330696758463297
-0.052201436742099726
-0.007782940029828013
-0.013561572745485403
-0.0446137857276857
0.02417364117753162
0.01833910885731885
-0.0006130984600588344
0.006106532045076765
0.005758229659392669
0.0013457158516527877
0.027471080491936996
-0.006093392980200695
-0.00027042228010107757
-0.011099972211645541
0.0037533358807128824
-0.010218570931683478
-0.0026214795258889412
-0.026890197781278432
-0.010514082022962957
0.0008264246481097479
-0.0014851560547561266
-0.010514082022962957
0.004063407629503035
-0.003747952786854655
0.004063407629503035
-0.0006130984600588344
-0.014835752153092364
-0.01610713237279454
0.002616027741590063
-0.003617829679318614
0.03002678504862453
-0.003617829679318614
-0.01610713237279454
0.005055815392605436
-0.0006130984600588344
0.006106532045076765
0.002616027741590063
-0.007782940029828013
0.01833910885731885
0.005758229659392669
-0.0052991897436093305
-0.003617829679318614
-0.012069614284129957
-0.011661251764324075
-0.010218570931683478
-0.012421905045820265
0.005758229659392669
-0.014835752153092364
-0.0446137857276857
-0.0052991897436093305
-0.0446137857276857
-0.01616693593248473
-0.032943546069660185
-0.0364020189714366
-0.014835752153092364
-0.006258944926589732
-0.01610713237279454
0.03002678504862453
-0.0026214795258889412
0.000226067751832769
-0.003747952786854655
-0.00027042228010107757
0.0013457158516527877
-0.00027042228010107757
-0.026890197781278432
-0.014835752153092364
-0.007611207917018629
0.021019623192408472
0.021019623192408472
-0.012069614284129957
-0.007611207917018629
0.0013457158516527877
-0.010218570931683478
-0.001330696758463297
-0.011661251764324075
-0.0446137857276857
0.009190680049386996
0.0013457158516527877
-0.019830118339760942
-0.02324882329742917
-0.0005648826401352968
0.0013457158516527877
-0.006258944926589732
-0.013561572745485403
-0.014266476182213508
0.012896944995061957
-0.0026214795258889412
0.01030734041174023
-0.012369506564045509
-0.003747952786854655
-0.006174737258367354
-0.014266476182213508
-0.00727516079582792
-0.011099972211645541
-0.0052991897436093305
0.021019623192408472
-0.006093392980200695
0.028431525441149835
0.000226067751832769
0.010947915413433202
-0.010218570931683478
-0.01616693593248473
0.0013457158516527877
0.0008264246481097479
-0.0026214795258889412
-0.002243817571626919
-0.014835752153092364
-0.0026214795258889412
0.02417364117753162
0.009903336601011321
-0.0005648826401352968
0.02417364117753162
-0.014835752153092364
-0.003617829679318614
0.006106532045076765
-0.010218570931683478
-0.006258944926589732
-0.007223265157410116
0.01577694399992461
-0.0006130984600588344
-0.0026214795258889412
-0.00027042228010107757
-0.026890197781278432
0.0008264246481097479
0.01833910885731885
-0.011661251764324075
-0.052201436742099726
-0.01610713237279454
0.014846305321491301
-0.003617829679318614
-0.0006130984600588344
-0.010218570931683478
-0.01616693593248473
-0.01616693593248473
-0.010218570931683478
