0.008154714229477202
0.04817881821212822
-0.005551153811237053
0.10672452283520432
0.011553478116264775
-0.11753474396621297
-0.05519145590298679
-0.08545010055964537
0.07417583499950442
-0.1707457282446238
-0.06359259019957623
-0.005736634302529495
-0.03217655894655766
-0.04114775920188957
-0.022476173672561127
-0.016540271600309242
-0.11951456050965704
-0.020924698995993262
-0.07193968577150461
-0.0038558378415270134
-0.020939035686379687
-0.10265429803631906
0.012434084775199451
-0.19054492903750495
-0.005736634302529495
-0.04114775920188957
-0.04022146012158704
-0.08234990414006715
-0.06523806705418085
0.03955351372929107
-0.06040789964647638
-0.048377316977983684
-0.024143545465014876
-0.031405096386678794
0.0056844987435475626
-0.025024571711535708
-0.04429959028835688
0.022214675720558994
-0.030872483741683044
-0.019902276087286442
-0.0712260524817143
-0.1146485958589065
-0.07696635788420947
-0.1060822628133088
-0.06223860511990983
-0.04098101449485227
0.016229294629916107
0.06071886049388511
-0.042652411199317036
-0.06955517594701204
-0.1245308071672669
-0.03535130592186639
-0.028989799905160384
0.007182075096064479
-0.02512388185690671
-0.031405096386678794
-0.024639004754701214
-0.06443996513756968
-0.015211043645129391
-0.14046540120461048
0.04711255685270856
-0.08308516793633214
-0.22117646309924738
-0.030872483741683044
-0.0581826363473936
0.02370364401147197
-0.026236327970833546
-0.019902276087286442
-0.11571242488197721
-0.06443996513756968
-0.041330118562493634
-0.028119560749554656
-0.07981845700019685
-0.18372985715980544
0.01834226428473921
-0.12878416635129308
-0.04376234053341292
-0.04983731522002444
-0.07343113267573631
0.06245049508023124
-0.06223860511990983
-0.18213054512096574
-0.07415458137623436
-0.023374084909137147
-0.1060822628133088
0.0056844987435475626
-0.021233130069403312
-0.03798440912484887
0.00881161169931254
-0.11951456050965704
-0.07966000875655017
-0.22117646309924738
-0.020906582164565726
-0.01394503060423658
-0.12108889296517349
0.0816677441118995
-0.130627520307234
-0.012090479010153725
-0.07981845700019685
-0.016267958875029107
-0.031405096386678794
-0.008615135994913413
-0.010731408045864773
-0.06374391371046559
-0.022926925867783242
-0.0394198713744913
-0.06523806705418085
0.016229294629916107
-0.07193968577150461
-0.06889195284606137
0.04711255685270856
0.010589757375630145
0.016094143137316424
-0.021233130069403312
-0.13328488717599793
-0.0570427632787336
-0.03217655894655766
-0.2145348131475635
-0.031640030194357606
0.05724107408452092
0.022214675720558994
-0.06789227921848244
-0.04432571280038211
-0.07094970948886538
-0.023374084909137147
-0.06889195284606137
-0.24859254522592397
-0.0884487241775705
-0.0869669527819597
-0.12291411486881382
-0.06445940808311555
-0.0884487241775705
-0.19054492903750495
-0.045056854463680525
-0.0962017917452409
-0.18046884805061267
0.014250521840869584
0.06204706973947696
-0.11753474396621297
0.006176369010466347
-0.06297835589468177
-0.026448518450776674
-0.08812669027218029
-0.07193968577150461
0.014657953789485187
-0.028119560749554656
0.03904814900658051
-0.10287654151336566
0.06245049508023124
-0.023374084909137147
-0.06040789964647638
0.07417583499950442
0.0719995208887277
-0.0038443749721054498
-0.09246905148137972
-0.15998607201023007
-0.08812669027218029
-0.06523806705418085
-0.07572534736185052
-0.013716954403434331
-0.06523806705418085
-0.10948008270811328
0.05724107408452092
-0.015327208213813285
-0.04281900190350117
-0.08827147081848095
-0.044235893690492654
-0.011732307659327413
-0.2145348131475635
0.010589757375630145
0.008154714229477202
-0.01829932666094799
-0.10108727638287533
-0.023374084909137147
-0.19054492903750495
0.012556670233252569
-0.026448518450776674
0.0021215153968340734
-0.08812669027218029
-0.08247250743625
-0.021233130069403312
-0.10468723643384546
-0.04450293141177546
-0.08545010055964537
-0.14046540120461048
-0.03464787531209594
0.0719995208887277
-0.06011302401163246
0.0011191986745375275
-0.13501393059074446
-0.0026350909228897504
-0.06297835589468177
-0.1095103063329279
-0.22117646309924738
-0.010858215279597221
-0.06543734593292473
-0.13328488717599793
-0.15553680771927475
-0.028989799905160384
-0.021233130069403312
-0.08308516793633214
-0.019902276087286442
0.006083572224178028
-0.13872801178790586
-0.04226432472864168
-0.16915739190792486
-0.03535130592186639
-0.08545010055964537
0.016229294629916107
-0.0570427632787336
-0.11571242488197721
-0.008615135994913413
-0.031405096386678794
-0.06523806705418085
-0.028781092792992954
0.06378902107518837
0.03654071362559058
-0.020939035686379687
-0.0902618951976595
0.022214675720558994
-0.09614640394612985
-0.016223161901757502
-0.014343233909872587
-0.028781092792992954
-0.03798440912484887
0.006176369010466347
-0.03071866924253497
-0.04576703870601768
0.10672452283520432
0.010589757375630145
-0.06223860511990983
0.014657953789485187
0.007182075096064479
0.05724107408452092
-0.06445940808311555
-0.058969797044392126
0.014657953789485187
-0.07094970948886538
-0.005333703602633608
-0.09286094052957694
-0.07469505265085362
-0.07193968577150461
-0.025024571711535708
0.06245049508023124
-0.12878416635129308
-0.025301566989100806
-0.06543734593292473
-0.022476173672561127
-0.08855387262983153
0.11183238814661826
-0.06402159371856977
-0.033683533379193074
-0.01829932666094799
-0.04786700265143341
-0.09246905148137972
-0.028781092792992954
0.07212509566090924
-0.1308929442130901
-0.0038443749721054498
-0.04766199403966251
0.06071886049388511
-0.053587327374346946
0.005480545743665414
0.04224855109210977
-0.07861373694597518
0.0828072577353081
-0.06889195284606137
-0.054068935774143054
-0.1095103063329279
-0.031640030194357606
-0.06251433235464599
0.0719995208887277
-0.033224141067589544
-0.028781092792992954
0.02370364401147197
-0.026236327970833546
-0.03071866924253497
-0.026448518450776674
-0.06040789964647638
-0.08009663679113789
-0.07572534736185052
0.012556670233252569
-0.028119560749554656
-0.06955517594701204
-0.0902618951976595
0.05724107408452092
0.09032052876625458
0.04224855109210977
0.021898579097255795
-0.010984886082898776
-0.05121867573249888
-0.024143545465014876
-0.007701137016840904
0.014250521840869584
-0.05121867573249888
-0.07966000875655017
-0.04121910413402794
-0.15998607201023007
-0.058969797044392126
-0.06011302401163246
0.0816677441118995
0.005480545743665414
0.04711255685270856
-0.06889195284606137
-0.07966000875655017
-0.0038558378415270134
0.04211574832878094
-0.04576703870601768
-0.07861373694597518
-0.041481772340171856
0.007182075096064479
-0.03535130592186639
-0.16915739190792486
-0.026236327970833546
0.021965869929313032
-0.005736634302529495
-0.0962017917452409
-0.06223860511990983
-0.014343233909872587
0.03245193828681279
-0.24859254522592397
-0.01602839338463067
-0.08855387262983153
-0.015140857066178959
-0.03507006211680234
-0.08308516793633214
0.006176369010466347
-0.053587327374346946
0.003560337073155357
-0.07469505265085362
-0.06223860511990983
-0.06359259019957623
-0.06011302401163246
-0.028989799905160384
-0.0472270929676872
-0.045056854463680525
-0.0581826363473936
-0.08545010055964537
-0.12293684077876177
-0.017734295138991277
-0.18213054512096574
0.06204706973947696
-0.034224139971318034
-0.04121910413402794
-0.0026350909228897504
-0.010858215279597221
-0.01602839338463067
-0.0394198713744913
-0.09246905148137972
-0.018002727847987246
-0.06445940808311555
-0.041330118562493634
-0.12878416635129308
-0.07068327989914068
-0.09186140743590177
-0.04267361362688962
-0.03535130592186639
-0.09018220139945873
0.007182075096064479
-0.04766199403966251
-0.06223860511990983
-0.09614640394612985
-0.056829763032672787
-0.06223860511990983
-0.04114775920188957
0.03654071362559058
-0.031640030194357606
-0.011732307659327413
-0.03719373258052105
-0.04114775920188957
-0.0038558378415270134
-0.020906582164565726
0.014657953789485187
-0.13021932145925863
0.11183238814661826
-0.040028571231655416
-0.03173120556536606
-0.06468956958538027
-0.07047838701520306
-0.053587327374346946
-0.0884487241775705
-0.08827147081848095
0.04711255685270856
-0.073641588031962
-0.016540271600309242
-0.031371768668802986
0.02370364401147197
-0.01394503060423658
-0.05519145590298679
-0.039616380636100075
0.03654071362559058
-0.0060969847022853945
-0.01584979838276031
-0.06789227921848244
-0.0060969847022853945
-0.06359259019957623
-0.033683533379193074
-0.08268167487803646
-0.08798171400010583
-0.014343233909872587
-0.09246905148137972
-0.017908408703737142
-0.04226432472864168
0.012556670233252569
0.10241009365599331
0.016094143137316424
0.011553478116264775
-0.07469505265085362
-0.11571242488197721
-0.024639004754701214
-0.07861373694597518
-0.06011302401163246
-0.08009663679113789
-0.09157146277900986
-0.13328488717599793
-0.028577042208035617
-0.06468956958538027
-0.06955517594701204
0.06378902107518837
-0.10108727638287533
-0.0041896608898673035
-0.015211043645129391
-0.07823482449621817
-0.06297835589468177
-0.038427722628781656
-0.02512388185690671
-0.06445940808311555
-0.06523806705418085
-0.010731408045864773
-0.0712260524817143
0.07212509566090924
0.006176369010466347
-0.04114775920188957
-0.01394503060423658
-0.07094970948886538
-0.019357486124451904
-0.015140857066178959
-0.06402159371856977
-0.03535130592186639
-0.07094970948886538
-0.15998607201023007
-0.053604891002599374
-0.09072381617271003
-0.09018220139945873
-0.04226432472864168
-0.08855387262983153
-0.07047838701520306
-0.0902618951976595
-0.13328488717599793
-0.054068935774143054
0.06378902107518837
0.043184512244518865
-0.06014071947732316
-0.07047838701520306
0.01834226428473921
-0.14046540120461048
-0.01829932666094799
-0.10929521531112278
0.04423320362324631
0.09032052876625458
-0.08247250743625
-0.07469505265085362
0.005480545743665414
-0.024639004754701214
-0.03173120556536606
0.0026796780773305448
-0.053587327374346946
-0.06789227921848244
-0.020729770077677463
-0.13021932145925863
0.009817915662565695
-0.04022146012158704
-0.010611682196246803
-0.07068327989914068
-0.01584979838276031
-0.022476173672561127
-0.0962017917452409
-0.06523806705418085
-0.19054492903750495
-0.038427722628781656
0.003560337073155357
0.014672130979980593
-0.13328488717599793
-0.005333703602633608
0.09032052876625458
-0.06011302401163246
-0.0060969847022853945
0.03955351372929107
-0.013716954403434331
-0.023822683071595525
-0.003927636831529938
-0.015327208213813285
-0.06626290798516146
-0.005551153811237053
0.012556670233252569
-0.010611682196246803
-0.06889195284606137
-0.06374391371046559
-0.07193968577150461
-0.040028571231655416
-0.05037829729777098
-0.04281900190350117
-0.020906582164565726
-0.07193968577150461
0.014657953789485187
0.011553478116264775
-0.07415458137623436
-0.06402159371856977
-0.04098101449485227
-0.06040789964647638
-0.08886940660746037
0.03654071362559058
-0.028119560749554656
-0.038473391189238725
-0.017908408703737142
-0.06789227921848244
-0.04121910413402794
-0.04983731522002444
-0.0060969847022853945
-0.022926925867783242
0.0026796780773305448
-0.06251433235464599
-0.04022146012158704
-0.006846870413291979
-0.04766199403966251
-0.020939035686379687
-0.0012137385481995793
-0.06543734593292473
-0.013952594151307124
-0.013716954403434331
-0.058969797044392126
-0.07415458137623436
0.021965869929313032
-0.07068327989914068
-0.07966000875655017
-0.042652411199317036
-0.08009663679113789
-0.13501393059074446
-0.044235893690492654
-0.08798171400010583
-0.16915739190792486
-0.09157146277900986
-0.19054492903750495
0.06038191214341192
-0.019552251471704574
0.0021215153968340734
-0.021233130069403312
-0.06223860511990983
-0.06011302401163246
-0.016267958875029107
-0.03173120556536606
-0.006846870413291979
-0.06374391371046559
0.0011191986745375275
-0.04983731522002444
0.04817881821212822
-0.05519145590298679
-0.08308516793633214
-0.09246905148137972
0.07212509566090924
-0.07696635788420947
-0.04121910413402794
-0.017734295138991277
-0.06889195284606137
-0.05121867573249888
0.03955351372929107
0.03245193828681279
-0.021233130069403312
-0.033683533379193074
-0.015327208213813285
-0.22117646309924738
0.06378902107518837
0.05724107408452092
-0.24859254522592397
-0.01602839338463067
-0.04429959028835688
0.02041178161955676
-0.10108727638287533
-0.03173120556536606
-0.13872801178790586
-0.0012137385481995793
-0.12086583786954366
-0.0884487241775705
-0.015211043645129391
-0.016223161901757502
-0.04429959028835688
0.06038191214341192
0.016229294629916107
-0.016540271600309242
-0.06434603712876526
-0.013952594151307124
-0.042652411199317036
-0.010858215279597221
-0.0038443749721054498
-0.0060969847022853945
-0.041330118562493634
-0.06434603712876526
-0.028989799905160384
-0.1308929442130901
-0.0884487241775705
-0.130627520307234
0.0021215153968340734
0.04423320362324631
-0.05037829729777098
-0.06011302401163246
-0.020924698995993262
-0.015327208213813285
-0.031640030194357606
-0.05037829729777098
-0.01829932666094799
-0.044235893690492654
-0.18372985715980544
-0.06040789964647638
-0.11571242488197721
0.0828072577353081
0.022214675720558994
0.05724107408452092
-0.06817365953827965
-0.048377316977983684
-0.045056854463680525
-0.04281900190350117
0.07885658045548054
0.033129009996770445
-0.034224139971318034
-0.04267361362688962
-0.022926925867783242
0.06038191214341192
-0.19988244982833783
-0.08803667607428624
-0.06011302401163246
0.008108884564980505
-0.031405096386678794
-0.028781092792992954
-0.048377316977983684
0.08370223884866572
-0.24859254522592397
-0.042652411199317036
-0.11951456050965704
0.08370223884866572
-0.08247250743625
-0.04786700265143341
-0.01829932666094799
-0.07572534736185052
-0.03217655894655766
-0.026236327970833546
-0.019902276087286442
-0.13368667945413348
-0.024639004754701214
-0.12878416635129308
-0.06014071947732316
0.011553478116264775
-0.039616380636100075
-0.033683533379193074
-0.050915374701806175
-0.08803667607428624
-0.06626290798516146
-0.033224141067589544
-0.18372985715980544
-0.08886940660746037
-0.020924698995993262
-0.1095103063329279
-0.07469505265085362
-0.04766199403966251
-0.007701137016840904
0.014672130979980593
-0.014343233909872587
-0.01602839338463067
-0.018002727847987246
-0.048377316977983684
-0.042652411199317036
0.02041178161955676
-0.10468723643384546
0.07212509566090924
-0.05936447579448874
-0.04432571280038211
-0.09186140743590177
0.0056844987435475626
-0.020729770077677463
0.006176369010466347
-0.04429959028835688
0.02370364401147197
-0.010984886082898776
0.03654071362559058
-0.2145348131475635
-0.005333703602633608
0.006176369010466347
-0.005333703602633608
-0.018002727847987246
-0.048377316977983684
0.06204706973947696
-0.048377316977983684
-0.08545010055964537
-0.038473391189238725
-0.10929521531112278
-0.03217655894655766
0.01834226428473921
0.01834226428473921
-0.019357486124451904
-0.033224141067589544
-0.2145348131475635
-0.07193968577150461
-0.09018220139945873
-0.06374391371046559
-0.031371768668802986
-0.04121910413402794
-0.04022146012158704
-0.07193968577150461
-0.06014071947732316
0.04224855109210977
-0.028577042208035617
-0.13328488717599793
-0.03507006211680234
-0.034224139971318034
-0.038427722628781656
-0.07094970948886538
0.0056844987435475626
-0.1095103063329279
-0.06014071947732316
0.016094143137316424
-0.07621890502886648
-0.04429959028835688
-0.04429959028835688
0.008154714229477202
-0.018002727847987246
-0.06297835589468177
-0.08798171400010583
-0.08803667607428624
-0.13021932145925863
0.021898579097255795
-0.008615135994913413
-0.07981845700019685
-0.06014071947732316
-0.0884487241775705
-0.06817365953827965
-0.005551153811237053
-0.016540271600309242
-0.07823482449621817
0.0828072577353081
0.016094143137316424
0.009817915662565695
-0.08268167487803646
-0.04445146073220364
0.012556670233252569
-0.08234990414006715
-0.0032180424541797567
-0.054068935774143054
-0.12108889296517349
-0.04226432472864168
-0.024143545465014876
-0.016223161901757502
0.014672130979980593
-0.06374391371046559
-0.04022146012158704
-0.09246905148137972
-0.053604891002599374
-0.03798440912484887
-0.024143545465014876
-0.022476173672561127
-0.0869669527819597
-0.0041896608898673035
-0.050915374701806175
-0.10265429803631906
-0.03535130592186639
-0.12108889296517349
-0.019902276087286442
0.06038191214341192
0.05724107408452092
-0.07469505265085362
0.07212509566090924
-0.013716954403434331
-0.18046884805061267
0.014657953789485187
-0.033683533379193074
-0.19988244982833783
0.02370364401147197
-0.03798440912484887
-0.12293684077876177
-0.034224139971318034
0.05724107408452092
-0.023822683071595525
-0.0032180424541797567
-0.12108889296517349
0.04423320362324631
-0.022926925867783242
0.03654071362559058
0.02370364401147197
-0.07094970948886538
-0.028781092792992954
0.0828072577353081
-0.06011302401163246
-0.016223161901757502
0.06071886049388511
-0.045056854463680525
-0.010858215279597221
0.021898579097255795
-0.010858215279597221
-0.07621890502886648
-0.07572534736185052
-0.018002727847987246
-0.1707457282446238
-0.005551153811237053
-0.18273673959892645
-0.02512388185690671
-0.09614640394612985
-0.031405096386678794
-0.038473391189238725
-0.015327208213813285
-0.07321143776404274
-0.06543734593292473
-0.1245308071672669
-0.13021932145925863
-0.08938835367711025
0.0816677441118995
0.03955351372929107
-0.06402159371856977
-0.1245308071672669
-0.06359259019957623
0.003560337073155357
-0.033224141067589544
-0.01602839338463067
-0.028119560749554656
-0.05936447579448874
-0.09157146277900986
-0.1095103063329279
0.0828072577353081
-0.13328488717599793
-0.07343113267573631
-0.01602839338463067
-0.038427722628781656
-0.0902618951976595
-0.08268167487803646
-0.1095103063329279
-0.11571242488197721
-0.09072381617271003
0.06378902107518837
0.00881161169931254
-0.06468956958538027
-0.0394198713744913
-0.08827147081848095
-0.0041896608898673035
-0.07343113267573631
-0.07966000875655017
-0.12291411486881382
-0.0581826363473936
-0.11753474396621297
-0.22117646309924738
-0.10468723643384546
0.021965869929313032
0.03654071362559058
0.01834226428473921
0.021898579097255795
-0.020939035686379687
-0.04450293141177546
-0.14327152412229216
-0.10108727638287533
-0.0712260524817143
-0.22117646309924738
-0.020906582164565726
-0.011732307659327413
-0.03464787531209594
-0.07966000875655017
0.02041178161955676
0.07212509566090924
-0.19054492903750495
-0.10929521531112278
-0.10265429803631906
-0.024639004754701214
-0.12291411486881382
-0.017734295138991277
-0.013716954403434331
-0.010731408045864773
-0.06817365953827965
-0.0038443749721054498
0.043184512244518865
-0.020906582164565726
-0.10929521531112278
0.04423320362324631
0.006176369010466347
-0.09614640394612985
-0.054068935774143054
0.014250521840869584
-0.13872801178790586
-0.033224141067589544
-0.07068327989914068
-0.045056854463680525
-0.041330118562493634
-0.0394198713744913
-0.15553680771927475
-0.010984886082898776
-0.06523806705418085
-0.03173120556536606
-0.020729770077677463
0.10241009365599331
-0.06385437239636894
-0.0581826363473936
-0.019552251471704574
-0.12044659614153864
0.043184512244518865
-0.005736634302529495
-0.054068935774143054
-0.06297835589468177
0.03654071362559058
-0.045056854463680525
-0.01829932666094799
0.10241009365599331
-0.003927636831529938
0.03955351372929107
-0.07621890502886648
0.0828072577353081
-0.01602839338463067
0.0011191986745375275
-0.039616380636100075
-0.18372985715980544
-0.06434603712876526
-0.12291411486881382
-0.10468723643384546
0.022214675720558994
-0.0869669527819597
-0.06955517594701204
-0.06789227921848244
-0.03217655894655766
-0.026236327970833546
0.012556670233252569
-0.04576703870601768
0.05724107408452092
-0.0012137385481995793
-0.023822683071595525
-0.019357486124451904
-0.07193968577150461
-0.010858215279597221
-0.10124902535288467
-0.04098101449485227
-0.06817365953827965
-0.13158441897205503
0.06378902107518837
0.006176369010466347
-0.19988244982833783
-0.13872801178790586
-0.09157146277900986
-0.005333703602633608
-0.08886940660746037
-0.0060969847022853945
-0.0041896608898673035
-0.012090479010153725
-0.0041896608898673035
-0.08798171400010583
-0.1275413484124685
0.0056844987435475626
-0.041330118562493634
-0.0026350909228897504
-0.06011302401163246
-0.06817365953827965
-0.09286094052957694
0.005480545743665414
-0.1308929442130901
0.016229294629916107
-0.019552251471704574
-0.06011302401163246
-0.16915739190792486
-0.0712260524817143
-0.18273673959892645
-0.015140857066178959
-0.031371768668802986
-0.1308929442130901
-0.03464787531209594
-0.130627520307234
-0.09286094052957694
-0.18046884805061267
-0.12293684077876177
0.006176369010466347
-0.13872801178790586
-0.07823482449621817
-0.034224139971318034
-0.031405096386678794
-0.06223860511990983
-0.2145348131475635
-0.06385437239636894
-0.06443996513756968
-0.04376234053341292
-0.12291411486881382
0.06378902107518837
-0.005736634302529495
-0.017734295138991277
-0.028119560749554656
-0.2145348131475635
-0.12108889296517349
0.02869048055503058
-0.010611682196246803
-0.026448518450776674
0.06378902107518837
-0.07469505265085362
-0.15553680771927475
-0.05037829729777098
-0.028119560749554656
-0.04267361362688962
-0.07321143776404274
-0.12108889296517349
0.008108884564980505
-0.0026350909228897504
-0.005160112981125932
