0.024229388717127306
-0.0035543083331181814
-0.013165201245343977
0.00265830800883008
0.015174952832909783
-0.0035543083331181814
-0.013041371080414036
0.03843710525437254
-0.014881822073842917
-0.013041371080414036
-0.01332605875875646
0.015174952832909783
-0.0035543083331181814
-0.013647549787404645
0.0
-0.023449249447295407
-0.004208027825367093
0.0044544079762000015
-0.013647549787404645
-0.0035543083331181814
0.03843710525437254
-0.023449249447295407
-0.013165201245343977
-0.004208027825367093
0.02847607924275518
0.0
-0.013165201245343977
-0.013647549787404645
-0.01332605875875646
-0.022780180547451893
-0.02546370149624897
-0.013647549787404645
-0.018871771176336826
-0.005735416967902562
0.0
-0.013647549787404645
0.02847607924275518
0.0
-0.013647549787404645
-0.01332605875875646
0.024229388717127306
-0.014881822073842917
-0.022780180547451893
-0.01616164669252141
-0.008222025099349802
0.0044544079762000015
0.2046331766787897
-0.022780180547451893
0.0014472950857483192
-0.013041371080414036
-0.018871771176336826
0.015174952832909783
-0.008222025099349802
-0.022780180547451893
-0.0032301179989027997
-0.005735416967902562
0.2046331766787897
0.0044544079762000015
0.2046331766787897
0.0014472950857483192
-0.01616164669252141
-0.008222025099349802
-0.008222025099349802
-0.005735416967902562
-0.018871771176336826
-0.013041371080414036
0.0044544079762000015
-0.005735416967902562
0.00265830800883008
0.00265830800883008
-0.014881822073842917
-0.0032301179989027997
-0.018871771176336826
-0.013647549787404645
-0.01332605875875646
0.02847607924275518
-0.0008471133660135514
-0.0032301179989027997
-0.013165201245343977
0.0
-0.02546370149624897
-0.004208027825367093
-0.008222025099349802
-0.0035543083331181814
-0.01332605875875646
-0.008222025099349802
0.03843710525437254
-0.0032301179989027997
0.0044544079762000015
-0.01332605875875646
0.03843710525437254
-0.004208027825367093
-0.01616164669252141
-0.0035543083331181814
0.024229388717127306
0.0044544079762000015
-0.018871771176336826
-0.01616164669252141
0.02847607924275518
-0.023449249447295407
0.00265830800883008
0.2046331766787897
-0.01616164669252141
0.02847607924275518
-0.01616164669252141
0.024229388717127306
-0.014881822073842917
0.0
0.0044544079762000015
-0.0008471133660135514
-0.018871771176336826
-0.013165201245343977
-0.013647549787404645
-0.02546370149624897
-0.0008471133660135514
-0.009554252838396783
-0.009554252838396783
0.024229388717127306
0.0
-0.023449249447295407
-0.009554252838396783
-0.018871771176336826
-0.0032301179989027997
-0.013041371080414036
0.02847607924275518
-0.023449249447295407
-0.004208027825367093
-0.013647549787404645
-0.009554252838396783
-0.01332605875875646
0.015174952832909783
-0.01332605875875646
-0.013647549787404645
-0.01332605875875646
-0.018871771176336826
-0.01332605875875646
-0.023449249447295407
-0.023449249447295407
-0.008222025099349802
0.0044544079762000015
0.2046331766787897
0.00265830800883008
-0.008222025099349802
0.03843710525437254
0.0014472950857483192
-0.013041371080414036
-0.008222025099349802
-0.013647549787404645
-0.013165201245343977
-0.022780180547451893
0.03843710525437254
-0.008222025099349802
-0.023449249447295407
0.00265830800883008
-0.0008471133660135514
-0.022780180547451893
0.02847607924275518
-0.005735416967902562
-0.023449249447295407
0.024229388717127306
-0.023449249447295407
-0.01332605875875646
-0.014881822073842917
-0.02546370149624897
0.00265830800883008
0.02847607924275518
-0.013165201245343977
-0.0035543083331181814
-0.008222025099349802
-0.023449249447295407
-0.0032301179989027997
-0.02546370149624897
-0.013041371080414036
-0.02546370149624897
-0.01616164669252141
-0.022780180547451893
-0.022780180547451893
-0.013041371080414036
0.02847607924275518
-0.01616164669252141
-0.023449249447295407
0.2046331766787897
0.0014472950857483192
-0.023449249447295407
-0.009554252838396783
-0.013041371080414036
-0.023449249447295407
-0.013165201245343977
0.2046331766787897
0.0014472950857483192
-0.005735416967902562
-0.009554252838396783
0.024229388717127306
-0.01616164669252141
0.024229388717127306
0.02847607924275518
0.0014472950857483192
-0.0035543083331181814
0.03843710525437254
-0.004208027825367093
0.02847607924275518
-0.0008471133660135514
0.015174952832909783
0.024229388717127306
0.0014472950857483192
-0.014881822073842917
0.00265830800883008
0.02847607924275518
0.00265830800883008
0.0
-0.018871771176336826
-0.013647549787404645
-0.005735416967902562
-0.022780180547451893
0.02847607924275518
-0.01616164669252141
-0.004208027825367093
0.015174952832909783
0.0044544079762000015
0.02847607924275518
0.0
-0.014881822073842917
0.00265830800883008
0.0044544079762000015
-0.01616164669252141
0.2046331766787897
-0.0035543083331181814
-0.013041371080414036
-0.0008471133660135514
-0.014881822073842917
-0.023449249447295407
0.015174952832909783
-0.008222025099349802
-0.0008471133660135514
-0.008222025099349802
-0.01616164669252141
-0.013647549787404645
0.0014472950857483192
-0.0035543083331181814
0.0014472950857483192
0.02847607924275518
-0.013041371080414036
-0.02546370149624897
0.015174952832909783
-0.02546370149624897
0.024229388717127306
-0.005735416967902562
0.015174952832909783
-0.0008471133660135514
-0.02546370149624897
-0.01616164669252141
-0.005735416967902562
0.015174952832909783
-0.0008471133660135514
-0.018871771176336826
-0.01332605875875646
0.0044544079762000015
-0.018871771176336826
0.015174952832909783
-0.014881822073842917
0.0044544079762000015
-0.022780180547451893
0.03843710525437254
0.2046331766787897
0.2046331766787897
0.0044544079762000015
-0.02546370149624897
-0.014881822073842917
-0.013165201245343977
0.024229388717127306
-0.023449249447295407
-0.0035543083331181814
0.0
0.024229388717127306
-0.013041371080414036
-0.022780180547451893
-0.01616164669252141
-0.009554252838396783
-0.01616164669252141
0.015174952832909783
-0.013165201245343977
-0.01616164669252141
-0.022780180547451893
-0.009554252838396783
-0.0035543083331181814
-0.02546370149624897
-0.009554252838396783
-0.01616164669252141
-0.013041371080414036
-0.014881822073842917
-0.013647549787404645
-0.008222025099349802
0.00265830800883008
0.0
-0.02546370149624897
-0.013041371080414036
-0.01332605875875646
-0.013041371080414036
-0.022780180547451893
-0.01332605875875646
-0.013647549787404645
-0.018871771176336826
-0.01616164669252141
-0.01616164669252141
-0.01332605875875646
0.015174952832909783
-0.004208027825367093
0.00265830800883008
0.0
0.2046331766787897
-0.008222025099349802
0.0044544079762000015
-0.018871771176336826
0.024229388717127306
-0.014881822073842917
-0.0032301179989027997
0.00265830800883008
0.024229388717127306
-0.005735416967902562
-0.014881822073842917
-0.023449249447295407
-0.01332605875875646
0.024229388717127306
-0.02546370149624897
-0.01332605875875646
-0.01332605875875646
-0.01332605875875646
-0.01332605875875646
-0.004208027825367093
-0.01616164669252141
0.03843710525437254
-0.01616164669252141
-0.01616164669252141
-0.013647549787404645
-0.018871771176336826
-0.014881822073842917
0.0044544079762000015
-0.013647549787404645
-0.013165201245343977
-0.023449249447295407
0.015174952832909783
0.03843710525437254
-0.004208027825367093
0.024229388717127306
-0.004208027825367093
-0.0032301179989027997
-0.014881822073842917
-0.0032301179989027997
-0.014881822073842917
0.03843710525437254
-0.009554252838396783
-0.01616164669252141
-0.022780180547451893
-0.008222025099349802
-0.014881822073842917
0.0044544079762000015
0.03843710525437254
-0.01332605875875646
0.2046331766787897
-0.0008471133660135514
-0.013165201245343977
-0.023449249447295407
-0.0032301179989027997
-0.023449249447295407
-0.023449249447295407
0.0014472950857483192
0.0
-0.0008471133660135514
-0.0008471133660135514
0.0
-0.02546370149624897
-0.014881822073842917
0.0
-0.0035543083331181814
0.00265830800883008
-0.013647549787404645
-0.023449249447295407
0.2046331766787897
-0.013647549787404645
0.2046331766787897
-0.023449249447295407
-0.014881822073842917
0.0014472950857483192
-0.013647549787404645
-0.014881822073842917
-0.01332605875875646
-0.0035543083331181814
0.015174952832909783
-0.0008471133660135514
0.0
-0.005735416967902562
-0.0032301179989027997
-0.02546370149624897
-0.013041371080414036
-0.013041371080414036
-0.0008471133660135514
-0.0008471133660135514
0.0044544079762000015
0.015174952832909783
0.015174952832909783
-0.023449249447295407
-0.009554252838396783
-0.009554252838396783
-0.0008471133660135514
0.0014472950857483192
0.03843710525437254
-0.022780180547451893
0.0044544079762000015
-0.014881822073842917
-0.0032301179989027997
-0.01332605875875646
0.02847607924275518
0.024229388717127306
0.2046331766787897
-0.0008471133660135514
0.2046331766787897
-0.0035543083331181814
-0.005735416967902562
0.02847607924275518
-0.0035543083331181814
0.00265830800883008
-0.018871771176336826
0.00265830800883008
-0.0008471133660135514
-0.0032301179989027997
-0.0032301179989027997
-0.01616164669252141
-0.004208027825367093
-0.005735416967902562
0.02847607924275518
-0.0035543083331181814
-0.018871771176336826
0.00265830800883008
0.0014472950857483192
-0.013041371080414036
-0.0035543083331181814
-0.008222025099349802
-0.0008471133660135514
-0.023449249447295407
0.2046331766787897
0.03843710525437254
-0.008222025099349802
-0.023449249447295407
-0.013647549787404645
-0.004208027825367093
-0.013165201245343977
0.0
0.0014472950857483192
-0.023449249447295407
0.2046331766787897
0.024229388717127306
-0.023449249447295407
-0.0008471133660135514
-0.01332605875875646
-0.009554252838396783
-0.013165201245343977
0.00265830800883008
-0.013647549787404645
0.2046331766787897
0.015174952832909783
-0.02546370149624897
-0.02546370149624897
-0.013041371080414036
0.00265830800883008
-0.023449249447295407
0.0044544079762000015
-0.013165201245343977
0.0014472950857483192
-0.013647549787404645
-0.013165201245343977
-0.02546370149624897
0.024229388717127306
0.02847607924275518
-0.023449249447295407
-0.009554252838396783
-0.0008471133660135514
-0.013041371080414036
-0.0035543083331181814
0.024229388717127306
-0.005735416967902562
-0.013165201245343977
0.0
-0.005735416967902562
-0.023449249447295407
-0.0032301179989027997
-0.022780180547451893
-0.022780180547451893
-0.01332605875875646
-0.009554252838396783
-0.005735416967902562
-0.0032301179989027997
-0.023449249447295407
0.0044544079762000015
0.0014472950857483192
-0.0008471133660135514
-0.0008471133660135514
-0.004208027825367093
0.02847607924275518
-0.023449249447295407
0.00265830800883008
-0.013647549787404645
-0.0032301179989027997
0.00265830800883008
-0.008222025099349802
-0.004208027825367093
-0.004208027825367093
0.024229388717127306
-0.0035543083331181814
-0.005735416967902562
-0.0008471133660135514
-0.0035543083331181814
-0.0032301179989027997
0.00265830800883008
0.0
0.2046331766787897
-0.01616164669252141
-0.005735416967902562
0.03843710525437254
-0.018871771176336826
-0.013165201245343977
-0.02546370149624897
-0.023449249447295407
-0.01332605875875646
-0.01332605875875646
0.2046331766787897
0.024229388717127306
0.03843710525437254
0.2046331766787897
-0.023449249447295407
-0.023449249447295407
-0.01332605875875646
-0.013041371080414036
-0.009554252838396783
0.0014472950857483192
-0.0032301179989027997
0.015174952832909783
-0.01616164669252141
0.0044544079762000015
-0.005735416967902562
0.2046331766787897
0.0014472950857483192
-0.009554252838396783
-0.018871771176336826
-0.013647549787404645
-0.013041371080414036
-0.008222025099349802
-0.004208027825367093
-0.008222025099349802
0.2046331766787897
0.0014472950857483192
-0.01332605875875646
-0.0032301179989027997
-0.018871771176336826
0.03843710525437254
0.015174952832909783
-0.02546370149624897
-0.022780180547451893
0.0014472950857483192
-0.023449249447295407
-0.022780180547451893
0.015174952832909783
0.03843710525437254
-0.005735416967902562
0.2046331766787897
0.2046331766787897
-0.0032301179989027997
-0.018871771176336826
-0.004208027825367093
-0.018871771176336826
0.024229388717127306
0.02847607924275518
-0.013647549787404645
-0.0008471133660135514
-0.004208027825367093
0.024229388717127306
-0.022780180547451893
0.024229388717127306
-0.008222025099349802
-0.01332605875875646
-0.022780180547451893
-0.009554252838396783
-0.008222025099349802
-0.01332605875875646
-0.013647549787404645
-0.0008471133660135514
-0.005735416967902562
-0.013041371080414036
0.02847607924275518
-0.018871771176336826
-0.023449249447295407
-0.022780180547451893
-0.0035543083331181814
-0.0032301179989027997
0.02847607924275518
-0.013041371080414036
0.015174952832909783
-0.0035543083331181814
0.00265830800883008
-0.0035543083331181814
-0.013647549787404645
-0.01332605875875646
-0.022780180547451893
-0.013647549787404645
-0.005735416967902562
0.0014472950857483192
-0.004208027825367093
-0.013041371080414036
-0.008222025099349802
-0.005735416967902562
-0.009554252838396783
-0.009554252838396783
0.2046331766787897
0.03843710525437254
-0.013647549787404645
0.00265830800883008
-0.022780180547451893
-0.01332605875875646
-0.004208027825367093
0.02847607924275518
-0.01616164669252141
-0.022780180547451893
-0.014881822073842917
-0.013041371080414036
-0.023449249447295407
-0.0035543083331181814
0.02847607924275518
-0.004208027825367093
0.0044544079762000015
-0.004208027825367093
-0.0008471133660135514
-0.0035543083331181814
0.024229388717127306
-0.01616164669252141
0.03843710525437254
0.0
0.03843710525437254
-0.009554252838396783
0.0044544079762000015
-0.013165201245343977
-0.01616164669252141
-0.004208027825367093
0.03843710525437254
-0.013647549787404645
0.0014472950857483192
-0.005735416967902562
-0.0032301179989027997
-0.013041371080414036
-0.02546370149624897
-0.009554252838396783
0.03843710525437254
0.03843710525437254
0.02847607924275518
-0.0032301179989027997
0.024229388717127306
-0.014881822073842917
-0.004208027825367093
-0.022780180547451893
-0.0035543083331181814
-0.004208027825367093
-0.008222025099349802
-0.018871771176336826
0.024229388717127306
-0.0008471133660135514
0.024229388717127306
-0.0008471133660135514
0.024229388717127306
0.024229388717127306
-0.014881822073842917
-0.01332605875875646
-0.013165201245343977
-0.013165201245343977
-0.008222025099349802
-0.02546370149624897
-0.013647549787404645
-0.01616164669252141
0.0
-0.005735416967902562
0.2046331766787897
0.00265830800883008
0.0
-0.023449249447295407
-0.0032301179989027997
-0.013647549787404645
-0.0032301179989027997
-0.013647549787404645
-0.022780180547451893
-0.014881822073842917
-0.008222025099349802
-0.02546370149624897
0.015174952832909783
0.0044544079762000015
-0.0008471133660135514
-0.01332605875875646
0.03843710525437254
-0.013041371080414036
-0.0008471133660135514
0.0
0.024229388717127306
-0.01616164669252141
0.0
-0.004208027825367093
-0.01616164669252141
-0.01616164669252141
-0.022780180547451893
0.00265830800883008
-0.0032301179989027997
-0.0032301179989027997
-0.0035543083331181814
-0.009554252838396783
-0.022780180547451893
-0.009554252838396783
-0.014881822073842917
-0.008222025099349802
-0.01616164669252141
0.02847607924275518
0.02847607924275518
0.015174952832909783
-0.0035543083331181814
-0.005735416967902562
-0.014881822073842917
-0.004208027825367093
0.03843710525437254
-0.014881822073842917
-0.0032301179989027997
-0.005735416967902562
-0.004208027825367093
-0.008222025099349802
0.02847607924275518
-0.01616164669252141
0.2046331766787897
0.024229388717127306
0.0014472950857483192
0.0014472950857483192
-0.005735416967902562
-0.022780180547451893
-0.0008471133660135514
0.0044544079762000015
-0.0008471133660135514
-0.018871771176336826
-0.0032301179989027997
0.0014472950857483192
0.015174952832909783
-0.01332605875875646
0.0
-0.01332605875875646
-0.014881822073842917
0.00265830800883008
-0.0032301179989027997
-0.02546370149624897
-0.018871771176336826
-0.013165201245343977
-0.01332605875875646
0.00265830800883008
0.03843710525437254
-0.018871771176336826
0.03843710525437254
0.0
-0.02546370149624897
-0.014881822073842917
-0.013041371080414036
0.0044544079762000015
-0.022780180547451893
-0.0035543083331181814
-0.0008471133660135514
-0.02546370149624897
0.2046331766787897
0.0014472950857483192
-0.013041371080414036
-0.023449249447295407
-0.005735416967902562
-0.01332605875875646
-0.004208027825367093
-0.018871771176336826
-0.0035543083331181814
-0.013647549787404645
0.015174952832909783
0.0044544079762000015
-0.005735416967902562
0.0
-0.0008471133660135514
0.0014472950857483192
-0.013165201245343977
-0.013647549787404645
0.03843710525437254
-0.0032301179989027997
-0.0008471133660135514
0.0014472950857483192
-0.02546370149624897
0.0014472950857483192
-0.013041371080414036
-0.0035543083331181814
0.0044544079762000015
-0.013041371080414036
-0.0035543083331181814
-0.0008471133660135514
-0.018871771176336826
0.2046331766787897
0.2046331766787897
-0.01332605875875646
0.0
0.0014472950857483192
-0.005735416967902562
0.00265830800883008
0.03843710525437254
-0.023449249447295407
-0.005735416967902562
-0.013647549787404645
0.02847607924275518
0.00265830800883008
-0.013165201245343977
-0.009554252838396783
-0.018871771176336826
0.0014472950857483192
-0.0032301179989027997
-0.0008471133660135514
-0.013165201245343977
-0.005735416967902562
-0.014881822073842917
-0.0035543083331181814
-0.014881822073842917
0.0
0.015174952832909783
-0.004208027825367093
-0.004208027825367093
-0.013165201245343977
0.0
0.015174952832909783
-0.008222025099349802
-0.008222025099349802
-0.023449249447295407
-0.0032301179989027997
-0.0035543083331181814
-0.01616164669252141
0.2046331766787897
0.02847607924275518
-0.014881822073842917
-0.022780180547451893
-0.005735416967902562
-0.023449249447295407
-0.0008471133660135514
0.2046331766787897
0.0044544079762000015
0.2046331766787897
-0.0008471133660135514
-0.01616164669252141
-0.023449249447295407
0.03843710525437254
0.02847607924275518
-0.013041371080414036
-0.0008471133660135514
0.0
0.0014472950857483192
-0.022780180547451893
0.0044544079762000015
-0.01616164669252141
0.024229388717127306
-0.0008471133660135514
0.0014472950857483192
-0.014881822073842917
-0.01332605875875646
-0.013647549787404645
0.2046331766787897
-0.013041371080414036
-0.01332605875875646
0.2046331766787897
-0.01616164669252141
-0.013647549787404645
-0.01332605875875646
-0.014881822073842917
-0.013041371080414036
0.02847607924275518
-0.013647549787404645
-0.009554252838396783
0.0014472950857483192
-0.013041371080414036
-0.013041371080414036
0.024229388717127306
0.03843710525437254
-0.013647549787404645
0.00265830800883008
0.2046331766787897
-0.009554252838396783
0.03843710525437254
-0.0035543083331181814
-0.02546370149624897
-0.02546370149624897
0.0014472950857483192
-0.009554252838396783
-0.01616164669252141
-0.0008471133660135514
0.0
0.2046331766787897
-0.018871771176336826
-0.008222025099349802
0.024229388717127306
-0.018871771176336826
-0.018871771176336826
-0.013647549787404645
0.015174952832909783
-0.014881822073842917
-0.0035543083331181814
0.03843710525437254
-0.008222025099349802
0.0014472950857483192
-0.013647549787404645
-0.014881822073842917
0.0014472950857483192
0.0
0.024229388717127306
0.2046331766787897
-0.02546370149624897
-0.02546370149624897
0.0
-0.018871771176336826
0.024229388717127306
-0.008222025099349802
-0.013647549787404645
-0.0032301179989027997
0.0014472950857483192
0.2046331766787897
-0.0035543083331181814
0.03843710525437254
-0.01332605875875646
0.0044544079762000015
-0.0032301179989027997
-0.01616164669252141
0.03843710525437254
-0.02546370149624897
-0.01616164669252141
-0.018871771176336826
0.0014472950857483192
-0.013041371080414036
-0.009554252838396783
-0.013647549787404645
-0.0008471133660135514
-0.005735416967902562
-0.014881822073842917
-0.013041371080414036
-0.008222025099349802
-0.009554252838396783
-0.018871771176336826
0.015174952832909783
-0.013041371080414036
0.0014472950857483192
-0.014881822073842917
-0.01332605875875646
-0.02546370149624897
-0.02546370149624897
-0.023449249447295407
-0.02546370149624897
-0.013165201245343977
-0.0032301179989027997
0.2046331766787897
-0.013647549787404645
0.00265830800883008
-0.023449249447295407
-0.013041371080414036
-0.0035543083331181814
-0.009554252838396783
-0.009554252838396783
-0.0032301179989027997
-0.0032301179989027997
-0.02546370149624897
-0.013647549787404645
-0.008222025099349802
-0.0035543083331181814
-0.009554252838396783
-0.023449249447295407
-0.0035543083331181814
-0.01616164669252141
-0.0035543083331181814
-0.009554252838396783
0.0
-0.014881822073842917
-0.0035543083331181814
0.015174952832909783
-0.013165201245343977
-0.0032301179989027997
0.015174952832909783
0.2046331766787897
-0.02546370149624897
-0.0008471133660135514
0.015174952832909783
-0.013165201245343977
-0.0008471133660135514
0.02847607924275518
0.0
0.015174952832909783
-0.005735416967902562
-0.0032301179989027997
-0.014881822073842917
-0.013647549787404645
-0.005735416967902562
-0.005735416967902562
-0.018871771176336826
-0.008222025099349802
-0.018871771176336826
0.0014472950857483192
-0.005735416967902562
-0.008222025099349802
