0.046984908200082644
-0.01844871852016396
-0.11353368268687575
0.06361134847997958
0.006761280612077686
0.01458585220104487
-0.03747085879419857
-0.07350504112871593
-0.058528746987990383
0.04505832057102152
0.2051635093660657
0.012075114199360698
0.05829928074716693
0.2367898337124139
-0.12224811591981202
-0.11021488528322657
0.05320410776154438
-0.1012379578928487
0.04511675641174897
0.008767823720890069
-0.12069745730937179
-0.02880597585312435
0.01583194430371035
0.028359670923930488
0.00760998441791528
-0.017065305990900056
-0.060269971106390215
-0.004211326555201048
-0.07218194243644295
0.014473401655308488
-0.08477131836110093
0.004922747948765757
0.008767823720890069
-0.04995813320346122
0.04408831684691678
0.08008735667155048
-0.032528409866824905
-0.036953502140292194
0.05747340999709917
0.1323359881893194
-0.017065305990900056
0.01874501458210979
0.1323359881893194
-0.1417817317505099
-0.21464536123041644
-0.14316880612248142
0.2051635093660657
0.163135530854689
-0.1079424578218003
-0.05228595784671796
-0.11021488528322657
-0.11353368268687575
0.009986133897113107
-0.29396255183655073
-0.052824236322925544
-0.07441757809266415
-0.04282721004636313
-0.12015631807707537
-0.22136766088026444
-0.06314111079762215
-0.11353368268687575
-0.05416126185187478
0.04037746773763616
-0.050425655782346306
-0.1012379578928487
-0.11353368268687575
-0.07626577762201414
-0.04339543648409785
-0.032528409866824905
-0.061509049951774405
-0.07441757809266415
-0.029321999668675856
0.012075114199360698
-0.02798159762753367
0.05747340999709917
0.04511675641174897
0.1494869150466458
-0.06728919138680148
-0.06373995638739133
-0.05416126185187478
-0.08162039026065662
0.004922747948765757
-0.08477131836110093
-0.21464536123041644
-0.04995813320346122
0.03913493197217994
0.05320410776154438
0.01583194430371035
0.04511675641174897
-0.1012379578928487
0.07488210328753452
0.004922747948765757
0.26477677552536405
0.1494869150466458
0.008767823720890069
-0.11318957376155554
-0.02008988271716838
-0.050061221856074194
-0.12069745730937179
-0.07350504112871593
0.012078893674799883
-0.21464536123041644
0.03913493197217994
-0.004774301952355281
0.05418678878717969
-0.04527395984476698
0.012075114199360698
-0.02008988271716838
0.10538186196464626
-0.09128714287402179
0.08373422700943722
-0.04995813320346122
-0.04339543648409785
0.01081740514465836
0.07488210328753452
-0.11318957376155554
-0.14316880612248142
0.05593417010589351
0.015630851736153733
-0.08162039026065662
-0.06017492925558336
-0.06620415552464112
-0.18113935476297313
-0.08665635051984424
0.2367898337124139
-0.1410328430535072
-0.06017492925558336
-0.08759439487512748
-0.02880597585312435
-0.15233302327230963
-0.06373995638739133
-0.036953502140292194
0.03913493197217994
0.21007256384799267
0.10449363080903662
0.03490293238163761
0.2367898337124139
-0.06314111079762215
-0.21464536123041644
-0.09535373703841431
0.03913493197217994
-0.1136923351879974
0.014473401655308488
0.012078893674799883
-0.18113935476297313
-0.044383272900979376
-0.03214614255420599
-0.0573387174910703
0.008767823720890069
0.017659128442076746
0.0588988112255035
0.10584868817806976
-0.08162039026065662
0.04037746773763616
0.023571448204053803
0.1494869150466458
0.10449363080903662
0.05593417010589351
-0.004774301952355281
0.011435507977474613
-0.09054818021155418
-0.1244268265564869
-0.02798159762753367
-0.11991136789554459
0.05320410776154438
-0.050425655782346306
0.012075114199360698
-0.06728919138680148
-0.12015631807707537
0.03987079483997578
-0.04527395984476698
-0.051705394095675365
0.006842866649464148
0.028359670923930488
-0.1548176330459895
-0.052824236322925544
0.012224385418075277
0.04408831684691678
-0.08477131836110093
0.03490293238163761
-0.12069745730937179
-0.15233302327230963
0.10449363080903662
-0.06728919138680148
0.01458585220104487
-0.02360097234914784
-0.18809076755411455
0.1323359881893194
-0.02360097234914784
-0.032528409866824905
0.05829928074716693
3.326931109053999e-05
0.21007256384799267
0.03490293238163761
0.15365354413715834
-0.06314111079762215
0.01583194430371035
0.2051635093660657
-0.051705394095675365
0.018318557503474584
-0.0278768016494666
-0.07234645691509001
-0.02873393923250713
-0.050425655782346306
-0.27598326548316626
-0.14316880612248142
0.022840726052619064
-0.2038988094060322
-0.1410328430535072
-0.15233302327230963
-0.05228595784671796
-0.1079424578218003
-0.11991136789554459
0.043436454714767106
0.0380247857329582
-0.08481556387713769
-0.12069745730937179
0.006842866649464148
-0.02798159762753367
0.04037746773763616
-0.06017492925558336
-0.12069745730937179
-0.09054818021155418
0.05829928074716693
-0.06763239108521638
-0.02798159762753367
-0.02360097234914784
-0.07626577762201414
-0.050061221856074194
-0.004359069484425895
0.04408831684691678
-0.07142999769074214
-0.02880597585312435
-0.1417817317505099
-0.07403152906652834
0.05829928074716693
0.012224385418075277
-0.08162039026065662
-0.032528409866824905
-0.11353368268687575
-0.07626577762201414
0.00760998441791528
-0.15233302327230963
-0.032528409866824905
-0.27598326548316626
-0.07234645691509001
-0.029321999668675856
-0.003080595892327412
0.23781093112139293
0.04228476669878777
-0.05078718793150229
-0.08950493691526705
-0.1136923351879974
-0.02008988271716838
-0.08477131836110093
-0.1079424578218003
-0.19842163853895473
-0.11694123736811239
-0.02360097234914784
0.014473401655308488
0.13111730304619687
-0.08924635449404159
0.018318557503474584
0.015630851736153733
0.0588988112255035
-0.02008988271716838
0.04505832057102152
0.012078893674799883
-0.004211326555201048
-0.050061221856074194
-0.01508570982556715
-0.11021488528322657
0.12329883880128435
0.006842866649464148
0.05418678878717969
0.028359670923930488
-0.050425655782346306
0.21007256384799267
-0.07350504112871593
0.04037746773763616
-0.04995813320346122
-0.08759439487512748
-0.060269971106390215
0.07444934713760802
0.018318557503474584
0.2367898337124139
-0.0278768016494666
-0.036953502140292194
0.07488210328753452
-0.1012379578928487
0.10449363080903662
0.05320410776154438
-0.1548176330459895
-0.1856230062941804
-0.07350504112871593
0.01081740514465836
0.10449363080903662
0.1494869150466458
-0.050425655782346306
0.06404578283595191
-0.02798159762753367
-0.14276624567944793
0.0380247857329582
0.10538186196464626
0.10584868817806976
0.05829928074716693
-0.06373995638739133
-0.14276624567944793
0.028359670923930488
-0.004774301952355281
-0.08477131836110093
0.2367898337124139
0.048017502932015746
0.017659128442076746
-0.017556814426607403
-0.04995813320346122
-0.11353368268687575
-0.051705394095675365
-0.0278768016494666
0.043436454714767106
0.009986133897113107
-0.27598326548316626
0.004922747948765757
0.04408831684691678
0.1323359881893194
-0.0573387174910703
-0.27598326548316626
0.08373422700943722
-0.21464536123041644
0.06906070260888843
-0.0573387174910703
-0.061509049951774405
-0.050425655782346306
-0.1410328430535072
-0.08665635051984424
0.10449363080903662
0.08008735667155048
-0.09054818021155418
0.12329883880128435
-0.12015631807707537
-0.15233302327230963
-0.09128714287402179
-0.1410328430535072
-0.1012379578928487
0.00760998441791528
0.03987079483997578
0.0380247857329582
0.01458585220104487
-0.02360097234914784
0.163135530854689
-0.050425655782346306
0.043436454714767106
0.01583194430371035
-0.004211326555201048
0.015630851736153733
-0.07142999769074214
-0.019302858957915055
-0.06805343233962008
-0.06728919138680148
0.10449363080903662
-0.1244268265564869
-0.07350504112871593
-0.01508570982556715
0.006842866649464148
-0.1079424578218003
-0.09054818021155418
0.009986133897113107
-0.02360097234914784
-0.04527395984476698
0.043436454714767106
-0.05416126185187478
-0.07234645691509001
0.06361134847997958
0.03738244826829834
-0.12069745730937179
-0.09128714287402179
-0.14316880612248142
-0.05340798709489758
-0.1012379578928487
0.028359670923930488
0.07488210328753452
0.022840726052619064
-0.061509049951774405
0.04408831684691678
0.23781093112139293
-0.09054818021155418
-0.15608218196227355
-0.050061221856074194
-0.03747085879419857
-0.27598326548316626
0.07444934713760802
0.023571448204053803
-0.1136923351879974
-0.11991136789554459
-0.08884183605051667
-0.19842163853895473
-0.1856230062941804
-0.06728919138680148
-0.1136923351879974
-0.011723896343447318
-0.02880597585312435
0.023571448204053803
0.004922747948765757
0.07488210328753452
-0.036953502140292194
0.04505832057102152
0.21007256384799267
0.07444934713760802
-0.06620415552464112
-0.06017492925558336
-0.04995813320346122
-0.06620415552464112
-0.07626577762201414
-0.07350504112871593
-0.017556814426607403
-0.051705394095675365
-0.004211326555201048
-0.017556814426607403
0.023571448204053803
-0.11991136789554459
0.06906070260888843
0.0588988112255035
0.01458585220104487
0.009986133897113107
-0.04527395984476698
-0.19842163853895473
-0.07218194243644295
-0.12015631807707537
-0.1856230062941804
3.326931109053999e-05
0.03913493197217994
-0.15233302327230963
-0.06314111079762215
-0.1327529901567421
-0.05078718793150229
-0.08924635449404159
-0.01508570982556715
0.07047283938545058
-0.06373995638739133
-0.08665635051984424
0.10584868817806976
0.03738244826829834
0.0380247857329582
-0.08884183605051667
0.006761280612077686
0.1323359881893194
-0.042149468179752646
-0.08665635051984424
-0.05340798709489758
0.07488210328753452
-0.019302858957915055
0.03987079483997578
0.10538186196464626
0.004922747948765757
-0.03747085879419857
-0.06805343233962008
-0.03214614255420599
0.04408831684691678
-0.07441757809266415
0.10538186196464626
0.017659128442076746
0.05829928074716693
-0.07441757809266415
-0.044383272900979376
0.015630851736153733
-0.27598326548316626
-0.09128714287402179
0.07047283938545058
3.326931109053999e-05
-0.04282721004636313
-0.011723896343447318
-0.05416126185187478
-0.09128714287402179
-0.05416126185187478
0.01583194430371035
-0.06017492925558336
-0.004211326555201048
-0.02360097234914784
-0.07403152906652834
-0.08924635449404159
0.08008735667155048
-0.08481556387713769
-0.22136766088026444
0.15365354413715834
0.06404578283595191
-0.05416126185187478
-0.04527395984476698
-0.044383272900979376
-0.1079424578218003
0.12329883880128435
0.10538186196464626
-0.004359069484425895
0.06404578283595191
-0.03261927239767609
0.03490293238163761
-0.004359069484425895
0.009986133897113107
-0.11694123736811239
-0.061509049951774405
0.03738244826829834
0.012078893674799883
-0.04995813320346122
0.0380247857329582
-0.0573387174910703
0.07444934713760802
-0.01508570982556715
0.018318557503474584
-0.060269971106390215
-0.051705394095675365
-0.1417817317505099
-0.02360097234914784
-0.004359069484425895
0.06906070260888843
0.01081740514465836
0.008767823720890069
0.03490293238163761
0.08373422700943722
0.03987079483997578
-0.07403152906652834
0.04037746773763616
-0.19842163853895473
0.03738244826829834
-0.0278768016494666
0.006842866649464148
-0.12224811591981202
-0.011723896343447318
-0.1012379578928487
-0.02873393923250713
-0.18113935476297313
-0.1417817317505099
0.048017502932015746
-0.058528746987990383
-0.06620415552464112
0.018318557503474584
0.26477677552536405
0.1323359881893194
-0.02798159762753367
-0.08924635449404159
-0.07441757809266415
-0.004774301952355281
0.01458585220104487
-0.051705394095675365
-0.07441757809266415
-0.044383272900979376
-0.042149468179752646
0.13111730304619687
-0.1410328430535072
0.07488210328753452
-0.017556814426607403
0.048017502932015746
-0.18809076755411455
-0.058528746987990383
0.06906070260888843
0.018318557503474584
-0.05416126185187478
0.028359670923930488
0.009986133897113107
0.006842866649464148
0.10584868817806976
-0.15608218196227355
-0.05416126185187478
-0.18113935476297313
-0.02008988271716838
0.10584868817806976
-0.08665635051984424
0.00760998441791528
-0.10034119043655375
-0.12224811591981202
0.23781093112139293
0.004922747948765757
0.23781093112139293
0.06906070260888843
-0.29396255183655073
-0.1136923351879974
0.05593417010589351
-0.08759439487512748
-0.1136923351879974
-0.12069745730937179
0.008767823720890069
0.06404578283595191
-0.04282721004636313
0.01081740514465836
-0.004211326555201048
-0.08665635051984424
0.03490293238163761
0.05320410776154438
-0.029321999668675856
0.006761280612077686
0.06404578283595191
-0.05340798709489758
0.06404578283595191
-0.12015631807707537
0.21007256384799267
-0.02798159762753367
0.03987079483997578
-0.032528409866824905
-0.11991136789554459
0.006842866649464148
0.23781093112139293
-0.19842163853895473
-0.004359069484425895
0.05747340999709917
-0.1417817317505099
-0.09054818021155418
-0.08665635051984424
-0.04796668953578564
-0.03261927239767609
-0.07142999769074214
-0.14276624567944793
0.01874501458210979
0.163135530854689
0.01583194430371035
0.006761280612077686
0.07488210328753452
0.10584868817806976
-0.06728919138680148
0.15365354413715834
-0.04282721004636313
0.03738244826829834
0.011435507977474613
-0.18809076755411455
-0.08665635051984424
0.2367898337124139
-0.050425655782346306
0.07047283938545058
-0.2038988094060322
-0.11991136789554459
-0.1417817317505099
-0.050425655782346306
0.10584868817806976
-0.27598326548316626
-0.02880597585312435
-0.04282721004636313
-0.1410328430535072
0.0380247857329582
0.10538186196464626
-0.14316880612248142
-0.21464536123041644
-0.05078718793150229
-0.036953502140292194
-0.0573387174910703
0.03490293238163761
-0.08950493691526705
0.006761280612077686
-0.004359069484425895
-0.1244268265564869
0.04037746773763616
0.01081740514465836
-0.029321999668675856
-0.06805343233962008
-0.05078718793150229
-0.061509049951774405
0.006761280612077686
0.046984908200082644
0.10449363080903662
-0.22136766088026444
0.12329883880128435
-0.07234645691509001
0.06361134847997958
-0.09054818021155418
-0.02880597585312435
0.04505832057102152
-0.05340798709489758
-0.1136923351879974
0.04511675641174897
-0.08884183605051667
0.014473401655308488
0.03738244826829834
-0.06017492925558336
0.13111730304619687
3.326931109053999e-05
-0.061509049951774405
0.009986133897113107
-0.07142999769074214
-0.036953502140292194
-0.0278768016494666
-0.032528409866824905
0.0588988112255035
-0.017065305990900056
0.08008735667155048
-0.003080595892327412
0.163135530854689
-0.07403152906652834
-0.19842163853895473
-0.06373995638739133
-0.04282721004636313
-0.08665635051984424
0.011435507977474613
0.014473401655308488
-0.017065305990900056
-0.1079424578218003
-0.07350504112871593
0.012224385418075277
0.0380247857329582
0.01458585220104487
0.04228476669878777
-0.06728919138680148
0.05747340999709917
0.05747340999709917
-0.07142999769074214
0.012078893674799883
0.04408831684691678
-0.08759439487512748
-0.052824236322925544
0.048017502932015746
-0.04282721004636313
0.07444934713760802
0.046984908200082644
0.028359670923930488
-0.02360097234914784
-0.03261927239767609
0.1494869150466458
-0.1417817317505099
0.03987079483997578
-0.017556814426607403
0.0588988112255035
0.012075114199360698
-0.1244268265564869
-0.036953502140292194
0.05320410776154438
-0.22136766088026444
-0.05416126185187478
-0.18809076755411455
-0.07234645691509001
0.009986133897113107
-0.05228595784671796
0.04511675641174897
-0.27598326548316626
-0.01508570982556715
0.043436454714767106
-0.004359069484425895
0.163135530854689
-0.19842163853895473
-0.03747085879419857
-0.02360097234914784
-0.12015631807707537
0.008767823720890069
-0.003080595892327412
-0.12224811591981202
-0.2038988094060322
0.00760998441791528
-0.19842163853895473
0.04037746773763616
-0.07142999769074214
-0.08665635051984424
-0.2038988094060322
0.00760998441791528
-0.06620415552464112
-0.0573387174910703
-0.1136923351879974
0.01081740514465836
-0.06805343233962008
-0.08477131836110093
0.04408831684691678
-0.01844871852016396
-0.050425655782346306
0.10538186196464626
-0.07218194243644295
0.04511675641174897
0.022840726052619064
3.326931109053999e-05
-0.1417817317505099
0.06361134847997958
-0.1327529901567421
-0.07350504112871593
-0.02873393923250713
-0.1244268265564869
0.0588988112255035
-0.19842163853895473
0.1494869150466458
0.04511675641174897
0.015630851736153733
-0.18809076755411455
-0.036953502140292194
0.04511675641174897
-0.06314111079762215
0.015630851736153733
0.01874501458210979
-0.042149468179752646
0.23781093112139293
0.03987079483997578
-0.06620415552464112
0.00760998441791528
-0.12069745730937179
-0.052824236322925544
-0.02008988271716838
-0.04995813320346122
0.03738244826829834
-0.02873393923250713
-0.04282721004636313
0.008767823720890069
-0.08665635051984424
-0.11353368268687575
-0.15608218196227355
-0.08884183605051667
-0.09535373703841431
-0.05416126185187478
0.12329883880128435
0.06906070260888843
-0.04282721004636313
-0.14276624567944793
-0.05228595784671796
-0.02873393923250713
-0.06763239108521638
-0.06620415552464112
-0.0278768016494666
0.04037746773763616
-0.004211326555201048
-0.06728919138680148
0.06906070260888843
-0.05228595784671796
-0.03747085879419857
-0.04995813320346122
-0.27598326548316626
0.012078893674799883
-0.08884183605051667
0.04511675641174897
0.04511675641174897
-0.052824236322925544
0.04228476669878777
0.01458585220104487
-0.09535373703841431
-0.06373995638739133
-0.044383272900979376
-0.051705394095675365
0.05593417010589351
-0.04527395984476698
-0.15233302327230963
-0.05228595784671796
0.04037746773763616
3.326931109053999e-05
-0.15608218196227355
0.10538186196464626
0.012224385418075277
-0.051705394095675365
0.05829928074716693
-0.08884183605051667
0.1494869150466458
0.07444934713760802
0.06404578283595191
0.04511675641174897
-0.06314111079762215
-0.09535373703841431
0.04511675641174897
0.03738244826829834
-0.06373995638739133
-0.05078718793150229
-0.10034119043655375
-0.052824236322925544
-0.18113935476297313
-0.18113935476297313
0.05747340999709917
0.1323359881893194
0.012224385418075277
-0.050425655782346306
-0.02008988271716838
-0.0278768016494666
-0.1856230062941804
0.011435507977474613
0.15365354413715834
-0.04339543648409785
-0.029321999668675856
-0.050425655782346306
-0.15608218196227355
-0.12069745730937179
0.10584868817806976
-0.12224811591981202
0.006842866649464148
-0.02880597585312435
-0.07626577762201414
-0.1327529901567421
-0.02880597585312435
0.15365354413715834
-0.06373995638739133
-0.058528746987990383
0.163135530854689
0.08008735667155048
-0.03747085879419857
0.011435507977474613
-0.15608218196227355
-0.04796668953578564
-0.051705394095675365
-0.061509049951774405
-0.11318957376155554
-0.019302858957915055
0.05829928074716693
-0.032528409866824905
-0.044383272900979376
-0.08884183605051667
0.018318557503474584
-0.061509049951774405
-0.08162039026065662
0.10449363080903662
-0.08162039026065662
-0.15608218196227355
-0.02360097234914784
-0.07218194243644295
-0.04282721004636313
0.01874501458210979
-0.22136766088026444
-0.06805343233962008
-0.051705394095675365
-0.11694123736811239
-0.02360097234914784
-0.019302858957915055
0.012075114199360698
-0.03214614255420599
0.018318557503474584
0.15365354413715834
-0.017556814426607403
0.011435507977474613
-0.029321999668675856
0.0380247857329582
-0.12015631807707537
-0.06017492925558336
0.04037746773763616
0.07047283938545058
-0.08162039026065662
0.048017502932015746
0.012075114199360698
-0.09535373703841431
0.04505832057102152
-0.004359069484425895
0.07047283938545058
0.07488210328753452
-0.0278768016494666
-0.03214614255420599
-0.04995813320346122
0.0588988112255035
0.04408831684691678
0.012078893674799883
0.06906070260888843
0.01458585220104487
-0.09054818021155418
0.04228476669878777
-0.27598326548316626
-0.04527395984476698
-0.1244268265564869
-0.1327529901567421
0.04408831684691678
-0.1417817317505099
-0.04796668953578564
-0.03214614255420599
-0.12224811591981202
-0.1244268265564869
0.10538186196464626
-0.04527395984476698
0.012078893674799883
-0.06805343233962008
0.03738244826829834
-0.19842163853895473
-0.017556814426607403
0.01583194430371035
3.326931109053999e-05
-0.01508570982556715
-0.05416126185187478
-0.03261927239767609
-0.01508570982556715
-0.11318957376155554
-0.12069745730937179
-0.08884183605051667
-0.11021488528322657
0.01874501458210979
-0.003080595892327412
-0.08950493691526705
0.012078893674799883
0.26477677552536405
0.07047283938545058
-0.08759439487512748
0.1494869150466458
-0.05078718793150229
-0.07142999769074214
0.12329883880128435
0.10584868817806976
0.01583194430371035
-0.29396255183655073
0.05747340999709917
-0.1410328430535072
0.009986133897113107
-0.11991136789554459
-0.14316880612248142
-0.09535373703841431
-0.0278768016494666
-0.01508570982556715
-0.06805343233962008
0.006842866649464148
0.2367898337124139
-0.02880597585312435
0.04037746773763616
0.03913493197217994
0.028359670923930488
-0.11694123736811239
0.01081740514465836
-0.058528746987990383
-0.011723896343447318
-0.07403152906652834
0.048017502932015746
0.06906070260888843
0.2367898337124139
0.014473401655308488
