-0.013768461324359351
-0.009610039984471437
-0.030429758188690408
-0.012683863699199391
-0.013768461324359351
-0.0023025808481246064
0.02664686973864448
-0.02484700553575128
0.03579307694338227
0.03985462018777922
-0.013768461324359351
-0.003718496548164167
-0.02914727392698834
0.03579307694338227
-0.019523964722355337
0.003633184220583032
-0.001851142049335515
0.00013209198827112914
-0.01931508456117857
-0.008248607072534516
-0.012683863699199391
0.002271176965091883
-0.02484700553575128
-0.018416379830657623
-0.015926669663074964
-0.023071760694046345
-0.02484700553575128
-0.012683863699199391
-0.030429758188690408
0.009164938422973027
-0.011859632846574953
0.003221198301541884
-0.0023025808481246064
-0.003718496548164167
-0.03583267820404692
0.0026475351819745616
-0.02484700553575128
0.06231868895600516
0.00013209198827112914
-0.003718496548164167
-0.015062920664274322
-0.008248607072534516
-0.01444220134063789
0.04527153470791324
-0.011859632846574953
-0.004179541213706213
0.03579307694338227
-0.03583267820404692
-0.018416379830657623
-0.01444220134063789
-0.012683863699199391
-0.023071760694046345
-0.01931508456117857
-0.015573740120837246
-0.009610039984471437
-0.012683863699199391
-0.015062920664274322
-0.0020567007875683207
0.06231868895600516
-0.018416379830657623
-0.004179541213706213
0.003221198301541884
0.03579307694338227
0.04980940738162857
-0.030429758188690408
-0.007877289188749666
-0.022603124428780253
0.00013209198827112914
-0.0020567007875683207
0.03579307694338227
0.003633184220583032
-0.0023025808481246064
0.01449920940886228
-0.02484700553575128
0.003633184220583032
-0.018416379830657623
-0.004198340090057703
-0.003718496548164167
-0.018416379830657623
-0.010029171677291697
-0.02484700553575128
0.003633184220583032
-0.008248607072534516
0.0026475351819745616
-0.01931508456117857
-0.0020567007875683207
-0.003718496548164167
-0.03583267820404692
-0.0023025808481246064
0.00013209198827112914
-0.008248607072534516
0.003633184220583032
-0.004198340090057703
0.03985462018777922
0.04980940738162857
0.01449920940886228
-0.03583267820404692
-0.01931508456117857
0.003221198301541884
-0.010029171677291697
0.02664686973864448
-0.011859632846574953
-0.004179541213706213
-0.013768461324359351
-0.022603124428780253
-0.008248607072534516
-0.007877289188749666
0.007284079403837079
-0.022603124428780253
0.06231868895600516
0.03579307694338227
-0.001851142049335515
-0.030429758188690408
-0.02914727392698834
-0.003718496548164167
0.002271176965091883
-0.015062920664274322
0.05053900483111429
-0.02484700553575128
0.02005311193977551
-0.012683863699199391
-0.001851142049335515
-0.030429758188690408
0.005981733835778437
-0.0023025808481246064
-0.013768461324359351
-0.004179541213706213
-0.015062920664274322
0.00013209198827112914
-0.007877289188749666
-0.007877289188749666
-0.019523964722355337
-0.01444220134063789
0.02005311193977551
-0.004179541213706213
-0.007877289188749666
-0.010029171677291697
0.009164938422973027
0.003221198301541884
-0.01931508456117857
-0.011859632846574953
-0.031186929614470973
0.005981733835778437
0.003633184220583032
-0.0023025808481246064
0.06231868895600516
-0.0023025808481246064
0.02005311193977551
-0.001851142049335515
-0.010029171677291697
-0.03583267820404692
0.04527153470791324
0.003633184220583032
0.04980940738162857
-0.023071760694046345
-0.001851142049335515
0.05053900483111429
0.04980940738162857
0.007284079403837079
0.03985462018777922
-0.003718496548164167
-0.012683863699199391
0.0026475351819745616
-0.02914727392698834
-0.02914727392698834
0.03579307694338227
-0.01444220134063789
-0.022603124428780253
-0.001851142049335515
0.009164938422973027
0.05053900483111429
0.01449920940886228
-0.011859632846574953
-0.007877289188749666
-0.003718496548164167
-0.023071760694046345
-0.01931508456117857
-0.0020567007875683207
-0.009610039984471437
-0.004179541213706213
0.02005311193977551
-0.018416379830657623
0.03985462018777922
-0.03583267820404692
-0.008248607072534516
-0.009610039984471437
0.06231868895600516
-0.02484700553575128
0.06231868895600516
0.04980940738162857
0.06231868895600516
0.05053900483111429
0.04980940738162857
0.04980940738162857
-0.010029171677291697
0.03985462018777922
-0.0020567007875683207
0.00013209198827112914
-0.012683863699199391
0.005981733835778437
-0.004198340090057703
0.0026475351819745616
0.002271176965091883
-0.015062920664274322
0.01449920940886228
0.02664686973864448
-0.004198340090057703
0.03985462018777922
-0.019523964722355337
0.009164938422973027
0.02664686973864448
0.03985462018777922
-0.023071760694046345
-0.0020567007875683207
0.06231868895600516
-0.01444220134063789
-0.007877289188749666
-0.011859632846574953
0.007284079403837079
0.01449920940886228
0.003633184220583032
-0.0020567007875683207
-0.015926669663074964
-0.018416379830657623
-0.011859632846574953
-0.003718496548164167
0.02664686973864448
-0.018416379830657623
0.007284079403837079
0.04527153470791324
-0.0020567007875683207
-0.030429758188690408
0.002271176965091883
-0.0020567007875683207
-0.0023025808481246064
-0.009610039984471437
-0.018416379830657623
-0.0020567007875683207
0.003221198301541884
-0.012683863699199391
-0.009610039984471437
0.03579307694338227
0.04527153470791324
0.03579307694338227
0.007284079403837079
0.003633184220583032
-0.03583267820404692
0.03579307694338227
0.002271176965091883
-0.02914727392698834
-0.01444220134063789
-0.022603124428780253
-0.004179541213706213
-0.013768461324359351
0.02664686973864448
-0.03583267820404692
-0.001851142049335515
-0.01931508456117857
-0.01444220134063789
0.00013209198827112914
0.04527153470791324
-0.030429758188690408
0.003633184220583032
-0.018416379830657623
-0.01444220134063789
0.03985462018777922
0.04527153470791324
0.003633184220583032
-0.007877289188749666
-0.02914727392698834
-0.018416379830657623
-0.011859632846574953
-0.02484700553575128
-0.015926669663074964
-0.023071760694046345
-0.02484700553575128
0.009164938422973027
-0.015926669663074964
0.04980940738162857
-0.007877289188749666
-0.013768461324359351
0.05053900483111429
-0.010029171677291697
0.00013209198827112914
0.05053900483111429
-0.001851142049335515
0.02664686973864448
-0.012683863699199391
-0.007877289188749666
-0.030429758188690408
-0.001851142049335515
-0.011859632846574953
-0.01444220134063789
0.003221198301541884
0.03579307694338227
0.03985462018777922
-0.015573740120837246
-0.022603124428780253
0.03579307694338227
-0.007877289188749666
-0.015062920664274322
0.02664686973864448
-0.009610039984471437
0.04527153470791324
-0.02484700553575128
-0.0023025808481246064
0.04980940738162857
0.01449920940886228
0.04527153470791324
0.02664686973864448
-0.009610039984471437
-0.015573740120837246
-0.015926669663074964
0.04980940738162857
-0.009610039984471437
0.04527153470791324
-0.018416379830657623
-0.008248607072534516
-0.01931508456117857
-0.011859632846574953
-0.018416379830657623
0.06231868895600516
-0.003718496548164167
-0.015062920664274322
0.06231868895600516
-0.008248607072534516
-0.004179541213706213
-0.010029171677291697
-0.02484700553575128
-0.03583267820404692
-0.01931508456117857
-0.012683863699199391
-0.001851142049335515
0.05053900483111429
0.03579307694338227
-0.01444220134063789
0.02005311193977551
0.03579307694338227
-0.013768461324359351
-0.01444220134063789
-0.0020567007875683207
-0.010029171677291697
-0.023071760694046345
-0.011859632846574953
0.06231868895600516
0.06231868895600516
-0.010029171677291697
-0.010029171677291697
-0.031186929614470973
-0.004198340090057703
0.05053900483111429
-0.01444220134063789
-0.02914727392698834
0.00013209198827112914
0.01449920940886228
-0.0020567007875683207
-0.03583267820404692
-0.023071760694046345
-0.03583267820404692
0.02005311193977551
-0.01444220134063789
-0.01444220134063789
-0.004198340090057703
0.04527153470791324
0.02664686973864448
0.005981733835778437
-0.0023025808481246064
0.04980940738162857
-0.001851142049335515
-0.004198340090057703
0.06231868895600516
-0.012683863699199391
0.003221198301541884
-0.007877289188749666
-0.0023025808481246064
-0.0020567007875683207
0.02005311193977551
0.03985462018777922
0.03985462018777922
0.0026475351819745616
-0.022603124428780253
0.009164938422973027
-0.022603124428780253
-0.011859632846574953
-0.01444220134063789
-0.02914727392698834
-0.01931508456117857
-0.02914727392698834
-0.007877289188749666
-0.015573740120837246
-0.019523964722355337
-0.008248607072534516
-0.0020567007875683207
-0.012683863699199391
-0.008248607072534516
-0.012683863699199391
-0.0020567007875683207
0.04980940738162857
-0.01444220134063789
-0.007877289188749666
-0.008248607072534516
-0.01444220134063789
-0.010029171677291697
0.003633184220583032
0.009164938422973027
-0.02914727392698834
-0.01931508456117857
-0.013768461324359351
0.02005311193977551
-0.011859632846574953
-0.018416379830657623
-0.018416379830657623
0.009164938422973027
0.00013209198827112914
-0.02484700553575128
0.03985462018777922
0.002271176965091883
0.00013209198827112914
0.02005311193977551
-0.010029171677291697
0.007284079403837079
0.03579307694338227
-0.030429758188690408
0.009164938422973027
-0.012683863699199391
0.003633184220583032
-0.013768461324359351
-0.003718496548164167
0.003633184220583032
-0.019523964722355337
-0.004179541213706213
-0.0023025808481246064
0.009164938422973027
-0.003718496548164167
-0.031186929614470973
-0.013768461324359351
0.007284079403837079
-0.015573740120837246
-0.0023025808481246064
-0.007877289188749666
-0.004179541213706213
0.002271176965091883
-0.015062920664274322
0.003633184220583032
0.03985462018777922
-0.030429758188690408
0.005981733835778437
0.03985462018777922
-0.008248607072534516
-0.03583267820404692
0.01449920940886228
-0.022603124428780253
0.002271176965091883
-0.0020567007875683207
-0.012683863699199391
-0.023071760694046345
-0.02914727392698834
-0.0020567007875683207
0.009164938422973027
-0.010029171677291697
0.003221198301541884
-0.019523964722355337
-0.0023025808481246064
-0.008248607072534516
-0.030429758188690408
-0.02484700553575128
-0.015926669663074964
-0.011859632846574953
-0.018416379830657623
-0.019523964722355337
0.03985462018777922
-0.02914727392698834
-0.001851142049335515
0.003221198301541884
0.002271176965091883
0.003221198301541884
-0.015926669663074964
-0.0023025808481246064
-0.02914727392698834
0.03579307694338227
-0.0023025808481246064
0.03985462018777922
-0.009610039984471437
0.009164938422973027
-0.015062920664274322
-0.015573740120837246
-0.02914727392698834
-0.023071760694046345
-0.013768461324359351
0.01449920940886228
-0.01931508456117857
-0.013768461324359351
0.03985462018777922
-0.007877289188749666
0.02664686973864448
0.02664686973864448
0.06231868895600516
-0.009610039984471437
0.02005311193977551
0.03985462018777922
-0.001851142049335515
0.002271176965091883
0.009164938422973027
-0.03583267820404692
-0.0020567007875683207
-0.008248607072534516
-0.019523964722355337
-0.031186929614470973
-0.031186929614470973
0.03579307694338227
0.003633184220583032
-0.007877289188749666
0.003633184220583032
-0.022603124428780253
-0.012683863699199391
0.04527153470791324
-0.013768461324359351
-0.004198340090057703
0.05053900483111429
0.01449920940886228
-0.011859632846574953
-0.0020567007875683207
-0.010029171677291697
-0.010029171677291697
-0.012683863699199391
-0.023071760694046345
-0.012683863699199391
-0.0020567007875683207
-0.0020567007875683207
-0.010029171677291697
-0.015062920664274322
-0.009610039984471437
0.02005311193977551
-0.02484700553575128
0.00013209198827112914
-0.030429758188690408
-0.009610039984471437
-0.0023025808481246064
0.05053900483111429
-0.008248607072534516
-0.018416379830657623
0.005981733835778437
-0.031186929614470973
0.005981733835778437
-0.012683863699199391
0.002271176965091883
-0.007877289188749666
0.06231868895600516
-0.004179541213706213
-0.004198340090057703
-0.02484700553575128
-0.015926669663074964
0.002271176965091883
0.03985462018777922
0.02664686973864448
-0.004198340090057703
-0.012683863699199391
-0.030429758188690408
-0.004179541213706213
-0.031186929614470973
-0.004179541213706213
0.03579307694338227
-0.008248607072534516
-0.031186929614470973
0.03579307694338227
0.02664686973864448
0.03579307694338227
0.0026475351819745616
0.06231868895600516
0.02664686973864448
-0.009610039984471437
-0.010029171677291697
0.009164938422973027
-0.013768461324359351
-0.007877289188749666
-0.018416379830657623
-0.007877289188749666
-0.02914727392698834
0.05053900483111429
-0.0020567007875683207
0.003633184220583032
0.02005311193977551
0.007284079403837079
-0.015062920664274322
-0.015573740120837246
0.003633184220583032
-0.010029171677291697
-0.02914727392698834
-0.031186929614470973
-0.018416379830657623
0.005981733835778437
-0.009610039984471437
-0.030429758188690408
-0.019523964722355337
-0.02914727392698834
-0.010029171677291697
-0.031186929614470973
0.007284079403837079
0.04527153470791324
0.02664686973864448
-0.018416379830657623
0.03985462018777922
0.003633184220583032
-0.02914727392698834
0.007284079403837079
-0.031186929614470973
0.00013209198827112914
-0.031186929614470973
0.009164938422973027
-0.015573740120837246
-0.023071760694046345
0.04527153470791324
0.04980940738162857
-0.01931508456117857
-0.004198340090057703
-0.009610039984471437
0.00013209198827112914
0.01449920940886228
0.04527153470791324
-0.031186929614470973
0.04980940738162857
0.002271176965091883
0.02005311193977551
-0.018416379830657623
-0.015926669663074964
-0.009610039984471437
-0.004198340090057703
0.04980940738162857
-0.004198340090057703
0.007284079403837079
-0.023071760694046345
-0.01444220134063789
-0.031186929614470973
0.02664686973864448
-0.015573740120837246
-0.031186929614470973
-0.007877289188749666
-0.004179541213706213
-0.023071760694046345
0.009164938422973027
-0.023071760694046345
0.009164938422973027
0.03579307694338227
0.03579307694338227
-0.010029171677291697
0.003221198301541884
0.01449920940886228
0.005981733835778437
-0.015926669663074964
-0.008248607072534516
-0.022603124428780253
-0.013768461324359351
-0.030429758188690408
0.0026475351819745616
-0.019523964722355337
-0.01931508456117857
0.03985462018777922
0.0026475351819745616
0.02005311193977551
-0.008248607072534516
0.02005311193977551
-0.01444220134063789
-0.011859632846574953
-0.001851142049335515
0.009164938422973027
0.06231868895600516
-0.004198340090057703
-0.0023025808481246064
-0.018416379830657623
0.009164938422973027
-0.01931508456117857
-0.023071760694046345
-0.022603124428780253
-0.03583267820404692
0.04527153470791324
0.04527153470791324
-0.019523964722355337
0.02005311193977551
0.02005311193977551
0.04980940738162857
0.003633184220583032
-0.003718496548164167
-0.009610039984471437
-0.009610039984471437
-0.01444220134063789
0.005981733835778437
0.04527153470791324
0.007284079403837079
0.007284079403837079
-0.02484700553575128
0.003633184220583032
-0.03583267820404692
-0.003718496548164167
0.02005311193977551
-0.013768461324359351
-0.031186929614470973
0.005981733835778437
-0.02914727392698834
0.0026475351819745616
0.04527153470791324
-0.030429758188690408
0.04980940738162857
-0.023071760694046345
-0.013768461324359351
0.009164938422973027
-0.001851142049335515
-0.007877289188749666
0.05053900483111429
0.002271176965091883
-0.02484700553575128
-0.010029171677291697
-0.01931508456117857
0.06231868895600516
-0.019523964722355337
0.02005311193977551
-0.011859632846574953
-0.004179541213706213
0.003221198301541884
-0.010029171677291697
-0.004198340090057703
-0.004179541213706213
-0.022603124428780253
-0.015926669663074964
-0.015062920664274322
-0.001851142049335515
-0.015573740120837246
-0.003718496548164167
-0.011859632846574953
-0.030429758188690408
0.002271176965091883
-0.018416379830657623
0.03985462018777922
-0.0023025808481246064
-0.013768461324359351
-0.02914727392698834
-0.010029171677291697
-0.0023025808481246064
-0.031186929614470973
0.05053900483111429
-0.02914727392698834
0.003633184220583032
0.00013209198827112914
-0.013768461324359351
-0.01931508456117857
0.002271176965091883
0.003221198301541884
-0.004198340090057703
-0.0023025808481246064
-0.007877289188749666
0.02005311193977551
0.002271176965091883
-0.011859632846574953
0.002271176965091883
-0.018416379830657623
-0.015573740120837246
0.00013209198827112914
-0.02914727392698834
-0.018416379830657623
0.003633184220583032
0.009164938422973027
-0.004179541213706213
-0.030429758188690408
-0.007877289188749666
-0.012683863699199391
0.06231868895600516
-0.022603124428780253
0.002271176965091883
0.03985462018777922
-0.003718496548164167
0.007284079403837079
-0.019523964722355337
0.0026475351819745616
0.01449920940886228
-0.02914727392698834
0.04980940738162857
0.0026475351819745616
-0.004179541213706213
0.002271176965091883
0.04980940738162857
0.009164938422973027
0.01449920940886228
0.003633184220583032
-0.01444220134063789
-0.022603124428780253
-0.02484700553575128
-0.03583267820404692
-0.031186929614470973
-0.02914727392698834
0.003221198301541884
-0.01931508456117857
-0.02484700553575128
0.04980940738162857
0.005981733835778437
0.03985462018777922
-0.015573740120837246
-0.030429758188690408
-0.01444220134063789
0.03985462018777922
-0.030429758188690408
-0.001851142049335515
-0.012683863699199391
0.009164938422973027
0.04527153470791324
0.03985462018777922
-0.0023025808481246064
-0.015062920664274322
-0.01931508456117857
0.00013209198827112914
0.03579307694338227
-0.01444220134063789
0.06231868895600516
-0.012683863699199391
-0.015062920664274322
-0.010029171677291697
-0.012683863699199391
-0.0023025808481246064
-0.008248607072534516
-0.010029171677291697
-0.015062920664274322
0.007284079403837079
-0.02914727392698834
0.002271176965091883
-0.018416379830657623
-0.02914727392698834
-0.003718496548164167
-0.018416379830657623
0.03579307694338227
-0.003718496548164167
-0.012683863699199391
-0.004198340090057703
-0.015573740120837246
-0.015926669663074964
-0.011859632846574953
-0.02914727392698834
-0.02914727392698834
-0.009610039984471437
0.009164938422973027
-0.01931508456117857
-0.012683863699199391
-0.004179541213706213
0.005981733835778437
-0.023071760694046345
0.05053900483111429
0.05053900483111429
-0.008248607072534516
-0.01444220134063789
-0.0023025808481246064
-0.015573740120837246
-0.004198340090057703
0.005981733835778437
-0.007877289188749666
-0.01444220134063789
-0.01931508456117857
-0.023071760694046345
-0.012683863699199391
-0.011859632846574953
-0.015926669663074964
-0.022603124428780253
0.04980940738162857
0.05053900483111429
0.04980940738162857
-0.023071760694046345
0.005981733835778437
-0.008248607072534516
0.002271176965091883
-0.012683863699199391
0.003633184220583032
0.06231868895600516
0.00013209198827112914
0.02005311193977551
0.04527153470791324
-0.02914727392698834
-0.015926669663074964
0.04527153470791324
0.05053900483111429
-0.02914727392698834
0.002271176965091883
-0.015062920664274322
-0.008248607072534516
0.009164938422973027
-0.013768461324359351
-0.01444220134063789
-0.015062920664274322
0.05053900483111429
-0.02484700553575128
-0.018416379830657623
0.002271176965091883
-0.010029171677291697
-0.015926669663074964
-0.011859632846574953
0.03985462018777922
-0.015926669663074964
0.003221198301541884
-0.003718496548164167
-0.030429758188690408
-0.019523964722355337
0.03985462018777922
-0.015062920664274322
-0.0023025808481246064
0.003633184220583032
-0.009610039984471437
-0.009610039984471437
0.02005311193977551
-0.011859632846574953
-0.008248607072534516
0.005981733835778437
-0.015573740120837246
0.03985462018777922
-0.015573740120837246
0.04527153470791324
0.003633184220583032
-0.009610039984471437
-0.022603124428780253
-0.015573740120837246
0.003221198301541884
-0.012683863699199391
-0.015926669663074964
0.009164938422973027
-0.007877289188749666
0.003221198301541884
0.009164938422973027
-0.022603124428780253
-0.0023025808481246064
-0.02484700553575128
-0.013768461324359351
0.02005311193977551
-0.008248607072534516
-0.004179541213706213
-0.003718496548164167
-0.004179541213706213
0.002271176965091883
-0.013768461324359351
-0.003718496548164167
0.005981733835778437
-0.013768461324359351
-0.0023025808481246064
-0.0020567007875683207
-0.015573740120837246
0.03579307694338227
-0.004179541213706213
0.04980940738162857
-0.023071760694046345
-0.030429758188690408
-0.004198340090057703
0.01449920940886228
0.03579307694338227
-0.015062920664274322
-0.015062920664274322
0.02664686973864448
-0.0020567007875683207
-0.023071760694046345
-0.015062920664274322
0.003633184220583032
-0.023071760694046345
-0.023071760694046345
0.003633184220583032
0.02664686973864448
-0.012683863699199391
0.005981733835778437
-0.003718496548164167
-0.022603124428780253
-0.03583267820404692
-0.008248607072534516
-0.004179541213706213
-0.012683863699199391
0.009164938422973027
-0.015926669663074964
-0.03583267820404692
-0.018416379830657623
0.01449920940886228
-0.008248607072534516
-0.01931508456117857
-0.02484700553575128
-0.022603124428780253
-0.004179541213706213
-0.03583267820404692
-0.0020567007875683207
-0.004198340090057703
-0.009610039984471437
0.05053900483111429
0.003633184220583032
-0.031186929614470973
0.04980940738162857
0.0026475351819745616
-0.023071760694046345
0.009164938422973027
0.04527153470791324
0.007284079403837079
-0.004198340090057703
-0.0020567007875683207
0.03579307694338227
-0.015926669663074964
0.05053900483111429
-0.003718496548164167
0.003221198301541884
-0.008248607072534516
0.02005311193977551
0.003633184220583032
-0.02914727392698834
-0.015062920664274322
