0.014472800390767407
-0.011198965773258959
-0.007843390660011683
-0.01772063007448317
-0.014060940960082577
0.013017880169336204
-0.009954868121488047
-0.014445006256839792
-0.0013286668405166483
0.013934189925687259
0.010098587094526957
-0.029154577082275483
-0.041576282352647466
0.013060556641779351
0.010708532749587106
-0.018902092617228087
-0.014823367312977898
-0.009954868121488047
-0.007449928496088181
0.007029337743081105
-0.0007499896502939611
-0.021381414343266944
-0.003726849937092635
-0.018727227193023346
-0.011422393793133754
-0.0013286668405166483
0.017098883993585834
0.010098587094526957
-0.0035727700751553996
-0.011129531951853584
-0.014060940960082577
-0.010687716436006502
0.005393591551480444
0.0004896417892251245
0.011819652466083016
-0.012963203053254022
0.004705976566419001
0.0028527417601071125
-0.010881346436393841
0.001685480904199348
-0.01772063007448317
-0.0033354312640140357
0.01487848019042398
-0.01772063007448317
0.011340370963838017
-0.010687716436006502
-0.029154577082275483
-0.027449579838126494
-0.041576282352647466
-0.0033354312640140357
-0.012963203053254022
0.013006878753325672
-0.007992767374505058
-0.010687716436006502
-0.01616600062042822
-0.00465672072577841
0.004705976566419001
-0.008945006229811465
-0.029154577082275483
0.001685480904199348
-0.031560619562100316
0.0025970738135997194
0.010098587094526957
-0.007992767374505058
0.02844385082629045
0.011819652466083016
-0.014060940960082577
0.010098587094526957
-0.011422393793133754
-0.018727227193023346
-0.014060940960082577
0.004834736072584176
0.013934189925687259
-0.03264025141710587
0.028530480794718503
-0.006140724516219071
0.013017880169336204
-0.0038254921811197566
0.014472800390767407
0.0004896417892251245
0.001685480904199348
0.011340370963838017
-0.0104814410027636
-0.014823367312977898
-0.021381414343266944
0.03286048764769078
-0.0038254921811197566
-0.007341858277034297
0.012618555161357715
-0.015196949384121559
-0.010687716436006502
-0.01772063007448317
-0.011422393793133754
0.0182376276780112
-0.0104814410027636
-0.011129531951853584
-0.018902092617228087
-0.021381414343266944
0.003617765734372144
-0.007449928496088181
0.013006878753325672
-0.021381414343266944
-0.018902092617228087
-0.003726849937092635
-0.007086029283714533
-0.016433374689008396
-0.027449579838126494
-0.011198965773258959
0.0105737429275255
-0.021381414343266944
-0.007992767374505058
0.0182376276780112
0.028530480794718503
-0.008945006229811465
-0.010711202821369975
-0.0033354312640140357
0.0028527417601071125
-0.027449579838126494
0.003617765734372144
-0.02651369823657428
-0.029154577082275483
0.022865258265152105
-0.011129531951853584
0.011819652466083016
0.014472800390767407
-0.029154577082275483
-0.018902092617228087
-0.027575816456290946
0.004834736072584176
0.003617765734372144
0.03155648917449006
0.028530480794718503
-0.015196949384121559
-0.0007499896502939611
-0.003726849937092635
0.004705976566419001
-0.01772063007448317
-0.031560619562100316
-0.010687716436006502
-0.027575816456290946
-0.015196949384121559
-0.011422393793133754
-0.0013286668405166483
-0.011422393793133754
-0.007843390660011683
-0.007843390660011683
0.013934189925687259
-0.011129531951853584
-0.0035727700751553996
0.011340370963838017
-0.031560619562100316
-0.011422393793133754
0.04109940178264672
-0.014060940960082577
-0.027449579838126494
0.009777883477957643
-0.011129531951853584
-0.01772063007448317
0.02844385082629045
0.0028527417601071125
0.004705976566419001
-0.009954868121488047
-0.007992767374505058
0.0025970738135997194
-0.00465672072577841
0.03286048764769078
-0.0039332900320809975
-0.012963203053254022
0.0004896417892251245
0.03286048764769078
-0.015354582432892273
-0.008945006229811465
-0.03264025141710587
-0.021381414343266944
-0.012963203053254022
0.03286048764769078
-0.018902092617228087
-0.018006348699764287
0.0004896417892251245
-0.010125229969185787
0.011340370963838017
-0.008945006229811465
-0.031560619562100316
-0.041576282352647466
0.004705976566419001
-0.018727227193023346
-0.010711202821369975
-0.01772063007448317
0.009777883477957643
0.017098883993585834
0.028530480794718503
-0.007086029283714533
-0.011129531951853584
-0.016433374689008396
0.010708532749587106
0.010098587094526957
0.013934189925687259
0.004834736072584176
-0.012963203053254022
0.011340370963838017
-0.0009623307086047066
-0.02197409048863398
0.02844385082629045
-0.010687716436006502
-0.027449579838126494
-0.011422393793133754
0.013006878753325672
-0.02197409048863398
-0.03264025141710587
0.0105737429275255
-0.0039332900320809975
0.009777883477957643
-0.015196949384121559
-0.02651369823657428
-0.03264025141710587
-0.0013286668405166483
-0.016433374689008396
-0.007341858277034297
0.013017880169336204
0.013006878753325672
0.013060556641779351
-0.027575816456290946
0.01487848019042398
0.003617765734372144
0.028530480794718503
0.010651923083035022
-0.027449579838126494
-0.007992767374505058
-0.021381414343266944
0.004834736072584176
-0.0007499896502939611
0.004834736072584176
-0.03264025141710587
-0.027575816456290946
-0.031560619562100316
-0.0104814410027636
-0.010125229969185787
0.04109940178264672
0.0105737429275255
-0.008945006229811465
-0.014060940960082577
-0.014823367312977898
0.04109940178264672
-0.012963203053254022
-0.006140724516219071
-0.014823367312977898
0.010651923083035022
0.022865258265152105
-0.0035727700751553996
-0.007992767374505058
-0.02651369823657428
0.0028527417601071125
-0.0104814410027636
-0.018006348699764287
-0.0013286668405166483
0.013934189925687259
-0.012963203053254022
-0.0035727700751553996
-0.007086029283714533
-0.00465672072577841
-0.007449928496088181
-0.007843390660011683
-0.016433374689008396
0.03286048764769078
0.003617765734372144
-0.027575816456290946
-0.029154577082275483
0.0004896417892251245
-0.015354582432892273
-0.027575816456290946
-0.011198965773258959
0.014472800390767407
0.003617765734372144
-0.027575816456290946
0.03155648917449006
-0.018902092617228087
-0.029154577082275483
0.001685480904199348
-0.041576282352647466
0.014472800390767407
-0.015196949384121559
-0.0033354312640140357
-0.011422393793133754
-0.010687716436006502
0.009777883477957643
-0.015196949384121559
0.012618555161357715
-0.02651369823657428
0.009777883477957643
-0.009954868121488047
0.01487848019042398
-0.014823367312977898
0.009777883477957643
-0.010881346436393841
0.013060556641779351
-0.010711202821369975
-0.031560619562100316
-0.0033354312640140357
0.0004896417892251245
-0.011422393793133754
0.003617765734372144
-0.01616600062042822
-0.010711202821369975
0.010651923083035022
-0.01616600062042822
-0.01772063007448317
0.001685480904199348
0.013934189925687259
0.001685480904199348
0.012618555161357715
0.003617765734372144
0.0028527417601071125
0.013006878753325672
-0.021381414343266944
-0.007449928496088181
-0.0007499896502939611
0.004705976566419001
-0.010881346436393841
-0.01616600062042822
-0.03264025141710587
0.0182376276780112
0.008037554945842178
-0.003726849937092635
-0.016433374689008396
-0.02651369823657428
0.010651923083035022
0.011819652466083016
-0.009954868121488047
-0.015196949384121559
0.004705976566419001
-0.0039332900320809975
-0.021381414343266944
-0.0007499896502939611
-0.0013286668405166483
-0.0033354312640140357
-0.014823367312977898
0.014472800390767407
0.011819652466083016
-0.0007499896502939611
0.014472800390767407
-0.0033354312640140357
-0.007843390660011683
0.0025970738135997194
-0.012963203053254022
-0.0104814410027636
-0.011129531951853584
-0.016433374689008396
-0.007843390660011683
0.004834736072584176
0.03286048764769078
-0.007992767374505058
-0.014445006256839792
0.01487848019042398
-0.0039332900320809975
-0.021381414343266944
-0.027449579838126494
-0.011129531951853584
-0.03264025141710587
-0.02651369823657428
-0.0009623307086047066
-0.015196949384121559
-0.0038254921811197566
-0.02651369823657428
-0.0035727700751553996
0.02844385082629045
0.022865258265152105
-0.016433374689008396
0.004834736072584176
0.004834736072584176
0.02844385082629045
0.010708532749587106
-0.0039332900320809975
-0.01772063007448317
0.008037554945842178
-0.010711202821369975
0.012618555161357715
0.0182376276780112
-0.0013286668405166483
-0.0035727700751553996
-0.010687716436006502
0.013006878753325672
-0.027449579838126494
-0.018006348699764287
-0.010711202821369975
-0.007086029283714533
-0.010711202821369975
0.04109940178264672
-0.0033354312640140357
0.010098587094526957
0.004834736072584176
-0.01616600062042822
0.03155648917449006
0.004705976566419001
0.011340370963838017
-0.0035727700751553996
-0.0009623307086047066
-0.011198965773258959
0.010651923083035022
-0.00465672072577841
-0.009954868121488047
-0.018006348699764287
-0.016433374689008396
-0.02651369823657428
0.013060556641779351
0.012618555161357715
-0.018727227193023346
-0.014445006256839792
-0.0035727700751553996
-0.018902092617228087
-0.0035727700751553996
-0.010711202821369975
0.004705976566419001
-0.02651369823657428
-0.011422393793133754
-0.010881346436393841
0.012618555161357715
-0.011129531951853584
0.0028527417601071125
0.003617765734372144
0.017098883993585834
-0.007843390660011683
-0.006140724516219071
-0.031560619562100316
0.013017880169336204
-0.018006348699764287
0.013017880169336204
-0.01616600062042822
-0.015354582432892273
0.03286048764769078
0.0182376276780112
-0.018006348699764287
-0.015196949384121559
0.0004896417892251245
-0.006140724516219071
0.013934189925687259
-0.018006348699764287
-0.0038254921811197566
-0.011422393793133754
-0.018727227193023346
0.011340370963838017
-0.007341858277034297
-0.007086029283714533
0.005393591551480444
0.011340370963838017
0.01487848019042398
-0.0104814410027636
-0.008945006229811465
0.013934189925687259
-0.00465672072577841
0.010651923083035022
-0.003726849937092635
-0.010687716436006502
0.010098587094526957
-0.014445006256839792
-0.014060940960082577
-0.027575816456290946
0.022865258265152105
0.012618555161357715
-0.0035727700751553996
0.03155648917449006
-0.018727227193023346
0.011340370963838017
-0.014445006256839792
0.0004896417892251245
-0.021381414343266944
0.0028527417601071125
-0.007843390660011683
0.028530480794718503
-0.02197409048863398
0.03155648917449006
0.028530480794718503
-0.01772063007448317
0.03155648917449006
-0.00465672072577841
0.012618555161357715
0.010651923083035022
-0.006140724516219071
0.011819652466083016
0.012618555161357715
0.013006878753325672
-0.0038254921811197566
-0.0013286668405166483
-0.011129531951853584
0.010651923083035022
-0.011198965773258959
0.004705976566419001
0.004834736072584176
-0.02197409048863398
-0.015354582432892273
-0.027449579838126494
-0.027575816456290946
-0.014445006256839792
-0.018727227193023346
0.005393591551480444
0.005393591551480444
-0.015196949384121559
-0.011422393793133754
0.004705976566419001
-0.01616600062042822
0.013934189925687259
-0.0104814410027636
0.04109940178264672
0.008037554945842178
-0.014060940960082577
-0.016433374689008396
-0.0035727700751553996
0.02844385082629045
0.02844385082629045
0.013006878753325672
-0.00465672072577841
-0.018902092617228087
-0.0035727700751553996
-0.0035727700751553996
0.02844385082629045
-0.008945006229811465
0.001685480904199348
0.0182376276780112
0.0004896417892251245
0.001685480904199348
0.014472800390767407
0.008037554945842178
0.003617765734372144
-0.010125229969185787
0.005393591551480444
0.010098587094526957
0.004705976566419001
-0.007992767374505058
-0.007086029283714533
0.04109940178264672
-0.021381414343266944
-0.007449928496088181
0.03286048764769078
-0.015354582432892273
-0.041576282352647466
-0.003726849937092635
0.005393591551480444
-0.014445006256839792
0.005393591551480444
-0.014823367312977898
-0.012963203053254022
0.004834736072584176
0.02844385082629045
-0.01772063007448317
-0.006140724516219071
-0.0038254921811197566
0.003617765734372144
0.009777883477957643
0.012618555161357715
0.008037554945842178
-0.0035727700751553996
0.013934189925687259
-0.0009623307086047066
-0.008945006229811465
-0.010881346436393841
-0.011422393793133754
-0.01772063007448317
-0.01772063007448317
0.012618555161357715
-0.041576282352647466
0.005393591551480444
-0.007843390660011683
-0.010125229969185787
-0.041576282352647466
-0.003726849937092635
0.03286048764769078
0.005393591551480444
0.003617765734372144
0.010651923083035022
-0.011422393793133754
0.012618555161357715
0.005393591551480444
-0.031560619562100316
0.005393591551480444
-0.006140724516219071
0.028530480794718503
-0.011198965773258959
-0.00465672072577841
0.022865258265152105
-0.0033354312640140357
-0.010687716436006502
-0.0007499896502939611
0.013060556641779351
-0.031560619562100316
-0.014060940960082577
0.005393591551480444
-0.01772063007448317
-0.041576282352647466
-0.0009623307086047066
0.003617765734372144
-0.0007499896502939611
-0.029154577082275483
0.013006878753325672
-0.010711202821369975
0.005393591551480444
-0.014823367312977898
0.005393591551480444
0.01487848019042398
0.022865258265152105
-0.006140724516219071
0.022865258265152105
-0.006140724516219071
-0.015196949384121559
-0.015196949384121559
0.0025970738135997194
0.03155648917449006
-0.0013286668405166483
-0.010125229969185787
-0.009954868121488047
-0.0038254921811197566
-0.003726849937092635
0.0105737429275255
-0.018727227193023346
0.013060556641779351
0.0105737429275255
-0.0009623307086047066
-0.01772063007448317
-0.02651369823657428
-0.012963203053254022
-0.016433374689008396
-0.007992767374505058
0.04109940178264672
-0.007843390660011683
0.013060556641779351
0.022865258265152105
-0.0039332900320809975
0.03286048764769078
-0.018727227193023346
-0.0009623307086047066
-0.0009623307086047066
-0.0007499896502939611
0.013934189925687259
-0.007341858277034297
0.03286048764769078
-0.029154577082275483
-0.010711202821369975
0.010098587094526957
-0.0033354312640140357
-0.021381414343266944
0.013934189925687259
-0.041576282352647466
0.0025970738135997194
0.0025970738135997194
-0.0009623307086047066
0.010708532749587106
-0.010125229969185787
0.012618555161357715
0.0004896417892251245
-0.0007499896502939611
0.013006878753325672
0.001685480904199348
0.001685480904199348
0.03286048764769078
-0.02197409048863398
-0.03264025141710587
-0.007086029283714533
-0.015354582432892273
-0.021381414343266944
0.02844385082629045
0.013060556641779351
0.004834736072584176
-0.018727227193023346
0.0028527417601071125
0.01487848019042398
0.03155648917449006
0.02844385082629045
0.04109940178264672
0.01487848019042398
-0.009954868121488047
-0.007449928496088181
0.0025970738135997194
-0.02197409048863398
-0.007341858277034297
-0.01616600062042822
-0.016433374689008396
-0.003726849937092635
-0.015354582432892273
0.003617765734372144
0.012618555161357715
0.011340370963838017
0.010708532749587106
-0.03264025141710587
0.028530480794718503
-0.011422393793133754
-0.01772063007448317
-0.031560619562100316
0.013060556641779351
-0.015354582432892273
0.03155648917449006
0.04109940178264672
0.004705976566419001
-0.0009623307086047066
-0.015354582432892273
-0.016433374689008396
-0.015354582432892273
0.003617765734372144
-0.031560619562100316
0.012618555161357715
-0.007843390660011683
0.013934189925687259
0.0004896417892251245
0.017098883993585834
0.004834736072584176
-0.009954868121488047
0.010651923083035022
-0.007341858277034297
-0.01772063007448317
-0.00465672072577841
-0.014060940960082577
0.013017880169336204
0.012618555161357715
-0.0007499896502939611
0.01487848019042398
-0.029154577082275483
-0.006140724516219071
-0.0013286668405166483
-0.00465672072577841
-0.011422393793133754
-0.02651369823657428
-0.009954868121488047
0.010708532749587106
0.03155648917449006
-0.011129531951853584
-0.010125229969185787
0.010651923083035022
-0.007086029283714533
0.017098883993585834
-0.0039332900320809975
-0.003726849937092635
-0.010711202821369975
0.03286048764769078
0.0004896417892251245
-0.018902092617228087
0.010651923083035022
-0.008945006229811465
-0.01616600062042822
-0.011129531951853584
0.001685480904199348
0.03286048764769078
0.0182376276780112
-0.0039332900320809975
-0.01616600062042822
-0.02651369823657428
-0.007992767374505058
-0.018902092617228087
-0.018902092617228087
0.011340370963838017
-0.014445006256839792
0.02844385082629045
0.0025970738135997194
-0.008945006229811465
0.007029337743081105
0.012618555161357715
-0.01772063007448317
0.028530480794718503
-0.007843390660011683
0.012618555161357715
-0.007341858277034297
0.003617765734372144
-0.015196949384121559
-0.01772063007448317
-0.007341858277034297
0.013017880169336204
0.04109940178264672
0.011819652466083016
0.0028527417601071125
0.012618555161357715
0.012618555161357715
0.017098883993585834
-0.029154577082275483
0.014472800390767407
-0.006140724516219071
0.013060556641779351
0.010098587094526957
0.022865258265152105
0.008037554945842178
-0.03264025141710587
-0.014445006256839792
-0.010711202821369975
0.011340370963838017
0.011819652466083016
-0.010125229969185787
0.001685480904199348
0.004705976566419001
-0.02651369823657428
0.013060556641779351
0.022865258265152105
-0.018902092617228087
-0.016433374689008396
-0.009954868121488047
-0.0007499896502939611
-0.029154577082275483
-0.03264025141710587
0.013006878753325672
-0.010125229969185787
-0.007086029283714533
-0.018902092617228087
0.013934189925687259
-0.010687716436006502
-0.007992767374505058
0.0182376276780112
-0.0009623307086047066
-0.0033354312640140357
0.012618555161357715
-0.010687716436006502
0.028530480794718503
-0.007449928496088181
0.008037554945842178
0.012618555161357715
-0.015354582432892273
-0.008945006229811465
-0.014445006256839792
-0.006140724516219071
-0.0038254921811197566
-0.02651369823657428
0.013017880169336204
-0.03264025141710587
-0.021381414343266944
0.003617765734372144
0.0025970738135997194
0.02844385082629045
-0.007449928496088181
0.0028527417601071125
0.010651923083035022
0.03155648917449006
-0.007341858277034297
0.0004896417892251245
-0.01772063007448317
-0.018727227193023346
0.010651923083035022
-0.008945006229811465
0.011340370963838017
-0.011422393793133754
-0.0009623307086047066
-0.016433374689008396
-0.014445006256839792
-0.010125229969185787
0.013017880169336204
-0.0033354312640140357
0.013934189925687259
0.028530480794718503
0.014472800390767407
-0.009954868121488047
0.011819652466083016
-0.006140724516219071
-0.010881346436393841
0.009777883477957643
-0.0038254921811197566
-0.0009623307086047066
0.0025970738135997194
-0.041576282352647466
-0.007341858277034297
-0.012963203053254022
-0.007341858277034297
-0.010125229969185787
-0.01616600062042822
-0.0035727700751553996
-0.0007499896502939611
0.013006878753325672
-0.003726849937092635
-0.0013286668405166483
-0.015196949384121559
-0.01616600062042822
-0.027575816456290946
0.013006878753325672
0.013934189925687259
0.022865258265152105
0.022865258265152105
0.013934189925687259
-0.014823367312977898
-0.010125229969185787
-0.0039332900320809975
-0.007341858277034297
-0.027449579838126494
-0.014445006256839792
-0.012963203053254022
-0.027449579838126494
-0.007843390660011683
-0.014060940960082577
0.009777883477957643
0.013060556641779351
-0.021381414343266944
-0.0035727700751553996
0.014472800390767407
0.008037554945842178
0.013934189925687259
0.010708532749587106
-0.0007499896502939611
0.013006878753325672
0.007029337743081105
0.04109940178264672
-0.027575816456290946
-0.015196949384121559
0.008037554945842178
-0.007341858277034297
-0.014445006256839792
-0.0009623307086047066
0.013934189925687259
0.012618555161357715
-0.008945006229811465
-0.01616600062042822
0.001685480904199348
0.013017880169336204
-0.011198965773258959
-0.029154577082275483
-0.0035727700751553996
-0.01772063007448317
0.017098883993585834
-0.015354582432892273
-0.012963203053254022
-0.018006348699764287
-0.018727227193023346
0.0182376276780112
-0.0035727700751553996
-0.010711202821369975
0.017098883993585834
-0.007449928496088181
-0.006140724516219071
-0.00465672072577841
-0.015354582432892273
-0.003726849937092635
0.028530480794718503
-0.014823367312977898
0.007029337743081105
0.017098883993585834
-0.010687716436006502
0.012618555161357715
-0.007992767374505058
-0.0007499896502939611
0.0028527417601071125
-0.0035727700751553996
-0.041576282352647466
-0.0039332900320809975
-0.010687716436006502
-0.016433374689008396
-0.027449579838126494
-0.00465672072577841
0.011340370963838017
-0.00465672072577841
0.007029337743081105
-0.01616600062042822
0.013017880169336204
0.013006878753325672
-0.011422393793133754
-0.027575816456290946
-0.0009623307086047066
-0.010881346436393841
-0.009954868121488047
0.01487848019042398
0.012618555161357715
-0.01772063007448317
-0.010687716436006502
0.0004896417892251245
0.013060556641779351
0.004705976566419001
-0.0035727700751553996
-0.015354582432892273
-0.003726849937092635
0.013017880169336204
-0.009954868121488047
-0.0013286668405166483
-0.031560619562100316
0.0105737429275255
-0.031560619562100316
-0.01616600062042822
-0.009954868121488047
0.007029337743081105
0.017098883993585834
-0.009954868121488047
0.013017880169336204
-0.0007499896502939611
-0.027449579838126494
-0.0039332900320809975
0.009777883477957643
-0.0013286668405166483
0.010651923083035022
0.008037554945842178
-0.015354582432892273
-0.0009623307086047066
-0.007843390660011683
-0.018727227193023346
-0.011422393793133754
-0.041576282352647466
0.001685480904199348
0.004705976566419001
0.0004896417892251245
0.004705976566419001
0.028530480794718503
-0.0033354312640140357
-0.018902092617228087
-0.021381414343266944
0.003617765734372144
-0.0033354312640140357
-0.010125229969185787
-0.01772063007448317
0.001685480904199348
0.0105737429275255
-0.0033354312640140357
-0.02651369823657428
0.013934189925687259
-0.012963203053254022
