-0.002516005699081447
-0.015043844728730679
-0.02252372055547527
0.008246119589429056
-0.01303818330519455
-0.005772774082796041
-0.009493102553392143
0.004503245592689129
0.01773033116505768
-0.042154586845547945
-0.006303369651728974
0.04252800029584026
0.02617066233590182
-0.01453239867727702
0.011533333061267111
-0.0262909097581381
-0.007153175362403442
-0.010259690819532005
-0.02880600508131776
0.000157984117263651
0.005372111143680967
-0.023188663052107837
-0.0014895680902725654
-0.03456643862424329
-0.011231148928383308
-0.011938203054690611
-0.02880600508131776
-0.001779989524435533
0.02795837153278527
0.004954406667026052
0.03734284367404474
-0.030609366232228923
-0.001779989524435533
0.003482086382181146
-0.05965081663966524
-0.0328536323764724
-0.006260409923707819
-0.030609366232228923
-0.0017842140160183849
-0.01890333155245337
-0.014582841855143703
-0.022048239578205245
-0.021483395982245718
0.009266136999148834
-0.02974832997477299
0.015600647360783617
-0.03026172338502041
-0.012971077944174193
-0.002516005699081447
-0.00040233814657206587
-0.014582841855143703
0.0073497124509409395
-0.03456643862424329
-0.0172143140221991
-0.012024250757262203
0.017337381757141314
-0.04111105866206795
-0.013449362781409143
0.0038150192808041787
-0.01890333155245337
-0.023188663052107837
-0.02857425630197713
-0.0169507407169447
-0.021418649842307347
-0.0163555383884779
-0.021266307027916407
0.03383854814816797
-0.040955957477988345
0.009997435042397114
-0.05634471886598881
-0.02109435106393014
0.02011093429536829
0.018191700759758376
-0.021483395982245718
-0.04190216026015923
0.008637358747552363
0.00938571366253998
-0.014397265671056841
-0.05634471886598881
0.02011093429536829
-0.005046136645992842
-0.01165280401206348
-0.018177136672041905
0.03947172578509857
-0.01699192834023975
-0.02974832997477299
-0.0014895680902725654
-0.013449362781409143
0.008637358747552363
-0.006664337141349224
-0.005359660528166391
-0.023188663052107837
-0.01684906537227712
-0.006941968042542447
0.002974585483783298
0.0036305158307853905
-0.02592138677687036
-0.00040233814657206587
0.0271604536387531
-0.010259690819532005
-0.010109869057435819
0.0073497124509409395
-0.009493102553392143
-0.015649031797441513
-0.004256467820136796
-0.0017842140160183849
0.004954406667026052
-0.014660283966125003
-0.05634471886598881
-0.02974832997477299
-0.022536928503268133
0.007529228634082533
-0.01321863432940545
-0.058730757589137754
-0.002516005699081447
0.007179241614548632
-0.001779989524435533
-0.007004555921442816
0.007529228634082533
0.0500455568450348
-0.0344232448302609
-0.01983126251255263
-0.032072616752625877
-0.024306467903213023
-0.025920751243678417
0.009997435042397114
-0.015912560115537405
0.018191700759758376
-0.0344232448302609
-0.02880600508131776
0.011301980194482723
-0.03686321701462212
0.0500455568450348
0.02691646545551833
0.02795837153278527
-0.015649031797441513
-0.0351779877286508
-0.0026231011332957057
-0.004162340065321586
-0.01834551300690156
-0.007004555921442816
0.02000180336916798
-0.011938203054690611
-0.023373909168654877
-0.03641734534865673
0.011533333061267111
-0.010259690819532005
-0.0034120274258862267
-0.002516005699081447
-0.023373909168654877
-0.025275408611640238
-0.014397265671056841
-0.01453239867727702
0.000157984117263651
-0.0169507407169447
-0.01453239867727702
0.0500455568450348
-0.01983126251255263
-0.006260409923707819
0.014706578614859524
-0.04111105866206795
-0.011938203054690611
-0.0014895680902725654
-0.006664337141349224
-0.024306467903213023
-0.01484450603528991
-0.017687160014034576
-0.03026172338502041
-0.025920751243678417
-0.010314274752905753
-0.0156468396829248
-0.012971077944174193
-0.028806346978696915
-0.011976812156525733
-0.05634471886598881
0.021008263191684955
-0.009036502369593776
-0.005046136645992842
-0.0034120274258862267
-0.012660442419328366
-0.01303818330519455
-0.022048239578205245
-0.021418649842307347
-0.02252372055547527
0.0036305158307853905
0.017337381757141314
-0.01484450603528991
-0.032072616752625877
-0.033783560887038655
0.03734284367404474
-0.03407254843779831
0.018944639988445672
-0.022048239578205245
-0.010109869057435819
0.004703514490161788
0.019194546167722287
0.003482086382181146
-0.015649031797441513
-0.040955957477988345
-0.012024250757262203
-0.015043844728730679
0.02795837153278527
0.007179241614548632
-0.011938203054690611
-0.042154586845547945
-0.02109435106393014
-0.021995810315654788
-0.011938203054690611
0.0008281795343568028
0.004954406667026052
-0.027213946768212503
-0.015043844728730679
0.02617066233590182
-0.007153175362403442
-0.01165280401206348
0.008246119589429056
0.025719064585469537
-0.005359660528166391
-0.027213946768212503
-0.02880600508131776
0.007449672540755314
-0.0163555383884779
-0.001779989524435533
-0.011231148928383308
-0.00040233814657206587
-0.012660442419328366
-0.02880600508131776
-0.010314274752905753
0.012925750044702795
0.011301980194482723
-0.01684906537227712
-0.00040233814657206587
-0.01684906537227712
-0.02857425630197713
-0.03641734534865673
-0.0169507407169447
-0.013449362781409143
-0.009528712071104888
-0.009036502369593776
-0.015912560115537405
0.009266136999148834
-0.010845491769118878
-0.012277609787476378
-0.017123629750262853
-0.02394221209761338
-0.01684906537227712
-0.006664337141349224
0.007449672540755314
-0.01699192834023975
0.015600647360783617
-0.015043844728730679
-0.026784004747504267
-0.02394221209761338
-0.0042694957697183835
-0.015255202737170978
-0.026784004747504267
-0.0014895680902725654
-0.03456643862424329
-0.05786564345840161
-0.0017842140160183849
0.0036305158307853905
0.025719064585469537
-0.01768248691351507
0.011533333061267111
0.017337381757141314
-0.030609366232228923
-0.007004555921442816
-0.005046136645992842
0.00608070990585277
0.008414085668618527
0.000157984117263651
-0.013665570219962918
-0.013449362781409143
0.005587203927516974
-0.026784004747504267
0.00938571366253998
-0.006260409923707819
-0.001239971967303345
0.032327326110207256
-0.015255202737170978
-0.05965081663966524
-0.012024250757262203
-0.009528712071104888
-0.03009369354918451
-0.024306467903213023
0.0036305158307853905
0.005372111143680967
-0.018177136672041905
9.48714560005132e-05
0.011301980194482723
0.0073497124509409395
-0.0034120274258862267
-0.01774920731791842
-0.005542486352656978
-0.026281038910167538
-0.02380458565928442
-0.013665570219962918
0.04252800029584026
0.010707105963879297
-0.023373909168654877
0.00608070990585277
-0.011714374413708824
0.03734284367404474
-0.008337137127388254
-0.009036502369593776
-0.027213946768212503
0.004503245592689129
-0.04111105866206795
0.000157984117263651
-0.027213946768212503
0.007449672540755314
0.003482086382181146
-0.021266307027916407
0.018944639988445672
-0.03394860894994535
-0.014582841855143703
-0.015649031797441513
0.003482086382181146
-0.01453239867727702
0.04252800029584026
0.02011093429536829
-0.021418649842307347
-0.02672709582251955
0.0034964956116803445
0.010707105963879297
-0.006260409923707819
0.00608070990585277
-0.002516005699081447
-0.01684906537227712
-0.009493102553392143
-0.0014895680902725654
-0.018177136672041905
0.00938571366253998
-0.02252372055547527
-0.022536928503268133
-0.01684906537227712
-0.02380458565928442
-0.036769243439900255
-0.02252372055547527
-0.022048239578205245
-0.0172143140221991
-0.03346332781621506
9.48714560005132e-05
-0.014660283966125003
0.02795837153278527
-0.014660283966125003
-0.006260409923707819
-0.01321863432940545
0.003415812202116846
-0.0344232448302609
-0.03163331809300525
-0.018298601523464745
-0.0344232448302609
0.009997435042397114
-0.02592138677687036
0.032327326110207256
-0.02394221209761338
0.012925750044702795
-0.001239971967303345
-0.0169507407169447
0.02691646545551833
-0.022048239578205245
-0.015255202737170978
-0.011231148928383308
-0.008359624673827434
-0.07107368963956422
-0.004368945157668118
-0.033783560887038655
-0.02394221209761338
-0.010109869057435819
-0.02394221209761338
-0.03026172338502041
-0.01834551300690156
-0.008337137127388254
-0.012024250757262203
-0.00613725531729623
-0.01983126251255263
-0.018177136672041905
-0.014660283966125003
-0.024306467903213023
-0.026784004747504267
-0.016937558224968733
-0.013665570219962918
-0.02974832997477299
-0.022048239578205245
-0.03179449323615091
0.0008281795343568028
-0.0042694957697183835
0.03383854814816797
-0.005772774082796041
-0.005657526783200928
0.0038150192808041787
-0.02857425630197713
-0.033783560887038655
-0.015649031797441513
-0.02252372055547527
0.018191700759758376
-0.017123629750262853
0.012925750044702795
0.0036305158307853905
-0.04528711769698972
-0.02672709582251955
-0.022048239578205245
-0.006303369651728974
-0.01890333155245337
-0.012660442419328366
0.0018445223798017863
-0.01983126251255263
-0.013665570219962918
-0.01890333155245337
-0.02252372055547527
-0.001779989524435533
0.005587203927516974
-0.03686321701462212
0.012925750044702795
-0.014582841855143703
0.017337381757141314
-0.015043844728730679
0.0271604536387531
-0.0328536323764724
0.021008263191684955
-0.0351779877286508
-0.030609366232228923
-0.015255202737170978
0.01411532315865719
-0.033783560887038655
-0.004162340065321586
-0.026784004747504267
-0.04190216026015923
-0.03009369354918451
0.02011093429536829
-0.001239971967303345
0.03947172578509857
-0.004368945157668118
-0.02880600508131776
-0.02109435106393014
0.021008263191684955
-0.0017842140160183849
-0.033783560887038655
-0.02415799500724776
-0.021483395982245718
-0.012277609787476378
0.015600647360783617
-0.006941968042542447
0.002974585483783298
-0.02974832997477299
-0.03686321701462212
-0.0026231011332957057
-0.010109869057435819
-0.0344232448302609
0.012880781501639082
-0.032072616752625877
-0.018502720604351885
0.0036305158307853905
-0.03641734534865673
-0.03394860894994535
-0.010314274752905753
0.008637358747552363
-0.0017842140160183849
-0.0014895680902725654
0.03383854814816797
-0.0351779877286508
-0.0034120274258862267
0.005372111143680967
-0.011231148928383308
-0.00613725531729623
0.014706578614859524
0.008831948270731986
0.009266136999148834
-0.007456854085647005
0.0038150192808041787
-0.011938203054690611
-0.009528712071104888
-0.024306467903213023
-0.01303818330519455
0.012925750044702795
-0.022048239578205245
-0.007153175362403442
-0.04528711769698972
-0.018502720604351885
0.008831948270731986
-0.01699192834023975
-0.014397265671056841
0.0008276846538610252
0.017337381757141314
-0.04111105866206795
0.003482086382181146
-6.2936435262613e-05
0.018191700759758376
0.007529228634082533
-0.016937558224968733
-0.010259690819532005
-0.03456643862424329
-0.016937558224968733
0.03383854814816797
-0.01768248691351507
0.004954406667026052
-0.0034120274258862267
-0.018298601523464745
-0.02802676175965942
0.04252800029584026
-0.01774920731791842
0.012925750044702795
-0.007004555921442816
-0.02415799500724776
0.02691646545551833
-0.009493102553392143
-0.013449362781409143
-0.0042694957697183835
-0.004923164233652574
0.0008281795343568028
-0.013665570219962918
-0.012024250757262203
-0.01453239867727702
0.014706578614859524
-0.021036799036326517
-0.04190216026015923
-0.0351779877286508
-0.07107368963956422
-0.012277609787476378
-0.011938203054690611
-0.01684906537227712
-0.02672709582251955
-0.006941968042542447
-0.0014895680902725654
-0.019176169348296225
0.012880781501639082
-0.02880600508131776
-0.001779989524435533
-0.005046136645992842
-0.023188663052107837
-0.026784004747504267
-0.03407254843779831
-0.01484450603528991
0.0038150192808041787
-0.024306467903213023
0.007179241614548632
-0.013449362781409143
-0.03026172338502041
0.032327326110207256
-0.007456854085647005
9.48714560005132e-05
0.0018445223798017863
-0.0172143140221991
-0.01321863432940545
-0.024306467903213023
-0.008359624673827434
-0.03009369354918451
0.03383854814816797
-0.01165280401206348
-0.022048239578205245
0.0018445223798017863
-0.0172143140221991
0.008637358747552363
-0.023373909168654877
0.025719064585469537
-0.030609366232228923
-0.0344232448302609
-0.001239971967303345
-0.02109435106393014
0.025719064585469537
0.01773033116505768
0.004954406667026052
0.03230451367018115
-0.01890333155245337
-0.015043844728730679
-0.017687160014034576
0.012880781501639082
-0.004256467820136796
-0.010314274752905753
-0.013665570219962918
-0.021418649842307347
6.849202232545138e-05
0.002974585483783298
-0.011976812156525733
-0.014397265671056841
0.019194546167722287
-0.026281038910167538
0.02011093429536829
-0.04190216026015923
0.014706578614859524
-0.005359660528166391
-0.024306467903213023
0.0028762605026319767
-0.004923164233652574
0.012880781501639082
-0.0163555383884779
-0.02672709582251955
-0.0351779877286508
0.012880781501639082
-0.028806346978696915
-0.0163555383884779
-0.005657526783200928
0.018944639988445672
-0.014660283966125003
-0.012024250757262203
-0.023373909168654877
-0.0172143140221991
-0.02592138677687036
-0.02802676175965942
-0.036769243439900255
0.011533333061267111
0.0036305158307853905
-0.015912560115537405
-0.026281038910167538
0.012925750044702795
0.032327326110207256
-0.022048239578205245
-0.0262909097581381
-0.03407254843779831
-0.022536928503268133
-0.032072616752625877
0.008637358747552363
0.005587203927516974
0.004589460154477768
-0.01684906537227712
0.015600647360783617
-0.03456643862424329
-0.006260409923707819
-0.03456643862424329
0.012925750044702795
-0.005359660528166391
-0.005772774082796041
-0.019176169348296225
0.003482086382181146
-0.026281038910167538
0.004532573160765757
-0.023373909168654877
0.005372111143680967
-0.03009369354918451
-0.0169507407169447
0.02011093429536829
0.018191700759758376
-0.006260409923707819
-0.019176169348296225
0.007179241614548632
0.011533333061267111
-0.0034120274258862267
-0.001779989524435533
-0.01768248691351507
-0.032072616752625877
0.012880781501639082
0.012880781501639082
-0.02802676175965942
-6.2936435262613e-05
-0.04111105866206795
0.004589460154477768
0.0008281795343568028
0.004703514490161788
-0.01303818330519455
0.007449672540755314
-0.011231148928383308
0.000157984117263651
0.02000180336916798
-0.03163331809300525
-0.006664337141349224
-0.012971077944174193
-0.019176169348296225
-0.03009369354918451
-0.03456643862424329
-0.010314274752905753
-0.005359660528166391
-0.022536928503268133
-0.015043844728730679
0.0008276846538610252
0.000157984117263651
0.008246119589429056
-0.032072616752625877
-0.004923164233652574
-0.007004555921442816
-0.02394221209761338
0.012880781501639082
-0.028806346978696915
0.004589460154477768
0.012880781501639082
0.0036305158307853905
0.0034964956116803445
-0.01303818330519455
0.021008263191684955
-0.03346332781621506
-0.02802676175965942
-0.02380458565928442
-0.02380458565928442
-0.021266307027916407
-0.016937558224968733
0.03734284367404474
0.0008276846538610252
-0.01890333155245337
-0.005542486352656978
-0.036769243439900255
0.005372111143680967
-0.025920751243678417
-0.04528711769698972
-0.017123629750262853
-0.01800645824978169
-0.004368945157668118
-0.01890333155245337
-0.022536928503268133
-0.02592138677687036
-0.02252372055547527
-0.05634471886598881
9.48714560005132e-05
-0.018177136672041905
-0.03686321701462212
-0.025275408611640238
-0.011976812156525733
0.003482086382181146
-0.03686321701462212
-0.017123629750262853
-0.01303818330519455
0.010707105963879297
0.0038150192808041787
0.009266136999148834
0.007179241614548632
0.02011093429536829
-0.04528711769698972
-0.022536928503268133
-0.03179449323615091
0.000157984117263651
-0.0017842140160183849
-0.008174260299782776
-0.040955957477988345
0.008246119589429056
-0.00613725531729623
0.007449672540755314
-0.032072616752625877
0.00608070990585277
-0.0017842140160183849
-0.005359660528166391
-0.007844228714537124
-0.021483395982245718
-0.007844228714537124
-0.022536928503268133
-0.013449362781409143
-0.017687160014034576
0.012925750044702795
-0.005657526783200928
-0.012277609787476378
-0.02109435106393014
0.000157984117263651
-0.008359624673827434
-0.05786564345840161
0.025719064585469537
-0.013449362781409143
-0.040955957477988345
-0.021036799036326517
0.00938571366253998
6.849202232545138e-05
-0.021995810315654788
0.00608070990585277
-0.01321863432940545
-0.017123629750262853
-0.01453239867727702
-0.04528711769698972
-0.004368945157668118
0.017337381757141314
0.0034964956116803445
-0.007153175362403442
-0.01321863432940545
-0.03026172338502041
-0.03641734534865673
-0.03009369354918451
-0.005542486352656978
0.019194546167722287
-0.012660442419328366
-0.007844228714537124
0.04252800029584026
-0.021036799036326517
0.004589460154477768
-0.0026231011332957057
-0.026784004747504267
-0.012660442419328366
-0.015649031797441513
0.005372111143680967
-0.021995810315654788
0.011533333061267111
0.014706578614859524
0.004954406667026052
-0.01768248691351507
-0.006260409923707819
-0.04111105866206795
-0.02974832997477299
0.00938571366253998
-6.2936435262613e-05
-0.001779989524435533
-0.03456643862424329
-0.006664337141349224
0.02000180336916798
-0.04190216026015923
-0.007153175362403442
-0.011976812156525733
0.004954406667026052
-0.013665570219962918
-0.03179449323615091
-0.021995810315654788
9.48714560005132e-05
-0.04190216026015923
-0.015043844728730679
-0.006664337141349224
-0.01768248691351507
0.003482086382181146
-0.03407254843779831
-0.02109435106393014
0.013837765550438978
0.0036305158307853905
-0.024306467903213023
-0.01453239867727702
-0.02857425630197713
-0.010314274752905753
-0.005046136645992842
-0.01684906537227712
-0.0042694957697183835
-0.005046136645992842
-0.008174260299782776
-0.02592138677687036
-0.032072616752625877
0.004703514490161788
-0.010332609558578867
-0.005657526783200928
-0.007456854085647005
0.01411532315865719
-0.01768248691351507
-0.011714374413708824
0.0034964956116803445
-0.042154586845547945
-0.012660442419328366
-0.018298601523464745
-0.004923164233652574
0.021008263191684955
0.02691646545551833
0.03383854814816797
0.015600647360783617
-0.02252372055547527
-0.02857425630197713
0.003415812202116846
-0.016937558224968733
-0.014582841855143703
-0.0014895680902725654
-0.01983126251255263
-0.0034120274258862267
6.849202232545138e-05
0.0271604536387531
0.004589460154477768
0.009997435042397114
0.005372111143680967
0.02011093429536829
-0.005046136645992842
-0.02109435106393014
-0.018177136672041905
-0.006303369651728974
-0.03686321701462212
-0.0034120274258862267
-0.03009369354918451
-0.0156468396829248
-0.013846649675831253
-0.009493102553392143
-0.05786564345840161
0.02011093429536829
-0.001239971967303345
0.010707105963879297
-0.013846649675831253
0.011301980194482723
-0.021418649842307347
-0.009528712071104888
-0.01165280401206348
0.04252800029584026
-0.006260409923707819
-0.006303369651728974
-0.018502720604351885
-0.0344232448302609
-0.02672709582251955
-0.01321863432940545
-0.021266307027916407
-0.0156468396829248
-0.013616766147133162
-0.01768248691351507
-0.03456643862424329
-6.2936435262613e-05
-0.010314274752905753
-0.0328536323764724
-0.01768248691351507
-0.0026231011332957057
-0.015043844728730679
-0.02380458565928442
-0.03456643862424329
-0.01684906537227712
-0.0026231011332957057
0.01411532315865719
-0.011976812156525733
-0.01774920731791842
0.017337381757141314
-0.01768248691351507
0.012925750044702795
0.013837765550438978
0.008246119589429056
0.01773033116505768
-0.0344232448302609
-0.02802676175965942
0.02000180336916798
-0.024306467903213023
-0.04111105866206795
-0.00613725531729623
-0.03346332781621506
0.032327326110207256
0.0500455568450348
-0.02672709582251955
-0.02974832997477299
0.004503245592689129
-0.017687160014034576
0.025719064585469537
-0.023188663052107837
-0.0169507407169447
-0.02252372055547527
0.02000180336916798
-0.03346332781621506
-0.01165280401206348
9.48714560005132e-05
0.0008276846538610252
-0.02857425630197713
0.000157984117263651
-0.042154586845547945
0.00938571366253998
-0.007004555921442816
-0.01890333155245337
-0.010109869057435819
-0.010314274752905753
-0.01165280401206348
-0.03407254843779831
-0.058730757589137754
-0.021418649842307347
-0.0029882797943245457
-0.022536928503268133
-0.008337137127388254
0.012925750044702795
-0.011231148928383308
-0.010259690819532005
0.008414085668618527
0.03230451367018115
-0.01768248691351507
-0.04190216026015923
-0.0156468396829248
-0.01834551300690156
0.008831948270731986
0.021008263191684955
-0.02415799500724776
-0.02252372055547527
0.04252800029584026
-0.0014895680902725654
-0.004162340065321586
0.00938571366253998
0.00608070990585277
-0.015043844728730679
-0.010314274752905753
-0.021266307027916407
-0.0172143140221991
0.008414085668618527
-0.0042694957697183835
0.0008276846538610252
-0.016937558224968733
-0.004923164233652574
-0.008174260299782776
-0.02109435106393014
-0.03456643862424329
-0.04528711769698972
-0.0034120274258862267
-0.0156468396829248
-0.018502720604351885
0.015600647360783617
-0.023373909168654877
-0.03179449323615091
-0.015649031797441513
-0.02672709582251955
-0.017687160014034576
0.01411532315865719
0.007449672540755314
-0.03407254843779831
-6.2936435262613e-05
0.01773033116505768
-0.005542486352656978
-0.05965081663966524
0.004503245592689129
-0.015255202737170978
0.0073497124509409395
-0.018298601523464745
-0.004923164233652574
-0.015255202737170978
-0.02802676175965942
0.005587203927516974
-0.00040233814657206587
0.004954406667026052
-0.030609366232228923
-0.02415799500724776
-0.03179449323615091
-0.021266307027916407
-0.01890333155245337
-0.005046136645992842
0.004532573160765757
0.002974585483783298
-0.0026231011332957057
0.018944639988445672
