-0.02961430585857971
0.013332452892871268
-0.0214213892195401
-0.3808377384823867
-0.03817115718511284
-0.019886636795205775
-0.0029149233473880647
0.013332452892871268
-0.0892414210260968
-0.03925234920183557
-0.06548597609075008
-0.20512039624569448
-0.07155481540357499
-0.0029149233473880647
-0.0787435887933204
-0.05179739347866287
-0.07563136509735037
-0.241905740823144
-0.014341791608230379
-0.1483674779837953
-0.08967008715896616
-0.029601240544427455
-0.1547911412333475
-0.03731536781921701
-0.3198223434479001
-0.047942142173124175
-0.04681312590407043
-0.05933292541128452
0.001704985149862686
-0.034613604344377706
-0.035400962649516365
-0.3914350096030662
-0.0637269741999313
-0.017010040795198692
-0.03161795500700077
-0.008927275531383616
-0.03049034229992047
-0.05100806746652942
-0.023262511731814216
-0.12929137648038963
-0.17994558222441712
-0.018853374332924906
-0.17174327547733656
-0.07259226159414828
-0.01566269659415092
-0.04764308137116743
0.020787632561032925
-0.056007473092401346
-0.052459796185428224
-0.002656730795475169
-0.1483674779837953
-0.08745963938334869
-0.009296621907186168
-0.0373457487105709
-0.04378341520987173
-0.09835333990772566
-0.0008731157322229635
-0.32567445533861317
-0.006767610498113811
-0.0536289440129791
-0.17983582137587173
-0.004523247258817395
-0.029601240544427455
-0.005184810043459509
-0.008927275531383616
-0.017010040795198692
-0.009296621907186168
-0.07936195433686029
-0.5774527873255222
0.008492204320435124
-0.046335175408897235
-0.08071226839329962
0.0026430579090823444
-0.006780208115577704
-0.0778242348609138
-0.06199401791765438
-0.2647767585885698
-0.019333119722508237
-0.051195909915136596
-0.032644919810210914
-0.027565000663820317
-0.05764224979449568
-0.03226508861419695
-0.014063654209375323
-0.0787435887933204
-0.3808377384823867
-0.01385702506660482
0.020787632561032925
-0.010586024052104754
-0.029601240544427455
-0.08226338599006895
-0.07018451220697643
-0.04384702813272356
-0.01526283828981744
-0.03487305308476315
0.006680832437076137
-0.05466142728726015
-0.01742086051311263
-0.07018451220697643
-0.04013361587001249
-0.1512399678465998
-0.042403405223187626
-0.04557887190205776
-0.004231044251064692
-0.15478415316612854
-0.019886636795205775
-0.5133176714661039
-0.018490833239556005
-0.027987860244940797
-0.04764308137116743
-0.05208579261735461
-0.002656730795475169
-0.1512399678465998
-0.0393278430302424
-0.0196083956678945
-0.1317892735205446
-0.056007473092401346
0.004198463742735067
-0.010475032228789751
-0.0214213892195401
-0.04358384748546714
-0.14130409868526814
-0.5774527873255222
-0.008866773337370876
-0.005732384353788989
-0.019467384885548892
-0.01742086051311263
-0.11703306942277583
-0.09872169939633496
-0.0934053470289993
-0.023838579016408956
-0.02031832115571009
-0.011776017767550497
-0.07019070868309193
-0.047942142173124175
-0.0949863294292931
-0.09872169939633496
-0.40399656840550424
-0.01216339942919174
-0.10627690352850987
0.06670695223040199
-0.018853374332924906
-0.10627690352850987
-0.04013361587001249
-0.08436421157704131
-0.07155481540357499
-0.016394683296984163
-0.05283984917244453
-0.11703306942277583
-0.1629915718874968
0.016961147676634453
-0.5133176714661039
-0.06689796418534129
-0.0539594395418634
-0.18608900016053193
-0.027150412802143958
-0.03487695585079168
-0.05255441273554655
-0.06675203034690798
-0.021387090529854304
4.3009430327914586e-05
-0.3198223434479001
-0.022853700883446255
-0.006873455339508344
-0.11136494943152953
-0.004231044251064692
-0.15206579057048442
-0.026312349095337157
-0.02713507462966503
-0.07019070868309193
-0.2430054598180119
-0.04451326917525953
-0.09726642903262728
-0.02873984098646881
-0.021063458721467053
-0.03486068840866137
-0.0637269741999313
-0.009151273565328856
-0.028659913938959627
-0.03817115718511284
-0.23590295926720203
-0.01734054134267002
-0.014341791608230379
-0.6848868274363515
-0.021377002833503977
-0.05756844750779008
-0.04358384748546714
-0.09223764939032644
-0.01566269659415092
-0.16667593253589816
-0.04936032078787006
-0.0214213892195401
-0.12929137648038963
-0.072982914090771
-0.11703306942277583
-0.2114285057704659
-0.017310863214630778
-0.03563823557185874
-0.11703306942277583
0.003429367552703644
-0.024648862216806542
-0.012135887991660911
-0.0679705002758043
-0.02402077922154853
-0.32567445533861317
-0.33135208729096594
-0.006424118002879478
-0.024648862216806542
-0.0393278430302424
-0.27447468634430616
-0.17174327547733656
-0.013393048100211379
0.013332452892871268
-0.05520460700037872
-0.04681312590407043
-0.07479598421500025
-0.02961430585857971
-0.14452141026127366
-0.018461835571594733
-0.12350934533748252
-0.07739868605526082
-0.2647767585885698
-0.046335175408897235
-0.06410217117274063
-0.0934053470289993
-0.018853374332924906
-0.009432090843299051
-0.02068190297349295
0.003251882478904087
-0.05208579261735461
-0.08758157000447273
-0.04660922412462992
-0.010184539527462245
-0.06875691428509195
-0.08763220866394045
-0.046335175408897235
-0.07936195433686029
-0.05577272351803442
-0.03220589371816286
-0.05872180553180407
-0.012135887991660911
-0.5899081261386662
-0.0171604932939738
-0.26437941203645327
-0.040375741014663215
-0.5899081261386662
-0.1629915718874968
-0.034613604344377706
-0.077467432606625
-0.08290734759054338
-0.03486068840866137
0.0007075892541023907
-0.023838579016408956
-0.0637269741999313
-0.055524562982459766
-0.01742086051311263
-0.0008731157322229635
-0.0694262926189007
-0.019333119722508237
-0.09273934680229509
-0.03776923117205649
-0.031233515151246463
-0.008927275531383616
-0.02099382822382004
-0.02313820868688493
-0.07155481540357499
-0.004425582176140375
-0.04189184370720607
-0.03218195022085998
-0.032499083616106754
-0.056007473092401346
-0.16667593253589816
-0.023465708402096833
-0.06907611035743084
-0.5133176714661039
-0.0778242348609138
-0.00930289613272769
-0.04177298596992176
-0.09263774334218426
-0.12350934533748252
-0.027565000663820317
-0.044927654183817244
-0.14660769335446766
-0.07072675663409284
-0.11642128161773482
-0.014265096338164623
0.011261413753655183
-0.031233515151246463
-0.039685573169495794
-0.00386949532892167
-0.22138304837469414
-0.09872169939633496
-0.05766528391705055
-0.03487176526580265
-0.08989883950528593
-0.009289010977457768
-0.03817115718511284
0.01918120419760415
0.003251882478904087
-0.016658085127080235
-0.05953150695596415
-0.09108945471561238
-0.03161795500700077
0.06670695223040199
-0.024648862216806542
-0.05577272351803442
-0.0892414210260968
-0.009043333935450393
-0.0949863294292931
-0.01734054134267002
-0.0007440601999908341
-0.05933292541128452
-0.04358384748546714
-0.0892414210260968
-0.10627690352850987
-0.15478415316612854
-0.015161033508344388
-0.09109008916938578
-0.05012567056154075
-0.02401559507798506
-0.09223764939032644
-0.10263843238066195
-0.0694262926189007
-0.047942142173124175
-0.07739868605526082
-0.05764224979449568
-0.005184810043459509
-0.04177298596992176
-0.0373457487105709
-0.044927654183817244
-0.010273779914382167
-0.03736285341556802
-0.07739868605526082
-0.04685040354421294
-0.04933138039958061
-0.021063458721467053
-0.09726642903262728
-0.035400962649516365
-0.03231461724731456
-0.02725594474142097
-0.01385702506660482
0.0007518613516798139
-0.026655807468790527
-0.07155481540357499
-0.027910553276860546
-0.008361061640678926
0.054845272561936526
-0.0016094595967696035
-0.024890787116111646
0.054845272561936526
-0.04764308137116743
-0.024513445681190398
-0.04189184370720607
-0.08763220866394045
-0.018461835571594733
-0.07290851298549504
-0.018853374332924906
-0.09726642903262728
-0.040375741014663215
-0.13457976850002085
-0.05520460700037872
-0.06848600410725365
-0.0706410920872451
-0.064306982329002
-0.004196188959527103
-0.08763220866394045
-0.6848868274363515
-0.0171604932939738
-0.03731536781921701
-0.019467384885548892
0.01918120419760415
-0.16667593253589816
-0.06817941828494367
-0.08989883950528593
-0.08436421157704131
-0.022741035650158836
-0.04177298596992176
-0.03925234920183557
-0.01385702506660482
-0.5133176714661039
-0.5899081261386662
-0.01566871961715177
-0.031233515151246463
-0.043985523755549115
-0.09726642903262728
-0.027510249530746943
0.023450278811907282
-0.16704766873210755
0.03087180470913912
-0.06077650301474181
0.015138913361993885
-0.019333119722508237
-0.06410217117274063
-0.004196188959527103
-0.03226508861419695
-0.021063458721467053
-0.002656730795475169
-0.03148932144165897
0.012112476827993665
-0.03486068840866137
-0.0213169362666738
-0.09109008916938578
-0.09726642903262728
-0.020311074877222862
-0.05179739347866287
-0.07479598421500025
-0.061083789285676204
-0.042403405223187626
0.0023782304582877006
-0.013393048100211379
-0.05179739347866287
-0.021063458721467053
0.013332452892871268
-0.02099382822382004
-0.08367359100236495
0.012112476827993665
-0.05933292541128452
0.004894225354498519
0.0026430579090823444
-0.0028473525958340085
0.0007699530147137164
-0.012135887991660911
-0.051195909915136596
-0.20512039624569448
-0.03821635972015387
-0.038769922176990025
-0.055524562982459766
-0.040375741014663215
-0.004231044251064692
-0.010852742442828234
-0.03369648730616824
-0.028659913938959627
-0.5899081261386662
-0.05199500077633563
-0.06907611035743084
-0.07290851298549504
-0.0536289440129791
-0.064306982329002
-0.04203601205066281
-0.12929137648038963
-0.02961430585857971
-0.017310863214630778
-0.15206579057048442
-0.037302247465757686
-0.0787435887933204
-0.028659913938959627
-0.012439805980935949
-0.1483674779837953
-0.05143661804077292
-0.1547911412333475
0.02203816284613788
-0.006780208115577704
-0.043985523755549115
-0.019886636795205775
-0.08367359100236495
-0.008866773337370876
-0.6848868274363515
-0.1512399678465998
0.01706013732520246
-0.04557887190205776
-0.013018030797232466
-0.0778242348609138
-0.0934053470289993
-0.03385247567395376
-0.14452141026127366
-0.06776063825364231
-0.08290734759054338
-0.005184810043459509
-0.07259226159414828
-0.14130409868526814
-0.14660769335446766
-0.00930289613272769
-0.06817941828494367
-0.06749569255208152
-0.0003070121783139592
-0.08758157000447273
0.004056067939564905
0.015138913361993885
-0.016691074897665397
-0.11703306942277583
-0.023465708402096833
-0.5133176714661039
-0.04451326917525953
0.021073302179004025
-0.018461835571594733
-0.09726642903262728
-0.04203601205066281
-0.02402077922154853
-0.0213169362666738
-0.053023013352703714
-0.010852742442828234
-0.043467342803455544
-0.03220589371816286
-0.01216339942919174
0.0017515885262778925
-0.0637269741999313
-0.03161795500700077
-0.07868765474697388
-0.036692244991953005
-0.004231044251064692
4.3009430327914586e-05
-0.002656730795475169
-0.07018451220697643
-0.01566871961715177
-0.02031832115571009
-0.016691074897665397
-0.034613604344377706
-0.04054217033061402
-0.16704766873210755
-0.08184862279380965
-0.044927654183817244
-0.3808377384823867
-0.011776017767550497
-0.07019070868309193
-0.024890787116111646
-0.0931426250334434
-0.04421663830184028
-0.015161033508344388
-0.07072675663409284
-0.018461835571594733
-0.004524159927008082
-0.012439805980935949
-0.12291748823699966
-0.03194073131355392
-0.009432090843299051
-0.26437941203645327
0.010786302201208964
-0.031233515151246463
-0.00386949532892167
-0.16667593253589816
-0.06490891764166337
-0.0931426250334434
-0.06749569255208152
-0.01215540070791674
-0.08745963938334869
-0.038769922176990025
-0.016498022701269214
-0.010184539527462245
-0.046335175408897235
-0.09109008916938578
-0.004203873241458444
0.02203816284613788
-0.005184810043459509
-0.03199623396950506
0.01706013732520246
-0.02961430585857971
0.006680832437076137
-0.02713507462966503
-0.023262511731814216
-0.5899081261386662
-0.23590295926720203
-0.004203873241458444
-0.06689796418534129
-0.03049034229992047
-0.04212880119891567
-0.072982914090771
-0.009432090843299051
-0.18608900016053193
-0.017825447145057363
0.004056067939564905
-0.02725594474142097
-0.061083789285676204
-0.014434449825120406
-0.027910553276860546
-0.5133176714661039
-0.1819559187594383
-0.16704766873210755
-0.32567445533861317
-0.09726642903262728
-0.061083789285676204
-0.035400962649516365
-0.06776063825364231
-0.021728810579264214
0.0026430579090823444
-0.0029149233473880647
0.054845272561936526
-0.004425582176140375
-0.052459796185428224
-0.03295579882223946
-0.3808377384823867
-0.14033939321639388
-0.05100806746652942
-0.04936032078787006
-0.08662614434327254
-0.048639468841738316
-0.014063654209375323
-0.03487695585079168
0.0023782304582877006
-0.3969272580962697
-0.0038527349640248413
-0.11136494943152953
-0.04378341520987173
-0.05756844750779008
-0.014265096338164623
-0.05199500077633563
-0.06749569255208152
-0.023307153804838446
-0.11812996441843769
-0.5133176714661039
0.026029294205756073
-0.08240868442561548
-0.017010040795198692
-0.048639468841738316
-0.07123900159009283
-0.011776017767550497
-0.09109008916938578
-0.038769922176990025
0.01706013732520246
-0.05664448086395852
-0.07123900159009283
-0.010759359263136984
-0.01734054134267002
-0.026655807468790527
-0.3914350096030662
-0.09872169939633496
-0.035400962649516365
-0.06199401791765438
-0.04662602688613274
-0.028721296858538286
-0.5774527873255222
0.005798277136342674
-0.03486068840866137
0.012341775483590339
0.012112476827993665
-0.04189184370720607
-0.014341791608230379
-0.01871366259526922
-0.03736285341556802
-0.04557887190205776
-0.009296621907186168
-0.02099382822382004
-0.0790153002496042
-0.046335175408897235
-0.05872180553180407
-0.034613604344377706
-0.10263843238066195
-0.05071097822005376
0.012112476827993665
-0.11812996441843769
0.03087180470913912
-0.03199623396950506
-0.004523247258817395
-0.014265096338164623
-0.2897149466568542
-0.021728810579264214
0.0007699530147137164
-0.06887866171819333
-0.1819559187594383
0.028567936666578773
-0.09835333990772566
-0.04153204087158147
-0.07155481540357499
-0.03199623396950506
-0.12929137648038963
-0.03487305308476315
-0.022741035650158836
-0.023838579016408956
-0.07019070868309193
0.006680832437076137
0.0007075892541023907
-0.009151273565328856
-0.048639468841738316
0.01706013732520246
-0.04421663830184028
0.005699563970943124
-0.03161795500700077
-0.07978084572857187
-0.03343558798482881
-0.021377002833503977
-0.09919009092944854
-0.27447468634430616
-0.13457976850002085
0.06670695223040199
-0.0016094595967696035
-0.0931426250334434
-0.07936195433686029
-0.3198223434479001
-0.03199623396950506
-0.06907611035743084
-0.14452141026127366
-0.08226338599006895
-0.012135887991660911
-0.0993111054141646
-0.03925234920183557
0.06670695223040199
-0.0800424243270068
-0.03925234920183557
-0.009151273565328856
0.010786302201208964
-0.01742086051311263
-0.08763220866394045
-0.048639468841738316
-0.006873455339508344
-0.0790153002496042
-0.048639468841738316
-0.03486068840866137
-0.06675203034690798
-0.02418418649616098
-0.04451326917525953
-0.03821635972015387
-0.03231461724731456
-0.04662602688613274
-0.04685040354421294
-0.04685040354421294
-0.009043333935450393
-0.04054217033061402
-0.0404088671515477
-0.004523247258817395
-0.0993111054141646
-0.05179739347866287
-0.09223764939032644
-0.11642128161773482
-0.028721296858538286
-0.06887866171819333
-0.018490833239556005
-0.0213169362666738
-0.06875691428509195
-0.004231044251064692
-0.049199442082320605
-0.064306982329002
-0.05179739347866287
-0.03736285341556802
-0.024513445681190398
-0.021063458721467053
0.020787632561032925
-0.09263774334218426
-0.04177298596992176
0.004198463742735067
-0.40399656840550424
-0.11136494943152953
-0.08989883950528593
-0.0892414210260968
0.004198463742735067
-0.03148932144165897
-0.09919009092944854
-0.22138304837469414
0.015138913361993885
-0.08758157000447273
-0.072982914090771
-0.09835333990772566
-0.02536461548942309
-0.03736285341556802
-0.03796581530964366
-0.03776923117205649
-0.0787435887933204
0.00405405059404808
-0.0931426250334434
-0.01566269659415092
-0.0800424243270068
-0.0931426250334434
-0.05730523893961931
-0.27447468634430616
-0.009151273565328856
-0.03487176526580265
-0.08290734759054338
-0.11812996441843769
-0.322192366161265
-0.05520460700037872
-0.010586024052104754
-0.15917418520032459
-0.045249303086263966
-0.03736285341556802
-0.009432090843299051
-0.08662614434327254
0.012112476827993665
-0.06077650301474181
-0.010184539527462245
-0.05766528391705055
-0.052459796185428224
-0.03776923117205649
-0.06848600410725365
-0.077467432606625
-0.008927275531383616
-0.01948875543644298
-0.019333119722508237
-0.03325772135542026
-0.1483958083635519
-0.0373457487105709
-0.018652758382654018
-0.0694262926189007
-0.04384702813272356
-0.03148932144165897
-0.06490891764166337
-0.022741035650158836
-0.0213169362666738
-0.064306982329002
-0.0637269741999313
-0.05012567056154075
-0.015468624805360983
-0.04384702813272356
-0.03731536781921701
-0.0934053470289993
-0.06907611035743084
-0.04124309799627461
-0.022420255582856017
-0.2430054598180119
-0.322192366161265
-0.039685573169495794
-0.01215540070791674
-0.05071097822005376
-0.0790153002496042
-0.10286611615562262
-0.10221507982514225
-0.02313820868688493
-0.2430054598180119
-0.04358384748546714
-0.06887866171819333
-0.018652758382654018
0.005798277136342674
-0.06749569255208152
-0.3808377384823867
0.0007075892541023907
-0.07155481540357499
-0.03161795500700077
-0.043985523755549115
-0.12056757502866149
-0.036692244991953005
0.013332452892871268
-0.034613604344377706
-0.023307153804838446
-0.07936195433686029
-0.08745963938334869
-0.015468624805360983
-0.021387090529854304
-0.11136494943152953
-0.3808377384823867
-0.031233515151246463
-0.027510249530746943
-0.1483958083635519
-0.018652758382654018
-0.02725594474142097
-0.05199500077633563
-0.012135887991660911
-0.07936195433686029
0.0007075892541023907
-0.0892414210260968
-0.017010040795198692
-0.052459796185428224
-0.03486068840866137
-0.5133176714661039
-0.06490891764166337
-0.17994558222441712
-0.03487695585079168
-0.02713507462966503
-0.046335175408897235
-0.010586024052104754
-0.26437941203645327
-0.02713507462966503
0.00405405059404808
-0.06199401791765438
-0.009151273565328856
-0.11537549249423344
-0.06077650301474181
-0.024779035411350826
-0.03369648730616824
0.0007075892541023907
-0.009289010977457768
-0.02418418649616098
-0.2114285057704659
-0.2430054598180119
-0.024890787116111646
-0.08240868442561548
-0.03821635972015387
-0.16704766873210755
-0.05380545030752642
-0.1547911412333475
-0.021063458721467053
-0.06410217117274063
-0.00041221397886533095
-0.05520460700037872
-0.04107288660229008
-0.027987860244940797
-0.01566871961715177
-0.05933292541128452
-0.00041221397886533095
-0.1629915718874968
-0.08436421157704131
-0.004523247258817395
-0.07019070868309193
-0.051195909915136596
-0.07978084572857187
-0.00930289613272769
-0.09835333990772566
-0.0008731157322229635
-0.052459796185428224
-0.04177298596992176
-0.08513135451720003
0.004198463742735067
-0.07019070868309193
-0.08989883950528593
-0.06907611035743084
-0.01564829933927671
-0.05764224979449568
-0.077467432606625
-0.09835333990772566
-0.004425582176140375
-0.02401559507798506
-0.044927654183817244
-0.003317665917545849
-0.12350934533748252
-0.02873984098646881
-0.02068190297349295
-0.03418856734696315
-0.039685573169495794
-0.10263843238066195
-0.08513135451720003
-0.013018030797232466
-0.1512399678465998
-0.041355068300062824
-0.027910553276860546
-0.05255441273554655
-0.04520060819702827
-0.08184862279380965
0.005699563970943124
-0.14452141026127366
-0.20512039624569448
0.0007075892541023907
-0.008866773337370876
-0.012135887991660911
-0.04685040354421294
-0.010586024052104754
-0.046335175408897235
-0.10286611615562262
-0.037302247465757686
-0.034063937655582854
-0.05421700267344372
-0.07072675663409284
-0.09108945471561238
-0.0028473525958340085
-0.08184862279380965
-0.013393048100211379
0.012112476827993665
-0.33135208729096594
0.015691081177570128
-0.1512399678465998
-0.04421663830184028
-0.04212880119891567
-0.03161795500700077
-0.06817941828494367
-0.03231461724731456
-0.10221507982514225
-0.04189184370720607
-0.04013361587001249
-0.041355068300062824
4.3009430327914586e-05
-0.043985523755549115
-0.05953150695596415
-0.08662614434327254
-0.023262511731814216
0.028567936666578773
-0.010273779914382167
-0.013393048100211379
-0.03231461724731456
-0.03418856734696315
-0.02725594474142097
0.0017515885262778925
-0.06410217117274063
0.06670695223040199
-0.2114285057704659
-0.0373457487105709
-0.05466142728726015
-0.004524159927008082
-0.004523247258817395
-0.05100806746652942
-0.6848868274363515
-0.03487695585079168
-0.03418856734696315
-0.23590295926720203
-0.01526283828981744
-0.02873984098646881
-0.09840336148396794
-0.08226338599006895
0.01918120419760415
-0.018461835571594733
-0.13457976850002085
-0.09273934680229509
-0.015768157761216373
0.0007075892541023907
-0.08745963938334869
-0.05255441273554655
-0.045610705347204836
-0.0003070121783139592
-0.15206579057048442
-0.03069823136449227
-0.010273779914382167
-0.015161033508344388
-0.005184810043459509
-0.005732384353788989
-0.0373457487105709
-0.03487176526580265
-0.012135887991660911
-0.03487695585079168
-0.035400962649516365
-0.09273934680229509
0.023450278811907282
0.0017515885262778925
-0.01566871961715177
0.010786302201208964
0.00405405059404808
-0.052459796185428224
