-0.039972675445089166
-0.021194104188227845
-0.023047038254496884
-0.02893058123719841
0.01621172387034205
-0.021194104188227845
0.022947247489991343
-0.010001582155944768
-0.012342287433223157
-0.025516404969458666
-0.02893058123719841
-0.021194104188227845
-0.012947134863814483
-0.031207441097843684
0.01621172387034205
0.023787982884251012
-0.010001582155944768
-0.006298394954780744
-0.013973463727668261
-0.03385081536487047
0.0052723109389251665
-0.0021220544355289566
-0.01223266990700689
0.02751004722148606
-0.008222568921295035
-0.013331031830746399
-0.018815685982849908
-0.013766387742009487
0.003372010890545217
-0.01473376444507551
-0.055336831277172156
-0.010347193003602574
-0.015821272928172363
-0.02893058123719841
0.023787982884251012
-0.03780045438163475
0.01941793701645262
-0.036093100815350214
-0.020088393094371743
0.019881057377405913
-0.04010318969663737
-0.023800749309712117
0.01941793701645262
-0.012342287433223157
-0.018248324382470305
-0.023047038254496884
0.02751004722148606
-0.024577173398220055
-0.03346488310165315
-0.012342287433223157
-0.013907712125009006
0.003372010890545217
-0.02148979070043052
-0.016867789378112747
-0.023800749309712117
0.026697864436384815
-0.006961488723027623
-0.0171549889428029
0.017355299646245485
-0.013331031830746399
-0.020457170846956554
0.019881057377405913
-0.004606080653858941
-0.025516404969458666
-0.015821272928172363
-0.012076697997996665
-0.015821272928172363
-0.012342287433223157
-0.006961488723027623
-0.006298394954780744
0.011078605911246401
0.006313720709488423
-0.018248324382470305
-0.010001582155944768
-0.028372439867631705
-0.014559822473867721
0.006313720709488423
-0.02893058123719841
-0.012446208765507071
-0.014559822473867721
-0.020457170846956554
-0.03432059472855666
0.0027782272712642345
-0.004606080653858941
-0.03346488310165315
-0.042526706096697155
0.011078605911246401
-0.031207441097843684
-0.013907712125009006
-0.010347193003602574
-0.02893058123719841
0.0027782272712642345
-0.018815685982849908
-0.039972675445089166
0.043413199109314404
-0.025578575077028237
0.003372010890545217
-0.021194104188227845
0.017355299646245485
-0.006961488723027623
-0.01080850888001801
0.01621172387034205
0.022947247489991343
-0.006961488723027623
-0.03079656167313767
-0.018438367745461502
0.017355299646245485
-0.006961488723027623
-0.021587941251142138
-0.012947134863814483
-0.01080850888001801
-0.03363986696777964
-0.013973463727668261
-0.018438367745461502
-0.024577173398220055
0.0013164728592764425
-0.04010318969663737
-0.020088393094371743
0.02751004722148606
-0.024577173398220055
-0.01625024773885209
-0.03346488310165315
0.02751004722148606
-0.006798869450872801
-0.0171549889428029
-0.014559822473867721
0.02751004722148606
-0.02819077573250777
0.026697864436384815
-0.0021220544355289566
-0.006298394954780744
0.0013164728592764425
0.01621172387034205
-0.04010318969663737
0.017355299646245485
-0.03183552065059566
-0.0021220544355289566
-0.020457170846956554
-0.03183552065059566
-0.01223266990700689
-0.03363986696777964
-0.010347193003602574
-0.03363986696777964
-0.01625024773885209
0.017355299646245485
-0.042526706096697155
-0.023800749309712117
-0.025516404969458666
0.043413199109314404
-0.012076697997996665
-0.03385081536487047
-0.02819077573250777
-0.03183552065059566
-0.012342287433223157
-0.02913731904079294
-0.01613149492516507
-0.026616352082149825
0.003372010890545217
-0.03346488310165315
-0.020457170846956554
-0.007265155823331599
-0.006798869450872801
-0.024577173398220055
-0.03385081536487047
-0.023047038254496884
-0.025516404969458666
-0.012076697997996665
-0.013907712125009006
0.0013164728592764425
-0.014559822473867721
-0.018438367745461502
-0.007265155823331599
-0.012076697997996665
-0.018438367745461502
0.0013164728592764425
-0.025578575077028237
-0.011233231104920402
-0.02893058123719841
0.011078605911246401
-0.013766387742009487
0.003372010890545217
-0.025578575077028237
-0.015821272928172363
-0.021194104188227845
-0.004606080653858941
-0.009814232573129607
-0.0171549889428029
-0.023047038254496884
-0.025516404969458666
0.019881057377405913
-0.013766387742009487
-0.012342287433223157
-0.03346488310165315
-0.03780045438163475
-0.024577173398220055
-0.03700216953427958
-0.03346488310165315
0.0027782272712642345
-0.036093100815350214
-0.03432059472855666
0.003372010890545217
-0.015821272928172363
-0.015821272928172363
-0.036093100815350214
-0.01473376444507551
-0.023047038254496884
-0.01223266990700689
-0.01613149492516507
-0.0021220544355289566
-0.01625024773885209
-0.02913731904079294
-0.013907712125009006
0.0027782272712642345
-0.020088393094371743
-0.023800749309712117
0.019881057377405913
-0.031207441097843684
-0.0021220544355289566
-0.018815685982849908
-0.0021220544355289566
0.006313720709488423
0.0013164728592764425
-0.055336831277172156
-0.015821272928172363
-0.03183552065059566
-0.021587941251142138
-0.03385081536487047
0.023787982884251012
0.0027782272712642345
-0.03780045438163475
-0.03079656167313767
-0.020457170846956554
-0.039972675445089166
-0.006798869450872801
-0.031207441097843684
0.003372010890545217
-0.03346488310165315
0.026697864436384815
-0.01625024773885209
0.0052723109389251665
-0.009814232573129607
0.0027782272712642345
-0.012947134863814483
0.0027782272712642345
-0.0021220544355289566
-0.03385081536487047
-0.03346488310165315
-0.04010318969663737
-0.02819077573250777
-0.01625024773885209
-0.013766387742009487
-0.042526706096697155
0.017355299646245485
-0.008222568921295035
-0.025578575077028237
-0.012446208765507071
-0.006298394954780744
-0.016867789378112747
-0.031207441097843684
-0.016867789378112747
-0.03183552065059566
0.022947247489991343
-0.021194104188227845
-0.02913731904079294
-0.031207441097843684
-0.024577173398220055
0.01621172387034205
-0.012446208765507071
-0.010347193003602574
-0.031207441097843684
-0.03700216953427958
-0.04010318969663737
0.0052723109389251665
0.023787982884251012
-0.02148979070043052
-0.018815685982849908
-0.02528566824237492
0.023787982884251012
-0.0171549889428029
0.011078605911246401
-0.010001582155944768
-0.010347193003602574
-0.039972675445089166
-0.020457170846956554
-0.026616352082149825
-0.020088393094371743
-0.055336831277172156
-0.009814232573129607
-0.028372439867631705
-0.006961488723027623
-0.03432059472855666
-0.01625024773885209
0.0027782272712642345
-0.021587941251142138
0.0052723109389251665
0.023787982884251012
-0.009814232573129607
0.01621172387034205
-0.025516404969458666
-0.042526706096697155
-0.025578575077028237
-0.013331031830746399
0.01941793701645262
-0.021587941251142138
-0.013331031830746399
-0.01223266990700689
-0.021587941251142138
-0.039972675445089166
-0.01625024773885209
-0.020457170846956554
-0.012446208765507071
-0.007265155823331599
-0.01625024773885209
-0.023800749309712117
-0.03700216953427958
-0.013907712125009006
-0.013766387742009487
-0.020457170846956554
-0.03079656167313767
-0.03385081536487047
-0.015821272928172363
0.01941793701645262
0.022947247489991343
0.019881057377405913
-0.006961488723027623
-0.009814232573129607
0.0052723109389251665
-0.02528566824237492
-0.02528566824237492
-0.024577173398220055
-0.04010318969663737
-0.03385081536487047
-0.03183552065059566
-0.010347193003602574
0.011078605911246401
0.006313720709488423
-0.01613149492516507
-0.028372439867631705
0.003372010890545217
0.0027782272712642345
-0.036093100815350214
-0.036093100815350214
-0.023800749309712117
-0.039972675445089166
-0.012947134863814483
0.0027782272712642345
0.0027782272712642345
-0.036093100815350214
-0.010001582155944768
-0.03363986696777964
-0.02913731904079294
0.01621172387034205
-0.03363986696777964
-0.018438367745461502
-0.01613149492516507
0.017355299646245485
-0.02528566824237492
-0.055336831277172156
-0.03385081536487047
-0.004606080653858941
-0.018815685982849908
0.006313720709488423
-0.025516404969458666
0.043413199109314404
-0.021194104188227845
0.022947247489991343
-0.013973463727668261
-0.026616352082149825
-0.02528566824237492
-0.009814232573129607
-0.02528566824237492
-0.014559822473867721
-0.02893058123719841
-0.015821272928172363
-0.036093100815350214
-0.01223266990700689
-0.012446208765507071
-0.03700216953427958
0.017355299646245485
0.02751004722148606
-0.01625024773885209
-0.01613149492516507
0.0027782272712642345
-0.010347193003602574
-0.03780045438163475
-0.010001582155944768
-0.02819077573250777
-0.04010318969663737
-0.01223266990700689
-0.01223266990700689
-0.01625024773885209
-0.013973463727668261
-0.02528566824237492
-0.025578575077028237
-0.013973463727668261
-0.026616352082149825
-0.021194104188227845
-0.02528566824237492
0.017355299646245485
-0.020457170846956554
-0.04010318969663737
-0.01625024773885209
-0.02528566824237492
-0.006298394954780744
-0.02528566824237492
-0.012446208765507071
-0.013331031830746399
-0.03079656167313767
-0.039972675445089166
-0.03432059472855666
0.0013164728592764425
-0.020088393094371743
-0.012076697997996665
0.026697864436384815
-0.006298394954780744
-0.028372439867631705
-0.02528566824237492
-0.01223266990700689
-0.013973463727668261
-0.03780045438163475
0.017355299646245485
-0.012076697997996665
-0.01080850888001801
-0.023800749309712117
-0.0021220544355289566
-0.02528566824237492
-0.014559822473867721
-0.02528566824237492
-0.0171549889428029
-0.03432059472855666
-0.012446208765507071
-0.03432059472855666
-0.012446208765507071
-0.024577173398220055
-0.024577173398220055
-0.011233231104920402
-0.021587941251142138
-0.013907712125009006
-0.006798869450872801
-0.03700216953427958
-0.026616352082149825
-0.018248324382470305
0.0052723109389251665
0.026697864436384815
-0.018248324382470305
-0.03780045438163475
-0.01223266990700689
-0.03346488310165315
-0.02893058123719841
0.003372010890545217
-0.004606080653858941
0.006313720709488423
-0.025578575077028237
0.026697864436384815
-0.03432059472855666
-0.023047038254496884
-0.021194104188227845
0.0052723109389251665
-0.03780045438163475
-0.03780045438163475
-0.012076697997996665
-0.010347193003602574
-0.02148979070043052
-0.021194104188227845
-0.01080850888001801
-0.0021220544355289566
-0.055336831277172156
0.0013164728592764425
-0.025516404969458666
-0.010347193003602574
-0.013973463727668261
-0.011233231104920402
-0.011233231104920402
-0.03780045438163475
-0.01473376444507551
-0.01625024773885209
0.01621172387034205
-0.012076697997996665
-0.023800749309712117
-0.03363986696777964
-0.03363986696777964
-0.021194104188227845
0.01941793701645262
-0.012342287433223157
-0.018815685982849908
0.022947247489991343
-0.025516404969458666
-0.036093100815350214
0.026697864436384815
-0.015821272928172363
0.0052723109389251665
-0.042526706096697155
-0.0171549889428029
-0.021587941251142138
-0.036093100815350214
0.006313720709488423
-0.0171549889428029
-0.006798869450872801
0.043413199109314404
-0.011233231104920402
0.01941793701645262
-0.02148979070043052
-0.03183552065059566
0.003372010890545217
-0.026616352082149825
0.022947247489991343
0.017355299646245485
-0.01625024773885209
0.023787982884251012
-0.01473376444507551
-0.012342287433223157
-0.013331031830746399
-0.04010318969663737
-0.01223266990700689
-0.006298394954780744
0.026697864436384815
0.022947247489991343
-0.021587941251142138
0.006313720709488423
-0.03385081536487047
-0.03780045438163475
0.022947247489991343
0.003372010890545217
0.022947247489991343
0.017355299646245485
-0.006298394954780744
-0.01625024773885209
-0.025578575077028237
-0.010347193003602574
0.01621172387034205
-0.008222568921295035
-0.015821272928172363
-0.006798869450872801
-0.020457170846956554
-0.02148979070043052
-0.01223266990700689
-0.039972675445089166
-0.028372439867631705
-0.016867789378112747
-0.01625024773885209
-0.012076697997996665
-0.0171549889428029
-0.01080850888001801
-0.012446208765507071
-0.013907712125009006
-0.039972675445089166
-0.04010318969663737
-0.03346488310165315
-0.006798869450872801
-0.01473376444507551
-0.021587941251142138
-0.013766387742009487
-0.020457170846956554
-0.018815685982849908
-0.008222568921295035
-0.023047038254496884
-0.026616352082149825
-0.0021220544355289566
-0.021194104188227845
0.01621172387034205
-0.012947134863814483
-0.020457170846956554
-0.010001582155944768
-0.03183552065059566
-0.013766387742009487
-0.03363986696777964
-0.021194104188227845
-0.02913731904079294
-0.023047038254496884
-0.03183552065059566
-0.03346488310165315
-0.004606080653858941
-0.012947134863814483
-0.012947134863814483
0.023787982884251012
-0.009814232573129607
-0.036093100815350214
-0.011233231104920402
-0.010001582155944768
-0.015376699275477381
-0.01625024773885209
-0.01223266990700689
-0.013331031830746399
-0.025578575077028237
-0.01625024773885209
-0.02148979070043052
0.017355299646245485
-0.024577173398220055
-0.01223266990700689
-0.02148979070043052
-0.016867789378112747
0.006313720709488423
-0.007265155823331599
-0.042526706096697155
-0.01625024773885209
-0.01625024773885209
-0.008222568921295035
-0.01080850888001801
-0.018438367745461502
-0.012446208765507071
0.026697864436384815
-0.055336831277172156
-0.03432059472855666
-0.01613149492516507
-0.012342287433223157
-0.009814232573129607
-0.0021220544355289566
0.023787982884251012
-0.007265155823331599
-0.03363986696777964
-0.03385081536487047
-0.03346488310165315
0.026697864436384815
-0.03432059472855666
-0.012947134863814483
0.003372010890545217
-0.006798869450872801
-0.012076697997996665
-0.01080850888001801
-0.012342287433223157
-0.023800749309712117
-0.018815685982849908
-0.012947134863814483
-0.010347193003602574
-0.020088393094371743
-0.004606080653858941
-0.02913731904079294
-0.03780045438163475
0.0013164728592764425
-0.01625024773885209
-0.020088393094371743
-0.013331031830746399
0.043413199109314404
-0.01613149492516507
-0.01625024773885209
0.022947247489991343
-0.010001582155944768
-0.009814232573129607
-0.012446208765507071
-0.03700216953427958
-0.03346488310165315
-0.016867789378112747
-0.012342287433223157
-0.025516404969458666
0.017355299646245485
-0.011233231104920402
-0.036093100815350214
0.043413199109314404
-0.042526706096697155
-0.020457170846956554
-0.021587941251142138
-0.02148979070043052
0.01621172387034205
-0.01223266990700689
0.0052723109389251665
-0.020457170846956554
-0.010001582155944768
0.023787982884251012
-0.04010318969663737
-0.03780045438163475
0.003372010890545217
-0.009814232573129607
-0.016867789378112747
0.0013164728592764425
-0.010347193003602574
-0.013331031830746399
-0.018438367745461502
-0.006798869450872801
-0.007265155823331599
-0.012446208765507071
-0.02819077573250777
0.02751004722148606
-0.03700216953427958
-0.03780045438163475
-0.011233231104920402
-0.013973463727668261
-0.02148979070043052
-0.02893058123719841
-0.02148979070043052
-0.03183552065059566
0.0027782272712642345
-0.012076697997996665
-0.023800749309712117
-0.026616352082149825
-0.013907712125009006
-0.024577173398220055
-0.03183552065059566
-0.006961488723027623
-0.023800749309712117
-0.010347193003602574
-0.03432059472855666
-0.03432059472855666
-0.010347193003602574
-0.014559822473867721
-0.023047038254496884
-0.02148979070043052
0.019881057377405913
-0.009814232573129607
-0.02893058123719841
0.019881057377405913
-0.025578575077028237
-0.028372439867631705
0.02751004722148606
0.026697864436384815
-0.025516404969458666
0.0027782272712642345
-0.018438367745461502
-0.01613149492516507
-0.010347193003602574
-0.01473376444507551
-0.012076697997996665
-0.023800749309712117
-0.015376699275477381
0.006313720709488423
-0.006961488723027623
-0.024577173398220055
-0.01613149492516507
-0.02148979070043052
-0.009814232573129607
-0.03780045438163475
-0.010347193003602574
-0.01625024773885209
-0.010001582155944768
-0.03183552065059566
-0.03363986696777964
-0.016867789378112747
-0.03079656167313767
-0.01080850888001801
0.0027782272712642345
-0.01223266990700689
-0.008222568921295035
0.022947247489991343
-0.02893058123719841
-0.031207441097843684
0.0052723109389251665
-0.02913731904079294
0.0027782272712642345
-0.0021220544355289566
-0.008222568921295035
0.043413199109314404
-0.012446208765507071
-0.039972675445089166
0.022947247489991343
-0.026616352082149825
-0.013331031830746399
-0.014559822473867721
-0.015376699275477381
-0.008222568921295035
-0.020088393094371743
-0.01625024773885209
-0.004606080653858941
-0.012076697997996665
-0.042526706096697155
0.0027782272712642345
-0.013973463727668261
-0.023047038254496884
-0.020088393094371743
0.003372010890545217
0.019881057377405913
-0.039972675445089166
0.023787982884251012
-0.039972675445089166
-0.015376699275477381
-0.03183552065059566
-0.016867789378112747
-0.023800749309712117
-0.04010318969663737
-0.006961488723027623
-0.03780045438163475
-0.02819077573250777
-0.006798869450872801
-0.0171549889428029
-0.01625024773885209
-0.01223266990700689
-0.020088393094371743
0.01621172387034205
0.026697864436384815
-0.03385081536487047
0.0027782272712642345
0.022947247489991343
-0.026616352082149825
-0.016867789378112747
-0.006798869450872801
-0.013907712125009006
-0.006298394954780744
-0.018248324382470305
-0.006298394954780744
-0.03183552065059566
-0.006798869450872801
-0.015376699275477381
-0.008222568921295035
-0.006798869450872801
-0.016867789378112747
-0.012076697997996665
0.019881057377405913
-0.023047038254496884
0.02751004722148606
-0.013907712125009006
-0.020457170846956554
-0.01613149492516507
0.022947247489991343
-0.03780045438163475
-0.025578575077028237
0.0052723109389251665
-0.04010318969663737
-0.013973463727668261
-0.03363986696777964
-0.03385081536487047
0.01621172387034205
-0.03385081536487047
-0.013331031830746399
0.0013164728592764425
-0.012947134863814483
-0.025516404969458666
0.017355299646245485
0.0013164728592764425
-0.01223266990700689
-0.03363986696777964
-0.018248324382470305
0.0013164728592764425
-0.03346488310165315
-0.010347193003602574
-0.02893058123719841
-0.023800749309712117
-0.012446208765507071
-0.02893058123719841
-0.020457170846956554
-0.023047038254496884
-0.018438367745461502
-0.03183552065059566
-0.0021220544355289566
0.01621172387034205
-0.01223266990700689
0.02751004722148606
-0.021587941251142138
-0.015376699275477381
0.003372010890545217
-0.02148979070043052
-0.055336831277172156
0.01621172387034205
-0.03780045438163475
-0.01625024773885209
0.043413199109314404
-0.014559822473867721
-0.01473376444507551
0.0052723109389251665
0.019881057377405913
-0.013973463727668261
-0.01613149492516507
-0.014559822473867721
-0.013766387742009487
-0.016867789378112747
-0.004606080653858941
-0.031207441097843684
0.02751004722148606
-0.03346488310165315
-0.031207441097843684
-0.020457170846956554
-0.018248324382470305
-0.012076697997996665
-0.039972675445089166
-0.021587941251142138
-0.01625024773885209
-0.012076697997996665
-0.02819077573250777
0.043413199109314404
0.003372010890545217
0.022947247489991343
-0.013766387742009487
-0.007265155823331599
-0.036093100815350214
-0.023800749309712117
-0.03183552065059566
-0.02893058123719841
-0.03363986696777964
0.0052723109389251665
-0.023800749309712117
-0.012342287433223157
-0.006798869450872801
-0.023047038254496884
-0.004606080653858941
-0.010001582155944768
-0.03700216953427958
-0.02148979070043052
-0.03432059472855666
-0.02913731904079294
-0.02528566824237492
0.026697864436384815
-0.025578575077028237
-0.008222568921295035
0.011078605911246401
-0.012947134863814483
-0.009814232573129607
-0.006961488723027623
-0.031207441097843684
-0.026616352082149825
0.01941793701645262
-0.012446208765507071
-0.021194104188227845
0.0027782272712642345
0.0052723109389251665
0.017355299646245485
-0.028372439867631705
-0.031207441097843684
0.01941793701645262
-0.042526706096697155
-0.02528566824237492
-0.0171549889428029
-0.03363986696777964
-0.010347193003602574
-0.007265155823331599
-0.01080850888001801
0.0027782272712642345
-0.006298394954780744
-0.03346488310165315
-0.039972675445089166
-0.03780045438163475
0.01621172387034205
0.0052723109389251665
-0.02819077573250777
-0.012342287433223157
-0.010347193003602574
-0.013907712125009006
0.0027782272712642345
-0.007265155823331599
0.01941793701645262
0.0052723109389251665
-0.009814232573129607
-0.031207441097843684
-0.01625024773885209
-0.02913731904079294
-0.02528566824237492
-0.03385081536487047
-0.013907712125009006
-0.03432059472855666
0.02751004722148606
-0.013973463727668261
0.003372010890545217
-0.042526706096697155
-0.018438367745461502
0.019881057377405913
-0.055336831277172156
-0.013973463727668261
0.0027782272712642345
-0.03700216953427958
0.043413199109314404
-0.03363986696777964
-0.01473376444507551
-0.016867789378112747
0.019881057377405913
-0.018438367745461502
0.006313720709488423
0.0013164728592764425
-0.03079656167313767
-0.01625024773885209
-0.020457170846956554
-0.03363986696777964
-0.021587941251142138
-0.02528566824237492
-0.016867789378112747
-0.03079656167313767
-0.015376699275477381
-0.006798869450872801
-0.023800749309712117
-0.023800749309712117
-0.012947134863814483
-0.014559822473867721
-0.0021220544355289566
-0.013907712125009006
-0.023047038254496884
-0.03346488310165315
-0.018438367745461502
-0.009814232573129607
-0.025578575077028237
0.003372010890545217
-0.04010318969663737
-0.02819077573250777
-0.015376699275477381
-0.013907712125009006
0.02751004722148606
-0.010001582155944768
-0.03700216953427958
-0.008222568921295035
-0.020088393094371743
-0.03346488310165315
-0.02893058123719841
-0.04010318969663737
-0.018815685982849908
-0.007265155823331599
-0.009814232573129607
-0.023047038254496884
-0.023800749309712117
0.019881057377405913
-0.016867789378112747
-0.013907712125009006
-0.023047038254496884
-0.0171549889428029
-0.02528566824237492
-0.02528566824237492
-0.012947134863814483
