-0.043402858274386544
-0.05022731180667193
-0.01085002395999565
-0.21514033623929912
-0.1796939668230049
-0.0594994315980368
-0.035052679972897634
-0.38276040078107276
-0.03507767468014935
-0.09203653524579372
-0.0010663819361050883
-0.10822564637659926
-0.7374703437136167
-0.1361170256372513
-0.03565090724094543
-0.03677968685619454
-0.051970582855727275
-0.01697807728972408
-0.01929614105021346
-0.011305605970441968
-0.052715595302676804
-0.11445595746098904
-0.045966741722616646
-0.028989912331123927
-0.003624487052011139
-0.05610037248764097
-0.01929614105021346
0.017738740644670806
0.04854577210572344
-0.10973422310065124
-0.015493028328319846
-0.10375337606230807
0.017738740644670806
-0.07060800479048938
-0.02845601053819344
-0.05969653243822606
-0.06954384838569891
-0.10375337606230807
-0.0242203144569263
0.015698704342534144
-0.06092631508606897
-0.15880627971107777
-0.1898936712950935
-0.08244613870435091
-0.07138544073908833
-0.02307617378492447
-0.04963396756422841
-0.27181919519860287
-0.043402858274386544
-0.07421593359883785
-0.06092631508606897
-0.14576805275313806
-0.028989912331123927
-0.25940878952247615
-0.16281999812444634
-0.06500123789670961
-0.05467240040042221
-0.1451251539425432
-0.037265836679672586
0.015698704342534144
-0.11445595746098904
0.05982245835520314
-0.545043365600558
-0.025669124810360006
-0.10703793082891357
-0.014812024474625051
0.011558780682935544
-0.052222612511107276
0.06451710891699386
-0.039263118655185406
-0.09838945628047568
-0.004222805940998904
-0.29316703085396745
-0.1898936712950935
-0.2250020614736726
-0.009860409786886114
-0.060640130933705086
-0.014112130597220874
-0.039263118655185406
-0.004222805940998904
-0.023313954700640734
-0.06826684749334713
-0.27727245489301855
-0.11826133444729191
-0.046976262260014605
-0.07138544073908833
-0.045966741722616646
-0.1451251539425432
-0.009860409786886114
-0.055060482093110034
-0.015526782968069273
-0.11445595746098904
-0.17990911915010357
-0.027902488287749928
-0.015620136692254583
-0.015379950671556787
-0.0022774616336061148
-0.07421593359883785
-0.06912825495880047
-0.01697807728972408
-0.06729069394774186
-0.14576805275313806
-0.035052679972897634
-0.1265624875791446
-0.04111572899310467
-0.0242203144569263
-0.10973422310065124
-0.04158307774451548
-0.039263118655185406
-0.07138544073908833
-0.11309189785759231
-0.3712659820089082
-0.15766427537923747
-0.07549221377511034
-0.043402858274386544
-0.015813307743999555
0.017738740644670806
-0.20669420758708132
-0.3712659820089082
-0.030495193296921193
-0.04832722364455409
-0.039614788610727765
-0.04922049809908341
-0.05609504770082326
-0.021691915599429755
0.06451710891699386
-0.12023432087704115
-0.29316703085396745
-0.04832722364455409
-0.01929614105021346
0.004480056547662123
-0.009078112510692016
-0.030495193296921193
-0.04959140945586015
0.04854577210572344
-0.1265624875791446
-0.07413608762290205
0.037649087884102844
-0.061586917195371606
-0.08614429655736158
-0.20669420758708132
-0.04552980092834812
-0.05610037248764097
-0.016727395465864405
-0.0196837421059998
-0.03565090724094543
-0.01697807728972408
-0.05023840495515567
-0.043402858274386544
-0.016727395465864405
-0.012853203022485521
-0.014112130597220874
-0.1361170256372513
-0.011305605970441968
-0.545043365600558
-0.1361170256372513
-0.030495193296921193
-0.039614788610727765
-0.06954384838569891
-0.003700862553403974
-0.05467240040042221
-0.05610037248764097
-0.045966741722616646
-0.055060482093110034
-0.05609504770082326
-0.38193425856821
-0.04894093813928996
-0.04963396756422841
-0.021691915599429755
-0.013600299874819356
-0.32958446387996465
-0.27181919519860287
-0.05862289364023595
-0.07184679379590975
-0.039263118655185406
-0.04060551871165455
-0.11166121401001411
-0.023313954700640734
-0.05023840495515567
0.00358257101432953
-0.1796939668230049
-0.15880627971107777
-0.025669124810360006
-0.01085002395999565
-0.015379950671556787
-0.06500123789670961
-0.38193425856821
-0.04922049809908341
-0.04687013560535526
-0.015493028328319846
-0.008215835377752894
-0.05347925525956289
-0.15880627971107777
-0.06729069394774186
-0.023816333976216755
-0.34339298643265503
-0.07060800479048938
-0.1265624875791446
-0.052222612511107276
-0.16281999812444634
-0.05022731180667193
0.04854577210572344
-0.015813307743999555
-0.05610037248764097
-0.09203653524579372
-0.09838945628047568
-0.0045378209158432594
-0.05610037248764097
-0.007758826002283365
-0.10973422310065124
-0.022049719671788485
-0.05022731180667193
-0.7374703437136167
-0.051970582855727275
-0.06826684749334713
-0.21514033623929912
-0.3439086203762256
-0.015526782968069273
-0.022049719671788485
-0.01929614105021346
-0.1664894957057722
-0.10703793082891357
0.017738740644670806
-0.003624487052011139
-0.07421593359883785
0.00358257101432953
-0.01929614105021346
-0.013600299874819356
-0.42737715514209057
0.004480056547662123
-0.17990911915010357
-0.07421593359883785
-0.17990911915010357
0.05982245835520314
-0.0196837421059998
-0.545043365600558
-0.1451251539425432
-0.06418420550148851
-0.11166121401001411
-0.12023432087704115
-0.08244613870435091
-0.02901648012735034
-0.04785209791238652
-0.05241807149000722
-0.08101318656979484
-0.17990911915010357
-0.055060482093110034
-0.1664894957057722
-0.046976262260014605
-0.02307617378492447
-0.05022731180667193
-0.04103788331929646
-0.08101318656979484
-0.06790861589519087
0.012458866625814117
-0.04103788331929646
-0.045966741722616646
-0.028989912331123927
-0.22509707031041923
-0.0242203144569263
-0.015379950671556787
-0.3439086203762256
-0.04964899275831062
-0.03565090724094543
-0.06500123789670961
-0.10375337606230807
-0.20669420758708132
-0.023313954700640734
-0.05465976708058654
-0.03640517943392626
-0.011305605970441968
-0.0572895717368508
-0.1451251539425432
-0.07782468252055964
-0.04103788331929646
-0.060640130933705086
-0.06954384838569891
-0.0868211130802855
-0.05961897133261928
0.012458866625814117
-0.02845601053819344
-0.16281999812444634
-0.06418420550148851
-0.11704106492862835
-0.05609504770082326
-0.015379950671556787
-0.052715595302676804
-0.27727245489301855
-0.5513320082572852
0.004480056547662123
-0.14576805275313806
-0.05023840495515567
-0.02493873733366301
-0.12808716012862326
-0.0317968868785796
-0.0522473205377652
-0.0572895717368508
-0.10822564637659926
-0.11304621248023564
-0.016727395465864405
-0.05465976708058654
-0.023406122685400654
-0.015493028328319846
-0.05011789564569504
-0.11166121401001411
-0.022049719671788485
-0.38276040078107276
-0.05467240040042221
-0.011305605970441968
-0.022049719671788485
-0.1664894957057722
-0.07060800479048938
-0.014812024474625051
-0.05347925525956289
-0.09517980057409094
-0.06092631508606897
-0.1265624875791446
-0.07060800479048938
-0.1361170256372513
-0.10822564637659926
-0.004222805940998904
-0.025669124810360006
-0.010015924006085749
-0.07173519235140338
-0.11304621248023564
-0.06954384838569891
-0.05465976708058654
-0.043402858274386544
-0.17990911915010357
-0.035052679972897634
-0.045966741722616646
-0.27727245489301855
-0.060640130933705086
-0.01085002395999565
-0.11309189785759231
-0.17990911915010357
-0.0522473205377652
-0.02685055049597762
-0.01085002395999565
-0.15880627971107777
-0.25940878952247615
0.02690127065437221
-0.5513320082572852
-0.04158307774451548
0.04854577210572344
-0.04158307774451548
-0.06954384838569891
-0.15766427537923747
-0.0863685659807855
-0.04832722364455409
-0.3267868461691284
-0.42587553818810464
-0.04832722364455409
0.06451710891699386
-0.0022774616336061148
-0.05961897133261928
-0.08101318656979484
-0.42737715514209057
-0.0868211130802855
-0.545043365600558
-0.04959140945586015
-0.15880627971107777
0.012458866625814117
-0.003624487052011139
-0.014417671020381837
-0.22706494275301378
-0.07582853548350667
-0.04687013560535526
-0.08101318656979484
-0.06729069394774186
-0.08101318656979484
-0.04963396756422841
-0.08614429655736158
-0.05011789564569504
-0.16281999812444634
-0.012124659395411462
-0.039614788610727765
-0.27727245489301855
-0.04158307774451548
-0.05609504770082326
-0.04103788331929646
-0.039446024436756676
-0.0572895717368508
-0.07138544073908833
-0.15880627971107777
-0.571317836990787
-0.007758826002283365
-0.06790861589519087
0.011558780682935544
-0.0594994315980368
-0.0734510721852722
-0.037265836679672586
0.05982245835520314
-0.04687013560535526
-0.1265624875791446
-0.01085002395999565
-0.29316703085396745
-0.05241807149000722
-0.42737715514209057
-0.015379950671556787
-0.040265840546860825
-0.010015924006085749
-0.15880627971107777
-0.0010663819361050883
0.015698704342534144
0.00358257101432953
-0.49501776007566745
-0.039614788610727765
-0.0572895717368508
0.015698704342534144
-0.01085002395999565
0.017738740644670806
-0.07782468252055964
-0.009078112510692016
-0.42737715514209057
-0.06092631508606897
-0.06500123789670961
-0.05022731180667193
-0.06912825495880047
-0.05969653243822606
-0.04060551871165455
-0.07413608762290205
-0.10375337606230807
0.012458866625814117
-0.07572057677157712
-0.04687013560535526
-0.061586917195371606
-0.04103788331929646
-0.2250020614736726
-0.11704106492862835
-0.004222805940998904
-0.0868211130802855
-0.11826133444729191
-0.07582853548350667
-0.01929614105021346
-0.09838945628047568
-0.04060551871165455
-0.0242203144569263
-0.04687013560535526
-0.4261734686835398
-0.1898936712950935
-0.04785209791238652
-0.02307617378492447
-0.027902488287749928
-0.015620136692254583
-0.07138544073908833
-0.009078112510692016
0.037649087884102844
-0.06729069394774186
-0.04832722364455409
-0.21278096630689444
-0.04922049809908341
-0.041042799358285524
-0.015379950671556787
-0.0196837421059998
-0.09517980057409094
-0.013600299874819356
-0.009860409786886114
-0.0242203144569263
-0.045966741722616646
0.011558780682935544
-0.07413608762290205
-0.05023840495515567
-0.052715595302676804
-0.003624487052011139
-0.012124659395411462
-0.003700862553403974
-0.02722977255484416
-0.08244613870435091
-0.011626658933794514
-0.037265836679672586
-0.05610037248764097
-0.06418420550148851
-0.05609504770082326
-0.1796939668230049
-0.42737715514209057
-0.15880627971107777
-0.051970582855727275
-0.040265840546860825
-0.041042799358285524
-0.02722977255484416
-0.046976262260014605
-0.014112130597220874
-0.028178050309566084
-0.06500123789670961
-0.05467240040042221
-0.07060800479048938
-0.7309144041643827
-0.29316703085396745
-0.3712659820089082
-0.039446024436756676
-0.01697807728972408
-0.028989912331123927
-0.039446024436756676
0.011558780682935544
-0.04964899275831062
-0.10973422310065124
-0.05023840495515567
-0.42587553818810464
-0.07369519405738416
-0.10822564637659926
-0.02493873733366301
-0.42737715514209057
-0.20669420758708132
-0.4261734686835398
-0.04959140945586015
-0.035052679972897634
-0.1451251539425432
-0.06790861589519087
-0.29572398291034596
-0.007758826002283365
-0.0572895717368508
-0.16281999812444634
-0.1361170256372513
-0.003700862553403974
-0.06920763477805243
-0.2250020614736726
-0.07413608762290205
-0.22706494275301378
-0.04785209791238652
-0.05610037248764097
-0.17990911915010357
-0.010015924006085749
-0.027902488287749928
-0.045966741722616646
-0.07689611487647006
-0.21278096630689444
-0.01929614105021346
0.017738740644670806
-0.023313954700640734
-0.11445595746098904
-0.04103788331929646
-0.008215835377752894
-0.38193425856821
-0.037265836679672586
-0.05609504770082326
-0.015813307743999555
-0.1451251539425432
-0.04963396756422841
-0.05961897133261928
-0.011626658933794514
-0.5513320082572852
-0.49501776007566745
-0.25940878952247615
-0.15766427537923747
-0.05609504770082326
-0.014417671020381837
-0.11704106492862835
0.011558780682935544
-0.06826684749334713
-0.15880627971107777
-0.49501776007566745
-0.25940878952247615
-0.009860409786886114
-0.016727395465864405
-0.3439086203762256
-0.10375337606230807
-0.04832722364455409
-0.0868211130802855
-0.09838945628047568
-0.3439086203762256
-0.03507767468014935
-0.10973422310065124
-0.37459379165647866
0.015698704342534144
-0.05022731180667193
-0.04894093813928996
-0.21278096630689444
-0.04111572899310467
-0.013600299874819356
-0.0572895717368508
-0.025669124810360006
-0.01962813342314969
-0.015620136692254583
-0.07184679379590975
-0.014112130597220874
-0.34339298643265503
-0.0317968868785796
-0.004222805940998904
-0.2250020614736726
-0.003700862553403974
-0.015526782968069273
-0.05609504770082326
-0.070192174134105
-0.29572398291034596
-0.21278096630689444
-0.10703793082891357
-0.010015924006085749
-0.07413608762290205
-0.21278096630689444
-0.05862289364023595
-0.10703793082891357
-0.0734510721852722
-0.05347925525956289
-0.04158307774451548
-0.16281999812444634
-0.016727395465864405
-0.25940878952247615
-0.0022774616336061148
-0.07369519405738416
-0.02685055049597762
-0.03565090724094543
-0.015379950671556787
-0.12023432087704115
-0.0317968868785796
-0.42737715514209057
-0.05961897133261928
-0.15880627971107777
-0.03677968685619454
-0.008215835377752894
-0.11309189785759231
-0.04922049809908341
-0.009860409786886114
-0.07782468252055964
-0.017074594927613842
-0.17990911915010357
-0.02307617378492447
-0.028989912331123927
-0.06954384838569891
-0.028989912331123927
-0.42737715514209057
-0.015526782968069273
-0.0594994315980368
-0.07689611487647006
-0.07060800479048938
-0.0317968868785796
-0.02077994934313814
-0.016727395465864405
-0.052715595302676804
-0.11704106492862835
-0.545043365600558
-0.004222805940998904
-0.29316703085396745
-0.06954384838569891
-0.07689611487647006
-0.015813307743999555
-0.03565090724094543
-0.05023840495515567
0.017738740644670806
-0.04964899275831062
-0.04922049809908341
-0.21278096630689444
-0.21278096630689444
-0.07369519405738416
-0.7309144041643827
-0.05467240040042221
-0.017074594927613842
-0.007758826002283365
-0.023816333976216755
-0.1796939668230049
-0.1664894957057722
-0.003624487052011139
-0.011305605970441968
-0.04552980092834812
-0.3267868461691284
-0.055060482093110034
-0.27181919519860287
-0.07689611487647006
-0.11704106492862835
-0.028989912331123927
-0.013600299874819356
-0.015526782968069273
-0.11309189785759231
-0.05022731180667193
-0.028178050309566084
-0.011305605970441968
-0.21514033623929912
-0.04922049809908341
-0.29572398291034596
-0.20669420758708132
-0.08101318656979484
-0.21278096630689444
-0.05862289364023595
-0.017074594927613842
-0.21278096630689444
-0.015379950671556787
-0.07173519235140338
-0.1796939668230049
-0.04060551871165455
0.02690127065437221
-0.07369519405738416
-0.0522473205377652
-0.0522473205377652
-0.014812024474625051
-0.039446024436756676
-0.015493028328319846
-0.028178050309566084
0.015698704342534144
-0.12808716012862326
-0.02685055049597762
-0.052715595302676804
-0.021691915599429755
-0.040265840546860825
-0.05241807149000722
-0.03602031678159274
-0.07582853548350667
0.015698704342534144
-0.11309189785759231
-0.0022774616336061148
-0.01085002395999565
-0.039263118655185406
-0.5513320082572852
-0.27727245489301855
-0.009078112510692016
-0.012853203022485521
-0.07184679379590975
-0.07060800479048938
-0.009078112510692016
-0.05241807149000722
-0.1796939668230049
-0.11304621248023564
-0.037265836679672586
-0.08244613870435091
-0.015813307743999555
-0.004222805940998904
-0.040265840546860825
-0.11309189785759231
-0.571317836990787
-0.011305605970441968
-0.0242203144569263
-0.03063858728016658
-0.052222612511107276
-0.21514033623929912
-0.012124659395411462
-0.1664894957057722
-0.04922049809908341
-0.05465976708058654
-0.0242203144569263
-0.015526782968069273
-0.02128910137263514
-0.1898936712950935
-0.02128910137263514
-0.11309189785759231
-0.1451251539425432
-0.04894093813928996
-0.42737715514209057
-0.0734510721852722
-0.04785209791238652
-0.09838945628047568
-0.011305605970441968
-0.014417671020381837
-0.22509707031041923
-0.3439086203762256
-0.1451251539425432
-0.052222612511107276
-0.06920763477805243
-0.060640130933705086
-0.01962813342314969
-0.0045378209158432594
-0.05465976708058654
-0.15766427537923747
-0.05241807149000722
-0.1361170256372513
-0.040265840546860825
-0.07582853548350667
-0.06500123789670961
-0.07173519235140338
-0.051970582855727275
-0.15766427537923747
-0.04963396756422841
-0.0196837421059998
-0.11704106492862835
-0.12808716012862326
-0.34339298643265503
0.00358257101432953
-0.02128910137263514
-0.10822564637659926
-0.06920763477805243
-0.017074594927613842
0.037649087884102844
-0.04103788331929646
0.00358257101432953
-0.1265624875791446
-0.052715595302676804
-0.0045378209158432594
-0.03565090724094543
-0.003700862553403974
-0.10973422310065124
-0.04964899275831062
-0.06954384838569891
-0.05467240040042221
-0.07138544073908833
-0.060640130933705086
-0.7309144041643827
0.017738740644670806
-0.028989912331123927
-0.055060482093110034
-0.04552980092834812
-0.2250020614736726
-0.051970582855727275
-0.07184679379590975
-0.10973422310065124
-0.0572895717368508
-0.571317836990787
-0.0045378209158432594
-0.5513320082572852
-0.2250020614736726
-0.05022731180667193
-0.055060482093110034
-0.04964899275831062
-0.07060800479048938
-0.008215835377752894
-0.09838945628047568
-0.25083846910364266
-0.015379950671556787
-0.05609504770082326
-0.1361170256372513
0.05982245835520314
-0.013600299874819356
-0.023313954700640734
-0.17990911915010357
-0.06790861589519087
-0.023313954700640734
-0.03063858728016658
-0.0022774616336061148
-0.04922049809908341
-0.023816333976216755
-1.0682470474340842
-0.0734510721852722
-0.011626658933794514
-0.07572057677157712
-0.04964899275831062
-0.023406122685400654
-0.07173519235140338
-0.09203653524579372
0.00358257101432953
-0.42587553818810464
-0.29572398291034596
-0.04060551871165455
-0.04959140945586015
0.011558780682935544
-0.02307617378492447
-0.01085002395999565
0.05982245835520314
-0.0863685659807855
-0.039446024436756676
-0.06092631508606897
-0.045966741722616646
-0.039614788610727765
-0.05023840495515567
-0.01962813342314969
-0.06912825495880047
-0.017074594927613842
0.06451710891699386
-0.052715595302676804
-0.004222805940998904
-0.023313954700640734
-0.09838945628047568
-0.27727245489301855
-0.0010663819361050883
-0.009078112510692016
-0.05023840495515567
-0.11704106492862835
-0.32958446387996465
-0.17774039342289538
-0.035052679972897634
-0.22509707031041923
-0.004222805940998904
-0.0868211130802855
-0.11304621248023564
-0.17774039342289538
0.004480056547662123
-0.025669124810360006
-0.06418420550148851
-0.06826684749334713
-0.10822564637659926
-0.06954384838569891
-0.0010663819361050883
-0.041042799358285524
-0.04832722364455409
-0.010015924006085749
-0.15766427537923747
-0.014812024474625051
-0.32958446387996465
0.006629693233506235
-0.04964899275831062
-0.028989912331123927
-0.7309144041643827
-0.013600299874819356
-0.05969653243822606
-0.04964899275831062
0.037649087884102844
-0.05022731180667193
-0.0522473205377652
-0.028989912331123927
-0.17990911915010357
0.037649087884102844
-0.07572057677157712
-0.07184679379590975
-0.02493873733366301
-0.06500123789670961
-0.04964899275831062
-0.42737715514209057
-0.25083846910364266
-0.21514033623929912
-0.03507767468014935
-0.04832722364455409
-0.07369519405738416
-0.04552980092834812
-0.05609504770082326
-0.05467240040042221
-0.012124659395411462
0.02690127065437221
-0.05961897133261928
-0.030495193296921193
-0.010015924006085749
-0.07138544073908833
-0.38276040078107276
-0.04894093813928996
-0.3439086203762256
-0.11445595746098904
-0.545043365600558
-0.01085002395999565
-0.04552980092834812
0.02690127065437221
-0.06826684749334713
-0.5513320082572852
-0.028178050309566084
0.05982245835520314
-0.011305605970441968
-0.09203653524579372
-0.060640130933705086
-0.20669420758708132
0.015698704342534144
-0.06729069394774186
-0.013600299874819356
-0.06826684749334713
-0.008215835377752894
-0.07549221377511034
-0.025669124810360006
-0.10084199836170418
-0.11309189785759231
-0.05011789564569504
-0.42737715514209057
-0.003624487052011139
-0.01697807728972408
-0.03640517943392626
-0.37459379165647866
-0.04964899275831062
-0.2250020614736726
-0.32958446387996465
-0.08614429655736158
-0.02722977255484416
-0.04060551871165455
-0.4261734686835398
-0.01085002395999565
-0.10822564637659926
-0.045966741722616646
-0.061586917195371606
-0.060640130933705086
-0.05465976708058654
-0.05022731180667193
-0.013600299874819356
-0.014812024474625051
-0.25940878952247615
-0.03640517943392626
-0.06790861589519087
-0.028178050309566084
-0.039446024436756676
-0.29572398291034596
-0.03063858728016658
-0.09838945628047568
-0.028989912331123927
-0.040265840546860825
-0.05023840495515567
-0.32958446387996465
-0.041042799358285524
-0.02307617378492447
-0.016727395465864405
-0.571317836990787
-0.1265624875791446
-0.010015924006085749
-0.04894093813928996
-0.07572057677157712
-0.1664894957057722
-0.008215835377752894
-0.7309144041643827
-0.03507767468014935
-0.12808716012862326
-0.02845601053819344
-0.38276040078107276
0.012458866625814117
-0.14576805275313806
-0.42587553818810464
-0.29572398291034596
0.012458866625814117
-0.07369519405738416
-0.07782468252055964
-0.07421593359883785
-0.10973422310065124
-0.10375337606230807
-0.4261734686835398
-0.571317836990787
-0.014812024474625051
0.015698704342534144
-0.023313954700640734
-0.02077994934313814
-0.015620136692254583
0.037649087884102844
-0.05347925525956289
