0.011514299085210575
-0.02091076345636876
-0.02091076345636876
-0.024405449224027848
-0.006535422288870393
-0.00970923069698725
-0.006535422288870393
-0.02091076345636876
-0.01193275469793504
0.011514299085210575
0.007958086094226522
-0.00970923069698725
-0.028334864832954765
0.0029982815070946885
-0.019029459287475008
-0.009049657054339704
-0.010256685033019977
-0.00816084835307485
-0.028334864832954765
0.007958086094226522
0.007958086094226522
-0.019029459287475008
-0.019029459287475008
-0.01810969718462696
-0.010256685033019977
-0.0031012805969764393
0.003370075157197301
-0.021883370477831416
-0.028334864832954765
-0.008379203193944813
-0.006535422288870393
-0.01810969718462696
-0.009049657054339704
0.011514299085210575
-0.04027740632703908
0.008495731426709617
-0.00970923069698725
-0.010256685033019977
-0.03117972768164983
-0.00816084835307485
-0.021883370477831416
-0.009049657054339704
-0.04027740632703908
0.007958086094226522
-0.00816084835307485
-0.00970923069698725
-0.01193275469793504
-0.024405449224027848
0.007958086094226522
-0.009049657054339704
-0.016266137736485803
-0.008379203193944813
-0.009049657054339704
-0.03117972768164983
0.003370075157197301
-0.00816084835307485
0.007958086094226522
-0.01193275469793504
-0.0031012805969764393
0.011514299085210575
-0.006535422288870393
0.0029982815070946885
-0.016266137736485803
-0.00816084835307485
-0.024405449224027848
0.003370075157197301
-0.02091076345636876
-0.028334864832954765
-0.024405449224027848
-0.009049657054339704
0.0029982815070946885
-0.04027740632703908
-0.009049657054339704
-0.008379203193944813
-0.028334864832954765
-0.024405449224027848
0.011514299085210575
-0.01193275469793504
-0.016266137736485803
-0.021883370477831416
-0.006535422288870393
0.011514299085210575
-0.024405449224027848
0.0029982815070946885
-0.016266137736485803
0.003370075157197301
-0.021883370477831416
0.0040817689649941475
-0.01193275469793504
0.003370075157197301
0.011514299085210575
-0.008379203193944813
-0.010256685033019977
0.011514299085210575
-0.03117972768164983
-0.006866126193349162
-0.01193275469793504
0.011514299085210575
0.0040817689649941475
-0.01193275469793504
0.011514299085210575
-0.008379203193944813
-0.00816084835307485
-0.04027740632703908
0.008495731426709617
-0.0031012805969764393
-0.006535422288870393
0.007958086094226522
-0.00970923069698725
-0.009049657054339704
-0.03117972768164983
-0.028334864832954765
-0.0031012805969764393
-0.01810969718462696
-0.006866126193349162
0.007958086094226522
-0.006535422288870393
0.007958086094226522
-0.00970923069698725
0.008495731426709617
-0.0031012805969764393
-0.0031012805969764393
-0.006866126193349162
-0.03117972768164983
-0.009049657054339704
-0.006535422288870393
-0.006866126193349162
-0.02091076345636876
-0.02091076345636876
-0.04027740632703908
-0.01810969718462696
-0.03117972768164983
0.011514299085210575
-0.008379203193944813
0.0040817689649941475
-0.019029459287475008
-0.01810969718462696
0.003370075157197301
-0.01193275469793504
-0.010256685033019977
-0.021883370477831416
-0.0031012805969764393
-0.024405449224027848
-0.008379203193944813
-0.0031012805969764393
0.0029982815070946885
-0.01810969718462696
-0.006535422288870393
-0.008379203193944813
0.0029982815070946885
-0.021883370477831416
0.008495731426709617
-0.024405449224027848
-0.00816084835307485
-0.006535422288870393
-0.03117972768164983
0.008495731426709617
0.0040817689649941475
-0.016266137736485803
-0.02091076345636876
0.007958086094226522
0.008495731426709617
0.0040817689649941475
0.008495731426709617
-0.00816084835307485
-0.04027740632703908
-0.01193275469793504
-0.006535422288870393
-0.019029459287475008
-0.03117972768164983
0.003370075157197301
0.011514299085210575
-0.010256685033019977
-0.019029459287475008
-0.00816084835307485
-0.01193275469793504
-0.016266137736485803
-0.03117972768164983
-0.01810969718462696
-0.009049657054339704
0.0040817689649941475
-0.016266137736485803
-0.021883370477831416
0.011514299085210575
-0.008379203193944813
-0.028334864832954765
-0.008379203193944813
0.011514299085210575
-0.008379203193944813
-0.03117972768164983
-0.008379203193944813
-0.016266137736485803
-0.016266137736485803
-0.0031012805969764393
-0.006535422288870393
0.007958086094226522
-0.02091076345636876
-0.0031012805969764393
0.0029982815070946885
-0.00970923069698725
-0.009049657054339704
-0.0031012805969764393
0.011514299085210575
0.003370075157197301
0.0029982815070946885
-0.0031012805969764393
-0.016266137736485803
-0.02091076345636876
-0.019029459287475008
0.0040817689649941475
-0.006866126193349162
-0.016266137736485803
-0.00816084835307485
-0.016266137736485803
-0.008379203193944813
-0.04027740632703908
-0.010256685033019977
-0.02091076345636876
0.0040817689649941475
0.003370075157197301
-0.024405449224027848
-0.0031012805969764393
-0.016266137736485803
-0.01810969718462696
-0.010256685033019977
-0.009049657054339704
-0.010256685033019977
0.008495731426709617
-0.009049657054339704
0.0040817689649941475
0.008495731426709617
-0.016266137736485803
0.007958086094226522
-0.00970923069698725
-0.016266137736485803
-0.009049657054339704
-0.016266137736485803
0.003370075157197301
0.007958086094226522
-0.00970923069698725
-0.006866126193349162
-0.00816084835307485
0.008495731426709617
-0.00816084835307485
0.0040817689649941475
-0.00970923069698725
-0.024405449224027848
0.0029982815070946885
-0.021883370477831416
0.0040817689649941475
-0.019029459287475008
-0.028334864832954765
-0.00816084835307485
-0.00970923069698725
-0.04027740632703908
-0.02091076345636876
0.0040817689649941475
-0.02091076345636876
-0.01193275469793504
-0.03117972768164983
0.011514299085210575
-0.006866126193349162
0.0040817689649941475
0.008495731426709617
-0.021883370477831416
-0.028334864832954765
-0.006535422288870393
0.0040817689649941475
-0.01193275469793504
-0.04027740632703908
-0.02091076345636876
-0.006535422288870393
0.008495731426709617
0.007958086094226522
-0.024405449224027848
-0.009049657054339704
-0.019029459287475008
-0.04027740632703908
-0.016266137736485803
-0.028334864832954765
-0.0031012805969764393
-0.019029459287475008
-0.0031012805969764393
0.008495731426709617
0.011514299085210575
-0.00970923069698725
-0.024405449224027848
-0.00970923069698725
0.0040817689649941475
-0.009049657054339704
-0.010256685033019977
-0.028334864832954765
-0.010256685033019977
-0.00816084835307485
-0.006866126193349162
-0.028334864832954765
-0.019029459287475008
-0.010256685033019977
0.008495731426709617
-0.006866126193349162
-0.028334864832954765
-0.019029459287475008
-0.03117972768164983
-0.008379203193944813
-0.006535422288870393
-0.03117972768164983
-0.028334864832954765
-0.04027740632703908
-0.006535422288870393
0.0029982815070946885
0.007958086094226522
0.007958086094226522
-0.006535422288870393
-0.010256685033019977
-0.04027740632703908
0.003370075157197301
-0.00816084835307485
-0.016266137736485803
-0.024405449224027848
-0.01193275469793504
-0.00816084835307485
-0.009049657054339704
0.008495731426709617
0.008495731426709617
-0.028334864832954765
0.003370075157197301
0.008495731426709617
-0.024405449224027848
-0.010256685033019977
0.008495731426709617
-0.009049657054339704
-0.04027740632703908
0.011514299085210575
-0.0031012805969764393
-0.02091076345636876
-0.01193275469793504
-0.010256685033019977
-0.009049657054339704
-0.008379203193944813
-0.009049657054339704
-0.008379203193944813
0.011514299085210575
-0.03117972768164983
0.008495731426709617
0.008495731426709617
-0.008379203193944813
-0.028334864832954765
-0.021883370477831416
-0.02091076345636876
-0.01193275469793504
0.007958086094226522
-0.0031012805969764393
-0.006535422288870393
-0.03117972768164983
-0.00816084835307485
-0.04027740632703908
-0.01810969718462696
-0.02091076345636876
-0.00816084835307485
-0.006866126193349162
-0.04027740632703908
-0.016266137736485803
-0.008379203193944813
-0.00816084835307485
-0.010256685033019977
-0.008379203193944813
-0.008379203193944813
-0.008379203193944813
-0.008379203193944813
-0.021883370477831416
0.008495731426709617
0.0029982815070946885
0.008495731426709617
0.008495731426709617
0.011514299085210575
-0.03117972768164983
-0.04027740632703908
-0.006535422288870393
0.011514299085210575
0.003370075157197301
-0.016266137736485803
-0.028334864832954765
0.0029982815070946885
-0.021883370477831416
-0.00816084835307485
-0.021883370477831416
-0.01810969718462696
-0.04027740632703908
-0.01810969718462696
-0.04027740632703908
0.0029982815070946885
0.008495731426709617
-0.0031012805969764393
-0.04027740632703908
-0.006535422288870393
0.0029982815070946885
-0.008379203193944813
0.007958086094226522
-0.019029459287475008
0.003370075157197301
-0.016266137736485803
-0.01810969718462696
-0.016266137736485803
-0.016266137736485803
-0.00970923069698725
-0.01193275469793504
-0.019029459287475008
-0.019029459287475008
-0.01193275469793504
-0.010256685033019977
-0.04027740632703908
-0.01193275469793504
-0.024405449224027848
-0.02091076345636876
0.011514299085210575
-0.016266137736485803
0.007958086094226522
0.011514299085210575
0.007958086094226522
-0.016266137736485803
-0.04027740632703908
-0.00970923069698725
0.011514299085210575
-0.04027740632703908
-0.008379203193944813
-0.024405449224027848
-0.028334864832954765
-0.019029459287475008
-0.01193275469793504
-0.006866126193349162
-0.01810969718462696
-0.010256685033019977
-0.009049657054339704
-0.009049657054339704
-0.019029459287475008
-0.019029459287475008
-0.006535422288870393
-0.028334864832954765
-0.028334864832954765
-0.016266137736485803
-0.019029459287475008
-0.00970923069698725
0.0029982815070946885
-0.006535422288870393
-0.04027740632703908
-0.01810969718462696
-0.008379203193944813
0.0040817689649941475
-0.00816084835307485
0.007958086094226522
-0.019029459287475008
0.007958086094226522
-0.024405449224027848
-0.006866126193349162
0.0040817689649941475
-0.024405449224027848
-0.02091076345636876
-0.03117972768164983
-0.02091076345636876
-0.019029459287475008
-0.01810969718462696
-0.01810969718462696
0.008495731426709617
-0.021883370477831416
-0.006866126193349162
0.0040817689649941475
-0.024405449224027848
-0.03117972768164983
-0.02091076345636876
-0.00970923069698725
-0.009049657054339704
-0.024405449224027848
-0.0031012805969764393
-0.019029459287475008
-0.016266137736485803
0.007958086094226522
0.0029982815070946885
-0.0031012805969764393
-0.016266137736485803
0.011514299085210575
-0.021883370477831416
0.003370075157197301
-0.01193275469793504
-0.00970923069698725
-0.016266137736485803
0.007958086094226522
-0.00816084835307485
-0.016266137736485803
-0.019029459287475008
-0.008379203193944813
0.003370075157197301
-0.02091076345636876
0.011514299085210575
0.007958086094226522
-0.028334864832954765
-0.010256685033019977
-0.010256685033019977
-0.009049657054339704
-0.02091076345636876
-0.016266137736485803
-0.006535422288870393
0.003370075157197301
-0.00970923069698725
0.011514299085210575
0.003370075157197301
-0.010256685033019977
-0.00816084835307485
0.0040817689649941475
-0.016266137736485803
-0.019029459287475008
-0.009049657054339704
-0.024405449224027848
-0.00816084835307485
-0.006866126193349162
0.003370075157197301
-0.01193275469793504
-0.006866126193349162
-0.016266137736485803
-0.01810969718462696
-0.008379203193944813
-0.006866126193349162
-0.01810969718462696
-0.016266137736485803
-0.006535422288870393
-0.00970923069698725
-0.019029459287475008
-0.019029459287475008
-0.021883370477831416
0.0040817689649941475
-0.016266137736485803
-0.02091076345636876
0.011514299085210575
-0.01810969718462696
-0.02091076345636876
-0.0031012805969764393
-0.021883370477831416
-0.021883370477831416
-0.00816084835307485
-0.024405449224027848
-0.006866126193349162
-0.019029459287475008
-0.024405449224027848
-0.01810969718462696
-0.02091076345636876
-0.01193275469793504
0.007958086094226522
0.008495731426709617
-0.006866126193349162
0.0029982815070946885
-0.03117972768164983
0.003370075157197301
-0.010256685033019977
-0.016266137736485803
-0.008379203193944813
-0.008379203193944813
0.007958086094226522
-0.00816084835307485
0.0029982815070946885
0.007958086094226522
-0.016266137736485803
-0.016266137736485803
-0.008379203193944813
-0.009049657054339704
-0.00970923069698725
-0.01810969718462696
-0.028334864832954765
0.008495731426709617
-0.006535422288870393
-0.006866126193349162
0.007958086094226522
-0.00970923069698725
-0.03117972768164983
0.011514299085210575
-0.009049657054339704
-0.0031012805969764393
-0.021883370477831416
-0.0031012805969764393
0.007958086094226522
-0.00970923069698725
-0.008379203193944813
-0.01810969718462696
-0.03117972768164983
0.0029982815070946885
-0.028334864832954765
-0.010256685033019977
-0.00970923069698725
-0.016266137736485803
-0.028334864832954765
0.0029982815070946885
-0.006866126193349162
0.007958086094226522
0.007958086094226522
-0.01810969718462696
-0.03117972768164983
-0.021883370477831416
-0.03117972768164983
-0.00816084835307485
0.0040817689649941475
0.011514299085210575
-0.019029459287475008
-0.021883370477831416
-0.00816084835307485
-0.00816084835307485
-0.0031012805969764393
-0.008379203193944813
-0.0031012805969764393
-0.008379203193944813
0.011514299085210575
-0.019029459287475008
-0.006866126193349162
-0.009049657054339704
0.0040817689649941475
-0.03117972768164983
-0.016266137736485803
-0.024405449224027848
-0.01810969718462696
0.0040817689649941475
-0.009049657054339704
-0.028334864832954765
-0.024405449224027848
-0.02091076345636876
-0.024405449224027848
0.011514299085210575
-0.008379203193944813
0.011514299085210575
-0.006866126193349162
-0.00970923069698725
-0.021883370477831416
-0.009049657054339704
-0.0031012805969764393
-0.006866126193349162
0.007958086094226522
0.0029982815070946885
0.011514299085210575
-0.02091076345636876
-0.008379203193944813
-0.021883370477831416
0.0040817689649941475
0.008495731426709617
-0.04027740632703908
-0.009049657054339704
-0.016266137736485803
-0.024405449224027848
0.0040817689649941475
-0.021883370477831416
-0.006535422288870393
-0.021883370477831416
-0.019029459287475008
-0.024405449224027848
-0.00816084835307485
0.008495731426709617
0.0029982815070946885
-0.01193275469793504
0.0029982815070946885
-0.006535422288870393
0.003370075157197301
0.008495731426709617
-0.021883370477831416
0.0029982815070946885
0.011514299085210575
-0.00970923069698725
-0.006866126193349162
-0.01810969718462696
-0.009049657054339704
-0.010256685033019977
0.0029982815070946885
0.0029982815070946885
0.0040817689649941475
-0.01810969718462696
-0.00816084835307485
-0.04027740632703908
-0.021883370477831416
-0.024405449224027848
-0.021883370477831416
-0.0031012805969764393
-0.03117972768164983
-0.00816084835307485
-0.019029459287475008
-0.00816084835307485
-0.019029459287475008
-0.00816084835307485
-0.00816084835307485
-0.04027740632703908
-0.008379203193944813
0.003370075157197301
0.003370075157197301
-0.0031012805969764393
-0.010256685033019977
0.011514299085210575
0.008495731426709617
-0.01193275469793504
-0.006866126193349162
0.007958086094226522
-0.02091076345636876
-0.01193275469793504
-0.016266137736485803
-0.01810969718462696
0.011514299085210575
-0.01810969718462696
0.011514299085210575
-0.04027740632703908
-0.0031012805969764393
-0.010256685033019977
-0.028334864832954765
-0.006535422288870393
-0.019029459287475008
-0.008379203193944813
0.0029982815070946885
-0.009049657054339704
-0.019029459287475008
-0.01193275469793504
-0.00816084835307485
0.008495731426709617
-0.01193275469793504
-0.021883370477831416
0.008495731426709617
0.008495731426709617
-0.02091076345636876
-0.01810969718462696
-0.01810969718462696
-0.024405449224027848
-0.04027740632703908
-0.0031012805969764393
0.008495731426709617
0.0040817689649941475
0.0040817689649941475
-0.028334864832954765
-0.024405449224027848
-0.006866126193349162
-0.04027740632703908
-0.021883370477831416
0.0029982815070946885
-0.04027740632703908
-0.01810969718462696
-0.006866126193349162
-0.021883370477831416
-0.0031012805969764393
0.0040817689649941475
0.008495731426709617
0.007958086094226522
-0.00816084835307485
-0.00970923069698725
-0.00970923069698725
-0.006866126193349162
-0.019029459287475008
-0.006535422288870393
-0.019029459287475008
-0.03117972768164983
-0.01810969718462696
-0.00970923069698725
-0.028334864832954765
-0.008379203193944813
-0.01193275469793504
-0.008379203193944813
-0.04027740632703908
-0.02091076345636876
-0.01810969718462696
-0.010256685033019977
-0.03117972768164983
0.003370075157197301
-0.008379203193944813
-0.02091076345636876
0.0029982815070946885
-0.03117972768164983
0.0029982815070946885
-0.01193275469793504
-0.010256685033019977
-0.04027740632703908
-0.009049657054339704
-0.006535422288870393
-0.024405449224027848
-0.019029459287475008
-0.010256685033019977
0.007958086094226522
-0.00970923069698725
-0.009049657054339704
-0.016266137736485803
-0.006866126193349162
-0.008379203193944813
-0.021883370477831416
-0.03117972768164983
-0.024405449224027848
0.011514299085210575
-0.028334864832954765
-0.006535422288870393
-0.006866126193349162
-0.01193275469793504
-0.019029459287475008
-0.00970923069698725
0.003370075157197301
0.011514299085210575
0.0029982815070946885
-0.01810969718462696
-0.019029459287475008
-0.00970923069698725
-0.010256685033019977
-0.00970923069698725
-0.009049657054339704
-0.024405449224027848
-0.006535422288870393
-0.009049657054339704
-0.024405449224027848
-0.019029459287475008
-0.03117972768164983
0.007958086094226522
0.007958086094226522
-0.008379203193944813
-0.01193275469793504
-0.00970923069698725
-0.006866126193349162
-0.02091076345636876
0.0029982815070946885
-0.016266137736485803
-0.006866126193349162
0.011514299085210575
0.0040817689649941475
-0.02091076345636876
0.003370075157197301
-0.03117972768164983
-0.00970923069698725
-0.01810969718462696
-0.019029459287475008
0.003370075157197301
-0.006866126193349162
-0.04027740632703908
-0.024405449224027848
-0.04027740632703908
-0.01193275469793504
-0.028334864832954765
-0.021883370477831416
-0.021883370477831416
0.003370075157197301
-0.01193275469793504
-0.028334864832954765
-0.0031012805969764393
-0.0031012805969764393
-0.016266137736485803
-0.01810969718462696
-0.024405449224027848
0.008495731426709617
0.007958086094226522
0.0040817689649941475
-0.04027740632703908
-0.006866126193349162
-0.016266137736485803
-0.019029459287475008
0.007958086094226522
-0.006535422288870393
0.007958086094226522
-0.019029459287475008
0.008495731426709617
-0.016266137736485803
0.0029982815070946885
0.0040817689649941475
-0.009049657054339704
-0.019029459287475008
-0.01193275469793504
-0.00970923069698725
-0.006535422288870393
0.008495731426709617
-0.00816084835307485
-0.019029459287475008
-0.00970923069698725
-0.04027740632703908
-0.008379203193944813
0.011514299085210575
0.007958086094226522
-0.009049657054339704
-0.008379203193944813
0.007958086094226522
0.008495731426709617
0.011514299085210575
-0.008379203193944813
-0.04027740632703908
-0.009049657054339704
0.0040817689649941475
0.011514299085210575
-0.00970923069698725
-0.009049657054339704
-0.009049657054339704
-0.00816084835307485
0.0029982815070946885
0.011514299085210575
-0.02091076345636876
0.007958086094226522
0.0029982815070946885
-0.024405449224027848
-0.010256685033019977
-0.010256685033019977
-0.00970923069698725
0.008495731426709617
-0.019029459287475008
-0.01193275469793504
0.007958086094226522
-0.03117972768164983
-0.0031012805969764393
-0.00816084835307485
-0.03117972768164983
-0.03117972768164983
0.011514299085210575
-0.028334864832954765
-0.04027740632703908
-0.024405449224027848
0.0029982815070946885
-0.0031012805969764393
-0.00970923069698725
0.011514299085210575
-0.04027740632703908
-0.00970923069698725
-0.01193275469793504
-0.00816084835307485
0.007958086094226522
-0.010256685033019977
-0.010256685033019977
-0.01193275469793504
-0.03117972768164983
-0.00816084835307485
-0.0031012805969764393
0.011514299085210575
-0.01810969718462696
-0.00970923069698725
0.007958086094226522
-0.024405449224027848
0.0029982815070946885
-0.008379203193944813
-0.006535422288870393
-0.01810969718462696
0.008495731426709617
0.0029982815070946885
-0.010256685033019977
0.008495731426709617
-0.03117972768164983
-0.00970923069698725
-0.009049657054339704
0.011514299085210575
-0.019029459287475008
-0.006866126193349162
-0.04027740632703908
-0.009049657054339704
-0.0031012805969764393
-0.03117972768164983
-0.028334864832954765
-0.009049657054339704
-0.00970923069698725
-0.04027740632703908
-0.008379203193944813
-0.010256685033019977
-0.010256685033019977
-0.016266137736485803
-0.010256685033019977
0.003370075157197301
-0.01810969718462696
0.007958086094226522
0.011514299085210575
-0.02091076345636876
-0.016266137736485803
-0.009049657054339704
-0.024405449224027848
-0.01810969718462696
-0.01810969718462696
-0.010256685033019977
0.011514299085210575
-0.0031012805969764393
-0.024405449224027848
-0.016266137736485803
-0.024405449224027848
0.008495731426709617
-0.024405449224027848
-0.01193275469793504
-0.04027740632703908
-0.024405449224027848
-0.028334864832954765
0.003370075157197301
-0.01810969718462696
-0.028334864832954765
0.007958086094226522
-0.010256685033019977
-0.019029459287475008
-0.028334864832954765
0.003370075157197301
-0.019029459287475008
0.0040817689649941475
-0.01193275469793504
-0.028334864832954765
-0.006866126193349162
-0.01810969718462696
-0.04027740632703908
0.011514299085210575
-0.006866126193349162
-0.006866126193349162
-0.03117972768164983
-0.0031012805969764393
-0.03117972768164983
-0.00970923069698725
-0.006866126193349162
-0.0031012805969764393
-0.019029459287475008
-0.006866126193349162
-0.016266137736485803
-0.024405449224027848
