-0.15420950277241177
-0.15420950277241177
0.0347672645810484
-0.021151845815745224
-0.10871616764633223
0.03387113785475578
-0.07363898539333359
0.016278698484898532
-0.09401919369348037
0.06144754981589592
0.0241982316567578
0.12394649619646031
0.0006997740435790355
-0.0768841644468536
-0.038527914182708865
-0.054520496537988246
-0.018697191378183414
0.08766786319878205
-0.039866519523816556
0.1071510887316037
0.018467797452182372
-0.07961482446785527
-0.07532660000742772
-0.01649150544093005
0.0014123706507977645
0.02731366442661227
0.07329392425500082
-0.07175382065022413
-0.023850152709669652
-0.04031649873806569
-0.0338052973005877
-0.024001728911565864
-0.036577585666594865
0.011091860092355495
0.012063239928644491
-0.019132533213426967
0.06339776805698903
-0.0423328164268922
0.02544071188455903
0.017240319425972157
0.007240124801311361
0.010879496713591454
0.01923511497481889
-0.018954801199525383
0.006600272124235904
0.1109042242711185
-0.012035734120593182
-0.016482155890085542
-0.027743185688459293
-0.04236016978093453
-0.06698971646008775
-0.016482155890085542
0.0406507261530195
-0.05334584642682012
0.07275594630317023
-0.03134786859527315
-0.034266530320836805
0.0009242596226445632
-0.06657363764481183
-0.0044977378893414155
-0.053280241527592136
-0.033907818824907
-0.014344937445253293
-0.02471614738390067
-0.024822517922503468
-0.015092492845048957
-0.023821946443916067
-0.05421729513436322
0.08454390680758454
-0.03171502549756483
-0.04213356434747457
-0.016316099701939896
-0.03306745439232377
-0.15420950277241177
-0.06305926442076364
0.03160288826590809
0.006600272124235904
0.021724961703533052
-0.011917173127181886
-0.007626762838996911
-0.10871616764633223
-0.02600445748873102
-0.00825401739873719
0.06405726718676345
0.008623199731252446
0.019448262092703266
0.04145854343596081
0.06263199909705389
0.08933706628818801
-0.041998108599034766
0.004204497633405011
0.009524223741244592
-0.01690370649068681
0.08900444025816628
0.04599768397085915
-0.023850152709669652
-0.015999481677139327
0.1382119146645115
-0.014819315151753085
0.045164734173517886
0.12309125517600886
-0.025070933271095074
-0.003310143455745735
-0.011434755709316484
0.012645731342519471
0.03427351806444379
0.058559817511775455
0.016032203833752305
-0.012907382309217855
0.05046677031422703
0.05637871338294492
-0.0512852191096007
0.03147089961703024
0.04100051359275457
0.004473685251019341
-0.025524582640088826
0.013504008255427653
-0.003310143455745735
0.007278122556569093
-0.02471614738390067
-0.03038787063436662
0.10198788157291142
-0.022124323903372364
-0.007601733489769159
0.02073169164511469
0.002223039701119071
0.003905412739616613
-0.08500320500842956
-0.026673374923896286
0.07406188491251935
-0.13127737157863764
-0.015831378244335885
-0.030323206255108235
-0.054520496537988246
-0.06698971646008775
-0.016316099701939896
0.08454390680758454
-0.05871127414774262
-0.03575763987613338
0.08192613488926968
0.007571681309625575
-0.10871616764633223
-0.0685399488344564
0.0298750933048578
-0.03171502549756483
0.03160288826590809
-0.0044977378893414155
-0.1022902188889634
0.021632114774139115
-0.029185904860098068
-0.02911392830464987
-0.0729210161752437
-0.003617130867780405
0.011307121757664977
-0.0685399488344564
-0.0698869443354192
-0.011818746432599201
0.07159097897214932
0.03670700172737061
0.028853406934721194
-0.1074888567168882
-0.03417172992140351
-0.09561816443622462
-0.03079014879755358
-0.015092492845048957
-0.0006262326438580917
0.11237273142559041
0.02544071188455903
0.1444383158722372
-0.04213356434747457
-0.0009132215125462783
0.06351750070248141
-0.013799628563188815
-0.08500320500842956
-0.053280241527592136
0.1109042242711185
-0.054520496537988246
0.032873520640674336
-0.04508099353310997
0.03299605932825509
0.016577418801598277
-0.05031242394011255
-0.015999481677139327
0.10014155856736655
-0.05337077836059533
0.053959365404792306
-0.0017903179255648557
-0.04910782976039119
0.03387113785475578
-0.009392753913052828
-0.04164959799001436
0.003976972318210143
-0.029191470333798434
0.005728030276709442
0.021248036222108198
-0.0049918614611749075
0.07413068783367412
0.1071510887316037
0.028853406934721194
0.07159097897214932
-0.0029769301423538865
-0.03307582876723487
-0.03038787063436662
-0.05421729513436322
0.02519307300670014
-0.007716147769307675
-0.056130975992949084
0.03160288826590809
0.07245179076881388
-0.012035734120593182
-0.058774922227049456
-0.030621376532820044
-4.128023590560009e-05
0.003805998654489416
-0.053280241527592136
-0.09401919369348037
0.016472299686274623
-0.06649273492546602
-0.031780420927743226
-0.017125747354918553
0.017240319425972157
-0.006691778247566406
-0.021467063079786353
-0.035159176143866724
-0.03171502549756483
0.06351750070248141
-0.056130975992949084
-0.019769418688366867
0.07484892855389884
0.048173187254652944
0.031631084294043356
0.18891053704831523
-0.019769418688366867
-0.05303921421615946
0.0572481522679345
0.03096841081879764
0.0575009603363543
-0.07749284348229396
-0.10586075634756603
0.14281276597161716
-0.01899490080685829
0.018874944659522604
0.02731366442661227
-0.015815306828647152
-0.0338052973005877
0.05046677031422703
-0.010922638973612604
-0.05606008112818764
0.007240124801311361
0.06351750070248141
-0.007601733489769159
0.011691672528767861
-0.014819315151753085
-0.00114792931502473
0.07159097897214932
0.10119784963389661
0.02084552059336794
-0.01941548850584232
-0.007716147769307675
0.03601520595583611
-0.024001728911565864
0.11237273142559041
-0.02681649434067587
0.03410086624168249
0.10014155856736655
-0.022360393504085425
0.04100051359275457
-0.043078861645377164
0.0347672645810484
0.019448262092703266
-0.04775649777071033
-0.023201654697183632
-0.018995383081306483
-0.0021277518754350467
-0.031780420927743226
-0.012035734120593182
-0.06249499370101959
-0.021151845815745224
-0.05303921421615946
-0.015815306828647152
-0.0019209450317267658
-0.053280241527592136
0.18891053704831523
-0.059018693781996964
2.1540547336768462e-05
-0.02899160419789552
-0.013425959114844017
-0.014407952430482417
0.06405726718676345
-0.00114792931502473
-0.058141028525112624
0.011091860092355495
0.07451203074846714
0.019244814426155204
-0.09099682773513576
0.00989609741707874
0.0075249064612159825
0.021248036222108198
0.05114772872170891
-0.014344937445253293
0.053959365404792306
0.021724961703533052
0.005913211658186583
0.09831298682800445
-0.09401919369348037
-0.007941800298837105
0.032873520640674336
-0.0044977378893414155
0.009684976106295474
-0.05199696110960675
-0.030092565217523584
-0.012597085924688285
0.02731366442661227
0.00012403413488422263
-0.019951556063965696
-0.01186071843218128
-0.06698971646008775
0.09996362945656229
0.046050738894352634
-0.039451082754113354
-0.007626762838996911
0.0011216196705781882
-0.045887137438445344
0.08968412573231672
-0.03038787063436662
0.052631113315713
0.04145854343596081
0.014198327513634606
0.05637871338294492
0.052631113315713
-0.15420950277241177
-0.13127737157863764
0.010879496713591454
0.022927838366071717
-0.014922682320055357
0.005938512985343593
0.04145854343596081
-0.007626762838996911
-0.07926689866476896
-0.01899490080685829
-0.023278693826015943
0.04599768397085915
-0.06800871709024715
-0.012035734120593182
0.03410086624168249
0.02544071188455903
0.017240319425972157
0.027442843950075735
-0.01049916365055994
-0.009021081923735443
0.06206384851510722
-0.034664158347878844
-0.015999481677139327
0.014786346043598467
-0.04433593315692701
0.05046677031422703
-0.06309523312218197
0.007240124801311361
-0.04508099353310997
0.060945953961910854
-0.05778070286043671
-0.011434755709316484
0.026644026022666398
0.06917015982124047
-0.006889488481348997
-0.06042124390242255
-0.01186071843218128
-0.021151845815745224
-0.011110296176052314
-0.06575294363412215
0.19178320087046033
0.07451203074846714
-0.09273101864131211
0.02084552059336794
-0.016316099701939896
-0.0017803931264138383
0.046050738894352634
-0.013778470155868187
-0.017513058812349016
0.041106791647680156
-0.034611487265587
-0.056130975992949084
-0.04508099353310997
-0.027852426464870704
-0.045887137438445344
-0.018692706967006333
-0.05211990688688814
0.08280176047694514
0.0063508041902158325
-0.026221746591317072
-0.058774922227049456
0.049576564733622534
-0.03307582876723487
-0.06800871709024715
-0.045887137438445344
0.014966170662400538
-0.058933843053804655
-0.008021711056372715
-0.029235173307711478
-0.01140287366362904
-0.055288634562806145
0.020088226569802314
-0.002494132455507125
0.01541399926837289
-0.010922638973612604
-0.007626762838996911
-0.0647270964954893
0.011307121757664977
-0.04433593315692701
0.017240319425972157
-0.09170619610292735
0.015864786176856976
-0.03307582876723487
-0.03972425108191668
-0.019132533213426967
0.02073169164511469
-0.050972738094358386
-0.06657363764481183
0.038437833686531635
0.003356320771618719
-0.05337077836059533
0.03436922846465787
0.03601520595583611
-0.01049916365055994
-0.08618272751283138
-0.011577117432982995
-0.009392753913052828
-0.029650147380725286
0.10014155856736655
0.03160288826590809
-0.03294164564402037
0.0011206857533848293
0.09549940259881771
-0.048174688298864274
0.08192613488926968
-0.005172309571330165
0.0575009603363543
-0.0768841644468536
0.06339776805698903
0.11237273142559041
0.005938512985343593
0.06786191313126368
0.06255079250177743
-0.037659360642727714
0.013374548659589418
0.005276087544073389
-0.006974134217042348
0.060886688204835046
-4.128023590560009e-05
-0.08618272751283138
-0.0512852191096007
0.03096841081879764
-0.046113951453494784
-0.019951556063965696
0.09045277634539826
-0.0004936822425734124
0.06917015982124047
-0.07749284348229396
-0.014967836350021878
-0.0698869443354192
-0.007103549717508901
-0.013425959114844017
0.00989609741707874
-0.018697191378183414
-0.015680886593795552
-0.05425928156932567
0.011367484933614058
-0.02515524934249056
-0.01941548850584232
-0.037338586962508434
0.031631084294043356
-0.011818746432599201
-0.02353016849185757
0.009123771632764465
-0.06020485622289816
0.11494214207811333
0.08192613488926968
-0.0017527998320326426
-0.034664158347878844
-0.05677913904670579
0.01923511497481889
-0.048174688298864274
0.02544071188455903
-0.020219116838706575
0.018247970631932123
-0.013016369735038792
-0.03210426025177636
-0.0891061634225436
-0.017125747354918553
-0.0021277518754350467
0.06670600043641799
-0.02902136876546075
-0.03146610400972443
-0.009021081923735443
0.014989863475830102
0.022787773711454438
-0.05063225416356976
-0.03478697233046125
0.0190008349390748
0.09496851252572985
-0.0017803931264138383
-0.04362156600165797
-0.0005334385823167297
0.03160288826590809
-0.058774922227049456
0.01939367901658622
0.011264397968323766
0.0017413090917914465
0.014966170662400538
-0.04910782976039119
-0.03507930597229144
-0.03349142006018693
0.0199569816133965
0.016584827771897015
0.10021127463709946
-0.036577585666594865
0.060886688204835046
0.13008018776089236
-0.018557353310363473
0.006113277003187816
-0.007716147769307675
0.010104286306857958
0.008623199731252446
-0.06575294363412215
0.00581373696862902
-0.043078861645377164
-0.0768841644468536
-0.012597085924688285
-0.04800784235529579
0.06144754981589592
-0.058774922227049456
0.07643695970661901
-0.01690370649068681
-0.023850152709669652
0.042663292065074375
0.005276087544073389
0.03456678607695756
-0.027026201442170262
-0.03508912816801276
-0.058141028525112624
-0.07301985160765324
0.018775060822583036
-0.09401919369348037
-0.013005044576607307
0.09060237892566077
-0.05871127414774262
0.014198327513634606
0.007571681309625575
0.07481909665458364
-0.023063702045933034
-0.0017903179255648557
0.019145932341524816
0.0298750933048578
-0.03713372859917848
0.07993154494916654
-0.05340096074049564
0.031631084294043356
-0.03038787063436662
-0.0005334385823167297
-0.0029769301423538865
-0.030323206255108235
-0.01899490080685829
0.1514717092272275
-0.024886491805421986
-0.06042124390242255
0.08192613488926968
-0.034611487265587
0.006349778706648435
0.041109313893916755
0.03879196057643622
-0.014567955427067602
-0.15420950277241177
-0.00574864620683145
-0.06800871709024715
-0.04018864252852776
0.014198327513634606
0.0054300615939503845
0.04603907469629556
0.01730276913254971
-0.08751942633479332
-0.05664090135483674
-0.010308878154575856
-0.03268674672440726
0.005276087544073389
0.006823942143660856
-0.04236016978093453
0.028853406934721194
0.0004817798039821279
-0.04236016978093453
0.03456678607695756
0.0017413090917914465
-0.08375665694209804
-0.05425928156932567
0.012428111602396645
-0.023067904675278326
0.06849263585981695
0.007278122556569093
0.07178690863693649
0.0017413090917914465
0.009123771632764465
-0.06299799973069513
0.0575009603363543
-0.05677913904670579
0.013504008255427653
-0.043940358032312596
0.013374548659589418
-0.02752721865156274
-0.04018864252852776
0.06206384851510722
-0.09170619610292735
-0.058141028525112624
-0.036577585666594865
0.10198788157291142
-0.023433669578139266
-0.05425928156932567
-0.04031649873806569
-0.040559987894180714
-0.029650875530232865
-0.058580910430450016
-0.0423328164268922
-0.007344572916057146
0.022787773711454438
-0.04800784235529579
0.09496851252572985
0.07178690863693649
0.011307121757664977
0.011367484933614058
-0.03294164564402037
0.11820212079108675
-0.02515524934249056
-0.039204861493705875
-0.014179980768327625
-0.05425928156932567
0.05046677031422703
0.013992153379468724
-0.00574864620683145
0.10119784963389661
-0.055288634562806145
-0.025764451744432634
0.02519307300670014
-0.009021081923735443
-0.023850152709669652
-0.06870551431881393
0.11820212079108675
-0.06042124390242255
-0.010922638973612604
-0.015999481677139327
-0.07229922077485969
0.056881874099416065
0.00581373696862902
0.016584827771897015
-0.03749131056852692
-0.036577585666594865
-0.09750049236171861
-0.08375665694209804
-0.04333026495299583
0.010965822070446201
0.015824136780337582
-0.01135095151842883
-0.07926689866476896
0.05637871338294492
-0.03749131056852692
-0.01746852988819665
0.09831298682800445
0.003976972318210143
-0.023433669578139266
-0.06870551431881393
-0.005172309571330165
0.009123771632764465
0.09903943712955118
-0.01658650684649419
-0.07301985160765324
0.11237273142559041
-0.09099682773513576
0.006113277003187816
0.007571681309625575
0.018775060822583036
0.03410086624168249
-0.05303921421615946
-0.02052061880705747
0.0030870970122352506
0.02544071188455903
-0.03508912816801276
-0.08618272751283138
-0.015680886593795552
-0.03478697233046125
-0.030654227553149786
-0.0019209450317267658
0.06737308827751472
0.027157812341425017
-0.034315810351345934
-0.01941548850584232
0.0009242596226445632
0.11494214207811333
-0.054078813855951875
0.17405036344863495
-0.0004936822425734124
-0.03294164564402037
0.10198788157291142
-0.06024865537034505
-0.053280241527592136
0.08933706628818801
-0.04775649777071033
-0.043078861645377164
0.020607198132831038
-0.1022902188889634
0.014198327513634606
0.017240319425972157
0.06786191313126368
0.0004817798039821279
-0.026673374923896286
0.005729446489887052
0.07481909665458364
0.10014155856736655
0.03565354366092197
-0.020619518223033064
-0.007929406994140624
-0.019769418688366867
0.018361543977951367
0.018247970631932123
-0.01690370649068681
-0.05677913904670579
-0.014922682320055357
-0.026673374923896286
-0.07974027472913518
0.011691672528767861
-0.02052061880705747
-0.003617130867780405
-0.05421729513436322
0.012645731342519471
0.015154985694376621
-0.029235173307711478
-0.06800871709024715
-0.01658650684649419
-0.018697191378183414
0.02084552059336794
-0.036577585666594865
-0.011818746432599201
0.025830702356224686
-0.02544770277334393
0.020485303130137557
-0.04362156600165797
0.07245179076881388
-0.02093268966711769
-0.029191470333798434
0.0030870970122352506
-0.05664090135483674
0.07098388864233958
-0.04318434763812206
-0.058141028525112624
-0.022360393504085425
-0.058580910430450016
0.07098388864233958
-0.08751942633479332
-0.03417172992140351
-0.04164959799001436
-0.04236016978093453
-0.039451082754113354
0.041106791647680156
-0.13127737157863764
0.017240319425972157
-0.05711182207846254
-0.02600445748873102
-0.004007419735580753
-0.10688193682247515
-0.00574864620683145
-0.03454220261551091
-0.025764451744432634
-0.018954801199525383
0.04764092940596259
-0.034611487265587
-0.09750049236171861
-0.015889765485959488
-0.018228631373149996
0.004473685251019341
-0.026284116723886888
-0.058141028525112624
-0.02531044084645671
0.002223039701119071
0.04145854343596081
-0.022233576049988418
0.06786191313126368
-0.014179980768327625
0.08454390680758454
-0.05031242394011255
-0.022233576049988418
0.06735849254642487
-0.024886491805421986
0.04263229583253125
0.10021127463709946
-0.021151845815745224
0.01541399926837289
-0.06649273492546602
0.08766786319878205
0.11820212079108675
0.07275594630317023
-0.045887137438445344
-0.023850152709669652
0.034742126171703164
-0.04501798628677221
0.03642606963069675
0.022234032886010446
0.11494214207811333
0.03304509033195331
-0.14246248713720872
-0.0512852191096007
0.018202312310333292
-0.0019209450317267658
0.016032203833752305
0.021724961703533052
0.14281276597161716
-0.05211990688688814
0.003905412739616613
0.005276087544073389
-0.06657363764481183
-0.02752721865156274
0.005938512985343593
-0.0153999427744228
0.038437833686531635
-0.037338586962508434
-0.01658650684649419
-0.056810637583421315
-0.04531555034772679
-0.08500320500842956
-0.01899490080685829
0.06339776805698903
0.014966170662400538
0.022234032886010446
0.026644026022666398
-0.024001728911565864
-0.02902136876546075
-0.034356471493965236
-0.07175382065022413
-0.031780420927743226
-0.08664924476051732
0.06206384851510722
-0.01899490080685829
-0.025014682005254953
-0.004007419735580753
-0.07749284348229396
0.034742126171703164
-0.005856174639734264
0.0006997740435790355
-0.025070933271095074
0.04603907469629556
-0.09561816443622462
0.1514717092272275
0.050600122066080375
-0.041998108599034766
0.049576564733622534
-0.031780420927743226
0.05046677031422703
-0.036562714399115376
0.02731366442661227
-0.011577117432982995
-0.0003639239856150517
-0.025524582640088826
0.015824136780337582
0.02519307300670014
-0.09037115442719197
0.011367484933614058
-0.018354319606762502
0.03815791584169705
-0.09401919369348037
0.005031204760094293
-0.014967836350021878
-0.023201654697183632
-0.09518181517071726
-0.08500320500842956
-0.08288262029399132
0.003227231603039945
-0.007508390356611595
-0.005718460701753631
0.003805998654489416
-0.04433593315692701
-0.04513332020190652
-0.026673374923896286
-0.0017527998320326426
-0.026673374923896286
0.06263199909705389
-0.037338586962508434
-0.034133090624673214
-0.06249499370101959
-0.023067904675278326
0.015864786176856976
0.1071510887316037
-0.1074888567168882
-0.04362156600165797
-0.02600445748873102
-0.02093268966711769
0.11820212079108675
0.009524223741244592
0.012645731342519471
0.003805998654489416
-0.005088649209255032
0.07451203074846714
-0.03767921876489148
-0.02471614738390067
-0.04335922778768657
0.07079737098670427
0.03387113785475578
-0.014567955427067602
-0.09518181517071726
-0.02752721865156274
0.015824136780337582
-0.06575294363412215
0.006349778706648435
-0.024001728911565864
0.07484892855389884
-0.10586075634756603
-0.016482155890085542
-0.06249499370101959
-0.07961482446785527
0.042663292065074375
-0.016482155890085542
0.02731366442661227
0.03387113785475578
-0.015889765485959488
0.017240319425972157
0.026569908393443132
0.010104286306857958
0.005276087544073389
-0.023433669578139266
0.0014123706507977645
0.08900444025816628
-0.026654865837236936
0.17405036344863495
-0.018228631373149996
0.014966170662400538
0.026569908393443132
-0.027852426464870704
0.09045277634539826
0.04764092940596259
0.017240319425972157
-0.04031649873806569
-0.05664090135483674
-0.07175382065022413
0.014966170662400538
-0.035159176143866724
0.18891053704831523
0.058559817511775455
0.04145854343596081
-0.012907382309217855
-0.08618272751283138
-0.014922682320055357
-0.016316099701939896
-0.03454220261551091
-0.029235173307711478
0.0199569816133965
-0.04513332020190652
0.01541399926837289
-0.025014682005254953
0.045164734173517886
0.009524223741244592
-0.060468616084911345
-0.040018626670074095
-0.005856174639734264
0.04039354869953657
0.026644026022666398
0.002223039701119071
-0.058580910430450016
0.04336004839122787
0.09831298682800445
0.09496851252572985
0.022614152868547854
-0.009392753913052828
-0.07601688007349244
-0.06042124390242255
-0.03575763987613338
0.060886688204835046
0.013374548659589418
0.049576564733622534
-0.0153999427744228
0.03183036966198843
-0.010922638973612604
-0.04531555034772679
0.01904931947153122
0.06446910095776699
0.041106791647680156
-0.09401919369348037
-0.0033876035674552055
-0.023201654697183632
0.003227231603039945
-0.0153999427744228
-0.024001728911565864
0.06446910095776699
-0.054520496537988246
-0.018557353310363473
-0.05211990688688814
-0.039451082754113354
0.041109313893916755
0.016577418801598277
0.0190008349390748
0.19178320087046033
0.019145932341524816
0.03642606963069675
-0.015092492845048957
-0.00825401739873719
0.048173187254652944
-0.05089625363755409
