-0.04162229021050343
-0.03470910505286526
-0.04667956309974091
-0.04667956309974091
-0.02877630641774887
-0.04408804336447114
-0.0656710787686223
-0.024404836026270155
-0.0581173942760882
-0.06362621638175436
-0.03400142625626831
-0.01707477357118796
7.32949066558447e-05
-0.00019582262236435662
-0.03037117115558834
-0.0581173942760882
-0.055522335197789895
-0.026915658175841548
-0.02905652897596971
-0.035009071220812045
-0.022383817665238438
-0.021702052323785245
-0.04328442243774218
-0.012757413941900005
-0.030513197956045936
-0.057756464085479395
0.0054891819162915245
-0.0572435706916792
-0.055522335197789895
-0.056949792839374465
-0.10874308022070998
-0.030532761321343922
-0.08501748545931197
-0.047465468375663504
-0.030532761321343922
-0.02020779123076428
-0.03870917523206954
-0.081233132067672
-0.02912384302318404
-0.034986497804100986
-0.05490191408049419
-0.04718862167575206
-0.05906788012776252
-0.034609376684470075
-0.017682515188740762
-0.055522335197789895
-0.020657510063164297
-0.06589295049521608
-0.015121447632984527
-0.02971590164061226
-0.04178232513483076
-0.10209950349827272
-0.056949792839374465
-0.06418135023729381
0.016873986628650587
-0.05052552789159142
-0.08905221312733456
-0.062171294768029926
-0.049548390121951016
-0.040088346980889436
-0.06503177569651483
0.005094125046678815
-0.07644602309753541
-0.06071965199457716
0.017446792416305295
-0.03400142625626831
-0.03037117115558834
-0.03415918442063801
-0.045899395247830335
-0.03258882218909664
-0.07644602309753541
-0.03416150617964354
0.0013728513742153278
-0.042165883571434234
-0.05490191408049419
-0.052322403243739886
-0.050432229150095514
-0.0204706943247266
-0.03697979818965682
-0.04579147979984733
0.004308049935604158
-0.06503177569651483
-0.04402210467615359
-0.01276559032059389
-0.01983363320972047
-0.02893759486172843
-0.0253347486043541
0.008877662971145337
-0.01613989792031731
-0.0354281819030218
-0.08977760149146086
-0.0709392177518944
-0.037487366779830354
-0.02623739084303998
-0.03896349654339658
-0.03258882218909664
-0.05760782302535288
-0.04328442243774218
-0.01983363320972047
-0.0013848282632788198
-0.049548390121951016
-0.06503177569651483
-0.01605960550305683
-0.06111091953688814
-0.044571803369212265
-0.03896349654339658
-0.02893759486172843
-0.030513197956045936
-0.016748296143293484
-0.10209950349827272
-0.0039544942816782305
-0.06071965199457716
-0.05118803752178564
-0.03283591201150615
-0.023154125409313765
-0.05906788012776252
-0.0459436829859535
-0.023154125409313765
-0.10874308022070998
-0.09005224747047601
-0.03870917523206954
-0.07453354472766749
-0.015121447632984527
-0.00407546216361403
0.01545898810798178
-0.02893759486172843
-0.014011065172692145
-0.009129257085091016
-0.03362566027924409
-0.03470263669489352
-0.024394438989763362
-0.0530975337473252
-0.043506022155631645
-0.02040338411119459
-0.05951845371653143
-0.04718862167575206
-0.054282752403651206
-0.04008076153907359
-0.10228724466873618
-0.04791568285290271
-0.05951845371653143
-0.03758786924565886
-0.009214913122634746
-0.0656710787686223
-0.01705422341466554
-0.00787110207271866
-0.024799138973275445
-0.0368740125714108
-0.0572435706916792
-0.10209950349827272
-0.022383817665238438
-0.03994057641942739
-0.01705422341466554
-0.012757413941900005
-0.04860899727473397
-0.013007416888842072
0.016873986628650587
-0.0572435706916792
-0.03008334088141028
0.0048433975714808454
-0.03710297087279154
-0.08219425027932101
-0.014016933432664922
-0.05635135568415306
-0.017445240323572142
-0.052322403243739886
-0.03994057641942739
-0.036132282039151274
-0.0026010350106199648
-0.048942242649081966
-0.03395517543633196
-0.04433882462596751
-0.04973490973186212
-0.06758164557542087
-0.02893759486172843
-0.02015351248321533
-0.044571803369212265
-0.04667956309974091
-0.05906788012776252
-0.04395749726383864
-0.023934662353173392
-0.014976890001638123
-0.02203176127472303
-0.045597146383268505
-0.04973490973186212
-0.03280336559413707
-0.021803224474267233
-0.012626549471063479
-0.0026010350106199648
-0.05897937460740529
0.008877662971145337
-0.0011843309622896682
-0.04162229021050343
-0.03697979818965682
-0.07278552497674817
-0.048942242649081966
-0.030917208559714058
-0.01613989792031731
0.0007785979297097945
-0.06589295049521608
-0.0616206583897161
-0.07915776442530906
-0.03280336559413707
-0.04162229021050343
-0.01605960550305683
-0.02040338411119459
-0.01707649004785002
-0.009129257085091016
-0.040088346980889436
-0.01817567968734545
-0.10407897388503473
-0.0656710787686223
-0.05592764820312447
-0.03283591201150615
-0.0463391699177662
-0.04524434851721806
-0.05635135568415306
0.025386042934603347
-0.03116080297364829
-0.04315966291530438
-0.11380181249671378
-0.0891547648054279
-0.05777840377754776
-0.015725890520651275
-0.02893759486172843
-0.03395517543633196
-0.05699180351456874
-0.05099539504689229
-0.07915776442530906
0.014555392655825254
-0.040088346980889436
-0.081233132067672
-0.044571803369212265
-0.03283591201150615
0.0012660264236029136
-0.05777840377754776
-0.02832625909227398
-0.10228724466873618
-0.10874308022070998
-0.10209950349827272
-0.01705422341466554
-0.04860899727473397
-0.024775848934521946
-0.04339740434666165
-0.04127753550119718
-0.008051629605401171
-0.048942242649081966
0.01545898810798178
-0.06758164557542087
-0.06978685192366794
-0.042165883571434234
-0.0834312786403737
-0.0338261262012697
-0.045568828235294505
-0.03470910505286526
-0.020517669314145677
-0.08905221312733456
-0.034798489297981565
-0.043823955037921906
-0.01983363320972047
-0.02183837601075179
-0.0013848282632788198
-0.02877630641774887
-0.0581173942760882
-0.023154125409313765
-0.020882676317060353
-0.017236053731171205
-0.1709248438584491
-0.06589295049521608
-0.0361904843209235
-0.03710297087279154
-0.01707649004785002
-0.02623739084303998
-0.10407897388503473
-0.0368740125714108
-0.04688132620036176
-0.041602276078506154
-0.11856530113952245
-0.052322403243739886
-0.03259130240507273
-0.052322403243739886
-0.02912384302318404
-0.025247969228591672
-0.057756464085479395
-0.0463391699177662
-0.040743335012997255
-0.0039544942816782305
-0.06589295049521608
-0.0351077987852827
-0.04859855021970363
-0.041947823455663794
-0.03056723705000597
-0.05699180351456874
-0.017236053731171205
-0.0039544942816782305
-0.03831203112438777
-0.045597146383268505
-0.00407546216361403
-0.05785205094731195
-0.01707477357118796
-0.041947823455663794
-0.012626549471063479
-0.06265455569759219
-0.0351077987852827
-0.0354281819030218
-0.05760782302535288
-0.01707649004785002
-0.10407897388503473
-0.04178232513483076
-0.04328442243774218
-0.03362566027924409
-0.07219847143475171
-0.03077225456836039
-0.024404836026270155
-0.015725890520651275
-0.016381936232968863
-0.0983515369036851
-0.048942242649081966
-0.02893759486172843
-0.03710297087279154
-0.04579147979984733
0.014555392655825254
-0.026915658175841548
-0.030917208559714058
-0.00787110207271866
-0.024404836026270155
-0.06503177569651483
-0.00960967203426869
-0.036157993795666185
-0.04069135593019675
-0.03710297087279154
-0.0253347486043541
0.025386042934603347
-0.01534186761610305
-0.00787110207271866
-0.07474032497132822
-0.0530975337473252
-0.06054814630536844
-0.06503177569651483
0.003766240685726469
-0.08977760149146086
-0.040743335012997255
-0.014125196897900776
-0.0891547648054279
-0.03283591201150615
-0.04973490973186212
-0.05635135568415306
-0.056949792839374465
-0.03535784986067917
-0.03499450981850538
-0.04859855021970363
-0.07453354472766749
-0.0891547648054279
-0.01605960550305683
-0.03056723705000597
-0.06054814630536844
-0.014125196897900776
-0.02373313869594511
-0.023934662353173392
-0.0013848282632788198
-0.023154125409313765
-0.02222971376059571
-0.02040338411119459
-0.020657510063164297
-0.04973490973186212
-0.09005224747047601
-0.029312965002395403
-0.07390837438584091
0.013499536622101405
-0.06503177569651483
0.01545898810798178
-0.042165883571434234
-0.03280336559413707
-0.07255718981470682
-0.03896349654339658
-0.04395749726383864
-0.08219425027932101
-0.13512092996012925
-0.04433882462596751
-0.00787110207271866
0.01545898810798178
-0.06385372964707463
-0.0007977337360753196
-0.04859855021970363
-0.034798489297981565
-0.0351077987852827
-0.02373313869594511
-0.06265455569759219
-0.06503177569651483
-0.0013848282632788198
-0.030513197956045936
-0.06362621638175436
-0.019987812939745705
-0.02373313869594511
-0.03400142625626831
-0.04178232513483076
-0.043506022155631645
-0.10618480642385725
-0.046662862568843194
-0.04126405833832768
-0.023714701001879574
-0.10209950349827272
-0.03758786924565886
-0.051789667538123065
-0.04126405833832768
-0.030256934018220556
-0.05760782302535288
-0.03362566027924409
-0.0581173942760882
-0.03870917523206954
-0.10293429247712149
-0.04161690979938863
-0.041947823455663794
-0.04919576833592354
-0.10293429247712149
-0.0656710787686223
-0.09005224747047601
0.016873986628650587
-0.05842899288882147
-0.10293429247712149
-0.018375136412776136
-0.03362566027924409
-0.0361904843209235
-0.01983363320972047
-0.017236053731171205
-0.08905221312733456
-0.10407897388503473
-0.04127753550119718
-0.05897937460740529
-0.017236053731171205
-0.0765437923748042
-0.01705422341466554
0.0025105953095742634
-0.12245802693242575
-0.01948267261171222
-0.10228724466873618
-0.03280336559413707
-0.12245802693242575
-0.01920182088518385
-0.055522335197789895
-0.04973490973186212
-0.07474032497132822
-0.040743335012997255
-0.0354281819030218
-0.0765437923748042
-0.04069135593019675
-0.02971590164061226
-0.05238301783321995
-0.034986497804100986
-0.03295793984913285
-0.015725890520651275
-0.040743335012997255
-0.04716388251479413
-0.02373313869594511
-0.013007416888842072
0.014555392655825254
-0.02971590164061226
-0.05635135568415306
-0.07453354472766749
-0.036803979939074
-0.034521504215828974
0.022671396595247834
-0.03697979818965682
-0.051789667538123065
-0.0656710787686223
-0.07915776442530906
-0.0459436829859535
0.02270243257608637
-0.06054814630536844
-0.04408804336447114
-0.051789667538123065
-0.02893759486172843
-0.01707649004785002
-0.05796929979350392
-0.07160528329142477
0.004308049935604158
-0.05951845371653143
-0.06503177569651483
-0.013007416888842072
-0.02203176127472303
0.0012660264236029136
-0.06418135023729381
-0.11856530113952245
-0.01920182088518385
-0.00960967203426869
-0.006420179065882266
-0.046662862568843194
-0.04069135593019675
-0.0361904843209235
-0.05118803752178564
-0.0253347486043541
-0.13215689945461545
-0.006420179065882266
-0.03239752737446996
-0.0253347486043541
-0.051789667538123065
-0.016562647248274345
-0.03037117115558834
-0.0613653272016438
-0.02015351248321533
-0.025247969228591672
-0.03008334088141028
-0.019576349544540166
-0.01707477357118796
-0.0530975337473252
-0.02565090158329184
-0.0009732722484821277
-0.04919576833592354
-0.021904155794279345
-0.06644880070718119
-0.07219847143475171
-0.05951845371653143
-0.04716388251479413
-0.036803979939074
0.003766240685726469
-0.01040826074237648
-0.08905221312733456
-0.03470263669489352
-0.0572435706916792
-0.03499450981850538
-0.041947823455663794
-0.05586660487511358
-0.044571803369212265
-0.01040826074237648
-0.0253347486043541
-0.009214913122634746
-0.015121447632984527
-0.0351077987852827
-0.034609376684470075
-0.04787646624276504
-0.02912384302318404
-0.021803224474267233
-0.061157590907080055
-0.03896349654339658
-0.07915776442530906
-0.0983515369036851
-0.03710297087279154
-0.06054814630536844
-0.0651814961747909
-0.03116080297364829
-0.12245802693242575
0.0053321047841732045
-0.06600690521331351
-0.01534186761610305
0.0007785979297097945
-0.050432229150095514
-0.03400142625626831
-0.015112797323966625
-0.02893759486172843
-0.03008334088141028
-0.052322403243739886
-0.04126405833832768
-0.034521504215828974
-0.04178232513483076
-0.07255718981470682
-0.034521504215828974
-0.057756464085479395
-0.0026010350106199648
-0.03280336559413707
-0.01948267261171222
-0.10618480642385725
-0.035009071220812045
-0.03535784986067917
-0.012626549471063479
-0.03056723705000597
-0.03186265041320376
-0.020882676317060353
-0.061157590907080055
-0.05777840377754776
-0.024799138973275445
0.016873986628650587
-0.054282752403651206
-0.06374651018106789
-0.04328442243774218
-0.10293429247712149
-0.03899727957554053
-0.04973490973186212
-0.0459436829859535
-0.03258882218909664
-0.06615057346295629
-0.024799138973275445
-0.10750871775388085
0.01545898810798178
-0.014125196897900776
-0.02040338411119459
-0.06418135023729381
-0.04161690979938863
-0.03994057641942739
-0.030917208559714058
0.006805259813467767
-0.07255718981470682
0.0048433975714808454
-0.014016933432664922
-0.048942242649081966
-0.030513197956045936
-0.043506022155631645
-0.009214913122634746
-0.08515803687034387
0.022671396595247834
-0.13512092996012925
-0.03395517543633196
-0.026277338691054676
-0.13215689945461545
-0.00787110207271866
0.006942964645662074
-0.0891547648054279
-0.014016933432664922
-0.043506022155631645
-0.02971590164061226
-0.02203176127472303
-0.048942242649081966
-0.045597146383268505
-0.10407897388503473
-0.03239752737446996
-0.051789667538123065
-0.01276559032059389
0.014555392655825254
-0.07255718981470682
-0.04859855021970363
-0.07253983654806968
-0.018142125056428707
-0.0351077987852827
-0.07706305820420134
-0.046662862568843194
-0.06615057346295629
-0.04579147979984733
-0.03415918442063801
-0.07706305820420134
-0.019987812939745705
-0.07253983654806968
-0.03535784986067917
-0.03280336559413707
-0.0834312786403737
-0.035009071220812045
-0.07278552497674817
-0.054282752403651206
-0.09005224747047601
-0.034609376684470075
-0.044571803369212265
-0.05897937460740529
-0.02020779123076428
-0.09328758747571604
-0.029312965002395403
-0.17069623343366358
-0.03283591201150615
-0.03470263669489352
-0.06374651018106789
-0.10750871775388085
-0.03400142625626831
-0.06758164557542087
-0.0765437923748042
-0.015725890520651275
-0.07255718981470682
-0.015112797323966625
-0.09328758747571604
-0.05796929979350392
-0.03710297087279154
-0.12245802693242575
-0.05760782302535288
-0.0354281819030218
-0.01705422341466554
-0.04339740434666165
-0.03400142625626831
-0.017445240323572142
-0.07160528329142477
-0.03366460362703215
-0.06615057346295629
-0.042868554653855244
-0.03239752737446996
-0.02183837601075179
-0.0581173942760882
-0.05226372328842762
-0.08501748545931197
-0.07219847143475171
-0.017236053731171205
-0.04127753550119718
-0.06054814630536844
0.013499536622101405
-0.02373313869594511
0.006942964645662074
-0.04161690979938863
-0.036132282039151274
-0.014125196897900776
-0.041947823455663794
-0.02565090158329184
-0.025247969228591672
-0.07427848879700014
-0.06385372964707463
-0.03116080297364829
-0.03535784986067917
-0.04479109072828199
-0.02203176127472303
-0.024404836026270155
-0.01983363320972047
-0.032128702869460866
-0.03283591201150615
-0.009129257085091016
-0.014016933432664922
-0.0765437923748042
-0.05238301783321995
-0.05586660487511358
-0.00019582262236435662
-0.07253983654806968
-0.07160528329142477
-0.04919576833592354
-0.02877630641774887
-0.026277338691054676
-0.049548390121951016
-0.05635135568415306
-0.023901936760408107
-0.056949792839374465
-0.06589295049521608
0.014555392655825254
0.011859119254154879
-0.02971590164061226
-0.008888572789474898
-0.01707649004785002
-0.01707477357118796
-0.03186265041320376
-0.04718862167575206
-0.06265455569759219
-0.020657510063164297
-0.012757413941900005
-0.17069623343366358
-0.03362566027924409
-0.05760782302535288
-0.03239752737446996
0.0054891819162915245
-0.056949792839374465
-0.04860899727473397
-0.04524434851721806
-0.0616206583897161
-0.05777840377754776
-0.034798489297981565
-0.07219847143475171
-0.056949792839374465
-0.060789428142083164
-0.06385372964707463
-0.0581173942760882
-0.036157993795666185
-0.03535784986067917
0.025386042934603347
-0.0765437923748042
-0.13512092996012925
-0.07644602309753541
-0.05842899288882147
-0.05760782302535288
-0.08501748545931197
-0.04328442243774218
-0.03710297087279154
-0.050432229150095514
-0.01040826074237648
-0.030917208559714058
-0.13215689945461545
-0.03295793984913285
-0.0983515369036851
-0.02222971376059571
-0.02183837601075179
-0.006420179065882266
-0.062171294768029926
-0.03566158550316434
-0.08977760149146086
-0.047009542077690446
-0.0013848282632788198
-0.03994057641942739
-0.01983363320972047
-0.07160528329142477
-0.04919538557475021
-0.04791568285290271
-0.04008076153907359
-0.07512951740153581
-0.00019582262236435662
-0.02893759486172843
-0.03470910505286526
-0.0616206583897161
-0.023901936760408107
-0.0727747894030457
-0.10750871775388085
-0.10618480642385725
-0.05238301783321995
0.005094125046678815
-0.023154125409313765
-0.04433882462596751
-0.04433882462596751
-0.0976077486619758
-0.040926879169659904
-0.03056723705000597
-0.02015351248321533
-0.1709248438584491
-0.05099539504689229
0.0013728513742153278
-0.02040338411119459
-0.05586660487511358
-0.014976890001638123
-0.0368740125714108
-0.017236053731171205
-0.012626549471063479
-0.06503177569651483
0.012602225104086956
-0.01534186761610305
-0.03710297087279154
-0.030917208559714058
-0.03239752737446996
-0.01605960550305683
-0.036157993795666185
-0.04973490973186212
-0.07706305820420134
-0.01613989792031731
-0.021803224474267233
-0.05777840377754776
-0.040743335012997255
-0.042868554653855244
-0.07427848879700014
0.006805259813467767
-0.02905652897596971
-0.044571803369212265
-0.0204706943247266
-0.02832625909227398
-0.003740625516164817
-0.015112797323966625
-0.043506022155631645
-0.01705422341466554
-0.07551442353911568
-0.05897937460740529
-0.02905652897596971
-0.02203176127472303
-0.04667956309974091
-0.03158562429539195
-0.020657510063164297
-0.012626549471063479
-0.060617699892852754
-0.034521504215828974
-0.06758164557542087
-0.030532761321343922
-0.00787110207271866
-0.03366460362703215
-0.04161690979938863
-0.02893759486172843
-0.008051629605401171
-0.056949792839374465
-0.06374651018106789
-0.03416150617964354
-0.023901936760408107
-0.07551442353911568
-0.014976890001638123
-0.023154125409313765
-0.10874308022070998
-0.04524434851721806
-0.0459436829859535
-0.043506022155631645
-0.07706305820420134
-0.042868554653855244
-0.061157590907080055
-0.06503177569651483
-0.030917208559714058
-0.03870917523206954
-0.03283591201150615
-0.0727747894030457
-0.02971590164061226
-0.0351077987852827
-0.024775848934521946
-0.04402210467615359
-0.013007416888842072
-0.05490191408049419
-0.02877630641774887
0.017446792416305295
-0.019576349544540166
-0.04919538557475021
-0.04791568285290271
-0.06503177569651483
-0.034609376684470075
-0.04395749726383864
-0.03366460362703215
-0.04328442243774218
-0.03899727957554053
-0.012757413941900005
-0.01276559032059389
-0.06111091953688814
0.0012660264236029136
-0.03748783088970203
-0.0013848282632788198
-0.01920182088518385
-0.03566158550316434
-0.051739301794786204
0.017446792416305295
-0.0026010350106199648
-0.07164632783803923
-0.040088346980889436
-0.10750871775388085
-0.04408804336447114
-0.05592764820312447
-0.029312965002395403
-0.04919538557475021
-0.06071965199457716
-0.007610372870957321
7.32949066558447e-05
-0.03333209066525827
-0.06265455569759219
-0.07219847143475171
-0.04008076153907359
7.32949066558447e-05
-0.0039544942816782305
-0.11380181249671378
-0.02015351248321533
-0.06111091953688814
-0.04787646624276504
-0.17069623343366358
-0.03831203112438777
-0.018142125056428707
-0.08501748545931197
-0.0013848282632788198
-0.044571803369212265
-0.11380181249671378
-0.07512951740153581
-0.023934662353173392
-0.0354281819030218
-0.03037117115558834
-0.017236053731171205
-0.09430743764544243
-0.03037117115558834
-0.03710297087279154
-0.018142125056428707
-0.03499450981850538
-0.009129257085091016
-0.0368740125714108
-0.06054814630536844
-0.05118803752178564
-0.0459436829859535
-0.06385372964707463
-0.04716388251479413
-0.08977760149146086
-0.00960967203426869
-0.02893759486172843
-0.030917208559714058
-0.02015351248321533
-0.0361904843209235
-0.10874308022070998
-0.04973490973186212
-0.021904155794279345
-0.07255718981470682
-0.054282752403651206
-0.0007977337360753196
-0.0651814961747909
0.0012660264236029136
-0.10750871775388085
-0.07492161053462215
-0.05118803752178564
-0.04859855021970363
-0.10228724466873618
-0.05635135568415306
-0.036132282039151274
-0.03400142625626831
0.008877662971145337
-0.054282752403651206
-0.04860899727473397
-0.03899727957554053
-0.029312965002395403
-0.046662862568843194
-0.11380181249671378
-0.013957507349091538
-0.034609376684470075
-0.03362566027924409
-0.05785205094731195
-0.09430743764544243
-0.04126405833832768
-0.03896349654339658
-0.06615057346295629
-0.06503177569651483
-0.0463391699177662
0.01545898810798178
-0.04860899727473397
-0.03158562429539195
-0.01817567968734545
-0.047009542077690446
-0.11856530113952245
0.006942964645662074
-0.07512951740153581
0.008877662971145337
-0.0463391699177662
-0.0459436829859535
-0.061157590907080055
-0.0007977337360753196
-0.020882676317060353
0.0012660264236029136
0.016873986628650587
-0.05264882805882807
-0.006420179065882266
-0.06418135023729381
-0.036157993795666185
-0.03470910505286526
-0.02565090158329184
-0.040088346980889436
-0.10750871775388085
0.005094125046678815
-0.0039544942816782305
-0.04433882462596751
-0.02373313869594511
-0.05796929979350392
-0.11380181249671378
-0.04433882462596751
