-0.15263113213487794
-0.2716974422234323
-0.12668273678906689
-0.12194036748227063
-0.17794993898955425
-0.06070859016468159
-0.06664024975206323
-0.08146804297525588
-0.15602320457625085
-0.11721260447027951
-0.10755742102209365
-0.029312030619070534
-0.042226591121368305
-0.06618461124122696
-0.053473022694639695
-0.05698531269396733
-0.10755742102209365
-0.027515007180535987
-0.06844010356406019
-0.27097779766556535
-0.09832163943227251
-0.09817235070229234
-0.06252231157686598
-0.1332296299044773
-0.023762678829084036
-0.06923901744865255
-0.09817235070229234
-0.06923901744865255
-0.11803889300515764
-0.07117983124152152
-0.05853268996518749
-0.05792234460170147
-0.17311104383745848
-0.1213896825677783
-0.07037841490854929
-0.008721016295151466
-0.05044442123171296
-0.07607804927899026
-0.06923901744865255
-0.14128166246444376
-0.10300388741560884
-0.1116270592324171
-0.10755742102209365
-0.10752823432785075
-0.07607804927899026
-0.03909294246754635
-0.23003799791458296
-0.10752823432785075
-0.12118301651941292
-0.0901902892822076
-0.07106365434778174
-0.15263113213487794
-0.13306230790112278
-0.16757702974786642
-0.2716974422234323
-0.1501264514069124
-0.12352189772774377
-0.10354277687631133
-0.15861132803114494
-0.14631008072179502
-0.05431698739316351
-0.05792234460170147
-0.10752823432785075
-0.060101708323114025
-0.07187752595739373
-0.1888496806608552
-0.23003799791458296
-0.08293020795858683
-0.11721260447027951
-0.17311104383745848
-0.09522195609669622
-0.12679506800710214
-0.15263113213487794
-0.025383313405488436
-0.1341512100337835
-0.07014548880701586
-0.023762678829084036
-0.14674499792803153
0.0034092574588023925
-0.10163453256793725
-0.10787855831018327
-0.05357214477881969
-0.08842050258096
-0.15861132803114494
-0.17794993898955425
-0.07314578840161585
-0.10355575466062339
-0.06719074010750913
-0.05431698739316351
-0.06070859016468159
-0.04543872216142785
-0.04344829086571702
-0.12340339630209322
-0.10787855831018327
-0.05357214477881969
-0.060101708323114025
-0.15861132803114494
-0.06923901744865255
0.019651693770852283
-0.12118301651941292
-0.1341512100337835
-0.1037059408542556
-0.06923901744865255
-0.10163453256793725
-0.06664024975206323
-0.12978117017346644
-0.19305811126207606
-0.07014548880701586
-0.12800162781470636
-0.029312030619070534
-0.12800162781470636
-0.060101708323114025
-0.09441008238912849
-0.10766917958218683
-0.07437304866830308
-0.0159158402542156
-0.10766917958218683
-0.015659226207472347
-0.1888496806608552
-0.07607804927899026
-0.07187752595739373
-0.05853268996518749
-0.06664024975206323
-0.23003799791458296
-0.12092650316404087
-0.07905765642550447
-0.12194036748227063
-0.07607804927899026
-0.08146804297525588
-0.07607804927899026
0.026063274320286975
-0.07314578840161585
-0.11721260447027951
-0.12530901424358018
-0.005081628211541501
-0.1341512100337835
-0.12800162781470636
-0.12679506800710214
-0.10752823432785075
-0.16073095852808583
-0.06664024975206323
-0.03909294246754635
-0.04705309966211129
-0.10029073562784739
-0.06708481220922086
-0.010825680664659035
-0.11803889300515764
-0.12194036748227063
-0.17359391093652263
-0.05044442123171296
-0.15263113213487794
-0.06664024975206323
-0.04254021352358812
-0.16096041264803096
-0.06252231157686598
-0.033485356779685276
-0.005081628211541501
-0.16096041264803096
-0.09832163943227251
-0.03247889781568809
-0.04344829086571702
-0.2716974422234323
-0.10755742102209365
-0.06768536171713613
-0.04095372679827643
-0.02726962937026168
-0.1501264514069124
-0.23003799791458296
-0.0799960588461304
-0.12194036748227063
-0.10752823432785075
-0.09522195609669622
-0.07187752595739373
-0.07905765642550447
-0.06618461124122696
-0.07106365434778174
-0.12194036748227063
-0.11789998585705783
-0.06169945996192056
-0.008721016295151466
-0.1116270592324171
-0.11822714163072691
-0.07585813893787291
-0.03247889781568809
-0.08146804297525588
-0.10766917958218683
-0.12706314563113272
-0.12668273678906689
-0.04881519100068607
-0.15263113213487794
-0.07117983124152152
-0.04543872216142785
-0.1332296299044773
-0.07106365434778174
-0.12118301651941292
-0.04705309966211129
-0.02726962937026168
-0.025383313405488436
-0.12530901424358018
-0.047328431975164634
-0.14671463132706136
-0.1213896825677783
-0.0472544802145726
-0.010825680664659035
-0.17311104383745848
-0.12679506800710214
-0.075441556110488
-0.06664024975206323
-0.04881519100068607
-0.14671463132706136
-0.10300388741560884
-0.0634129544501884
-0.2716974422234323
-0.06719074010750913
-0.06997428298723996
-0.17359391093652263
-0.16073095852808583
-0.16073095852808583
-0.04705309966211129
-0.13306230790112278
-0.05698531269396733
-0.0159158402542156
-0.21184672290833909
-0.10787855831018327
-0.12352189772774377
-0.11789998585705783
0.019651693770852283
-0.05792234460170147
-0.03909294246754635
-0.02425699602294119
-0.11721260447027951
-0.12340339630209322
-0.047328431975164634
-0.08531026181601152
-0.02726962937026168
-0.12092650316404087
-0.008721016295151466
-0.06923901744865255
-0.11822714163072691
-0.12118301651941292
-0.12706314563113272
-0.09832163943227251
-0.10354277687631133
-0.07185591548372358
-0.10752823432785075
-0.010825680664659035
-0.12679506800710214
-0.042226591121368305
-0.05792234460170147
-0.1888496806608552
-0.0472544802145726
-0.07014548880701586
-0.033485356779685276
-0.12978117017346644
-0.12679506800710214
-0.09522195609669622
-0.04705309966211129
-0.06664024975206323
-0.033485356779685276
-0.12978117017346644
-0.08842050258096
-0.1501264514069124
-0.10766917958218683
-0.07187752595739373
-0.06618461124122696
-0.07485304606728417
-0.05698531269396733
-0.09671288937925504
-0.16096041264803096
-0.10755742102209365
-0.13370828953455638
-0.12706314563113272
-0.1332296299044773
-0.07585813893787291
-0.08895918268289799
0.0034092574588023925
-0.047328431975164634
-0.12679506800710214
-0.02425699602294119
-0.12706314563113272
-0.27097779766556535
-0.02726962937026168
-0.12706314563113272
-0.09675817631391734
-0.27097779766556535
-0.06708481220922086
-0.06070859016468159
-0.12800162781470636
-0.11721260447027951
-0.08842050258096
-0.12978117017346644
-0.015659226207472347
-0.21184672290833909
-0.16757702974786642
-0.15263113213487794
0.0034092574588023925
-0.1888496806608552
-0.06664024975206323
-0.06748985133830315
-0.1037059408542556
-0.12668273678906689
-0.01292254060451634
-0.06923901744865255
-0.1116270592324171
-0.060101708323114025
-0.10029073562784739
0.0034092574588023925
-0.11789447338668325
-0.08842050258096
-0.025383313405488436
-0.09522195609669622
-0.05853268996518749
-0.17359391093652263
-0.060101708323114025
-0.042226591121368305
-0.16757702974786642
-0.09832163943227251
-0.13306230790112278
-0.12668273678906689
-0.12706314563113272
-0.12706314563113272
-0.21184672290833909
-0.06997428298723996
-0.06719074010750913
-0.01292254060451634
-0.075441556110488
-0.05431698739316351
-0.07437304866830308
-0.14128166246444376
-0.11351064910361203
-0.09522195609669622
-0.1332296299044773
-0.1037059408542556
-0.10755742102209365
-0.0634129544501884
-0.05431698739316351
-0.06844010356406019
-0.12668273678906689
-0.02425699602294119
-0.12352189772774377
-0.07607804927899026
-0.12706314563113272
-0.09675817631391734
-0.01292254060451634
-0.12706314563113272
-0.15263113213487794
-0.075441556110488
-0.19305811126207606
-0.21184672290833909
-0.10163453256793725
-0.10163453256793725
-0.16073095852808583
-0.17794993898955425
-0.0634129544501884
-0.16096041264803096
-0.025383313405488436
-0.05044442123171296
-0.15211491625987925
-0.07905765642550447
-0.16096041264803096
-0.1037059408542556
-0.015659226207472347
-0.07014548880701586
-0.1341512100337835
-0.03247889781568809
-0.15807794121514457
-0.08895918268289799
-0.03247889781568809
-0.05044442123171296
-0.075441556110488
-0.05357214477881969
-0.010825680664659035
-0.1213896825677783
-0.042226591121368305
-0.1037059408542556
-0.05431698739316351
-0.07106365434778174
-0.1315851372335269
-0.15602320457625085
-0.06844010356406019
-0.12530901424358018
-0.12668273678906689
-0.15861132803114494
-0.07106365434778174
0.039206503466450965
-0.06169945996192056
0.039206503466450965
-0.1037059408542556
-0.05792234460170147
-0.13370828953455638
-0.06708481220922086
-0.008721016295151466
-0.06618461124122696
-0.05431698739316351
-0.0901902892822076
-0.05792234460170147
-0.15602320457625085
-0.08531026181601152
-0.053473022694639695
-0.15861132803114494
-0.05044442123171296
-0.12340339630209322
-0.07905765642550447
-0.2716974422234323
-0.07117983124152152
-0.09522195609669622
-0.06252231157686598
0.039206503466450965
-0.10787855831018327
-0.08531026181601152
-0.01292254060451634
-0.10752823432785075
-0.06252231157686598
-0.025383313405488436
-0.053473022694639695
-0.16757702974786642
-0.047328431975164634
-0.05698531269396733
-0.13306230790112278
-0.060101708323114025
-0.06719074010750913
-0.06997428298723996
-0.09832163943227251
-0.14128166246444376
-0.08895918268289799
-0.05698531269396733
-0.053473022694639695
-0.07014548880701586
-0.10755742102209365
-0.14128166246444376
-0.13306230790112278
-0.06618461124122696
-0.15263113213487794
-0.12679506800710214
-0.12340339630209322
-0.11803889300515764
-0.1332296299044773
-0.10354277687631133
-0.06923901744865255
-0.03909294246754635
-0.10354277687631133
-0.1315851372335269
-0.015659226207472347
-0.12668273678906689
-0.026427145661212115
-0.06708481220922086
-0.0472544802145726
-0.0799960588461304
-0.13306230790112278
-0.06252231157686598
-0.0159158402542156
-0.02425699602294119
-0.04705309966211129
-0.1116270592324171
-0.11803889300515764
-0.09441008238912849
-0.16073095852808583
-0.04344829086571702
-0.12118301651941292
-0.005081628211541501
-0.06768536171713613
-0.01292254060451634
-0.025383313405488436
-0.10354277687631133
-0.06618461124122696
-0.1341512100337835
-0.04254021352358812
-0.03247889781568809
-0.09522195609669622
-0.010814144442840788
0.019651693770852283
-0.0901902892822076
-0.07187752595739373
-0.05357214477881969
-0.023762678829084036
-0.17311104383745848
-0.10787855831018327
-0.060101708323114025
-0.04254021352358812
-0.04881519100068607
-0.10766917958218683
-0.010814144442840788
-0.05962319057926363
-0.13306230790112278
-0.06997428298723996
-0.1332296299044773
-0.04095372679827643
-0.13306230790112278
-0.10755742102209365
-0.10163453256793725
-0.06923901744865255
-0.0799960588461304
-0.08895918268289799
-0.2716974422234323
-0.13306230790112278
-0.06844010356406019
-0.07485304606728417
-0.10766917958218683
-0.21184672290833909
-0.12679506800710214
-0.06719074010750913
-0.12530901424358018
-0.19305811126207606
-0.1888496806608552
-0.11949502617197698
-0.10355575466062339
-0.13370828953455638
-0.07185591548372358
-0.05853268996518749
-0.19305811126207606
-0.07014548880701586
-0.0634129544501884
-0.11803889300515764
-0.05431698739316351
-0.12352189772774377
-0.16096041264803096
-0.08146804297525588
-0.1332296299044773
-0.09306254844594106
-0.1037059408542556
-0.07314578840161585
-0.14631008072179502
-0.09671288937925504
-0.13306230790112278
-0.010814144442840788
0.026063274320286975
-0.14671463132706136
-0.11789998585705783
-0.10787855831018327
-0.12118301651941292
-0.15861132803114494
-0.10755742102209365
-0.1332296299044773
-0.12978117017346644
-0.14631008072179502
-0.03909294246754635
-0.0634129544501884
-0.16073095852808583
-0.02425699602294119
-0.1315851372335269
-0.06618461124122696
-0.010814144442840788
-0.04881519100068607
-0.1116270592324171
-0.08842050258096
-0.13370828953455638
-0.0799960588461304
-0.06997428298723996
-0.07485304606728417
-0.08293020795858683
-0.10355575466062339
-0.23003799791458296
-0.14674499792803153
-0.0159158402542156
-0.02425699602294119
-0.23003799791458296
-0.21184672290833909
-0.09817235070229234
-0.05698531269396733
-0.1501264514069124
-0.11789998585705783
-0.16096041264803096
-0.10354277687631133
-0.11789447338668325
-0.07585813893787291
-0.06070859016468159
-0.1332296299044773
-0.13370828953455638
-0.05698531269396733
-0.06664024975206323
-0.06748985133830315
-0.10029073562784739
-0.05431698739316351
-0.12352189772774377
-0.025383313405488436
-0.10766917958218683
-0.06923901744865255
-0.10752823432785075
-0.10787855831018327
-0.027515007180535987
-0.10787855831018327
-0.07106365434778174
-0.19305811126207606
-0.075441556110488
-0.12679506800710214
-0.13370828953455638
-0.08293020795858683
-0.010825680664659035
-0.12092650316404087
-0.14671463132706136
-0.07585813893787291
-0.06070859016468159
-0.12679506800710214
-0.03247889781568809
-0.02726962937026168
-0.06748985133830315
-0.0472544802145726
-0.05044442123171296
-0.23003799791458296
-0.010825680664659035
-0.1213896825677783
-0.06664024975206323
-0.07437304866830308
-0.07485304606728417
-0.1888496806608552
-0.08293020795858683
-0.05431698739316351
-0.06923901744865255
-0.06708481220922086
-0.12352189772774377
-0.10766917958218683
-0.08895918268289799
-0.02425699602294119
-0.02425699602294119
-0.10163453256793725
-0.0634129544501884
-0.09671288937925504
-0.1315851372335269
-0.10354277687631133
-0.07106365434778174
-0.13306230790112278
-0.10752823432785075
-0.03247889781568809
-0.14159487685864908
-0.06664024975206323
-0.015659226207472347
-0.06768536171713613
-0.0634129544501884
-0.053473022694639695
-0.06070859016468159
-0.12194036748227063
-0.11822714163072691
-0.060101708323114025
-0.033485356779685276
-0.07607804927899026
-0.06768536171713613
-0.04705309966211129
-0.053473022694639695
-0.06997428298723996
-0.12118301651941292
-0.06768536171713613
-0.1332296299044773
-0.13306230790112278
-0.05431698739316351
-0.06664024975206323
-0.1501264514069124
-0.026427145661212115
-0.07014548880701586
-0.12092650316404087
-0.04705309966211129
0.026063274320286975
-0.029312030619070534
-0.0799960588461304
-0.14674499792803153
-0.09832163943227251
-0.10354277687631133
-0.07037841490854929
-0.11803889300515764
-0.05792234460170147
-0.13306230790112278
-0.015659226207472347
-0.10300388741560884
-0.06719074010750913
-0.06664024975206323
0.0034092574588023925
-0.08842050258096
-0.053473022694639695
-0.0799960588461304
-0.1332296299044773
-0.17794993898955425
-0.14128166246444376
-0.05698531269396733
-0.14128166246444376
-0.08293020795858683
-0.05962319057926363
-0.06768536171713613
-0.05792234460170147
-0.0799960588461304
-0.27097779766556535
-0.09817235070229234
-0.08293020795858683
-0.17794993898955425
0.026063274320286975
-0.1888496806608552
-0.053473022694639695
-0.07437304866830308
-0.17359391093652263
-0.047328431975164634
0.026063274320286975
-0.1116270592324171
-0.11789447338668325
-0.07185591548372358
-0.06618461124122696
-0.12118301651941292
-0.11721260447027951
-0.07185591548372358
-0.02425699602294119
-0.16096041264803096
-0.12668273678906689
-0.06748985133830315
-0.010825680664659035
-0.06169945996192056
-0.04254021352358812
-0.060101708323114025
-0.06252231157686598
-0.10755742102209365
-0.015659226207472347
-0.0901902892822076
-0.15211491625987925
-0.023762678829084036
-0.02425699602294119
-0.07585813893787291
-0.07106365434778174
-0.05698531269396733
-0.06070859016468159
-0.12352189772774377
-0.08842050258096
-0.21184672290833909
-0.06070859016468159
-0.06252231157686598
-0.10300388741560884
-0.16073095852808583
-0.12668273678906689
-0.060101708323114025
-0.10300388741560884
-0.1037059408542556
-0.13306230790112278
-0.11822714163072691
-0.008721016295151466
-0.12092650316404087
-0.09671288937925504
-0.029312030619070534
0.026063274320286975
0.019651693770852283
-0.06708481220922086
-0.008721016295151466
-0.026427145661212115
-0.09817235070229234
-0.11721260447027951
-0.12194036748227063
-0.03909294246754635
-0.10354277687631133
-0.04705309966211129
-0.16096041264803096
-0.16073095852808583
-0.14674499792803153
-0.06748985133830315
-0.11721260447027951
-0.13306230790112278
-0.05431698739316351
-0.07037841490854929
-0.14631008072179502
-0.053473022694639695
0.019651693770852283
-0.12978117017346644
-0.10752823432785075
-0.06070859016468159
0.0034092574588023925
-0.11822714163072691
-0.005081628211541501
-0.12352189772774377
-0.07437304866830308
-0.11949502617197698
-0.11803889300515764
-0.15807794121514457
-0.060101708323114025
0.0034092574588023925
-0.042226591121368305
-0.060101708323114025
-0.11721260447027951
-0.07905765642550447
-0.10029073562784739
-0.07437304866830308
-0.19305811126207606
-0.07187752595739373
-0.05853268996518749
-0.1332296299044773
-0.05044442123171296
-0.04095372679827643
-0.04543872216142785
-0.04254021352358812
-0.0159158402542156
-0.14671463132706136
-0.029312030619070534
-0.06664024975206323
-0.010825680664659035
-0.11822714163072691
-0.10755742102209365
-0.11351064910361203
-0.12194036748227063
-0.005081628211541501
-0.2716974422234323
-0.060101708323114025
-0.005081628211541501
-0.06708481220922086
-0.08293020795858683
-0.06169945996192056
-0.0901902892822076
-0.07106365434778174
-0.060101708323114025
-0.10354277687631133
-0.06844010356406019
-0.033485356779685276
-0.14128166246444376
-0.08842050258096
-0.04705309966211129
-0.1037059408542556
-0.10300388741560884
-0.11949502617197698
-0.07106365434778174
-0.12118301651941292
-0.17794993898955425
-0.033485356779685276
-0.10355575466062339
-0.07905765642550447
-0.07905765642550447
-0.08531026181601152
-0.12194036748227063
-0.13306230790112278
-0.07187752595739373
-0.029312030619070534
-0.10787855831018327
-0.07185591548372358
-0.01292254060451634
-0.17794993898955425
-0.075441556110488
-0.10787855831018327
-0.10766917958218683
-0.11789447338668325
-0.07014548880701586
-0.07485304606728417
-0.06708481220922086
-0.12092650316404087
-0.11789447338668325
-0.033485356779685276
-0.14631008072179502
-0.01292254060451634
-0.0901902892822076
-0.047328431975164634
-0.060101708323114025
-0.09441008238912849
-0.09522195609669622
-0.1332296299044773
-0.08895918268289799
-0.14159487685864908
-0.11721260447027951
-0.13306230790112278
-0.03909294246754635
-0.0634129544501884
-0.01292254060451634
-0.12706314563113272
-0.0799960588461304
-0.11803889300515764
-0.06748985133830315
-0.09522195609669622
-0.12352189772774377
-0.04254021352358812
-0.09675817631391734
-0.17794993898955425
-0.05357214477881969
-0.023762678829084036
-0.1116270592324171
-0.005081628211541501
-0.05962319057926363
-0.09817235070229234
-0.010814144442840788
-0.06768536171713613
-0.09522195609669622
-0.023762678829084036
-0.1116270592324171
-0.008721016295151466
-0.05698531269396733
-0.12118301651941292
-0.12352189772774377
-0.042226591121368305
-0.11721260447027951
-0.047328431975164634
0.026063274320286975
-0.17794993898955425
-0.07117983124152152
-0.12706314563113272
-0.08293020795858683
-0.14674499792803153
-0.0159158402542156
-0.10752823432785075
-0.2716974422234323
-0.17359391093652263
-0.07117983124152152
-0.10355575466062339
-0.02726962937026168
-0.07014548880701586
-0.1888496806608552
-0.06748985133830315
-0.09441008238912849
-0.015659226207472347
-0.06169945996192056
-0.10755742102209365
-0.21184672290833909
-0.14159487685864908
-0.05044442123171296
-0.12530901424358018
-0.12978117017346644
-0.10300388741560884
-0.16757702974786642
-0.1332296299044773
-0.0159158402542156
-0.07106365434778174
-0.12706314563113272
-0.06997428298723996
-0.09671288937925504
-0.11351064910361203
-0.17794993898955425
-0.12978117017346644
-0.07037841490854929
-0.08842050258096
-0.14159487685864908
-0.10300388741560884
-0.1116270592324171
-0.17311104383745848
-0.14631008072179502
-0.04543872216142785
-0.05853268996518749
-0.042226591121368305
-0.11789998585705783
-0.16096041264803096
-0.09675817631391734
-0.15602320457625085
-0.11721260447027951
-0.06070859016468159
-0.02425699602294119
-0.08842050258096
-0.04705309966211129
0.026063274320286975
-0.09522195609669622
-0.06748985133830315
-0.04881519100068607
-0.07106365434778174
-0.010825680664659035
-0.19305811126207606
-0.17311104383745848
-0.12118301651941292
-0.06923901744865255
-0.1037059408542556
-0.025383313405488436
-0.07437304866830308
-0.0634129544501884
-0.05698531269396733
-0.04344829086571702
-0.1332296299044773
-0.023762678829084036
-0.12092650316404087
-0.029312030619070534
-0.11822714163072691
-0.15211491625987925
-0.23003799791458296
-0.07117983124152152
-0.14631008072179502
-0.025383313405488436
0.0034092574588023925
-0.12194036748227063
-0.04254021352358812
-0.16096041264803096
-0.02425699602294119
-0.12800162781470636
-0.05431698739316351
-0.13370828953455638
-0.11949502617197698
-0.07187752595739373
-0.008721016295151466
-0.05431698739316351
-0.05044442123171296
-0.17311104383745848
-0.1888496806608552
-0.05792234460170147
-0.16757702974786642
-0.02425699602294119
-0.03247889781568809
-0.042226591121368305
-0.05357214477881969
-0.05431698739316351
-0.010814144442840788
-0.09306254844594106
-0.07185591548372358
-0.10029073562784739
-0.01292254060451634
-0.14631008072179502
-0.09817235070229234
-0.05431698739316351
-0.06252231157686598
-0.16096041264803096
-0.12194036748227063
-0.2716974422234323
-0.09441008238912849
-0.010825680664659035
-0.15211491625987925
-0.0159158402542156
-0.06169945996192056
-0.15602320457625085
-0.08895918268289799
-0.06768536171713613
