0.00934195823329494
0.016428036088472365
0.02036845704233974
0.02036845704233974
-0.028251923170640264
-0.0014245775523706857
-0.028705635189172733
0.0005815905867479938
-0.09455800660037847
-0.023777390436084584
0.0026330050115960894
-0.09438436186661019
-0.09438436186661019
-0.019403366811172648
-0.03290724544024134
0.02494124220044941
-0.047568766333489096
-0.03578849317596638
0.016428036088472365
-0.01712842118866013
0.00934195823329494
-0.04090173153815642
0.016428036088472365
-0.09455800660037847
-0.008232760691202528
-0.023777390436084584
-0.037848186626299476
-0.0014245775523706857
0.03031680387364872
-0.04090173153815642
-0.029661249296093244
0.00934195823329494
-0.047568766333489096
-0.029661249296093244
-0.09438436186661019
0.0361541860896008
0.03031680387364872
-0.09438436186661019
-0.04090173153815642
0.0361541860896008
0.0361541860896008
-0.03290724544024134
-0.01712842118866013
0.03031680387364872
-0.01712842118866013
-0.027155654481351203
0.0026330050115960894
-0.021949066462978395
-0.04090173153815642
-0.09455800660037847
0.016428036088472365
-0.04090173153815642
-0.09438436186661019
0.0005815905867479938
-0.019403366811172648
0.02036845704233974
-0.09455800660037847
-0.027155654481351203
-0.03290724544024134
-0.047568766333489096
-0.09438436186661019
-0.008232760691202528
0.0361541860896008
-0.03578849317596638
-0.021949066462978395
-0.0014245775523706857
0.0026330050115960894
0.02036845704233974
-0.047568766333489096
-0.09438436186661019
-0.028251923170640264
0.02036845704233974
0.02494124220044941
0.016428036088472365
0.0361541860896008
-0.029661249296093244
-0.09438436186661019
0.03031680387364872
-0.01800510980072429
-0.037848186626299476
-0.029661249296093244
-0.023777390436084584
-0.03578849317596638
-0.023777390436084584
-0.09455800660037847
0.02036845704233974
-0.037848186626299476
-0.04090173153815642
0.03031680387364872
-0.02186729466218294
0.00934195823329494
-0.027155654481351203
-0.021949066462978395
0.02036845704233974
-0.01800510980072429
-0.023777390436084584
0.0361541860896008
-0.019403366811172648
0.02036845704233974
-0.027155654481351203
-0.03578849317596638
0.02494124220044941
-0.008232760691202528
0.02494124220044941
-0.01800510980072429
0.0026330050115960894
-0.019403366811172648
-0.09438436186661019
0.0026330050115960894
-0.01800510980072429
-0.047568766333489096
0.02036845704233974
-0.09438436186661019
0.0026330050115960894
-0.027155654481351203
0.03031680387364872
0.0026330050115960894
-0.023777390436084584
-0.09455800660037847
-0.03290724544024134
-0.09455800660037847
0.0361541860896008
-0.028705635189172733
-0.09455800660037847
-0.02186729466218294
-0.01800510980072429
0.03031680387364872
-0.028251923170640264
-0.03578849317596638
-0.09455800660037847
-0.028705635189172733
-0.037848186626299476
0.0005815905867479938
-0.028251923170640264
-0.09455800660037847
0.0005815905867479938
0.00934195823329494
0.016428036088472365
-0.008232760691202528
-0.037848186626299476
-0.09438436186661019
-0.04090173153815642
-0.09438436186661019
-0.09455800660037847
-0.02186729466218294
0.02036845704233974
-0.028251923170640264
-0.09455800660037847
-0.037848186626299476
-0.01800510980072429
-0.027155654481351203
-0.047568766333489096
-0.023777390436084584
0.016428036088472365
-0.09438436186661019
-0.023777390436084584
-0.03290724544024134
-0.03290724544024134
-0.037848186626299476
-0.037848186626299476
-0.03578849317596638
0.00934195823329494
-0.028705635189172733
-0.028705635189172733
0.00934195823329494
0.0361541860896008
-0.04090173153815642
0.02494124220044941
-0.02186729466218294
-0.008232760691202528
-0.019403366811172648
0.0026330050115960894
-0.028251923170640264
-0.01800510980072429
-0.029661249296093244
0.0361541860896008
-0.028251923170640264
0.02494124220044941
-0.019403366811172648
-0.0014245775523706857
-0.008232760691202528
-0.04090173153815642
0.02036845704233974
-0.02186729466218294
-0.02186729466218294
-0.021949066462978395
-0.0014245775523706857
0.03031680387364872
0.016428036088472365
-0.023777390436084584
-0.029661249296093244
0.02036845704233974
-0.02186729466218294
-0.037848186626299476
-0.09455800660037847
-0.03578849317596638
0.0361541860896008
-0.0014245775523706857
-0.019403366811172648
-0.01712842118866013
-0.023777390436084584
0.0361541860896008
0.0005815905867479938
-0.04090173153815642
0.016428036088472365
-0.021949066462978395
-0.037848186626299476
-0.028251923170640264
0.03031680387364872
0.00934195823329494
-0.023777390436084584
-0.03578849317596638
-0.047568766333489096
0.00934195823329494
0.03031680387364872
-0.01712842118866013
0.0026330050115960894
0.0026330050115960894
-0.037848186626299476
-0.047568766333489096
-0.04090173153815642
-0.028251923170640264
-0.021949066462978395
-0.03290724544024134
-0.01712842118866013
-0.028705635189172733
-0.02186729466218294
-0.027155654481351203
0.0005815905867479938
-0.008232760691202528
0.0361541860896008
0.02494124220044941
0.02494124220044941
-0.02186729466218294
0.016428036088472365
-0.029661249296093244
-0.047568766333489096
-0.01712842118866013
-0.09438436186661019
-0.027155654481351203
-0.03290724544024134
-0.019403366811172648
-0.09455800660037847
-0.01800510980072429
-0.03578849317596638
0.03031680387364872
-0.028251923170640264
0.00934195823329494
-0.008232760691202528
0.02494124220044941
-0.01800510980072429
-0.03290724544024134
-0.047568766333489096
0.02494124220044941
-0.03578849317596638
-0.03578849317596638
-0.01712842118866013
-0.037848186626299476
-0.028251923170640264
-0.037848186626299476
-0.037848186626299476
-0.023777390436084584
-0.01712842118866013
0.0005815905867479938
-0.021949066462978395
-0.029661249296093244
0.02494124220044941
0.02036845704233974
-0.03290724544024134
-0.019403366811172648
-0.021949066462978395
0.02036845704233974
0.0361541860896008
-0.09455800660037847
0.016428036088472365
-0.028705635189172733
-0.028705635189172733
-0.09438436186661019
0.0005815905867479938
-0.01800510980072429
-0.09455800660037847
0.016428036088472365
-0.047568766333489096
0.016428036088472365
-0.028705635189172733
0.02494124220044941
0.0361541860896008
-0.047568766333489096
-0.02186729466218294
0.0005815905867479938
-0.0014245775523706857
-0.09438436186661019
0.0005815905867479938
-0.09438436186661019
0.0361541860896008
-0.0014245775523706857
0.02036845704233974
-0.037848186626299476
-0.047568766333489096
0.0361541860896008
-0.03290724544024134
0.0361541860896008
-0.028705635189172733
0.02494124220044941
0.0005815905867479938
-0.09438436186661019
-0.0014245775523706857
-0.09455800660037847
-0.04090173153815642
-0.019403366811172648
-0.037848186626299476
-0.0014245775523706857
-0.019403366811172648
0.03031680387364872
-0.029661249296093244
-0.037848186626299476
-0.027155654481351203
-0.03290724544024134
0.02036845704233974
-0.027155654481351203
-0.09438436186661019
-0.023777390436084584
-0.021949066462978395
-0.028705635189172733
0.02494124220044941
0.00934195823329494
-0.09455800660037847
-0.03290724544024134
-0.09455800660037847
-0.021949066462978395
-0.021949066462978395
0.0361541860896008
0.016428036088472365
-0.0014245775523706857
-0.0014245775523706857
-0.027155654481351203
-0.01800510980072429
0.02494124220044941
-0.029661249296093244
-0.03578849317596638
-0.09455800660037847
0.02494124220044941
-0.023777390436084584
-0.028705635189172733
-0.01800510980072429
0.02036845704233974
-0.019403366811172648
0.0005815905867479938
0.02036845704233974
-0.09455800660037847
-0.037848186626299476
-0.047568766333489096
-0.09438436186661019
-0.09438436186661019
-0.03290724544024134
0.02036845704233974
-0.008232760691202528
-0.029661249296093244
0.0005815905867479938
-0.027155654481351203
0.0005815905867479938
-0.03290724544024134
0.03031680387364872
0.0361541860896008
-0.027155654481351203
0.0361541860896008
-0.028705635189172733
0.0026330050115960894
-0.028705635189172733
0.0005815905867479938
-0.008232760691202528
-0.028705635189172733
-0.027155654481351203
0.0361541860896008
0.02494124220044941
0.0026330050115960894
-0.028705635189172733
-0.008232760691202528
-0.037848186626299476
-0.03578849317596638
0.0005815905867479938
-0.09455800660037847
-0.023777390436084584
0.00934195823329494
-0.01712842118866013
-0.029661249296093244
-0.021949066462978395
0.0026330050115960894
-0.04090173153815642
-0.01800510980072429
-0.02186729466218294
0.03031680387364872
-0.021949066462978395
-0.023777390436084584
0.0361541860896008
0.0026330050115960894
0.02494124220044941
-0.09438436186661019
0.0005815905867479938
-0.028251923170640264
-0.008232760691202528
-0.03290724544024134
-0.03290724544024134
-0.037848186626299476
-0.02186729466218294
0.00934195823329494
-0.019403366811172648
-0.09438436186661019
-0.0014245775523706857
0.03031680387364872
-0.023777390436084584
0.0005815905867479938
-0.047568766333489096
0.02494124220044941
-0.028251923170640264
-0.028705635189172733
-0.028251923170640264
-0.01712842118866013
-0.023777390436084584
-0.023777390436084584
0.02036845704233974
0.016428036088472365
-0.023777390436084584
-0.037848186626299476
-0.037848186626299476
-0.047568766333489096
-0.037848186626299476
-0.01800510980072429
-0.03578849317596638
-0.09438436186661019
-0.023777390436084584
-0.027155654481351203
-0.029661249296093244
-0.09438436186661019
-0.0014245775523706857
0.0005815905867479938
-0.037848186626299476
-0.04090173153815642
-0.09455800660037847
0.02494124220044941
-0.04090173153815642
-0.019403366811172648
-0.028251923170640264
-0.03578849317596638
-0.01800510980072429
-0.028251923170640264
0.0005815905867479938
-0.029661249296093244
-0.03578849317596638
0.03031680387364872
-0.028705635189172733
-0.0014245775523706857
0.02494124220044941
-0.028705635189172733
0.0005815905867479938
-0.028251923170640264
-0.04090173153815642
0.0361541860896008
-0.029661249296093244
-0.027155654481351203
0.0005815905867479938
-0.028251923170640264
-0.03578849317596638
-0.028251923170640264
0.00934195823329494
-0.008232760691202528
-0.008232760691202528
-0.028705635189172733
0.03031680387364872
-0.029661249296093244
0.03031680387364872
-0.023777390436084584
-0.027155654481351203
0.0361541860896008
0.0026330050115960894
-0.03578849317596638
-0.02186729466218294
-0.02186729466218294
0.0026330050115960894
-0.01712842118866013
-0.01800510980072429
-0.09438436186661019
-0.01712842118866013
-0.0014245775523706857
-0.008232760691202528
-0.01712842118866013
-0.09455800660037847
-0.09438436186661019
0.03031680387364872
0.00934195823329494
-0.04090173153815642
-0.028705635189172733
-0.01800510980072429
0.0005815905867479938
-0.008232760691202528
-0.047568766333489096
0.02494124220044941
0.016428036088472365
0.0361541860896008
-0.021949066462978395
-0.03578849317596638
-0.008232760691202528
0.0026330050115960894
-0.023777390436084584
0.02036845704233974
0.02036845704233974
-0.028705635189172733
0.02036845704233974
-0.021949066462978395
-0.0014245775523706857
-0.029661249296093244
0.0361541860896008
0.02494124220044941
-0.028705635189172733
-0.09455800660037847
-0.047568766333489096
0.0005815905867479938
-0.023777390436084584
-0.028705635189172733
-0.028705635189172733
-0.01712842118866013
-0.021949066462978395
0.0005815905867479938
-0.04090173153815642
-0.02186729466218294
-0.023777390436084584
-0.028251923170640264
-0.037848186626299476
-0.0014245775523706857
-0.019403366811172648
-0.027155654481351203
-0.01712842118866013
-0.023777390436084584
0.0005815905867479938
-0.021949066462978395
-0.01712842118866013
-0.029661249296093244
0.016428036088472365
-0.03290724544024134
0.00934195823329494
0.016428036088472365
-0.029661249296093244
-0.03290724544024134
-0.01712842118866013
-0.01800510980072429
-0.03578849317596638
-0.03578849317596638
0.03031680387364872
-0.019403366811172648
-0.047568766333489096
-0.028705635189172733
-0.04090173153815642
-0.023777390436084584
-0.02186729466218294
-0.021949066462978395
0.0026330050115960894
-0.021949066462978395
-0.029661249296093244
-0.02186729466218294
-0.01712842118866013
-0.047568766333489096
0.0005815905867479938
0.0361541860896008
0.016428036088472365
0.0005815905867479938
-0.021949066462978395
0.00934195823329494
0.016428036088472365
-0.09455800660037847
-0.09455800660037847
0.0026330050115960894
-0.021949066462978395
-0.0014245775523706857
-0.02186729466218294
0.0005815905867479938
-0.02186729466218294
0.016428036088472365
0.00934195823329494
0.016428036088472365
-0.008232760691202528
-0.04090173153815642
-0.019403366811172648
-0.028251923170640264
-0.0014245775523706857
-0.037848186626299476
0.03031680387364872
-0.01800510980072429
-0.03290724544024134
0.02494124220044941
-0.09438436186661019
-0.028251923170640264
0.0361541860896008
0.00934195823329494
-0.029661249296093244
-0.03290724544024134
-0.047568766333489096
-0.019403366811172648
-0.028251923170640264
-0.029661249296093244
0.02036845704233974
-0.028705635189172733
0.0005815905867479938
0.02494124220044941
-0.029661249296093244
-0.028705635189172733
-0.0014245775523706857
0.02494124220044941
-0.037848186626299476
-0.027155654481351203
-0.028251923170640264
-0.028251923170640264
-0.023777390436084584
-0.037848186626299476
-0.01800510980072429
-0.037848186626299476
-0.028705635189172733
-0.021949066462978395
0.00934195823329494
0.00934195823329494
0.0361541860896008
-0.023777390436084584
-0.037848186626299476
-0.047568766333489096
-0.019403366811172648
-0.027155654481351203
-0.037848186626299476
0.02494124220044941
-0.047568766333489096
0.00934195823329494
-0.029661249296093244
-0.008232760691202528
0.0026330050115960894
-0.01800510980072429
-0.03290724544024134
0.02494124220044941
-0.019403366811172648
-0.019403366811172648
-0.019403366811172648
-0.01712842118866013
0.016428036088472365
0.03031680387364872
-0.09438436186661019
-0.02186729466218294
-0.019403366811172648
0.02036845704233974
-0.09438436186661019
0.00934195823329494
0.016428036088472365
-0.037848186626299476
-0.028705635189172733
-0.03578849317596638
-0.09438436186661019
-0.09438436186661019
-0.021949066462978395
0.02036845704233974
-0.0014245775523706857
-0.02186729466218294
0.00934195823329494
-0.0014245775523706857
0.016428036088472365
-0.029661249296093244
-0.037848186626299476
-0.04090173153815642
-0.09455800660037847
-0.021949066462978395
-0.0014245775523706857
-0.047568766333489096
0.02494124220044941
-0.09438436186661019
0.0026330050115960894
0.0005815905867479938
0.0005815905867479938
-0.027155654481351203
-0.008232760691202528
-0.028251923170640264
-0.047568766333489096
0.0361541860896008
-0.029661249296093244
-0.09455800660037847
-0.047568766333489096
-0.09455800660037847
0.0361541860896008
-0.01712842118866013
-0.09455800660037847
-0.027155654481351203
-0.008232760691202528
-0.021949066462978395
-0.04090173153815642
-0.027155654481351203
-0.027155654481351203
-0.027155654481351203
-0.023777390436084584
-0.04090173153815642
0.0361541860896008
-0.008232760691202528
0.02036845704233974
-0.023777390436084584
0.03031680387364872
-0.0014245775523706857
-0.09438436186661019
-0.047568766333489096
0.0361541860896008
-0.02186729466218294
-0.03578849317596638
-0.019403366811172648
-0.03578849317596638
-0.01712842118866013
-0.028251923170640264
-0.01800510980072429
0.0361541860896008
-0.027155654481351203
-0.0014245775523706857
-0.028251923170640264
-0.01800510980072429
0.02036845704233974
-0.03578849317596638
-0.008232760691202528
0.0005815905867479938
-0.01712842118866013
0.02036845704233974
-0.03290724544024134
-0.028251923170640264
-0.023777390436084584
-0.03578849317596638
0.03031680387364872
-0.028705635189172733
0.0361541860896008
-0.02186729466218294
-0.028251923170640264
-0.027155654481351203
-0.03290724544024134
-0.03290724544024134
-0.03290724544024134
-0.027155654481351203
-0.047568766333489096
0.02036845704233974
-0.008232760691202528
-0.047568766333489096
-0.037848186626299476
-0.047568766333489096
0.03031680387364872
-0.028705635189172733
0.0361541860896008
-0.029661249296093244
0.0005815905867479938
0.0361541860896008
-0.03290724544024134
-0.09438436186661019
-0.021949066462978395
0.0026330050115960894
0.0005815905867479938
-0.037848186626299476
0.02036845704233974
-0.03578849317596638
-0.037848186626299476
-0.021949066462978395
-0.028251923170640264
0.03031680387364872
0.02494124220044941
-0.0014245775523706857
-0.0014245775523706857
-0.021949066462978395
-0.09438436186661019
0.0005815905867479938
0.016428036088472365
-0.03578849317596638
-0.01800510980072429
-0.029661249296093244
-0.03578849317596638
-0.019403366811172648
0.0005815905867479938
0.016428036088472365
-0.047568766333489096
-0.029661249296093244
0.03031680387364872
-0.04090173153815642
-0.047568766333489096
0.0005815905867479938
-0.01800510980072429
-0.029661249296093244
0.02494124220044941
-0.03290724544024134
0.0005815905867479938
-0.019403366811172648
-0.09455800660037847
-0.02186729466218294
0.0005815905867479938
-0.028705635189172733
-0.028251923170640264
-0.037848186626299476
-0.04090173153815642
0.02036845704233974
-0.03290724544024134
-0.02186729466218294
-0.028251923170640264
0.0005815905867479938
-0.021949066462978395
0.00934195823329494
0.03031680387364872
0.03031680387364872
0.0361541860896008
0.00934195823329494
-0.03578849317596638
-0.023777390436084584
-0.03290724544024134
-0.029661249296093244
-0.029661249296093244
-0.01712842118866013
0.02036845704233974
0.0361541860896008
0.02494124220044941
-0.09438436186661019
-0.023777390436084584
-0.021949066462978395
-0.01712842118866013
-0.03578849317596638
0.0026330050115960894
0.016428036088472365
0.02494124220044941
-0.0014245775523706857
-0.021949066462978395
0.02494124220044941
-0.03290724544024134
-0.047568766333489096
-0.047568766333489096
-0.019403366811172648
0.016428036088472365
-0.09455800660037847
-0.02186729466218294
0.0361541860896008
-0.03290724544024134
-0.029661249296093244
-0.019403366811172648
-0.008232760691202528
0.0026330050115960894
-0.008232760691202528
0.0005815905867479938
-0.028705635189172733
0.00934195823329494
0.03031680387364872
-0.09455800660037847
-0.09438436186661019
0.00934195823329494
0.02494124220044941
-0.047568766333489096
-0.09455800660037847
0.02036845704233974
-0.09455800660037847
-0.03578849317596638
-0.023777390436084584
-0.04090173153815642
0.016428036088472365
-0.037848186626299476
-0.02186729466218294
-0.01712842118866013
-0.09438436186661019
-0.019403366811172648
0.0005815905867479938
0.016428036088472365
-0.02186729466218294
-0.03290724544024134
0.03031680387364872
-0.027155654481351203
-0.021949066462978395
-0.047568766333489096
-0.029661249296093244
-0.027155654481351203
0.02036845704233974
-0.04090173153815642
-0.019403366811172648
0.00934195823329494
-0.01800510980072429
-0.029661249296093244
0.0026330050115960894
0.0005815905867479938
-0.0014245775523706857
-0.09455800660037847
-0.01800510980072429
-0.03290724544024134
-0.021949066462978395
-0.01712842118866013
0.0361541860896008
-0.047568766333489096
-0.029661249296093244
0.0005815905867479938
-0.01800510980072429
-0.01712842118866013
-0.01800510980072429
-0.01800510980072429
0.0026330050115960894
-0.09438436186661019
-0.029661249296093244
0.0361541860896008
-0.028251923170640264
-0.037848186626299476
-0.01800510980072429
0.02494124220044941
-0.029661249296093244
0.0361541860896008
0.03031680387364872
0.0005815905867479938
-0.03578849317596638
-0.037848186626299476
-0.03290724544024134
-0.029661249296093244
-0.02186729466218294
0.02494124220044941
-0.0014245775523706857
0.016428036088472365
-0.09438436186661019
-0.029661249296093244
0.0005815905867479938
-0.047568766333489096
0.0361541860896008
0.00934195823329494
0.016428036088472365
-0.09438436186661019
0.016428036088472365
0.016428036088472365
-0.037848186626299476
-0.01712842118866013
-0.04090173153815642
-0.02186729466218294
-0.023777390436084584
0.02494124220044941
0.02036845704233974
-0.02186729466218294
-0.021949066462978395
-0.047568766333489096
-0.09438436186661019
-0.01712842118866013
-0.047568766333489096
0.0026330050115960894
-0.029661249296093244
-0.02186729466218294
-0.037848186626299476
0.0005815905867479938
0.0361541860896008
0.00934195823329494
-0.029661249296093244
0.02494124220044941
-0.0014245775523706857
0.02036845704233974
-0.028705635189172733
-0.02186729466218294
0.03031680387364872
0.02494124220044941
-0.03578849317596638
-0.01800510980072429
-0.021949066462978395
-0.02186729466218294
0.0005815905867479938
0.02494124220044941
0.0005815905867479938
0.0026330050115960894
-0.028251923170640264
0.03031680387364872
0.02036845704233974
0.0005815905867479938
-0.023777390436084584
-0.008232760691202528
-0.029661249296093244
0.0026330050115960894
-0.01712842118866013
-0.047568766333489096
-0.03290724544024134
0.0361541860896008
0.0026330050115960894
-0.027155654481351203
-0.037848186626299476
-0.047568766333489096
-0.037848186626299476
-0.029661249296093244
0.02036845704233974
-0.027155654481351203
-0.019403366811172648
-0.028705635189172733
-0.021949066462978395
0.0026330050115960894
-0.02186729466218294
-0.04090173153815642
0.02494124220044941
-0.037848186626299476
-0.021949066462978395
-0.09438436186661019
0.00934195823329494
0.03031680387364872
-0.027155654481351203
-0.0014245775523706857
0.0361541860896008
-0.028251923170640264
-0.03290724544024134
-0.03578849317596638
-0.02186729466218294
-0.028705635189172733
-0.019403366811172648
0.03031680387364872
0.03031680387364872
-0.01800510980072429
-0.01800510980072429
