-0.08077467689570114
-0.06070403389125225
-0.04082582640244528
0.008976222558948116
-0.08086050231754945
-0.08697890053603537
-0.011578278329284084
-0.1255089075720126
-0.00562705268429181
-0.005606179202136872
-0.01782589288674825
-0.10266177925489786
-0.034704704131991705
-0.050551056428469944
-0.048742498268686124
0.008976222558948116
-0.015901369956198317
0.008976222558948116
-0.17297924108785567
0.00915325822521825
-0.013029002990030049
-0.009321654982234284
-0.02409637578498275
-0.08458485106535867
0.01021797009632051
0.00044075169230629597
-0.029911932515884455
0.01326236070909194
-0.02212309177712793
-0.045003385721903856
-0.05353634627727479
-0.00562705268429181
-0.017762142959765522
-0.11033652707207792
-0.08847865499759092
-0.042880992320256876
-0.027631979332483965
0.01244257219414305
0.012294995110217467
-0.03990962149729637
-0.048742498268686124
-0.008608855394221744
-0.04628478822466336
-0.06818587268325908
-0.04478259762561849
-0.08086050231754945
-0.08802176173826011
-0.11514179046472617
0.0317367927463787
-0.00562705268429181
-0.019296683698770335
-0.02549508410892718
-0.010526470471212142
-0.022067322510936332
-0.08458485106535867
-0.045003385721903856
-0.02549508410892718
-0.04628478822466336
-0.1097037725265012
-0.1135790905613345
-0.05397115916181838
-0.08086050231754945
-0.06185710892189829
-0.1138979478409294
-0.07213278669213896
-0.08593802148995977
-0.01540414891386557
-0.0209575070946285
-0.02160113986115484
-0.01490126763957283
-0.07038891755849988
-0.005606179202136872
-0.026428867090277322
-0.048742498268686124
-0.08049829231143363
0.01326236070909194
-0.05833049021104401
-0.057979539394713134
-0.013238018863531549
-0.08697890053603537
0.001780005989717434
-0.050551056428469944
-0.02020603894788121
-0.03252213064072254
-0.0209575070946285
-0.04536774651669632
-0.048742498268686124
-0.07668311208784595
-0.06852759678227201
-0.053904665396593984
-0.06398795316917164
-0.09205791398171938
-0.024873938252645302
-0.05353634627727479
-0.05397115916181838
-0.03704649975664362
-0.015901369956198317
-0.074553595266025
-0.0160875515308426
-0.011178034861287198
-0.05248245951950473
-0.08802176173826011
-0.05588235914604368
-0.02938291963874361
-0.03416984303909595
-0.027701636174874224
-0.04536774651669632
-0.05416054914266548
-0.042880992320256876
-0.02160113986115484
-0.023096512074165937
-0.05248689235280869
-0.01782589288674825
-0.02409637578498275
-0.03623247516217925
-0.025159926816804956
-0.04187804026398794
-0.0683828713762007
0.012294995110217467
0.012431416929550767
-0.03584675308874204
-0.029911932515884455
-0.022954865043071676
-0.08086050231754945
-0.00562705268429181
-0.09847207755748227
-0.11514179046472617
-0.05248245951950473
-0.025159926816804956
-0.04264241932234069
-0.044318626814851325
-0.043762874169089694
-0.1138979478409294
0.00414727671268159
-0.022734583761784635
-0.01919659433612144
-0.06818587268325908
-0.07808824751792978
-0.02212309177712793
-0.021818617985581046
-0.03946532701627127
-0.02212309177712793
-0.042880992320256876
-0.03290029275312942
-0.07712267556655694
-0.023096512074165937
-0.045168473912291646
-0.06630698766949353
-0.014122270379593346
-0.0836636055674043
-0.08086050231754945
-0.03966241203746689
-0.07668311208784595
-0.1255089075720126
-0.05100621686993932
-0.01975758704243791
-0.08847865499759092
-0.02155506383203298
-0.11033652707207792
-0.045003385721903856
-0.009321654982234284
-0.017431532644979066
-0.03623247516217925
-0.05474423920159045
-0.05833049021104401
-0.02160113986115484
-0.034704704131991705
-0.053904665396593984
0.012431416929550767
-0.04101517877072601
0.0317367927463787
-0.09205791398171938
-0.05416054914266548
-0.020371757153425537
-0.0160875515308426
-0.02020603894788121
-0.1097037725265012
-0.06164575828280919
0.04059419707270133
0.01326236070909194
-0.005639036449530002
-0.06159331972047966
0.012294995110217467
-0.029911932515884455
-0.04250114177536962
-0.01975758704243791
-0.17297924108785567
-0.04082582640244528
-0.0683828713762007
-0.06728737570233759
-0.022067322510936332
-0.032047745749518616
0.006995987854395204
-0.029911932515884455
-0.10266177925489786
-0.057979539394713134
-0.042880992320256876
-0.09630316252358866
-0.00562705268429181
-0.022067322510936332
-0.032047745749518616
-0.027701636174874224
-0.040876398951065034
-0.1648417205483554
-0.07038891755849988
-0.074553595266025
-0.08697890053603537
-0.03252213064072254
-0.1648417205483554
0.009407618960900059
-0.07712267556655694
-0.039238079077092036
-0.02549508410892718
-0.07213278669213896
-0.08324367057373541
-0.0160875515308426
-0.020753715119400877
-0.03416984303909595
-0.045003385721903856
0.0235127215258845
-0.03701036907315054
-0.024873938252645302
-0.007547547812058601
-0.044318626814851325
-0.01687663206501364
-0.010824010035197614
-0.013238018863531549
-0.05833049021104401
-0.03623247516217925
-0.018450964017426463
-0.029911932515884455
-0.04951569278022287
-0.02155506383203298
-0.0160875515308426
-0.027856086964028214
0.0317367927463787
-0.02160113986115484
-0.0160875515308426
-0.12049009831648329
-0.027856086964028214
0.01244257219414305
-0.043437921672568956
0.00044075169230629597
-0.009321654982234284
-0.040876398951065034
-0.032047745749518616
-0.06070403389125225
-0.06630698766949353
-0.1134642460943642
-0.07302443226249154
-0.08802176173826011
-0.02659758414098155
-0.010824010035197614
-0.08086050231754945
-0.04082582640244528
-0.00562705268429181
-0.08645385594301908
-0.005639036449530002
-0.037543125446840755
-0.011178034861287198
-0.027701636174874224
-0.1135790905613345
-0.047679851772067315
-0.04101517877072601
-0.06398795316917164
-0.03946532701627127
-0.05446166546114885
-0.03946532701627127
-0.08086050231754945
-0.018450964017426463
-0.027631979332483965
-0.020371757153425537
-0.022734583761784635
-0.010824010035197614
-0.15366011819041892
-0.040876398951065034
-0.05248689235280869
-0.057979539394713134
-0.011578278329284084
-0.013238018863531549
-0.06818587268325908
-0.05446166546114885
-0.020371757153425537
-0.04250114177536962
-0.07302443226249154
-0.023096512074165937
-0.1097037725265012
-0.03290029275312942
-0.011178034861287198
-0.0160875515308426
-0.01490126763957283
-0.0160875515308426
-0.06630698766949353
-0.01919659433612144
0.00414727671268159
-0.047679851772067315
-0.11033652707207792
-0.09121901519930448
-0.022954865043071676
-0.021169845792580737
-0.01782589288674825
-0.06234707248744476
-0.013440832167107708
-0.03300629462912978
-0.07905571205263781
-0.06863112149111623
-0.020371757153425537
-0.057979539394713134
-0.03946532701627127
-0.03416984303909595
-0.018450964017426463
-0.037543125446840755
-0.07213278669213896
-0.043762874169089694
-0.06234707248744476
-0.020886072484925505
-0.011178034861287198
-0.02155506383203298
-0.03966241203746689
0.008976222558948116
-0.0160875515308426
-0.12049009831648329
-0.047679851772067315
-0.0160875515308426
-0.08802176173826011
-0.03631343848164488
-0.022954865043071676
-0.0209575070946285
-0.06106594646854606
-0.06630698766949353
-0.0648995846705469
-0.0648995846705469
0.015407084221105947
-0.02212309177712793
-0.06606591650533013
-0.043762874169089694
-0.02549508410892718
0.031553798476846515
-0.1134642460943642
-0.05248689235280869
-0.0617180314670793
-0.11514179046472617
-0.04478259762561849
-0.0268531101397315
-0.050551056428469944
-0.02549508410892718
-0.037543125446840755
-0.06070403389125225
-0.04628478822466336
-0.030661428473003127
-0.06728737570233759
0.01021797009632051
-0.05397115916181838
-0.020040168500337407
-0.007547547812058601
-0.022734583761784635
-0.05397115916181838
-0.04478259762561849
-0.022954865043071676
-0.03353891622018397
0.012294995110217467
-0.04187804026398794
-0.04250114177536962
-0.013238018863531549
-0.11514179046472617
-0.037543125446840755
-0.017762142959765522
-0.06234707248744476
-0.04536774651669632
-0.10299754343559112
-0.08077780887003819
-0.020886072484925505
-0.02409637578498275
-0.021169845792580737
-0.011178034861287198
-0.031332631152110886
-0.04536774651669632
-0.018450964017426463
-0.08593296416566049
-0.06852759678227201
-0.08593296416566049
-0.037543125446840755
-0.01975758704243791
-0.08324367057373541
-0.08086050231754945
0.01244257219414305
-0.053904665396593984
-0.03252213064072254
-0.06234707248744476
-0.10266177925489786
-0.019188569159850195
-0.1648417205483554
-0.01975758704243791
-0.08077780887003819
-0.05474423920159045
-0.026299296663953094
-0.03701036907315054
-0.008838602681539097
-0.031332631152110886
0.006995987854395204
-0.04478259762561849
-0.017431532644979066
-0.11514179046472617
-0.050551056428469944
-0.1138979478409294
-0.03631343848164488
-0.09847207755748227
0.006995987854395204
-0.17297924108785567
-0.05588235914604368
-0.057979539394713134
0.031553798476846515
-0.01687663206501364
-0.010526470471212142
-0.08593296416566049
-0.014122270379593346
-0.05474423920159045
-0.047679851772067315
-0.03704649975664362
0.01326236070909194
-0.010526470471212142
-0.008608855394221744
-0.05248689235280869
-0.008838602681539097
-0.07302443226249154
-0.03623247516217925
-0.07712267556655694
-0.03290029275312942
-0.05446166546114885
0.00414727671268159
-0.05353634627727479
-0.026299296663953094
-0.01919659433612144
-0.1097037725265012
-0.03946532701627127
-0.07905571205263781
-0.013440832167107708
-0.05833049021104401
-0.09847207755748227
-0.007547547812058601
-0.07712267556655694
-0.045003385721903856
-0.017762142959765522
-0.008838602681539097
-0.06728737570233759
-0.05833049021104401
-0.07213278669213896
-0.07905571205263781
-0.03290029275312942
-0.022734583761784635
-0.005639036449530002
-0.03252213064072254
-0.09305327117240497
-0.08802176173826011
-0.029911932515884455
-0.017431532644979066
-0.03990962149729637
-0.03416984303909595
-0.06164575828280919
-0.04101517877072601
-0.08847865499759092
-0.06164575828280919
-0.10299754343559112
-0.06070403389125225
-0.011178034861287198
-0.09121901519930448
-0.04441410714204149
0.01244257219414305
-0.0683828713762007
-0.026428867090277322
-0.03290029275312942
-0.08513262641229201
-0.03631343848164488
-0.15336523625648216
-0.010526470471212142
-0.045168473912291646
-0.02155506383203298
-0.0209575070946285
-0.1255089075720126
-0.042880992320256876
-0.06398795316917164
-0.04628478822466336
-0.03990962149729637
-0.04493204931618838
-0.02212309177712793
-0.06185710892189829
-0.05416054914266548
-0.08458485106535867
-0.023096512074165937
-0.03701036907315054
-0.08593802148995977
-0.047679851772067315
-0.08077467689570114
-0.05248689235280869
-0.013238018863531549
-0.06164575828280919
-0.03252213064072254
0.01021797009632051
-0.019296683698770335
-0.05397115916181838
-0.023096512074165937
-0.057979539394713134
0.026209078259755884
-0.008378932784599714
-0.05100621686993932
-0.019188569159850195
-0.013238018863531549
-0.08697890053603537
-0.03353891622018397
-0.008378932784599714
-0.03571254391462224
0.0235127215258845
-0.03584675308874204
-0.09630316252358866
-0.014122270379593346
-0.05446166546114885
-0.019296683698770335
-0.05248245951950473
-0.074553595266025
0.0317367927463787
0.006995987854395204
0.015407084221105947
0.026209078259755884
-0.0232914572162072
-0.03290029275312942
-0.03946532701627127
-0.01919659433612144
-0.03416984303909595
-0.01540414891386557
-0.03290029275312942
-0.03704649975664362
-0.07213278669213896
-0.0648995846705469
-0.03946532701627127
-0.04101517877072601
-0.03704649975664362
-0.026428867090277322
-0.007547547812058601
-0.0836636055674043
-0.1138979478409294
-0.03290029275312942
-0.08086050231754945
-0.09305327117240497
-0.020886072484925505
0.009407618960900059
-0.074553595266025
-0.06630698766949353
-0.013440832167107708
-0.029911932515884455
0.00414727671268159
-0.02409637578498275
-0.06106594646854606
-0.04082582640244528
0.011172647056832024
0.0317367927463787
-0.05353634627727479
-0.030173371018288805
-0.08324367057373541
-0.1648417205483554
0.04059419707270133
-0.011578278329284084
-0.04628478822466336
-0.013440832167107708
-0.06106594646854606
-0.09630316252358866
-0.06728737570233759
-0.043762874169089694
-0.03990962149729637
-0.06234707248744476
-0.15336523625648216
-0.026299296663953094
-0.03966241203746689
-0.02549508410892718
-0.015901369956198317
-0.03416984303909595
-0.09630316252358866
-0.005639036449530002
-0.021509400228048297
0.0235127215258845
-0.008602169125985326
-0.037543125446840755
-0.013029002990030049
-0.08086050231754945
-0.01782589288674825
-0.021818617985581046
-0.03185121861730023
-0.039238079077092036
-0.03290029275312942
-0.05833049021104401
0.026209078259755884
0.00915325822521825
-0.025159926816804956
-0.0209575070946285
-0.07668311208784595
-0.04628478822466336
-0.014122270379593346
-0.05416054914266548
-0.08049829231143363
-0.026299296663953094
-0.031332631152110886
-0.07213278669213896
-0.03416984303909595
0.015407084221105947
-0.032047745749518616
-0.03185121861730023
-0.08847865499759092
-0.043762874169089694
-0.02212309177712793
-0.02155506383203298
-0.10299754343559112
-0.03252213064072254
-0.03946532701627127
-0.11514179046472617
-0.023096512074165937
0.026209078259755884
-0.05248245951950473
-0.06398795316917164
-0.040876398951065034
-0.017762142959765522
-0.008608855394221744
0.0317367927463787
-0.08324367057373541
-0.026428867090277322
-0.021169845792580737
-0.005639036449530002
-0.01919659433612144
0.009407618960900059
0.031553798476846515
-0.04773398704829241
-0.030173371018288805
-0.005606179202136872
-0.012287383123342713
-0.045168473912291646
-0.02155506383203298
-0.005606179202136872
-0.06630698766949353
-0.1135790905613345
-0.031118723661400467
-0.07712267556655694
-0.07038891755849988
-0.07668311208784595
-0.017762142959765522
0.015407084221105947
-0.02549508410892718
-0.06164575828280919
-0.15366011819041892
-0.024873938252645302
-0.03704649975664362
-0.043437921672568956
-0.03416984303909595
-0.03704649975664362
-0.08324367057373541
-0.008378932784599714
-0.07712267556655694
-0.00562705268429181
-0.08645385594301908
-0.027631979332483965
-0.06234707248744476
-0.03966241203746689
-0.05248689235280869
-0.1255089075720126
-0.074553595266025
-0.02020603894788121
-0.04101517877072601
0.01326236070909194
-0.014122270379593346
-0.030795787872951078
-0.10266177925489786
-0.014122270379593346
-0.04536774651669632
-0.06106594646854606
-0.022954865043071676
-0.005639036449530002
-0.11123627711395834
-0.029911932515884455
-0.08324367057373541
-0.04773398704829241
-0.08077467689570114
-0.03704649975664362
0.012294995110217467
-0.034704704131991705
-0.025159926816804956
-0.024873938252645302
-0.043437921672568956
-0.029911932515884455
-0.05397115916181838
-0.02160113986115484
-0.08645385594301908
0.014416899524417284
-0.022734583761784635
-0.0683828713762007
-0.02659758414098155
-0.04478259762561849
-0.005606179202136872
-0.044318626814851325
0.012294995110217467
-0.04187804026398794
-0.00562705268429181
-0.03300629462912978
0.009407618960900059
-0.04082582640244528
-0.005639036449530002
-0.04773398704829241
-0.06234707248744476
-0.04101517877072601
0.01244257219414305
-0.03966241203746689
-0.074553595266025
-0.03393049305280041
-0.007547547812058601
-0.02155506383203298
-0.02155506383203298
0.012431416929550767
-0.0648995846705469
-0.043762874169089694
-0.039238079077092036
-0.10299754343559112
-0.06164575828280919
0.0317367927463787
-0.017762142959765522
-0.04536774651669632
-0.03290029275312942
-0.027701636174874224
0.01326236070909194
-0.1648417205483554
-0.05397115916181838
-0.08049829231143363
-0.05106605551162131
-0.15336523625648216
-0.00562705268429181
-0.06070403389125225
-0.08593802148995977
-0.043762874169089694
-0.008838602681539097
-0.043437921672568956
-0.048742498268686124
-0.09205791398171938
-0.05446166546114885
-0.008602169125985326
-0.022067322510936332
0.008976222558948116
-0.08593802148995977
-0.01687663206501364
-0.0209575070946285
-0.042880992320256876
-0.008838602681539097
-0.04951569278022287
-0.01919659433612144
-0.11123627711395834
-0.03393049305280041
-0.05416054914266548
-0.08593802148995977
-0.01782589288674825
-0.03416984303909595
-0.03290029275312942
0.0235127215258845
-0.06234707248744476
-0.00562705268429181
-0.07038891755849988
-0.018450964017426463
-0.08077467689570114
-0.04441410714204149
-0.01782589288674825
-0.06728737570233759
-0.034704704131991705
-0.09121901519930448
-0.05353634627727479
-0.042880992320256876
-0.03393049305280041
-0.008378932784599714
0.00915325822521825
-0.02020512684279747
-0.026428867090277322
-0.10266177925489786
-0.012287383123342713
-0.1097037725265012
0.012431416929550767
-0.017762142959765522
-0.06164575828280919
-0.025213897333421942
-0.03990962149729637
-0.01975758704243791
-0.03631343848164488
-0.03290029275312942
-0.06070403389125225
-0.01782589288674825
-0.04264241932234069
-0.013440832167107708
0.00414727671268159
-0.045003385721903856
-0.00562705268429181
-0.010824010035197614
-0.040876398951065034
-0.008838602681539097
-0.04951569278022287
-0.026428867090277322
0.031553798476846515
-0.03416984303909595
-0.06606591650533013
-0.07905571205263781
-0.0617180314670793
-0.07712267556655694
-0.07905571205263781
-0.04773398704829241
-0.008378932784599714
0.031553798476846515
-0.0232914572162072
-0.08593802148995977
-0.01975758704243791
0.031553798476846515
-0.026428867090277322
-0.08513262641229201
0.014416899524417284
-0.027856086964028214
-0.08077467689570114
-0.031118723661400467
-0.04773398704829241
-0.06606591650533013
-0.023096512074165937
0.00915325822521825
-0.04082582640244528
-0.008838602681539097
-0.017762142959765522
-0.022734583761784635
-0.03300629462912978
-0.06818587268325908
-0.03623247516217925
0.00915325822521825
-0.11514179046472617
-0.06398795316917164
-0.15366011819041892
-0.1648417205483554
0.04059419707270133
-0.03252213064072254
-0.05416054914266548
-0.009321654982234284
0.04059419707270133
-0.021818617985581046
-0.02155506383203298
-0.02549508410892718
-0.011178034861287198
-0.021169845792580737
-0.08645385594301908
0.012294995110217467
-0.06852759678227201
-0.019296683698770335
-0.05446166546114885
-0.044318626814851325
-0.010526470471212142
-0.07213278669213896
-0.021169845792580737
-0.06070403389125225
-0.019188569159850195
-0.0268531101397315
-0.021169845792580737
-0.03571254391462224
-0.02155506383203298
-0.024873938252645302
-0.04536774651669632
-0.07712267556655694
-0.043437921672568956
-0.03966241203746689
-0.040876398951065034
-0.06630698766949353
-0.043437921672568956
-0.010526470471212142
-0.023096512074165937
-0.08077467689570114
-0.02983500670577837
-0.008378932784599714
-0.04264241932234069
-0.03946532701627127
-0.02659758414098155
-0.02212309177712793
-0.03393049305280041
-0.008608855394221744
-0.03704649975664362
-0.011178034861287198
-0.05446166546114885
-0.020753715119400877
-0.04264241932234069
-0.037543125446840755
-0.03290029275312942
-0.01687663206501364
-0.11123627711395834
-0.09205791398171938
-0.053904665396593984
-0.034704704131991705
-0.018450964017426463
-0.039238079077092036
-0.11123627711395834
-0.02020512684279747
0.00915325822521825
-0.05100621686993932
0.01244257219414305
-0.08049829231143363
-0.053904665396593984
0.0235127215258845
-0.04441410714204149
0.001780005989717434
-0.031118723661400467
-0.009321654982234284
-0.04628478822466336
-0.048742498268686124
-0.08847865499759092
-0.0617180314670793
-0.06164575828280919
-0.08513262641229201
-0.042880992320256876
-0.02549508410892718
-0.02212309177712793
-0.012287383123342713
-0.08645385594301908
-0.009321654982234284
-0.03290029275312942
-0.06234707248744476
-0.025213897333421942
-0.03185121861730023
-0.008608855394221744
-0.008838602681539097
-0.05100621686993932
-0.0836636055674043
-0.032047745749518616
-0.10266177925489786
0.01326236070909194
-0.043437921672568956
-0.010824010035197614
-0.1648417205483554
-0.09205791398171938
-0.08458485106535867
-0.03966241203746689
-0.03300629462912978
0.011172647056832024
-0.03990962149729637
-0.08077467689570114
-0.020040168500337407
-0.05446166546114885
-0.027701636174874224
-0.1134642460943642
-0.010824010035197614
-0.04250114177536962
-0.05446166546114885
-0.009321654982234284
-0.050551056428469944
-0.027631979332483965
-0.03704649975664362
-0.03300629462912978
-0.06106594646854606
-0.08697890053603537
-0.011578278329284084
-0.03416984303909595
-0.020371757153425537
-0.04478259762561849
-0.01540414891386557
-0.09305327117240497
-0.02938291963874361
-0.019296683698770335
-0.045168473912291646
-0.025159926816804956
0.012431416929550767
-0.02020512684279747
0.001780005989717434
-0.04951569278022287
-0.07808824751792978
-0.0209575070946285
-0.013238018863531549
-0.00562705268429181
0.012294995110217467
-0.09205791398171938
-0.07213278669213896
-0.06863112149111623
-0.048742498268686124
-0.08458485106535867
-0.07808824751792978
-0.1138979478409294
-0.05446166546114885
-0.08458485106535867
0.01244257219414305
-0.04773398704829241
-0.020371757153425537
-0.03631343848164488
-0.06852759678227201
-0.019188569159850195
-0.04536774651669632
-0.0836636055674043
-0.05446166546114885
-0.06164575828280919
-0.020886072484925505
-0.022067322510936332
-0.07905571205263781
-0.040876398951065034
-0.04628478822466336
-0.042880992320256876
-0.037543125446840755
-0.04264241932234069
-0.11514179046472617
-0.1135790905613345
0.011172647056832024
-0.04536774651669632
-0.05416054914266548
