-0.03556969870631263
-0.048856487066289304
-0.10333524853929284
-0.06169190978507065
-0.013270137410671689
-0.10605108132588421
-0.036932160545398204
0.007358592963231455
-0.043215467313834376
-0.016777637059942115
0.006879546721146108
-0.12220137773729506
-0.10605108132588421
-0.06185370089699969
-0.08862389326783654
-0.04071791068095188
-0.06544575603080925
-0.02736247139372715
-0.04837868819747551
-0.03535859436532206
-0.03203171298817719
-0.04568557508727483
-0.030774402003689628
-0.07306899484254308
-0.05147035184957897
-0.04610825040924798
-0.1343988503003503
-0.02717398013715615
-0.05466759103679942
-0.07441273261198518
-0.004656282091382621
-0.022952912382090573
-0.04837868819747551
-0.04114229297941013
-0.10729613445630447
-0.04071791068095188
-0.012610503212271347
-0.07441273261198518
-0.02549590525686173
-0.02717398013715615
-0.03535859436532206
-0.02368365138389016
-0.024650008460817226
-0.12338062643078325
-0.053970959331647035
-0.08038946777850826
0.0005066111684279812
-0.022296337269733082
-0.016806332507693287
0.008944550433270491
-0.03355985491367159
-0.03696095241555024
-0.03390316284000296
-0.03355985491367159
-0.015808788640866808
-0.009005954773716478
-0.07862388707621422
-0.018104748137668183
-0.1251019954643344
-0.1498208200346181
-0.036518849506239855
-0.07586382518479293
-0.03535859436532206
-0.05022085093373852
0.02393291043373828
-0.04129321267565909
-0.10605108132588421
-0.05902485095549409
-0.08234137882189747
-0.016045822233740396
-0.030921755757709186
-0.02493403562867097
-0.07327748060716398
-0.016806332507693287
-0.041812852907355515
-0.02581911234931694
-0.07167058810688605
-0.05277729373497687
-0.04918092843660487
-0.09996329320082828
-0.07290184553310736
-0.06145829230507499
-0.016777637059942115
-0.05987025909359593
-0.08862389326783654
-0.02908918156620179
-0.03355985491367159
-0.12338062643078325
-0.0727098477591453
-0.013060591080285327
-0.11290769913829708
-0.09996329320082828
-0.10333524853929284
-0.03805645806575434
0.001498390957462928
-0.08105902699801322
-0.005537089258651022
-0.02908918156620179
-0.03404174102031221
-0.017217234868613852
0.001498390957462928
-0.013944638240259401
-0.07365809050847238
-0.04520628069285869
-0.052437863023449126
0.007358592963231455
-0.03203171298817719
-0.013060591080285327
-0.007139114539705939
-0.058074627949367616
-0.019752337620238838
-0.024959002902879963
-0.05600800523346011
-0.03805645806575434
-0.019921251934753824
-0.03535859436532206
-0.1343988503003503
-0.05147035184957897
0.008944550433270491
-0.09191857803066711
-0.03535859436532206
0.006879546721146108
-0.02549590525686173
-0.0537874132711394
-0.1343988503003503
-0.03696095241555024
0.006879546721146108
-0.07586382518479293
-0.022952912382090573
-0.020447368389450108
0.014924509340317886
-0.03535859436532206
-0.0946707306736192
-0.053970959331647035
0.018990760474109736
-0.07384920094349269
-0.058074627949367616
-0.1501507236764986
-0.05466759103679942
0.0005066111684279812
-0.04568557508727483
-0.12409202286957317
-0.03273935268439365
-0.03398816665943783
-0.022039994902787276
-0.019752337620238838
-0.030774402003689628
-0.026572884965430497
-0.03547198900105255
-0.04791985405055931
-0.0013505411561526995
-0.06506579025281237
-0.07327748060716398
-0.05466759103679942
-0.03273935268439365
-0.052437863023449126
-0.012610503212271347
-0.07869234149565793
-0.016806332507693287
0.016397916911834166
-0.04129321267565909
-0.07306899484254308
-0.07181523334023195
-0.031928900021058366
-0.07981409770701023
0.008944550433270491
-0.052437863023449126
-0.024650008460817226
-0.028621669223012226
-0.07365809050847238
-0.03060428452148921
-0.021160291119558666
-0.03329380626276263
-0.0946707306736192
-0.022517477221130195
-0.0520501203001917
-0.04570134913030919
-0.20038946487771206
-0.03535859436532206
-0.07441273261198518
-0.03805645806575434
-0.13393686619253878
-0.058720569328875635
-0.016045822233740396
-0.006941163098605266
-0.07327748060716398
0.007358592963231455
-0.05277729373497687
0.03769899960598686
-0.07306899484254308
0.04709970845272727
-0.02549590525686173
0.008944550433270491
-0.05600800523346011
-0.08097667996793485
-0.04570134913030919
-0.03390316284000296
-0.07869234149565793
-0.02581911234931694
-0.08234137882189747
-0.015808788640866808
-0.12338062643078325
-0.1343988503003503
-0.13673705419468984
-0.09996329320082828
-0.03805645806575434
-0.007139114539705939
-0.02493403562867097
-0.03830734222042058
-0.10729613445630447
-0.06185370089699969
-0.019752337620238838
-0.03547198900105255
-0.07586382518479293
-0.05095196050735464
-0.024650008460817226
-0.05147035184957897
-0.07384920094349269
-0.06169190978507065
-0.036844899192664884
-0.026572884965430497
-0.016442521131032724
-0.04257314245689887
-0.05902485095549409
-0.08234137882189747
-0.016442521131032724
-0.1501507236764986
-0.12693414501355965
-0.031022394246943738
-0.04837868819747551
-0.07856326382242106
-0.006941163098605266
-0.10729613445630447
-0.05600800523346011
-0.031928900021058366
-0.03355985491367159
-0.07120264738541887
-0.021109411509483953
0.006879546721146108
0.007631807865618713
0.008944550433270491
0.006879546721146108
-0.03547198900105255
0.001498390957462928
-0.04837868819747551
-0.036010931175922724
-0.049152003864451316
-0.015056178070512679
0.016397916911834166
-0.07181523334023195
-0.08862389326783654
-0.058074627949367616
-0.01086826392817284
-0.03696095241555024
-0.12220137773729506
0.007358592963231455
-0.0995719594978673
-0.05942177310301832
0.007358592963231455
-0.039978870414084156
-0.03273935268439365
-0.0310348088884927
-0.024650008460817226
-0.02816295874905068
0.0005066111684279812
-0.03547198900105255
-0.036844899192664884
-0.05987025909359593
0.006879546721146108
-0.011956241679857817
-0.05631787275845419
-0.058720569328875635
-0.021109411509483953
0.007631807865618713
0.0005066111684279812
-0.11290769913829708
-0.02858500982551223
-0.049152003864451316
-0.09262587099782639
-0.02368365138389016
-0.036518849506239855
-0.07247653899777298
-0.0752358017635047
-0.016442521131032724
-0.06349827397350637
-0.011956241679857817
-0.08833258948258035
-0.036010931175922724
-0.06210516461853972
-0.07384920094349269
-0.03398816665943783
-0.024650008460817226
-0.036844899192664884
0.016397916911834166
-0.03696095241555024
-0.1498208200346181
-0.07181523334023195
-0.058074627949367616
-0.12146107161157363
-0.022952912382090573
-0.08234137882189747
-0.08234137882189747
-0.045936534129933315
-0.0537874132711394
-0.07869234149565793
-0.20038946487771206
-0.015808788640866808
-0.03355985491367159
-0.019752337620238838
-0.10729613445630447
-0.039978870414084156
-0.03535859436532206
-0.0217387347787451
-0.12220137773729506
-0.04791985405055931
-0.11290769913829708
0.03769899960598686
-0.012629024748030558
-0.04129321267565909
-0.036010931175922724
-0.009005954773716478
-0.06145829230507499
-0.07869234149565793
-0.04071791068095188
0.007631807865618713
-0.05542174939229277
-0.04476310882871705
-0.03203171298817719
-0.03060428452148921
-0.12702167191921013
-0.018193543771735505
-0.06145829230507499
-0.013270137410671689
-0.016045822233740396
-0.030921755757709186
-0.04071791068095188
-0.02586843874328945
-0.05147035184957897
-0.02816295874905068
-0.12146107161157363
-0.05277729373497687
-0.06145829230507499
-0.022517477221130195
0.008944550433270491
-0.03535859436532206
-0.07365809050847238
0.016397916911834166
-0.036010931175922724
-0.07856326382242106
-0.002384122215623168
-0.05987025909359593
-0.1251019954643344
-0.022517477221130195
-0.012610503212271347
-0.05631787275845419
-0.018104748137668183
-0.030774402003689628
-0.030921755757709186
-0.12146107161157363
0.001498390957462928
-0.13393686619253878
-0.041704172699159804
-0.07586382518479293
-0.05942177310301832
-0.04257314245689887
-0.04610825040924798
-0.045936534129933315
-0.10729613445630447
-0.03355985491367159
-0.08194262961392394
-0.016806332507693287
-0.03452723341878622
0.02393291043373828
-0.03535859436532206
-0.009005954773716478
-0.022517477221130195
0.0603557409274693
-0.05466759103679942
-0.04568557508727483
-0.04114229297941013
-0.036010931175922724
-0.02000153406538639
-0.03830734222042058
-0.04071791068095188
-0.02586843874328945
-0.07586382518479293
-0.06169190978507065
0.008944550433270491
-0.0920503263881752
-0.02717398013715615
0.011509134648661695
-0.04837868819747551
-0.02717398013715615
-0.036844899192664884
0.001498390957462928
-0.06169190978507065
-0.019921251934753824
-0.06145829230507499
-0.03452723341878622
-0.06169190978507065
-0.07586382518479293
-0.05022085093373852
-0.09262587099782639
0.057733563030010926
-0.05987025909359593
-0.031022394246943738
-0.036844899192664884
-0.0920503263881752
-0.09996329320082828
-0.13393686619253878
-0.03398816665943783
-0.04071791068095188
-0.10729613445630447
-0.02368365138389016
-0.06210516461853972
-0.06931921239994979
-0.02736247139372715
-0.13393686619253878
-0.13673705419468984
-0.02493403562867097
-0.07120264738541887
-0.04791985405055931
-0.0013505411561526995
-0.12338062643078325
-0.05277729373497687
-0.07586964575045886
-0.0013505411561526995
-0.0520501203001917
-0.08234137882189747
-0.031928900021058366
-0.07862388707621422
-0.05095196050735464
-0.049152003864451316
-0.011956241679857817
-0.029660134826879757
-0.013060591080285327
-0.03203171298817719
-0.06349827397350637
-0.10605108132588421
-0.02549590525686173
-0.05095196050735464
-0.009005954773716478
-0.005537089258651022
-0.04252960629950387
-0.05095196050735464
-0.013944638240259401
-0.08234137882189747
-0.021109411509483953
-0.039978870414084156
-0.04837868819747551
0.007631807865618713
-0.07181523334023195
-0.03830734222042058
-0.1501507236764986
0.007631807865618713
-0.10605108132588421
-0.09996329320082828
-0.05987025909359593
-0.12174084007271001
0.001498390957462928
0.0603557409274693
-0.1343988503003503
-0.07247653899777298
-0.02581911234931694
-0.12146107161157363
-0.06185370089699969
0.006879546721146108
-0.07862388707621422
-0.03203171298817719
-0.02386763522442915
0.0603557409274693
-0.021160291119558666
-0.03535859436532206
-0.013270137410671689
-0.02816295874905068
-0.04476310882871705
-0.05599089490333074
-0.05631787275845419
-0.002384122215623168
-0.20038946487771206
-0.02816295874905068
-0.041704172699159804
-0.13393686619253878
-0.08105902699801322
-0.1498208200346181
0.03769899960598686
-0.05599089490333074
-0.07365809050847238
-0.1251019954643344
-0.038795436975124
-0.031022394246943738
-0.07586964575045886
-0.07327748060716398
-0.05542174939229277
-0.03390316284000296
0.011509134648661695
-0.03355985491367159
-0.05022085093373852
-0.030921755757709186
-0.031928900021058366
-0.02581911234931694
-0.04257314245689887
-0.049152003864451316
-0.07586964575045886
-0.03535859436532206
0.016397916911834166
-0.08194262961392394
-0.04570134913030919
-0.06185370089699969
-0.04071791068095188
-0.08105902699801322
-0.020447368389450108
-0.08097667996793485
-0.05942177310301832
-0.12220137773729506
0.007631807865618713
-0.02000153406538639
-0.04791985405055931
-0.04476310882871705
-0.04918092843660487
-0.07181523334023195
-0.06210516461853972
-0.022039994902787276
-0.016806332507693287
-0.05987025909359593
-0.13993811477105197
-0.03203171298817719
-0.0217387347787451
-0.017234733999120507
-0.02000153406538639
-0.052821858749056504
-0.03203171298817719
-0.07586964575045886
-0.0511129874924862
-0.015056178070512679
0.006879546721146108
-0.06210516461853972
-0.03273935268439365
-0.03404174102031221
-0.06506579025281237
0.008944550433270491
-0.031602291634110505
-0.0752358017635047
-0.09191857803066711
-0.053970959331647035
-0.045841822519432314
-0.013060591080285327
-0.05902485095549409
-0.058720569328875635
-0.045936534129933315
-0.041704172699159804
-0.038795436975124
-0.02586843874328945
-0.04160857100482206
-0.016045822233740396
-0.02908918156620179
-0.036010931175922724
-0.011956241679857817
-0.04476310882871705
-0.02549590525686173
0.020406921482493054
-0.05542174939229277
-0.04918092843660487
-0.04160857100482206
0.014924509340317886
-0.03203171298817719
-0.04918092843660487
-0.1498208200346181
-0.036844899192664884
-0.031602291634110505
0.02393291043373828
-0.029660134826879757
-0.005537089258651022
-0.039978870414084156
-0.020447368389450108
-0.03203171298817719
-0.03355985491367159
0.018990760474109736
-0.12702167191921013
-0.02717398013715615
-0.03830734222042058
-0.07327748060716398
-0.030921755757709186
-0.021160291119558666
0.0603557409274693
-0.13673705419468984
-0.12693414501355965
-0.022039994902787276
-0.039978870414084156
-0.05277729373497687
-0.0920503263881752
-0.12702167191921013
-0.026572884965430497
-0.0511129874924862
-0.0511129874924862
-0.043215467313834376
-0.13673705419468984
-0.019752337620238838
-0.05542174939229277
-0.03535859436532206
-0.03404174102031221
-0.031602291634110505
-0.041704172699159804
0.007358592963231455
-0.0013505411561526995
-0.016777637059942115
-0.0920503263881752
-0.0310348088884927
0.007358592963231455
-0.058074627949367616
-0.07247653899777298
-0.07120264738541887
-0.012610503212271347
-0.07384920094349269
-0.1498208200346181
-0.05631787275845419
-0.02386763522442915
-0.07120264738541887
-0.12702167191921013
-0.017234733999120507
-0.04570134913030919
-0.016777637059942115
-0.005537089258651022
-0.02736247139372715
-0.03203171298817719
-0.041812852907355515
-0.10333524853929284
0.03769899960598686
-0.09262587099782639
-0.12174084007271001
0.008944550433270491
-0.022952912382090573
-0.05095196050735464
-0.012629024748030558
-0.07586964575045886
-0.03535859436532206
-0.03390316284000296
-0.04791985405055931
-0.004656282091382621
-0.07869234149565793
-0.016777637059942115
-0.04504419504479585
-0.07586382518479293
-0.06346086562249657
-0.12146107161157363
-0.016806332507693287
-0.05942177310301832
-0.049152003864451316
-0.10333524853929284
-0.07181523334023195
-0.013060591080285327
-0.017206679711756136
-0.0920503263881752
-0.017217234868613852
-0.013944638240259401
-0.12174084007271001
-0.019752337620238838
-0.02368365138389016
-0.06185370089699969
-0.02493403562867097
-0.12693414501355965
-0.04918092843660487
-0.019921251934753824
-0.031022394246943738
-0.03805645806575434
-0.017234733999120507
-0.06145829230507499
-0.10333524853929284
-0.022517477221130195
-0.013944638240259401
-0.1116256444477194
-0.02493403562867097
-0.07290184553310736
-0.05599089490333074
-0.020447368389450108
-0.04837868819747551
-0.019752337620238838
-0.05277729373497687
-0.05987025909359593
-0.07181523334023195
-0.09262587099782639
-0.052821858749056504
-0.07586964575045886
-0.02736247139372715
-0.13393686619253878
0.03769899960598686
-0.0920503263881752
-0.05987025909359593
-0.048856487066289304
-0.04504419504479585
-0.036844899192664884
-0.031602291634110505
-0.04257314245689887
-0.052437863023449126
-0.05902485095549409
-0.04791985405055931
-0.12220137773729506
0.014924509340317886
-0.031602291634110505
-0.06931921239994979
-0.048856487066289304
-0.026572884965430497
-0.02858500982551223
-0.012610503212271347
-0.03398816665943783
-0.049152003864451316
-0.041812852907355515
-0.07247653899777298
-0.009005954773716478
-0.04160857100482206
-0.029660134826879757
-0.02549590525686173
-0.1501507236764986
-0.012629024748030558
-0.0752358017635047
-0.12409202286957317
-0.08097667996793485
0.0603557409274693
-0.06544575603080925
-0.019752337620238838
0.008944550433270491
-0.016045822233740396
-0.05902485095549409
-0.039978870414084156
-0.12174084007271001
-0.04504419504479585
-0.13673705419468984
-0.05147035184957897
-0.20038946487771206
0.020406921482493054
-0.0920503263881752
-0.08097667996793485
-0.08194262961392394
-0.03830734222042058
-0.012629024748030558
-0.03556969870631263
0.0603557409274693
0.011509134648661695
-0.09996329320082828
-0.02493403562867097
-0.13673705419468984
-0.04520628069285869
-0.04570134913030919
-0.018104748137668183
-0.045841822519432314
-0.06506579025281237
-0.1343988503003503
-0.052821858749056504
-0.006941163098605266
-0.031928900021058366
-0.017206679711756136
-0.11594277366386418
-0.045936534129933315
-0.07586964575045886
0.007631807865618713
-0.08234137882189747
-0.03830734222042058
-0.1343988503003503
-0.030921755757709186
-0.05600800523346011
-0.04114229297941013
-0.13393686619253878
-0.10333524853929284
-0.09262587099782639
-0.049152003864451316
-0.06169190978507065
-0.007139114539705939
-0.12146107161157363
-0.039978870414084156
-0.011956241679857817
-0.053970959331647035
-0.03273935268439365
-0.07290184553310736
-0.04520628069285869
-0.05277729373497687
-0.03696095241555024
-0.09262587099782639
-0.021160291119558666
-0.08862389326783654
-0.06210516461853972
-0.020447368389450108
-0.07869234149565793
-0.04837868819747551
-0.07167058810688605
0.008944550433270491
-0.04129321267565909
-0.013944638240259401
-0.05631787275845419
-1.8369951438099829e-06
-0.041704172699159804
-0.07290184553310736
-0.04476310882871705
-0.04252960629950387
-0.016442521131032724
-0.048856487066289304
-0.04570134913030919
-0.08862389326783654
-0.02000153406538639
-0.05542174939229277
-0.013060591080285327
-0.031928900021058366
-0.05600800523346011
-0.08234137882189747
-0.07365809050847238
-0.023314624818730405
0.001498390957462928
-0.03060428452148921
0.016397916911834166
-0.03547198900105255
0.03769899960598686
-0.03060428452148921
-0.022039994902787276
-0.03404174102031221
-0.05599089490333074
-0.052437863023449126
0.016397916911834166
-0.0752358017635047
-0.04520628069285869
-0.02386763522442915
-0.03398816665943783
-0.09996329320082828
-0.024650008460817226
-0.03452723341878622
-0.06544575603080925
-0.08234137882189747
-0.11290769913829708
-0.052821858749056504
-0.017217234868613852
-0.053970959331647035
0.016397916911834166
-0.03805645806575434
-0.028621669223012226
-0.0013505411561526995
-0.015056178070512679
-0.016777637059942115
-0.04570134913030919
-0.031022394246943738
-0.045936534129933315
0.016397916911834166
-0.10605108132588421
-0.09262587099782639
-0.031928900021058366
-0.05542174939229277
0.014924509340317886
-0.03060428452148921
-0.041812852907355515
-0.011956241679857817
-0.024959002902879963
-0.04252960629950387
-0.13673705419468984
-0.05902485095549409
-0.029660134826879757
-0.11594277366386418
-0.022952912382090573
-0.06145829230507499
-0.043215467313834376
-0.06506579025281237
-0.08833258948258035
0.007358592963231455
-0.04160857100482206
-0.017234733999120507
-0.08194262961392394
-0.006941163098605266
-0.02000153406538639
-0.0920503263881752
-0.043215467313834376
-0.05147035184957897
-0.07981409770701023
-0.10729613445630447
-0.013060591080285327
-0.05942177310301832
-0.04837868819747551
-0.04570134913030919
-0.07167058810688605
-0.022296337269733082
-0.09191857803066711
-0.04252960629950387
-0.03535859436532206
-0.1501507236764986
-0.02368365138389016
-0.0013505411561526995
-0.023314624818730405
-0.04504419504479585
0.008944550433270491
-0.07120264738541887
-0.041704172699159804
-0.05631787275845419
-0.09191857803066711
0.04709970845272727
-0.03355985491367159
-0.019921251934753824
-0.019921251934753824
-0.11290769913829708
-0.06346086562249657
-0.10333524853929284
-0.05631787275845419
0.006879546721146108
-0.03203171298817719
-0.06349827397350637
-0.006941163098605266
-0.048856487066289304
-0.016806332507693287
-0.07181523334023195
-0.04476310882871705
-0.022952912382090573
-0.02908918156620179
-0.08862389326783654
0.007631807865618713
-0.020447368389450108
-0.07384920094349269
-0.1251019954643344
-0.04071791068095188
-0.12693414501355965
0.020406921482493054
-0.12702167191921013
-0.1251019954643344
-0.052821858749056504
-0.012610503212271347
-0.05542174939229277
-0.03535859436532206
-0.031602291634110505
-0.030774402003689628
-0.039978870414084156
0.018990760474109736
-0.04570134913030919
-0.039978870414084156
-0.02816295874905068
-0.045841822519432314
-0.03696095241555024
-0.031928900021058366
-0.017206679711756136
-0.1116256444477194
-0.049152003864451316
-0.02549590525686173
-0.016442521131032724
-0.031928900021058366
-0.03390316284000296
-0.01086826392817284
-0.0520501203001917
-0.036844899192664884
-0.02493403562867097
-0.0520501203001917
-0.09996329320082828
-0.07856326382242106
-0.021109411509483953
-0.1501507236764986
-0.1116256444477194
-0.020447368389450108
-0.0537874132711394
0.057733563030010926
-0.07181523334023195
-0.03452723341878622
-0.08862389326783654
-0.07384920094349269
-0.023314624818730405
0.057733563030010926
-0.058074627949367616
-0.05147035184957897
-0.06145829230507499
-0.018104748137668183
-0.049152003864451316
-0.03535859436532206
0.016397916911834166
-0.12174084007271001
-0.02549590525686173
-0.03556969870631263
-0.023314624818730405
-0.07856326382242106
-0.022952912382090573
-0.03355985491367159
-0.015808788640866808
-0.04114229297941013
-0.05466759103679942
-0.05599089490333074
-0.02549590525686173
-0.028621669223012226
-0.03390316284000296
-0.02493403562867097
-0.13393686619253878
-0.11290769913829708
-0.031602291634110505
-0.20038946487771206
-0.045841822519432314
-0.12702167191921013
-0.04071791068095188
-0.041704172699159804
-0.07862388707621422
-0.036010931175922724
-0.07862388707621422
0.008944550433270491
-0.05599089490333074
-0.036844899192664884
-0.007139114539705939
-0.021109411509483953
-0.06544575603080925
-0.08105902699801322
-0.06931921239994979
-0.036932160545398204
-0.05600800523346011
-0.10605108132588421
