-0.03184848787600612
0.009437021692791236
0.00505988325606752
-0.003433273054203628
-0.018961613399134953
-0.022954808825212204
-0.02898988530660792
-0.00735423087325221
0.005211744619123558
0.009892735810450493
-0.010551813657255427
-0.020562256291909897
-0.01140865374606593
-0.00735423087325221
0.009892735810450493
-0.005956742758164298
-0.008084496848966082
-0.008462912398672274
-0.004750691955753508
-0.018961613399134953
-0.035556624637477864
-0.01040473226541001
-0.013797469208681842
-0.012314547102654675
-0.012108760944415646
-0.02025864752787637
-0.004092633574185145
-0.004092633574185145
-0.022876335493435745
-0.0130179177475739
-0.018961613399134953
-0.0176848096684787
-0.0130179177475739
-0.04538653843796629
-0.01653565467704609
-0.0033002118341279034
-0.008393496971628474
-0.015986380486907033
-0.015986380486907033
-0.0017031556925596093
0.0019200133665832281
-0.020999685447551354
0.001960391759393136
-0.013797469208681842
-0.025563999155222023
-0.006336479965364689
-0.0011540455134605187
-0.04538653843796629
-0.003804647377338209
-0.023156520414944565
-0.005404504214330242
-0.01786366981636092
0.0002977522004345817
-0.02168256410722819
-0.0112924738724565
-0.008767017877396841
-0.012314547102654675
-0.007442414913349827
-0.015986380486907033
-0.022876335493435745
-0.012108760944415646
-0.0017031556925596093
-0.010551813657255427
-0.007299017786423576
-0.012811502362750905
-0.036046568200835565
-0.02750516285250311
-0.03184848787600612
-0.0176848096684787
0.005471986773812683
-0.02302314900867844
0.001918984597877536
-0.02321081355941458
-0.035556624637477864
-0.022314491628708553
0.0011116762844215356
0.009437021692791236
-0.0003428665259881788
-0.033862995376670216
-0.005458399664949953
-0.03331813436638858
-0.0006587807666917642
-0.028081130408562905
-0.007105584996368718
-0.0012265029245200625
-0.02898988530660792
-0.033862995376670216
-0.0024709261732642246
0.005471986773812683
-0.019605078754609238
-0.0011540455134605187
-0.023902231340509474
-0.0176848096684787
-0.007105584996368718
-0.0018609172623490734
-0.01653565467704609
-0.011413163975319905
-0.0176848096684787
-0.022314491628708553
-0.0209708987445456
-0.007299017786423576
-0.019605078754609238
0.007822174612860555
-0.01195772057795452
-0.012314547102654675
-0.035556624637477864
-0.010942248308681637
-0.004557905521926172
-0.01481238815060362
-0.020562256291909897
-0.02898988530660792
-0.02600919816567328
-0.010281513106408463
-0.011413163975319905
0.0029574348172774108
-0.008767017877396841
-0.015131678043209936
0.005351413022970924
-0.01225027321688635
-0.0130179177475739
-0.015986380486907033
-0.020999685447551354
-0.021046769787849452
-0.0011540455134605187
-0.01040473226541001
-0.008462912398672274
-0.003354906939623129
-0.02738527212173778
-0.01425906782419655
-0.015131678043209936
-0.01081973927652445
-0.028081130408562905
-0.009148824329121612
-0.026897785928701623
-0.023902231340509474
-0.010252145897592211
-0.004750691955753508
-0.021046769787849452
-0.0006587807666917642
-0.004750691955753508
0.00505988325606752
-0.013759185918964164
-0.004557905521926172
-0.009156399704288354
-0.023076916985470607
-0.013179947900537718
-0.010281513106408463
-0.007299017786423576
-0.04325420179422713
-0.02764311397396924
0.00622229546803033
0.0008669771855965895
-0.008084496848966082
-0.007299017786423576
0.0001537380078774947
0.009437021692791236
-0.008254586716594025
0.0029574348172774108
-0.007299017786423576
0.005211744619123558
-0.04538653843796629
-0.026897785928701623
-0.014537845932800933
-0.013797469208681842
-0.01481238815060362
-0.0018575067712623013
-0.010252145897592211
-0.008767017877396841
0.00014483245411477664
-0.0024709261732642246
-0.016908743653415607
0.0001537380078774947
-0.008858311591508615
-0.01425906782419655
-0.02738527212173778
0.00505988325606752
-0.01081973927652445
0.0002977522004345817
-0.011413163975319905
-0.0130179177475739
-0.008767017877396841
0.0029574348172774108
-0.0018609172623490734
-0.01425906782419655
0.00014483245411477664
-0.015131678043209936
-0.005688064040614954
-0.0017031556925596093
0.005351413022970924
-0.035556624637477864
-0.02025864752787637
0.00505988325606752
0.0002977522004345817
-0.01140865374606593
-0.020493525016099606
0.011596866616775262
-0.01481238815060362
0.005471986773812683
-0.014743015245369777
-0.02461254508109731
-0.01081973927652445
-0.04538653843796629
-0.018961613399134953
-0.0018609172623490734
-0.005688064040614954
-0.013759185918964164
-0.0003428665259881788
-0.021304687771206636
-0.008858311591508615
-0.008393496971628474
0.009892735810450493
-0.006200568839634965
0.0019200133665832281
-0.02898988530660792
-0.007105584996368718
-0.008393496971628474
-0.01537170912592442
-0.01225027321688635
-0.0027776995243430406
-0.016908743653415607
-0.023902231340509474
0.0002977522004345817
-0.003804647377338209
-0.007442414913349827
0.00036563553079973116
-0.02898988530660792
-0.008084496848966082
0.00505988325606752
-0.003433273054203628
0.0002977522004345817
-0.01653565467704609
-0.003354906939623129
-0.02025864752787637
-0.006200568839634965
-0.02613004623202345
0.001960391759393136
-0.012811502362750905
-0.015131678043209936
-0.03331813436638858
-0.025732486203325362
-0.010551813657255427
-0.008858311591508615
0.009437021692791236
-0.03077721798610336
0.00014483245411477664
-0.007442414913349827
-0.0003428665259881788
-0.01140865374606593
0.003778073039947402
-0.0018575067712623013
-0.018175397537431748
-0.011413163975319905
-0.008254586716594025
-0.01481238815060362
-0.0024709261732642246
-0.01154506049774933
0.011596866616775262
-0.0033002118341279034
-0.006336479965364689
-0.015986380486907033
-0.012734810110619471
0.00622229546803033
-0.007770896752629083
-0.028081130408562905
-0.02738527212173778
0.00036563553079973116
0.005351413022970924
-0.0027776995243430406
-0.007442414913349827
-0.0024709261732642246
-0.01195772057795452
-0.00735423087325221
-0.004092633574185145
-0.004750691955753508
-0.00735423087325221
-0.026897785928701623
-0.020562256291909897
-0.005956742758164298
-0.003804647377338209
0.00036563553079973116
-0.04442570764693559
-0.008084496848966082
-0.0130179177475739
-0.004557905521926172
-0.0033002118341279034
-0.0071146712447394235
-0.036046568200835565
-0.0031660627369277405
-0.005397452477561095
-0.008254586716594025
0.0020164285207129855
-0.013759185918964164
0.0011116762844215356
-0.003985480736470546
-0.007105584996368718
-0.0027776995243430406
-0.013179947900537718
-0.023076916985470607
-0.018175397537431748
-0.01470556354352978
-0.015352207361499417
-0.021806081971066333
0.005351413022970924
-0.006336479965364689
-0.0018575067712623013
0.009437021692791236
-0.008393496971628474
0.005351413022970924
-0.020562256291909897
-0.027623741074036735
-0.0018575067712623013
-0.00735423087325221
0.005211744619123558
-0.0017031556925596093
-0.033862995376670216
-0.028081130408562905
0.024052036473249095
-0.01225027321688635
-0.030093883193821697
-0.020562256291909897
-0.007770896752629083
-0.008858311591508615
-0.026897785928701623
-0.007299017786423576
0.005211744619123558
-0.020999685447551354
-0.0027776995243430406
-0.026897785928701623
0.0020164285207129855
-0.0031660627369277405
-0.013797469208681842
-0.011065710219302681
-0.02750516285250311
-0.0074135376953946095
-0.006243432135800571
0.017694943545998876
-0.01653565467704609
-0.02738527212173778
-0.023076916985470607
-0.02302314900867844
-0.005458399664949953
-0.00735423087325221
-0.003354906939623129
-0.018916582171240898
-0.0071146712447394235
-0.021304687771206636
-0.025732486203325362
-0.02025864752787637
-0.01040473226541001
-0.0017031556925596093
-0.0112924738724565
-0.010281513106408463
-0.0016706190552463168
-0.006336479965364689
-0.020493525016099606
-0.015986380486907033
-0.008254586716594025
-0.003804647377338209
-0.035556624637477864
0.009437021692791236
-0.01081973927652445
-0.01537170912592442
-0.0011540455134605187
-0.005404504214330242
-0.0071146712447394235
-0.02898988530660792
-0.036046568200835565
-0.023902231340509474
-0.0018609172623490734
0.0029574348172774108
-0.007442414913349827
-0.011413163975319905
-0.012734810110619471
-0.035556624637477864
-0.018961613399134953
-0.007442414913349827
0.00014483245411477664
-0.008254586716594025
-0.006058546488523701
-0.0018575067712623013
-0.0012265029245200625
-0.015352207361499417
0.005471986773812683
-0.010551813657255427
-0.020562256291909897
-0.016908743653415607
-0.0012265029245200625
-0.015986380486907033
-0.01140865374606593
-0.02738527212173778
-0.02898988530660792
-0.012108760944415646
-0.03331813436638858
0.0024612310605012407
-0.01081973927652445
-0.007299017786423576
-0.0033002118341279034
-0.036046568200835565
-0.01470556354352978
-0.04325420179422713
0.0020164285207129855
-0.01425906782419655
-0.028081130408562905
-0.004750691955753508
-0.012811502362750905
0.0020164285207129855
-0.02461254508109731
0.00505988325606752
-0.02168256410722819
-0.012811502362750905
-0.014537845932800933
-0.008254586716594025
-0.007105584996368718
0.0019200133665832281
-0.007442414913349827
-0.009148824329121612
-0.0016706190552463168
-0.0027776995243430406
-0.014743015245369777
-0.007105584996368718
0.0029574348172774108
-0.020999685447551354
-0.01154506049774933
-0.015352207361499417
-0.01195772057795452
-0.00735423087325221
-0.009156399704288354
-0.008254586716594025
-0.01470556354352978
-0.0130179177475739
-0.01040473226541001
-0.021304687771206636
0.024052036473249095
-0.01786366981636092
-0.025563999155222023
-0.0024709261732642246
-0.007442414913349827
0.003778073039947402
-0.035556624637477864
-0.0112924738724565
-0.006336479965364689
-0.023076916985470607
-0.04325420179422713
-0.00735423087325221
0.011596866616775262
-0.01470556354352978
0.0001537380078774947
-0.0031660627369277405
-0.019605078754609238
-0.0027103320169552395
0.005351413022970924
-0.014743015245369777
-0.013759185918964164
-0.03184848787600612
0.0029574348172774108
-0.015986380486907033
-0.0018609172623490734
0.0011116762844215356
-0.014537845932800933
-0.028081130408562905
-0.02750516285250311
-0.023028035622944785
-0.0017031556925596093
-0.012314547102654675
0.0020164285207129855
-0.005404504214330242
-0.03077721798610336
-0.01653565467704609
-0.018175397537431748
0.001918984597877536
-0.02302314900867844
-0.0024709261732642246
-0.01653565467704609
-0.0009901977901132682
-0.01225027321688635
-0.03077721798610336
-0.01425906782419655
-0.0018609172623490734
-0.023902231340509474
-0.003804647377338209
-0.005404504214330242
0.009892735810450493
-0.008393496971628474
-0.01081973927652445
0.009892735810450493
0.005211744619123558
-0.035556624637477864
0.0024612310605012407
-0.0033002118341279034
-0.01040473226541001
0.0024612310605012407
-0.03077721798610336
-0.018175397537431748
-0.02168256410722819
-0.025732486203325362
-0.01195772057795452
-0.04325420179422713
0.011596866616775262
-0.02302314900867844
-0.008462912398672274
-0.005956742758164298
0.0002977522004345817
-0.0027776995243430406
-0.008084496848966082
-0.022954808825212204
-0.006243432135800571
-0.0112924738724565
-0.0176848096684787
-0.016908743653415607
0.0019200133665832281
-0.010551813657255427
-0.0027103320169552395
-0.015352207361499417
0.001918984597877536
0.007822174612860555
-0.004750691955753508
-0.035926240995640436
0.0019200133665832281
-0.03184848787600612
-0.0018609172623490734
-0.01786366981636092
-0.01154506049774933
0.005471986773812683
-0.01425906782419655
-0.012314547102654675
-0.025563999155222023
0.001960391759393136
-0.028081130408562905
0.005471986773812683
-0.03331813436638858
-0.020562256291909897
-0.02613004623202345
-0.021304687771206636
0.0020164285207129855
-0.014743015245369777
-0.0176848096684787
-0.005956742758164298
-0.0009901977901132682
0.0001537380078774947
-0.014743015245369777
0.0001537380078774947
-0.0130179177475739
-0.008393496971628474
-0.01040473226541001
-0.00735423087325221
-0.030093883193821697
-0.009148824329121612
-0.021806081971066333
0.0008669771855965895
-0.04442570764693559
-0.006058546488523701
0.0001537380078774947
0.011596866616775262
-0.02613004623202345
-0.023076916985470607
-0.0016706190552463168
0.005471986773812683
-0.033862995376670216
-0.006058546488523701
-0.012346931679569776
0.00036563553079973116
-0.033862995376670216
-0.04325420179422713
-0.005458399664949953
-0.014537845932800933
-0.0027103320169552395
-0.02025864752787637
-0.01081973927652445
-0.015352207361499417
-0.012811502362750905
-0.005404504214330242
-0.0112924738724565
-0.0071146712447394235
-0.0011540455134605187
-0.0033002118341279034
-0.00735423087325221
-0.033862995376670216
-0.02168256410722819
-0.018961613399134953
-0.015131678043209936
0.00036563553079973116
-0.02461254508109731
-0.01154506049774933
-0.030093883193821697
0.009437021692791236
-0.02302314900867844
-0.0027103320169552395
-0.036046568200835565
-0.006336479965364689
-0.02600919816567328
-0.0009901977901132682
0.0029574348172774108
-0.005397452477561095
-0.006200568839634965
-0.012108760944415646
-0.010942248308681637
0.009892735810450493
-0.0071146712447394235
-0.004750691955753508
-0.0018575067712623013
-0.01140865374606593
-0.01195772057795452
-0.0033002118341279034
-0.02613004623202345
-0.035926240995640436
-0.018916582171240898
-0.007105584996368718
-0.0018609172623490734
0.0024612310605012407
-0.012108760944415646
-0.004092633574185145
-0.010942248308681637
-0.02168256410722819
-0.0071146712447394235
0.0001537380078774947
-0.015986380486907033
-0.04325420179422713
-0.006336479965364689
-0.010551813657255427
-0.023028035622944785
0.0001537380078774947
-0.006200568839634965
-0.010551813657255427
0.0019200133665832281
-0.020999685447551354
-0.023156520414944565
-0.02600919816567328
-0.02750516285250311
-0.01425906782419655
-0.02750516285250311
-0.02168256410722819
-0.02764311397396924
-0.01653565467704609
-0.0003428665259881788
-0.01537170912592442
-0.01653565467704609
0.005351413022970924
-0.015131678043209936
-0.006058546488523701
-0.018961613399134953
-0.01040473226541001
0.0019200133665832281
0.00036563553079973116
-0.011413163975319905
-0.013797469208681842
0.007822174612860555
-0.006058546488523701
-0.03184848787600612
-0.006058546488523701
-0.003804647377338209
-0.0018575067712623013
-0.01154506049774933
-0.026897785928701623
-0.018175397537431748
-0.006336479965364689
-0.02750516285250311
-0.02302314900867844
-0.033862995376670216
-0.010252145897592211
0.0019200133665832281
-0.02321081355941458
-0.012346931679569776
0.024052036473249095
-0.0012265029245200625
-0.0006587807666917642
-0.009156399704288354
-0.0130179177475739
0.007822174612860555
-0.0018609172623490734
-0.010551813657255427
-0.0024709261732642246
-0.04442570764693559
-0.0027103320169552395
-0.004092633574185145
0.0019200133665832281
-0.02898988530660792
-0.008254586716594025
-0.0176848096684787
-0.003985480736470546
-0.018175397537431748
-0.008254586716594025
-0.010551813657255427
0.0020164285207129855
-0.01225027321688635
-0.007105584996368718
-0.015352207361499417
0.005471986773812683
-0.013759185918964164
0.00505988325606752
-0.006243432135800571
-0.023902231340509474
-0.012811502362750905
0.00036563553079973116
0.017694943545998876
0.007822174612860555
-0.033862995376670216
0.003778073039947402
0.009437021692791236
-0.018961613399134953
-0.013797469208681842
-0.025563999155222023
-0.006243432135800571
-0.014537845932800933
0.007822174612860555
-0.022314491628708553
-0.007442414913349827
0.0008669771855965895
-0.0016706190552463168
-0.0031660627369277405
-0.019605078754609238
-0.01225027321688635
-0.03184848787600612
-0.01653565467704609
-0.008767017877396841
0.001918984597877536
-0.003354906939623129
-0.0027103320169552395
-0.008393496971628474
-0.018916582171240898
-0.005956742758164298
-0.014537845932800933
-0.04325420179422713
0.024052036473249095
-0.023902231340509474
-0.036046568200835565
-0.026897785928701623
-0.025732486203325362
-0.021046769787849452
-0.009148824329121612
-0.011065710219302681
-0.009156399704288354
-0.030093883193821697
-0.02302314900867844
-0.016908743653415607
0.0019200133665832281
-0.003354906939623129
-0.021046769787849452
-0.023076916985470607
-0.035556624637477864
-0.007770896752629083
-0.015352207361499417
-0.01195772057795452
-0.0074135376953946095
-0.0024709261732642246
-0.010252145897592211
-0.010252145897592211
0.024052036473249095
-0.02025864752787637
-0.028081130408562905
-0.01537170912592442
0.00622229546803033
-0.012108760944415646
-0.005404504214330242
-0.022314491628708553
-0.015986380486907033
-0.00735423087325221
-0.012346931679569776
0.00014483245411477664
-0.01154506049774933
0.0024612310605012407
-0.025732486203325362
-0.01481238815060362
0.003778073039947402
-0.023902231340509474
-0.011413163975319905
0.0008669771855965895
0.0001537380078774947
-0.004092633574185145
-0.0031660627369277405
-0.04325420179422713
-0.013179947900537718
-0.008767017877396841
0.0020164285207129855
-0.0112924738724565
-0.01470556354352978
-0.033862995376670216
-0.009156399704288354
-0.02302314900867844
-0.012314547102654675
-0.00735423087325221
-0.015131678043209936
-0.011065710219302681
-0.02600919816567328
-0.003985480736470546
-0.020999685447551354
-0.02302314900867844
0.009437021692791236
0.024052036473249095
0.0019200133665832281
-0.003985480736470546
-0.020999685447551354
0.009892735810450493
-0.012811502362750905
-0.01653565467704609
-0.018961613399134953
-0.025563999155222023
-0.02738527212173778
-0.028081130408562905
-0.0209708987445456
-0.008254586716594025
0.005471986773812683
-0.008462912398672274
-0.008767017877396841
0.0011116762844215356
-0.005956742758164298
-0.019605078754609238
-0.022954808825212204
-0.035556624637477864
-0.005397452477561095
0.003778073039947402
-0.025732486203325362
-0.02302314900867844
0.00014483245411477664
-0.008767017877396841
-0.021304687771206636
-0.004092633574185145
-0.023902231340509474
-0.008767017877396841
-0.008084496848966082
-0.021304687771206636
-0.0006587807666917642
-0.035926240995640436
-0.02750516285250311
-0.01154506049774933
0.009892735810450493
-0.020999685447551354
0.005351413022970924
0.00622229546803033
-0.01081973927652445
-0.0027103320169552395
-0.005397452477561095
-0.015131678043209936
0.0019200133665832281
-0.007299017786423576
-0.023028035622944785
0.001918984597877536
-0.003433273054203628
0.0001537380078774947
-0.0016706190552463168
-0.02168256410722819
-0.0012265029245200625
-0.013179947900537718
-0.005397452477561095
-0.027623741074036735
0.009892735810450493
-0.036046568200835565
0.009437021692791236
-0.01040473226541001
-0.0024709261732642246
-0.02168256410722819
-0.013179947900537718
-0.012314547102654675
-0.01081973927652445
0.0020164285207129855
-0.02025864752787637
0.001918984597877536
-0.008767017877396841
-0.008767017877396841
0.00622229546803033
-0.0074135376953946095
-0.01195772057795452
-0.003433273054203628
-0.016908743653415607
-0.02613004623202345
-0.0033002118341279034
-0.0003428665259881788
0.011596866616775262
-0.0027776995243430406
-0.013179947900537718
0.009437021692791236
-0.005956742758164298
-0.023028035622944785
0.005471986773812683
-0.007770896752629083
-0.0033002118341279034
-0.020562256291909897
0.001918984597877536
0.00014483245411477664
-0.005404504214330242
-0.006058546488523701
-0.008767017877396841
-0.008084496848966082
-0.003433273054203628
-0.008767017877396841
-0.0027103320169552395
-0.016908743653415607
-0.006243432135800571
-0.023156520414944565
0.00622229546803033
-0.006200568839634965
-0.006200568839634965
-0.010252145897592211
-0.004750691955753508
-0.007770896752629083
-0.008254586716594025
-0.036046568200835565
-0.04442570764693559
-0.04538653843796629
-0.013797469208681842
-0.008254586716594025
-0.023028035622944785
0.005351413022970924
-0.010551813657255427
-0.02600919816567328
-0.006336479965364689
-0.01225027321688635
0.005211744619123558
-0.022954808825212204
-0.01225027321688635
-0.04442570764693559
-0.016908743653415607
-0.010942248308681637
-0.009156399704288354
-0.009148824329121612
-0.012314547102654675
-0.023028035622944785
-0.02321081355941458
-0.0033002118341279034
-0.014537845932800933
-0.005688064040614954
-0.01786366981636092
-0.020562256291909897
-0.026897785928701623
-0.02613004623202345
0.001918984597877536
-0.0071146712447394235
-0.014537845932800933
-0.008858311591508615
-0.007442414913349827
-0.008858311591508615
-0.023028035622944785
-0.00735423087325221
-0.008462912398672274
-0.0006587807666917642
0.0008669771855965895
-0.025563999155222023
-0.0033002118341279034
-0.005458399664949953
-0.00735423087325221
-0.01786366981636092
-0.01481238815060362
0.001960391759393136
-0.0071146712447394235
-0.04442570764693559
0.0024612310605012407
-0.013797469208681842
-0.015352207361499417
-0.008393496971628474
0.009437021692791236
-0.0176848096684787
-0.008858311591508615
-0.012108760944415646
-0.01481238815060362
-0.003433273054203628
-0.033862995376670216
-0.0176848096684787
-0.0018609172623490734
-0.036046568200835565
0.001960391759393136
-0.01081973927652445
-0.025732486203325362
-0.028081130408562905
-0.02025864752787637
-0.02168256410722819
-0.01195772057795452
-0.0074135376953946095
0.0020164285207129855
0.011596866616775262
0.003778073039947402
-0.022954808825212204
-0.028081130408562905
-0.02321081355941458
0.001960391759393136
-0.02600919816567328
0.003778073039947402
0.005471986773812683
0.011596866616775262
-0.02025864752787637
-0.025563999155222023
-0.0027103320169552395
-0.02302314900867844
0.0024612310605012407
-0.0130179177475739
-0.005956742758164298
-0.0112924738724565
0.0001537380078774947
-0.012346931679569776
-0.0112924738724565
-0.005688064040614954
0.005351413022970924
0.001918984597877536
-0.010281513106408463
-0.0006587807666917642
-0.011065710219302681
0.017694943545998876
-0.02025864752787637
-0.0176848096684787
-0.01537170912592442
0.00014483245411477664
-0.006243432135800571
