-0.048303372587531215
-0.010664278109525485
-0.016112773524937153
-0.014219321245333623
-0.010687834829270416
-0.021641219040186444
-0.024329466341226846
-0.042563183848434785
-0.022272868924985628
-0.012010365372746938
0.011797712717657203
-0.021947357523361646
-0.020231651787257072
-0.017778971458257804
-0.016529721977186183
-0.024341849837517537
-0.046081983214350745
-0.016097799680345637
-0.004051662716897121
-0.014219321245333623
-0.0072388465945431345
-0.024341849837517537
-0.025143217775822325
-0.021486523444832966
-0.048303372587531215
-0.03153967048690832
-0.011649315022129103
-0.02386313246155594
0.012537453884253397
-0.0225200386942054
0.005020366253153487
-0.062319482542020875
-0.04459151490404306
-0.02386313246155594
-0.02024072163984156
-0.004945568805918844
-0.0017230799233378525
0.011797712717657203
-0.009877378469619938
-0.0007628380015514801
-0.01694539945867802
-0.021641219040186444
-0.02159940278487546
-0.010458956614314601
0.020489104026832364
-0.021947357523361646
0.006427177231954452
-0.018545732211504247
-0.010458956614314601
-0.028334491978546393
-0.013549414957493795
-0.044738660446985774
0.05061787641979238
0.012117319385744925
-0.028334491978546393
-0.02495266455195576
-0.06477169254183596
-0.003077217575131402
0.012117319385744925
-0.010858406410932553
-0.048303372587531215
-0.027530630588969644
0.0035805094700896087
-0.024341849837517537
-0.025516193405548674
0.0017050710749303226
-0.019748529965285706
-0.028709727735581527
-0.003273754591806197
-0.011600689707458537
-0.027530630588969644
-0.016529721977186183
-0.010024702436875811
0.011226086513440392
0.012537453884253397
-0.004595636572989659
-0.005347894831390339
-0.022998358110594048
-0.048303372587531215
0.006427177231954452
-0.03569099790938541
-0.022843576119800108
-0.0004529616808740245
-0.055341040963781694
0.028784368657305433
0.004034601794260734
-0.014621543441322016
-0.024341849837517537
-0.019083995987338714
-0.021486523444832966
-0.014219321245333623
-0.047939693914654316
-0.016112773524937153
-0.02588542164286405
-0.015536298560681209
0.0017050710749303226
-0.018545732211504247
-0.005347894831390339
-0.021486523444832966
0.04432782394037646
0.006427177231954452
-0.014527126450244246
-0.03792142724942476
0.004722756268022128
-0.009110298612710057
-0.0813802789089575
-0.011600689707458537
-0.01819051359972422
-0.02064711479493058
-0.016529721977186183
-0.02024072163984156
-0.017778971458257804
-0.020781629593167844
-0.010858406410932553
-0.044738660446985774
-0.033245487698758576
0.0017050710749303226
-0.01166647402889394
-0.027457684719046575
-0.01612134455157303
0.0030030261843519493
-0.028334491978546393
-0.022272868924985628
-0.004327909931847025
-0.03269783341108664
0.043909061621616854
-0.03788881553436195
-0.01590134539070139
-0.004051662716897121
-0.014621543441322016
-0.03269783341108664
-0.010458956614314601
-0.005960289808494087
-0.019429439029817638
-0.004327909931847025
-0.013549414957493795
-0.017778971458257804
-0.020231651787257072
-0.02341653657106524
-0.010664278109525485
-0.022272868924985628
-0.02899449853503015
-0.015109399324888325
-0.021641219040186444
-0.014653739788327019
-0.02899449853503015
0.008818769400294446
-0.014219321245333623
-0.01694539945867802
0.020489104026832364
-0.022843576119800108
-0.01694539945867802
-0.004327909931847025
0.043909061621616854
-0.003077217575131402
-0.038581618831761054
-0.004595636572989659
-0.018545732211504247
0.04432782394037646
-0.01590134539070139
-0.004495277589300352
-0.028709727735581527
-0.004051662716897121
-0.0023380634230395388
-0.0293216556443384
-0.003273754591806197
-0.0032615537353849573
-0.022510130521602945
-0.026742274585373475
-0.016884864824136574
-0.047939693914654316
-0.014653739788327019
-0.07469810523318979
-0.04459151490404306
0.0035805094700896087
0.005020366253153487
-0.009110298612710057
0.012537453884253397
-0.03788881553436195
-0.025163775255309363
0.05061787641979238
-0.0027416724985769225
0.0035805094700896087
-0.02064711479493058
-0.017778971458257804
0.028784368657305433
0.011226086513440392
-0.0225200386942054
-0.013549414957493795
0.0030030261843519493
0.004034601794260734
-0.018759897634998902
-0.044738660446985774
-0.040693050667541475
-0.0225200386942054
-0.0007628380015514801
-0.016112773524937153
-0.062319482542020875
-0.040693050667541475
-0.010458956614314601
-0.01208986410175598
-0.0004529616808740245
-0.028334491978546393
-0.011600689707458537
-0.07469810523318979
-0.010458956614314601
-0.0023380634230395388
-0.03863084616858376
-0.005960289808494087
-0.014527126450244246
-0.011600689707458537
-0.014527126450244246
-0.03569099790938541
-0.015109399324888325
-0.022843576119800108
-0.005347894831390339
-0.01964093623139675
-0.016884864824136574
-0.025516193405548674
-0.045314884390756274
-0.04016822421410989
-0.02988516164599155
-0.03153967048690832
-0.014527126450244246
0.04432782394037646
-0.01208986410175598
-0.015536298560681209
-0.019748529965285706
-0.0225200386942054
0.02012199411109985
-0.03153967048690832
-0.009584861218708458
-0.018388590919322042
0.02012199411109985
-0.018545732211504247
-0.02043698347181621
-0.010858406410932553
-0.009110298612710057
-0.012906941425878825
-0.021641219040186444
0.012537453884253397
0.012117319385744925
-0.022272868924985628
-0.047939693914654316
-0.012010365372746938
-0.042563183848434785
0.020489104026832364
0.0035276906782216438
-0.005347894831390339
0.02012199411109985
-0.003077217575131402
-0.0072388465945431345
-0.006926247079170142
-0.018388590919322042
-0.02495266455195576
0.011226086513440392
-0.01964093623139675
-0.010687834829270416
-0.01590134539070139
-0.009110298612710057
-0.021947357523361646
-0.02588542164286405
-0.03438124054298608
-0.005960289808494087
-0.016529721977186183
-0.014653739788327019
-0.017920119930848105
-0.03934478247234329
0.016133951340598692
-0.0182549725245447
0.0035276906782216438
-0.009877378469619938
-0.05676012986333742
-0.02899449853503015
-0.012010365372746938
-0.009971737414630203
0.05061787641979238
-0.011649315022129103
-0.016884864824136574
-0.040693050667541475
-0.004945568805918844
-0.004595636572989659
0.020489104026832364
-0.040693050667541475
-0.01208986410175598
-0.0027416724985769225
-0.012882218966074142
-0.027530630588969644
-0.017778971458257804
-0.01694539945867802
-0.009877378469619938
-0.0046454115382175715
0.003156358412829671
-0.05676012986333742
-0.003077217575131402
-0.012010365372746938
-0.014527126450244246
-0.02024072163984156
-0.018545732211504247
-0.02588542164286405
0.005020366253153487
-0.01166647402889394
-0.014527126450244246
-0.0182549725245447
-0.05493293236209949
0.005020366253153487
0.0035805094700896087
-0.010024702436875811
-0.014648473382623343
-0.03438124054298608
-0.033245487698758576
-0.013549414957493795
-0.033245487698758576
-0.003077217575131402
-0.027457684719046575
-0.026396201650069916
-0.03269783341108664
-0.01277407083569883
-0.024329466341226846
-0.03269783341108664
-0.0813802789089575
-0.006926247079170142
-0.03153967048690832
-0.03863084616858376
-0.0072388465945431345
-0.022843576119800108
0.0035805094700896087
-0.018388590919322042
-0.046081983214350745
-0.002423830553945681
-0.025163775255309363
-0.03153967048690832
-0.02064711479493058
-0.03153967048690832
-0.028709727735581527
-0.010664278109525485
-0.011649315022129103
0.011226086513440392
-0.018719928419750995
0.043909061621616854
-0.02588542164286405
-0.033245487698758576
-0.01590134539070139
0.02012199411109985
-0.008797249442602764
0.0035276906782216438
0.0017050710749303226
0.0035805094700896087
-0.033097765252051346
-0.009584861218708458
-0.055341040963781694
-0.02386313246155594
-0.04143181102311438
-0.022998358110594048
-0.03569099790938541
-0.025163775255309363
-0.017778971458257804
0.005020366253153487
-0.014621543441322016
-0.02988516164599155
-0.03863084616858376
-0.009110298612710057
-0.01328068561124458
-0.0046454115382175715
0.0035805094700896087
0.011797712717657203
-0.048303372587531215
-0.07469810523318979
-0.037222065775978704
0.043909061621616854
0.0035276906782216438
-0.048303372587531215
0.005020366253153487
-0.028334491978546393
-0.019429439029817638
-0.03863084616858376
-0.027530630588969644
0.012537453884253397
-0.0225200386942054
-0.01819051359972422
-0.06477169254183596
-0.026742274585373475
-0.020231651787257072
0.012117319385744925
-0.018388590919322042
-0.0005047493048961123
-0.025163775255309363
0.02012199411109985
-0.019083995987338714
-0.010687834829270416
-0.0072388465945431345
-0.002423830553945681
-0.010458956614314601
0.004034601794260734
-0.026742274585373475
-0.010858406410932553
-0.025163775255309363
-0.011810495733939531
-0.024341849837517537
-0.04016822421410989
-0.019748529965285706
-0.03792142724942476
0.004722756268022128
0.0017050710749303226
-0.019429439029817638
-0.02341653657106524
-0.02064711479493058
-0.03269783341108664
-0.01948137791647895
-0.03788881553436195
-0.04372754735309729
-0.009110298612710057
-0.015109399324888325
-0.012882218966074142
-0.0023380634230395388
-0.021486523444832966
-0.010858406410932553
-0.018545732211504247
-0.055341040963781694
-0.020231651787257072
-0.014653739788327019
-0.021947357523361646
-0.018719928419750995
-0.038581618831761054
-0.007147770214860847
-0.025516193405548674
0.01988405024600532
-0.022998358110594048
-0.01964093623139675
-0.01590134539070139
-0.04459151490404306
-0.03863084616858376
0.0035805094700896087
-0.01328068561124458
-0.04372754735309729
-0.007147770214860847
-0.015536298560681209
-0.014219321245333623
-0.0033861530941964595
0.012537453884253397
-0.004595636572989659
-0.022433912656985182
-0.014621543441322016
-0.008797249442602764
-0.008797249442602764
-0.055341040963781694
-0.012906941425878825
-0.044738660446985774
-0.014653739788327019
-0.024329466341226846
-0.010651619150517646
-0.009877378469619938
-0.017920119930848105
-0.03863084616858376
-0.022272868924985628
-0.011810495733939531
-0.02024072163984156
-0.005347894831390339
-0.009584861218708458
-0.025143217775822325
0.0035276906782216438
0.011226086513440392
-0.01694539945867802
-0.038581618831761054
-0.020967097243973467
-0.019083995987338714
-0.020231651787257072
-0.046081983214350745
-0.04016822421410989
-0.014527126450244246
-0.0046454115382175715
-0.03792142724942476
-0.018545732211504247
-0.010239108177246943
-0.01948137791647895
-0.010458956614314601
-0.028334491978546393
-0.047939693914654316
0.006427177231954452
0.02012199411109985
-0.022998358110594048
-0.01590134539070139
0.0030030261843519493
-0.005347894831390339
-0.028709727735581527
-0.006926247079170142
0.01988405024600532
-0.03438124054298608
-0.037222065775978704
-0.010024702436875811
-0.027457684719046575
-0.01590134539070139
-0.010687834829270416
-0.055341040963781694
-0.016112773524937153
0.0035805094700896087
-0.037222065775978704
-0.010024702436875811
-0.021486523444832966
-0.02899449853503015
0.012117319385744925
-0.03269783341108664
-0.0072388465945431345
0.004034601794260734
-0.0017230799233378525
-0.044738660446985774
-0.034738292505332474
-0.048303372587531215
-0.0225200386942054
-0.004495277589300352
-0.01948137791647895
-0.020781629593167844
-0.0023380634230395388
0.0035276906782216438
0.004722756268022128
-0.022510130521602945
-0.014219321245333623
0.016133951340598692
-0.019083995987338714
-0.038581618831761054
-0.01590134539070139
-0.025143217775822325
-0.01948137791647895
-0.0004529616808740245
-0.0046454115382175715
-0.020231651787257072
-0.01948137791647895
-0.0032615537353849573
-0.0004529616808740245
-0.04143181102311438
-0.0027416724985769225
-0.033245487698758576
0.011226086513440392
-0.02899449853503015
-0.010024702436875811
-0.0813802789089575
-0.010651619150517646
-0.05493293236209949
-0.021641219040186444
-0.009110298612710057
0.016133951340598692
-0.03863084616858376
-0.006926247079170142
0.0035805094700896087
-0.02159940278487546
-0.01166647402889394
-0.03788881553436195
-0.021486523444832966
-0.030827576872576475
-0.014527126450244246
-0.019748529965285706
-0.003077217575131402
-0.03863084616858376
-0.02386313246155594
-0.010239108177246943
0.016133951340598692
-0.01616257389806265
-0.02899449853503015
-0.021947357523361646
-0.010687834829270416
-0.022843576119800108
-0.014621543441322016
-0.003077217575131402
-0.010239108177246943
0.0030030261843519493
-0.021641219040186444
-0.014653739788327019
-0.028334491978546393
-0.012906941425878825
-0.03788881553436195
-0.01948137791647895
-0.01948137791647895
-0.010651619150517646
-0.022433912656985182
-0.004595636572989659
-0.030827576872576475
-0.04459151490404306
-0.01208986410175598
0.020489104026832364
-0.01277407083569883
0.04432782394037646
-0.003273754591806197
-0.010239108177246943
-0.010687834829270416
-0.0023380634230395388
-0.01166647402889394
-0.0225200386942054
-0.0033861530941964595
0.020489104026832364
-0.062319482542020875
-0.03788881553436195
-0.025143217775822325
-0.022272868924985628
-0.03153967048690832
-0.01948137791647895
-0.0032615537353849573
-0.030827576872576475
-0.01948137791647895
-0.009110298612710057
0.003156358412829671
-0.04459151490404306
-0.026742274585373475
-0.014648473382623343
-0.010651619150517646
-0.0182549725245447
-0.0182549725245447
-0.008797249442602764
0.05061787641979238
-0.0033861530941964595
-0.048303372587531215
-0.03934478247234329
-0.05493293236209949
-0.021947357523361646
-0.004051662716897121
-0.01328068561124458
-0.02988516164599155
-0.02628873841886448
-0.002423830553945681
-0.048303372587531215
-0.01166647402889394
-0.0813802789089575
0.005020366253153487
-0.03438124054298608
-0.02588542164286405
-0.019429439029817638
0.008818769400294446
-0.022510130521602945
-0.019429439029817638
-0.02988516164599155
-0.04459151490404306
-0.05676012986333742
-0.022998358110594048
-0.025516193405548674
0.0030030261843519493
-0.01328068561124458
-0.01166647402889394
-0.033097765252051346
0.020489104026832364
-0.010858406410932553
-0.02791465359047757
0.028784368657305433
-0.062319482542020875
-0.018719928419750995
-0.01208986410175598
-0.03788881553436195
-0.012010365372746938
-0.010858406410932553
-0.0173289109708639
-0.024341849837517537
-0.0173289109708639
-0.01166647402889394
-0.005347894831390339
-0.004495277589300352
-0.03863084616858376
-0.04143181102311438
-0.04016822421410989
0.004034601794260734
0.020489104026832364
-0.02043698347181621
-0.005347894831390339
0.028784368657305433
-0.020967097243973467
-0.018759897634998902
-0.012010365372746938
-0.027457684719046575
-0.02988516164599155
-0.01694539945867802
-0.01328068561124458
-0.002423830553945681
0.012537453884253397
0.003156358412829671
-0.027457684719046575
-0.028709727735581527
-0.015109399324888325
-0.010687834829270416
-0.03934478247234329
-0.07469810523318979
-0.0173289109708639
-0.009877378469619938
-0.020967097243973467
-0.030827576872576475
-0.02341653657106524
0.02012199411109985
-0.07469810523318979
-0.017778971458257804
-0.021947357523361646
-0.018759897634998902
-0.021641219040186444
-0.038581618831761054
-0.044738660446985774
-0.012906941425878825
-0.003077217575131402
-0.004595636572989659
0.0017050710749303226
-0.022433912656985182
-0.028334491978546393
0.04432782394037646
-0.019083995987338714
-0.022510130521602945
-0.044738660446985774
0.0035276906782216438
-0.033097765252051346
-0.018759897634998902
-0.03438124054298608
-0.019083995987338714
-0.0225200386942054
0.04432782394037646
-0.012906941425878825
0.004034601794260734
-0.009110298612710057
-0.01590134539070139
-0.01694539945867802
-0.03569099790938541
-0.0023380634230395388
-0.047939693914654316
-0.014527126450244246
-0.009584861218708458
-0.047939693914654316
-0.02791465359047757
-0.0813802789089575
-0.03788881553436195
-0.03426247751619997
-0.04143181102311438
0.01988405024600532
-0.0005047493048961123
-0.012906941425878825
-0.009971737414630203
0.003156358412829671
-0.07469810523318979
-0.024329466341226846
-0.025143217775822325
-0.026742274585373475
-0.055341040963781694
-0.019748529965285706
0.005020366253153487
-0.03569099790938541
-0.026396201650069916
-0.008797249442602764
-0.027530630588969644
-0.018545732211504247
0.043909061621616854
-0.014653739788327019
-0.01819051359972422
-0.030827576872576475
-0.021947357523361646
-0.047939693914654316
0.004034601794260734
-0.02588542164286405
0.011797712717657203
-0.019429439029817638
-0.014653739788327019
-0.010687834829270416
-0.0293216556443384
-0.02024072163984156
-0.02043698347181621
-0.0072388465945431345
-0.05676012986333742
-0.005960289808494087
-0.01964093623139675
-0.016112773524937153
-0.009877378469619938
-0.003077217575131402
0.011797712717657203
-0.04372754735309729
-0.03269783341108664
-0.0046454115382175715
-0.027457684719046575
-0.0293216556443384
-0.0073367404969434166
-0.012906941425878825
-0.022433912656985182
-0.0023380634230395388
-0.06477169254183596
-0.012906941425878825
-0.02341653657106524
-0.0225200386942054
-0.0182549725245447
-0.014527126450244246
-0.02341653657106524
-0.0005047493048961123
-0.022510130521602945
-0.017920119930848105
0.012537453884253397
-0.012906941425878825
-0.03863084616858376
-0.062319482542020875
-0.0017230799233378525
-0.03269783341108664
-0.010651619150517646
-0.01590134539070139
-0.004595636572989659
-0.018719928419750995
-0.014648473382623343
-0.006926247079170142
-0.004327909931847025
-0.0046454115382175715
0.0017050710749303226
-0.004945568805918844
-0.004495277589300352
0.006427177231954452
-0.022843576119800108
0.005020366253153487
-0.014648473382623343
-0.016112773524937153
-0.03438124054298608
-0.0033861530941964595
-0.03569099790938541
0.020489104026832364
-0.022272868924985628
-0.048303372587531215
-0.02064711479493058
-0.0023380634230395388
-0.016112773524937153
-0.01612134455157303
0.020856448490671167
-0.01166647402889394
-0.011649315022129103
-0.03863084616858376
-0.042563183848434785
-0.034738292505332474
-0.012906941425878825
-0.019083995987338714
-0.0293216556443384
-0.010664278109525485
-0.007147770214860847
-0.026742274585373475
-0.011810495733939531
0.005020366253153487
-0.009877378469619938
-0.018545732211504247
-0.012010365372746938
-0.0225200386942054
-0.0023380634230395388
-0.010024702436875811
-0.042563183848434785
-0.009584861218708458
-0.0033861530941964595
-0.008797249442602764
-0.025143217775822325
-0.02791465359047757
0.004034601794260734
-0.01328068561124458
-0.014653739788327019
-0.0293216556443384
-0.04372754735309729
-0.019748529965285706
-0.02899449853503015
-0.033097765252051346
-0.017778971458257804
-0.0046454115382175715
-0.004495277589300352
-0.0005047493048961123
-0.01208986410175598
-0.022433912656985182
-0.0017230799233378525
-0.03934478247234329
-0.02495266455195576
-0.004945568805918844
-0.018388590919322042
-0.016529721977186183
-0.024329466341226846
-0.025143217775822325
-0.018388590919322042
-0.010651619150517646
-0.011600689707458537
-0.044738660446985774
0.012117319385744925
-0.011810495733939531
-0.033097765252051346
-0.048303372587531215
-0.047939693914654316
-0.01616257389806265
0.004722756268022128
-0.02341653657106524
-0.0027416724985769225
-0.0023380634230395388
-0.02341653657106524
-0.004495277589300352
-0.044738660446985774
0.0035805094700896087
-0.02159940278487546
-0.02386313246155594
0.020489104026832364
-0.022272868924985628
-0.021947357523361646
-0.03269783341108664
-0.010458956614314601
-0.014527126450244246
0.02012199411109985
-0.009877378469619938
-0.0007628380015514801
-0.009877378469619938
-0.010858406410932553
-0.014648473382623343
-0.04459151490404306
-0.016884864824136574
-0.01590134539070139
-0.004495277589300352
-0.02495266455195576
-0.02341653657106524
-0.022998358110594048
-0.046081983214350745
-0.007147770214860847
0.004722756268022128
-0.0027416724985769225
-0.01590134539070139
-0.019429439029817638
-0.020231651787257072
-0.02159940278487546
0.01988405024600532
-0.02988516164599155
-0.018388590919322042
-0.014219321245333623
-0.022998358110594048
-0.025516193405548674
0.0035805094700896087
-0.01277407083569883
-0.0017230799233378525
-0.006926247079170142
-0.02495266455195576
0.020489104026832364
-0.014527126450244246
-0.04143181102311438
-0.022272868924985628
-0.03269783341108664
-0.02306939280286056
-0.022510130521602945
-0.025143217775822325
-0.025143217775822325
-0.0182549725245447
-0.0033861530941964595
-0.034738292505332474
-0.02791465359047757
-0.047939693914654316
-0.0046454115382175715
-0.033097765252051346
-0.010858406410932553
-0.012906941425878825
-0.021486523444832966
0.02012199411109985
-0.019429439029817638
-0.016097799680345637
0.0035805094700896087
-0.0813802789089575
-0.01819051359972422
-0.0033861530941964595
-0.018759897634998902
-0.0027416724985769225
-0.025163775255309363
-0.03792142724942476
-0.003077217575131402
0.020856448490671167
-0.037222065775978704
-0.03153967048690832
-0.01819051359972422
-0.026742274585373475
-0.055341040963781694
-0.018759897634998902
-0.022433912656985182
-0.016884864824136574
-0.02306939280286056
-0.018545732211504247
-0.01819051359972422
-0.0023380634230395388
-0.012906941425878825
0.020489104026832364
0.0035805094700896087
0.012117319385744925
-0.03426247751619997
-0.03438124054298608
-0.046081983214350745
0.0017050710749303226
-0.055341040963781694
-0.02306939280286056
-0.010664278109525485
-0.013549414957493795
-0.0005047493048961123
-0.016529721977186183
-0.028334491978546393
-0.033097765252051346
-0.047939693914654316
-0.045314884390756274
-0.03569099790938541
-0.005347894831390339
0.003156358412829671
-0.012906941425878825
-0.0813802789089575
-0.015536298560681209
-0.004595636572989659
0.0035276906782216438
0.0035805094700896087
0.016133951340598692
-0.02899449853503015
-0.018759897634998902
-0.0005047493048961123
-0.03934478247234329
-0.0023380634230395388
0.05061787641979238
0.04432782394037646
-0.004051662716897121
