-0.03597444562172801
-0.01090834281436632
-0.006335798352885909
-0.016463742763770488
-0.037716879383862964
-0.010464690329061237
-0.02678976331545196
-0.028915946582911828
-0.016463742763770488
-0.010967528479147757
-0.015514546909482481
-0.0191939412230998
-0.02342829579492302
-0.004571979415549843
-0.02536871717910265
-0.031234193299440282
-0.02329874482827442
-0.004248758200484784
-0.02331866782189479
-0.022584812367161006
-0.0159731018305436
-0.02455256620616679
-0.017804156213543653
-0.0033551056882147475
0.003637348936963502
-0.007270773207929564
0.0022953833196787455
-0.008634014293642916
-0.03901260240116982
-0.005563875889283899
0.007170368787719649
-0.012468638937916728
0.009694091881871422
-0.014183454898059621
-0.0191939412230998
0.013679562868391639
0.007268083961055487
-0.019900080023472492
-0.010345290181273809
-0.005213128422292002
-0.011656271971341857
0.002083883988635038
0.019441140597109396
-0.018372865229448417
-0.01707331763883209
-0.03926403247919641
-0.010855910367585956
0.0038923512410285912
-0.008826137266253626
-0.014673268981499505
-0.009587268800111235
-0.02170446862356552
0.008422450378061625
-0.03901260240116982
-0.006335798352885909
-0.008942420775202112
-0.017804156213543653
-0.021385918470514048
-0.021473559341760776
-0.03824781008986446
-0.011281911699025544
0.015730236516902685
-0.00637212992319069
-0.02455256620616679
-0.004421446467098593
-0.01090834281436632
-0.007778179643629784
-0.017537164548904208
-0.029726412760124315
-0.008826137266253626
-0.014223222273420657
-0.00046472614592783253
-0.0026780589281718515
-0.025307286183235966
-0.0029168745752131205
0.01191339462846216
-0.004507697644723325
0.005876416983163361
-0.015887882917860294
-0.005914146659479558
0.008422450378061625
-0.015499294665432775
-0.01866231252279824
-0.013998895488237897
-0.03134766651522512
-0.023459158067636758
0.005876416983163361
-0.010855910367585956
0.0036194615865971554
-0.013208395867005127
-0.003657558638687636
-0.010345290181273809
-0.005835937501047347
-0.0033551056882147475
-0.00701084502948234
-0.003657558638687636
-0.007361360265841489
-0.008413159066705807
-0.013998895488237897
-0.04546977806821656
0.0038923512410285912
-3.5067623043726015e-05
-0.010464690329061237
-0.009587268800111235
0.00596336261470358
-0.00046472614592783253
-0.006159530342709898
-0.010464690329061237
0.004182917795718126
0.002083883988635038
-0.006126917625041298
-0.02536871717910265
-0.013897261603871839
-0.024317315414052673
-0.0004337413413226344
-0.0029168745752131205
-0.003146554269369997
-0.03837729856046723
-0.006017785642505049
-0.02678976331545196
0.006715166679865223
-0.012711998879689643
-0.011650048870412056
-0.014916854670414788
0.003637348936963502
-0.010855910367585956
-0.007103676579347753
-0.029655402627278327
-0.009587268800111235
-0.019164754113720185
-0.015980462078600294
-0.039099692606149566
-0.03837729856046723
-0.050643311324330115
0.01191339462846216
-0.010345290181273809
-0.03262627569364136
-0.050643311324330115
-0.02366399661993122
-0.006431384381760452
0.004182917795718126
-0.00284110552146009
-0.007695240071897717
-0.015118777050422536
-0.017861255793822677
-0.01745905880491224
-0.012025444834244283
-0.011314063502328655
-0.03867936509462646
-0.015514546909482481
-0.016781407891614752
-0.014223222273420657
-0.009681526215392807
-0.029655402627278327
-0.01753716044140479
0.00704786377558948
-0.006126917625041298
-0.031234193299440282
0.00596336261470358
-0.006964531700528141
0.007959213032690452
-0.005563875889283899
-0.005172654434638963
-0.013845722462680142
-0.033957476597730185
-0.004507697644723325
0.0002584711878142216
-0.03837729856046723
-0.010345290181273809
-0.015887882917860294
-0.00646591277022205
0.015730236516902685
-0.026094914986370028
0.013038824778738385
-0.001329531610511916
-0.008305767452295798
-0.023936571422196292
0.005876416983163361
-0.0426256490029631
-0.004783496551917322
-0.02329874482827442
-0.022677694936214778
-0.015609181530414434
-0.015609181530414434
0.0002584711878142216
-0.03837729856046723
-0.03837729856046723
0.000645983818617729
-0.02331866782189479
-0.013065084390942517
-0.007695240071897717
-0.008804892241898706
-0.008804892241898706
-0.0023866110400574
0.00704786377558948
-0.022677694936214778
-0.016463742763770488
-0.002223916972138851
-0.006335798352885909
-0.015412445978468463
-0.02455256620616679
-0.008634014293642916
-0.016463742763770488
-0.03867936509462646
-0.007234499857254816
0.01719851957861242
-0.025873222128804003
-0.026869302142778287
-0.011650048870412056
-0.012630905800243805
0.014256472063530524
-0.008305767452295798
-0.006964531700528141
-0.03867936509462646
0.008819824975015931
0.005876416983163361
0.005876416983163361
0.014256760496315114
0.0002584711878142216
0.019441140597109396
-0.029655402627278327
-0.006580085179003369
0.0005806121919453648
-0.010916613943041293
-0.0017627423119963574
-0.03867936509462646
-0.013998895488237897
-0.003146554269369997
-0.025172547348548287
-0.013208395867005127
-0.015848058686316512
-0.024317315414052673
0.008819824975015931
-0.04868530413801202
0.002222223361286849
-0.01570979760326031
-0.009295264815580592
0.005989936052872522
-0.001477028433872686
-0.01313354654074773
-0.0017310288413224888
-0.009339766419676132
-0.0036481196288186543
-0.023459158067636758
-0.013845722462680142
-0.006335798352885909
-0.008634014293642916
-0.011281911699025544
-0.014360298333463627
-0.036516777497976376
-0.0036481196288186543
0.002947713145292756
-0.023639731129715853
-0.006784664747350584
-0.009681526215392807
-0.007753679748597544
-0.02679303477355906
-0.0017310288413224888
-0.017861255793822677
-0.010855910367585956
-0.0029168745752131205
0.007959213032690452
0.015730236516902685
0.009694091881871422
-0.0325186513191629
-0.010967528479147757
-0.014223222273420657
-0.007103676579347753
-0.0426256490029631
-0.036516777497976376
0.012378637202357233
-0.011650048870412056
-0.0029168745752131205
-0.01050580662591967
-0.001477028433872686
-0.0017310288413224888
-3.5067623043726015e-05
0.003637348936963502
-0.02329874482827442
-0.0426256490029631
0.014256472063530524
-0.039099692606149566
-0.024317315414052673
-0.009587268800111235
-0.023459158067636758
0.016041424503627402
-0.006017785642505049
-0.005835937501047347
0.0005806121919453648
-0.005835937501047347
-0.00284110552146009
0.0002584711878142216
0.01241029052027026
-0.025172547348548287
-0.012302082769353366
-0.01126959858301002
-0.03538560859683719
-0.015980462078600294
-0.02331866782189479
-0.00046472614592783253
-0.003596049385770756
-0.012468638937916728
-0.022780384821174365
-0.006580085179003369
-0.014646676881527642
0.025917578761342788
-0.017537164548904208
-0.02342829579492302
-0.022780384821174365
-0.02194428122978473
-0.01845338973199767
0.00704786377558948
-0.004507697644723325
-0.004248758200484784
-0.026094914986370028
-0.01707331763883209
-0.006964531700528141
-0.024317315414052673
-0.025873222128804003
-0.0005225140374234942
-0.004507697644723325
-0.012630905800243805
-0.02327387891341346
0.002222223361286849
-0.006964531700528141
-0.013897261603871839
-0.004363223255648868
-0.025307286183235966
-0.06091850760335215
0.0042344433019327775
-0.0046016235210206355
-0.002691120483032787
-0.006784664747350584
-0.0005225140374234942
-0.019900080023472492
0.01865333166715812
-0.010209400849179338
-0.041114675299072825
-0.0026780589281718515
-0.00646591277022205
0.013679562868391639
-0.02329874482827442
-0.008804892241898706
0.0005806121919453648
0.007170368787719649
-0.001200541894728073
-0.005914146659479558
-0.030058892746039553
-0.0026780589281718515
-0.028915946582911828
-0.012948203612512374
-0.019900080023472492
-0.015887882917860294
0.015730236516902685
-0.03926403247919641
-0.013065084390942517
-0.007753679748597544
-0.012025444834244283
0.01865333166715812
-0.004421446467098593
0.009694091881871422
-0.01795642498321231
-0.003146554269369997
-0.009713827951130783
-0.028915946582911828
-0.013065084390942517
-3.5067623043726015e-05
-0.03538560859683719
-0.01313354654074773
-0.034247141181639816
-0.015499294665432775
0.00704786377558948
0.007268083961055487
-0.006017785642505049
-0.00701084502948234
-0.0046016235210206355
-0.029893497337239342
-0.004783496551917322
0.008422450378061625
-0.023936571422196292
-0.01414982345214174
0.015342468280479667
-0.010209400849179338
-0.018409171534831827
-0.009713827951130783
-0.029880102328679322
-0.01313354654074773
-0.02329874482827442
-0.006017785642505049
0.004182917795718126
-0.01414982345214174
-0.02892140672079919
-0.017537164548904208
-0.024317315414052673
-0.004507697644723325
-0.008942420775202112
-0.016781407891614752
-0.006126917625041298
-0.003657558638687636
0.01865333166715812
-0.00646591277022205
-0.0004337413413226344
-0.023639731129715853
-0.00693562158639066
-0.0159731018305436
-0.007695240071897717
-0.015118777050422536
-0.009295264815580592
-0.02802605669065946
-0.0029168745752131205
-0.01050580662591967
-0.0023866110400574
-0.016463742763770488
-0.005835937501047347
-0.04515695531479855
-0.004571979415549843
-0.003146554269369997
0.0196539581092936
-0.025307286183235966
-0.007103676579347753
-0.015499294665432775
-0.01707331763883209
-0.015609181530414434
-0.031234193299440282
-0.0033551056882147475
-0.006784664747350584
-0.07395157198354588
-0.006784664747350584
0.019441140597109396
-0.019230534493256828
-0.008305767452295798
-0.00701084502948234
-0.011229755033913602
-0.009587268800111235
-0.003146554269369997
-0.0005381211562040388
-0.01696671772629339
-0.008413159066705807
0.0036194615865971554
-0.009587268800111235
-0.018372865229448417
-0.030058892746039553
-0.012302082769353366
-0.00016964119413262902
-0.015412445978468463
-0.008413159066705807
-0.04546977806821656
-0.0005381211562040388
-0.0325186513191629
0.012378637202357233
-0.015499294665432775
-0.015848058686316512
-0.011650048870412056
-0.015980462078600294
-0.014673268981499505
-0.022677694936214778
0.015342468280479667
-0.0021724981297707256
-0.02192747027652702
0.01865333166715812
-0.025307286183235966
-0.029880102328679322
-0.004421446467098593
-0.004248758200484784
-0.022677694936214778
-0.0017310288413224888
0.005780770612886927
-0.03597444562172801
-0.01982540215723241
-0.025307286183235966
0.007959213032690452
-0.029893497337239342
-0.010464690329061237
-0.004248758200484784
-0.014916854670414788
-0.003596049385770756
-0.0017310288413224888
-0.019164754113720185
-0.011229755033913602
0.04150001297349004
-0.023936571422196292
-0.006017785642505049
-0.0026780589281718515
-0.0046016235210206355
0.008819824975015931
-0.007314109637940066
-0.011314063502328655
-0.01696671772629339
0.01241029052027026
-0.023936571422196292
-3.5067623043726015e-05
0.0036194615865971554
0.04150001297349004
-0.02068671975454731
-0.001200541894728073
-0.01050580662591967
-0.005835937501047347
-0.013998895488237897
-0.0026780589281718515
-0.00284110552146009
-0.021473559341760776
-0.017836680189322083
-0.02678976331545196
-0.0017310288413224888
-0.023639731129715853
-0.028915946582911828
-0.013485304034355296
-0.0426256490029631
0.007170368787719649
-0.06091850760335215
-0.009040711806467639
-0.041114675299072825
-0.004248758200484784
-0.0502306996827687
-0.050643311324330115
-0.01696671772629339
-0.0005381211562040388
-0.02068671975454731
-0.04546977806821656
-0.0017310288413224888
-0.01050580662591967
0.014256472063530524
-0.002223916972138851
-0.01090834281436632
-0.02068671975454731
-0.006335798352885909
-0.015848058686316512
-0.012468638937916728
-0.024010648830555394
-0.01643659432457505
-0.002267308291802659
-0.024317315414052673
-0.02194428122978473
-0.006431384381760452
-0.01643659432457505
-0.029726412760124315
0.012378637202357233
-0.015980462078600294
-0.016463742763770488
0.0002584711878142216
-0.009550209691183986
-0.001198097922052515
-0.008413159066705807
-0.009550209691183986
0.00704786377558948
-0.00284110552146009
0.002222223361286849
-0.0081195838010906
-0.009550209691183986
-0.004672702863978068
-0.015980462078600294
0.0196539581092936
-0.0029168745752131205
-0.009295264815580592
-0.015499294665432775
-0.006126917625041298
-0.015887882917860294
-0.0033894417492797836
-0.004507697644723325
-0.013311514164083426
-0.014488050090480572
-0.03715060990296255
-0.017537164548904208
-0.028915946582911828
-0.014488050090480572
-0.00637212992319069
-0.03867936509462646
-0.0026780589281718515
-0.014916854670414788
-0.011229755033913602
-0.0325186513191629
-0.0033894417492797836
-0.01982540215723241
-0.013208395867005127
-0.029655402627278327
-0.02170446862356552
0.015342468280479667
-0.011229755033913602
-0.0053877063534078255
-0.02068671975454731
-0.02327387891341346
-0.029880102328679322
-0.013208395867005127
-0.0046016235210206355
0.01241029052027026
0.0022953833196787455
-0.017804156213543653
-0.00932885303324594
-0.007753679748597544
-0.006431384381760452
0.00704786377558948
-0.009713827951130783
0.020073272827468448
-0.006431384381760452
-0.010538617779691551
-0.02679303477355906
-0.022780384821174365
-0.0017310288413224888
-0.02327387891341346
-0.005914146659479558
0.004182917795718126
-0.04868530413801202
-0.0033551056882147475
-0.00637212992319069
0.005780770612886927
-0.01745905880491224
-0.024010648830555394
-0.01982540215723241
0.0196539581092936
0.016041424503627402
0.007959213032690452
-0.020913745657108674
-0.01745905880491224
-0.005172654434638963
0.007959213032690452
-0.006431384381760452
0.01191339462846216
-0.008634014293642916
-0.01753716044140479
0.013679562868391639
-0.019230534493256828
-0.013897261603871839
-0.003592324031442434
-0.015412445978468463
-0.003596049385770756
-0.02970834199224198
-0.011656271971341857
-0.0018921650133270807
-0.021385918470514048
-0.014673268981499505
-0.022780384821174365
-0.0053877063534078255
0.0022953833196787455
-0.019164754113720185
-0.007778179643629784
-0.009295264815580592
-0.02331866782189479
-0.006964531700528141
-0.011314063502328655
-0.008413159066705807
-0.02329874482827442
-0.007778179643629784
0.007959213032690452
-0.01845338973199767
-0.025172547348548287
-0.0005381211562040388
-0.010916613943041293
0.019441140597109396
-0.012948203612512374
-0.004813114601836476
-0.0426256490029631
-0.009713827951130783
-0.02192747027652702
-0.025307286183235966
-0.005563875889283899
-0.004783496551917322
-0.014488050090480572
-0.015514546909482481
0.014460102156509284
-0.010464690329061237
-0.01795642498321231
-0.006335798352885909
-0.03134766651522512
-0.013897261603871839
-0.006784664747350584
-0.01643659432457505
-0.017804156213543653
-0.015848058686316512
-0.013485304034355296
-0.017804156213543653
-0.008305767452295798
-0.019900080023472492
-0.028915946582911828
-0.03715060990296255
0.01719851957861242
-0.007314109637940066
0.0036194615865971554
-0.0016950915046191359
-0.04515695531479855
-0.004813114601836476
-0.01414982345214174
-0.026094914986370028
0.002222223361286849
-0.014646676881527642
-0.021441132068477507
-0.011650048870412056
-0.009550209691183986
0.019768263073100457
-0.0026780589281718515
-0.036516777497976376
0.001910535688484435
-0.026094914986370028
-0.03837729856046723
0.04150001297349004
-0.04868530413801202
-0.001198097922052515
-0.0005225140374234942
-0.004421446467098593
-0.03262627569364136
-0.013485304034355296
-0.004363223255648868
0.0042344433019327775
0.01865333166715812
0.014256472063530524
-0.012468638937916728
-0.01845338973199767
-0.04665336101265848
-0.00932885303324594
-0.009040711806467639
-0.010209400849179338
-0.008826137266253626
-0.020913745657108674
-0.004248758200484784
0.00596336261470358
-0.023936571422196292
0.0042344433019327775
-0.012468638937916728
-0.013208395867005127
-0.005914146659479558
0.01865333166715812
-0.030058892746039553
-0.015499294665432775
-0.005172654434638963
-0.006431384381760452
-0.010855910367585956
-0.029880102328679322
-0.013485304034355296
-0.01696671772629339
-0.002330947490373171
-0.010345290181273809
-0.0005381211562040388
0.001774727234937854
-0.024010648830555394
0.001910535688484435
-0.011281911699025544
0.001774727234937854
-0.01090834281436632
-0.002330947490373171
-0.007314109637940066
-0.028915946582911828
0.01719851957861242
-0.012025444834244283
-0.014646676881527642
-0.00284110552146009
-0.010916613943041293
-0.02329874482827442
-0.015887882917860294
0.014256760496315114
-0.021473559341760776
-0.033957476597730185
-0.006017785642505049
-0.02331866782189479
-0.021441132068477507
-0.03837729856046723
-0.006335798352885909
-0.00646591277022205
-0.0033894417492797836
0.015342468280479667
-0.013485304034355296
-0.03134766651522512
-0.010538617779691551
-0.025307286183235966
-0.014488050090480572
0.012378637202357233
-0.0325186513191629
-0.004507697644723325
-0.016781407891614752
-0.006335798352885909
-0.002691120483032787
-0.001329531610511916
0.001910535688484435
-0.005172654434638963
-0.016463742763770488
-0.014673268981499505
-0.006126917625041298
-0.02678976331545196
-0.02068671975454731
0.00596336261470358
-0.001198097922052515
0.04150001297349004
-0.008413159066705807
-0.02970834199224198
-0.019230534493256828
-0.01806991660458014
-0.0502306996827687
-0.004783496551917322
-0.007314109637940066
0.0002722367084444801
-0.005914146659479558
-0.022677694936214778
-0.0029168745752131205
-0.016053139133003932
-0.006017785642505049
-0.03538560859683719
0.0042344433019327775
-0.0033894417492797836
-0.002330947490373171
-0.0023866110400574
-0.008826137266253626
-0.001477028433872686
-0.0046016235210206355
-0.02366399661993122
0.008819824975015931
-0.003146554269369997
-0.029880102328679322
-0.007270773207929564
-0.013208395867005127
-0.006159530342709898
-0.015412445978468463
-0.0016950915046191359
-0.006580085179003369
-0.04546977806821656
-0.013998895488237897
-0.012630905800243805
-0.033957476597730185
-0.015980462078600294
0.012378637202357233
-0.005172654434638963
0.008819824975015931
-0.01414982345214174
-0.014673268981499505
0.008819824975015931
-0.037716879383862964
-0.0502306996827687
-0.016463742763770488
-0.03597444562172801
-0.007314109637940066
-0.029893497337239342
-0.0033894417492797836
-0.009040711806467639
-0.0036481196288186543
-0.0081195838010906
0.012378637202357233
-0.011650048870412056
-0.025307286183235966
-0.007778179643629784
-0.004421446467098593
-0.020913745657108674
-0.02170446862356552
-0.02192747027652702
-0.01745905880491224
0.005989936052872522
0.000645983818617729
-0.01050580662591967
-0.0005225140374234942
-0.0029168745752131205
-0.022324298927000975
-0.02342829579492302
0.025917578761342788
-0.017321983118790418
-0.007695240071897717
-0.02366399661993122
-0.0016205451923550572
-0.03837729856046723
-0.009339766419676132
-0.005835937501047347
-0.041114675299072825
-0.041114675299072825
-0.0191939412230998
-0.03901260240116982
0.0036194615865971554
0.013679562868391639
-0.004571979415549843
-0.018409171534831827
-0.01707331763883209
-0.0017310288413224888
-0.03728573780000599
-0.010464690329061237
-0.025307286183235966
-0.004421446467098593
-0.005172654434638963
-3.5067623043726015e-05
-0.03597444562172801
-0.0026780589281718515
0.001774727234937854
0.009694091881871422
-0.012948203612512374
-0.01414982345214174
-0.011229755033913602
-0.01806991660458014
-0.03262627569364136
-0.007234499857254816
-0.02329874482827442
-0.009681526215392807
-0.02892140672079919
0.018270051008540695
-0.03134766651522512
-0.012468638937916728
-0.004507697644723325
-0.022584812367161006
-0.015887882917860294
-0.007234499857254816
-0.005914146659479558
-0.008804892241898706
0.002671251974329181
-0.013998895488237897
-0.021744574002998444
-0.017804156213543653
-0.00646591277022205
0.005876416983163361
-0.004248758200484784
-0.001329531610511916
-0.001198097922052515
-0.003657558638687636
0.008819824975015931
-0.021441132068477507
0.002947713145292756
-0.02366399661993122
-0.022584812367161006
-0.005835937501047347
-0.012468638937916728
0.001774727234937854
-0.004813114601836476
-0.0017310288413224888
-0.004421446467098593
0.0002584711878142216
-0.006017785642505049
-0.0016205451923550572
-0.013208395867005127
-0.0005381211562040388
-0.008942420775202112
-0.017861255793822677
-0.02327387891341346
-0.0023866110400574
-0.013845722462680142
-0.003592324031442434
-0.022324298927000975
-0.02342829579492302
-0.0017310288413224888
-0.010916613943041293
0.007170368787719649
-0.001329531610511916
-0.011650048870412056
0.019768263073100457
-0.012630905800243805
-0.010855910367585956
0.003637348936963502
0.004182917795718126
-0.02536871717910265
-0.01050580662591967
-0.00637212992319069
0.000645983818617729
-0.017903223697554767
-0.013845722462680142
-0.019900080023472492
0.006715166679865223
-0.01313354654074773
-0.03837729856046723
0.007268083961055487
-0.021473559341760776
-0.022324298927000975
-0.023459158067636758
-0.01866231252279824
-0.02455256620616679
-0.020546728836942682
-0.04546977806821656
-0.014673268981499505
0.025917578761342788
-0.02455256620616679
-0.009587268800111235
0.008422450378061625
0.013679562868391639
0.003637348936963502
-0.033957476597730185
-0.018372865229448417
-0.010345290181273809
-0.01050580662591967
-0.02329874482827442
0.008422450378061625
-0.017321983118790418
-0.001200541894728073
-0.0325186513191629
-0.008634014293642916
-0.005213128422292002
-0.008634014293642916
-0.025307286183235966
-0.010345290181273809
-0.011314063502328655
-0.03538560859683719
-0.01707331763883209
0.016041424503627402
-0.0502306996827687
-0.0053877063534078255
0.005780770612886927
-0.004421446467098593
0.013679562868391639
0.0196539581092936
-0.0026780589281718515
-0.0018921650133270807
-0.013485304034355296
-0.014646676881527642
-0.050643311324330115
-0.005563875889283899
0.004182917795718126
-0.03837729856046723
-0.014183454898059621
0.016041424503627402
-0.01696671772629339
-0.017537164548904208
-0.0046016235210206355
